1.122249330168470331e-02
9.421640918397783393e-01
5.940810594547225182e-02
3.991089657849034001e-05
1.235168281955560182e-06
6.505776040051801936e-06
8.466226866037822926e-05
2.270683012789912858e-04
1.132424280466694098e-04
2.725058407837536146e-05
4.314233566976462931e-05
1.918441588432182651e-03
2.249415500395079287e-02
1.105105025444245775e-03
2.114189268998041101e-05
1.573971714685124142e-05
7.814158272735823865e-05
2.227217817633594488e-04
2.665208027071380394e-05
5.059372618641107267e-02
1.912375761104619265e+00
1.302777380453531107e-02
3.118388603450173878e-05
1.026499866921408770e-05
3.638675785652390843e-05
4.585336816017438730e-05
1.091371441296767117e-05
2.308031817582287587e-06
1.690803132835598410e-05
1.374158703528578773e-02
9.307838073762856324e-01
1.133946811430740047e-02
1.510643761772398562e-05
4.099541759343075299e-06
3.726823337625389219e-05
2.109218862608408746e-04
2.723573202835733472e-07
6.287804517188484504e-05
1.586579952861416967e-02
4.235011832621916189e-03
5.271828404494127371e-05
8.297048782615314022e-06
8.428592297904788290e-06
4.855892528630476652e-06
5.316887856187898660e-07
6.578238031758771286e-08
2.818521950520850295e-07
7.505644104759936954e-05
1.403212667257472922e-02
3.481903891096499275e-03
8.614992597599390830e-06
7.617668299920211746e-07
9.042416794690766974e-06
1.537283647993541657e-04
4.730448594865700328e-07
1.656169890092560966e-06
3.055825487328985999e-05
5.720123514008355518e-05
1.395288236163011260e-05
4.148502779748678221e-06
6.009063751925569098e-06
1.860121009928021818e-05
4.392882355781455185e-06
6.234086600090433521e-07
1.812961245000383672e-06
2.384212654142542950e-05
3.585033462255153916e-03
4.455545231459158428e-02
7.609699493291551204e-05
1.286974610459858511e-07
5.802506602170580523e-07
4.719742931735617666e-05
1.098016871257446741e-05
5.762120618623253938e-06
1.037526264101889975e-05
1.880978766339874047e-05
1.011979293097828880e-05
3.124603186115594617e-06
3.144122630728818222e-05
8.490115603595747504e-03
2.103863994260126574e-02
4.934118721122079942e-03
2.739333224031814673e-02
1.163053028220726280e-02
2.723140457278381069e-02
8.470458728708551988e-01
2.605982346988514921e-03
2.254430068616131746e-07
1.182117532380651915e-07
1.336872011643739355e-05
9.470329391746480673e-05
4.998554576963808405e-05
4.539659630645073414e-05
5.011992599646210479e-05
1.488103371382707782e-05
1.307029483678195619e-06
1.010529077868544431e-05
3.149048435857106087e-02
8.209462578968326207e-01
1.674042704188776765e-01
7.458775129001126158e-01
4.849446279445055602e-02
9.250587408057970012e-04
5.337700478884249006e-02
1.513122502009698889e-01
1.422729735460878306e-04
2.218035501759044130e-06
1.360108259760206972e-05
1.434763547900831833e-04
7.925315969770773013e-05
5.887384912127255923e-05
8.250604238057841593e-05
3.515243640547925690e-05
3.133997037464821642e-07
1.499018224562626258e-08
1.424192738118297529e-05
4.529503718274940915e-02
6.453463410478693651e-02
1.062604865131738241e-01
3.580824013803021039e-02
1.943367222867235181e-04
2.421809438433842644e-03
6.816399869267597555e-01
1.647029122053460248e-02
2.631238642941042776e-05
1.131098082971594742e-05
8.449837164968756348e-05
2.605968244130818179e-05
9.971180549384380998e-06
4.563365880974236405e-05
4.101546021387642276e-04
2.473763704659469763e-06
3.687881400833864355e-10
5.129069404208190796e-08
5.695420413130385107e-02
7.291423224637584299e-01
1.278998171452508381e-01
7.989218919208901371e-01
5.826125273222310108e-02
3.294338574767077116e-02
3.307026139318450797e-01
2.793810171108261110e-03
3.824209552329890196e-06
2.026136234527261817e-06
4.816277751011633219e-05
6.613901350567182081e-06
5.478708326382411742e-07
5.113707962339495604e-06
4.627412085678341176e-03
3.927075072146016949e-03
1.149526015772421833e-06
1.052283852391288251e-05
9.569460650452918937e-01
1.603284507166850004e-01
1.442330823443166541e-04
1.640905547051364289e-03
4.781855367144748764e-02
9.016884369308297842e-01
1.670867237540675232e+00
1.099723641485582685e-03
7.676052037173329252e-07
5.955608558628523978e-07
6.727379927689804877e-05
2.115855914625012035e-05
9.785414817762485728e-07
4.952055441381887372e-06
9.262896563383091544e-03
8.364850576904633295e-01
1.617717727921898774e-01
9.842825837244865983e-02
8.538593700353116489e-01
5.722496707407957392e-04
1.232973278540252478e-08
7.647766924580724276e-09
4.738190984014187929e-06
4.314235591207849635e-02
2.338141886934654856e+00
3.724064502637816371e-03
5.510504968224263228e-06
9.572197629921736376e-06
1.460034853205696931e-04
2.053808342500029489e-03
1.773527024841957270e-03
4.974146420891038638e-03
8.630094812874793131e-02
2.743165391513257001e-01
4.519944747006868768e-01
9.464638315066725704e-02
1.266840253806589787e-02
4.513645586012508912e-05
7.025904698403789318e-09
2.278110015318131202e-10
2.453931422857729664e-08
1.141680119819501928e-03
6.298367483931923694e-01
1.123006049558043611e-02
5.200376572016525770e-04
1.718123053077823259e-02
3.271298056373481795e-05
2.754490705195025008e-02
2.852984339765823663e+00
3.342076264517764628e+00
1.145787974709779444e+00
4.563441093380877778e-01
2.601972915671350028e-01
6.208531105957979662e-02
3.529293827243090015e-02
1.474270367263238448e-03
1.078516484714297170e-06
1.139044062930388525e-08
1.664151917013962492e-07
1.723844226054176880e-03
3.167857051848632643e-01
4.647928866365616356e-03
1.612075488169631161e-03
9.579557778126586154e-01
1.354008381176073469e-06
3.595096731195207562e-03
1.403142675016953334e+01
1.178700706738864845e+01
1.020677230810916436e+00
2.263848700727526975e+00
1.810076465747278096e+00
9.290828563725299638e-01
8.780368861061343955e-01
1.240363218197249214e-02
3.975167636000847274e-05
6.328145497785885428e-06
4.123067184276569570e-05
1.774435716648621944e-02
7.150992654485487376e-01
4.816944541847724762e-03
1.482648910461411163e-04
1.078544905958766370e-02
1.818288776859015676e-06
1.096376464661880188e-03
2.130165439704543751e+00
2.758438798014755555e+00
4.314080538760729500e-01
5.108270048805851893e-01
1.966344530447738104e-01
1.482734682470129850e-01
3.192075328933455247e-02
4.704427499583389263e-04
4.375203786464837408e-04
1.617084583959674943e-02
6.983704210426768325e-03
2.758749516961408153e-03
1.062966230969676212e-01
9.843999776303005711e-02
7.946177420346608880e-04
1.174386304960951620e-04
2.360180937169774183e-05
4.450888295167579681e-03
7.988369625497404591e-01
4.970572554583805314e-01
1.870268416341119844e-01
6.514741199967032381e-01
9.921158412031139129e-01
7.055984877939569522e-01
9.302969756892412456e-02
1.063887069217494402e-02
4.707895069999683962e-02
8.904912039430834536e-01
1.699470592672172251e-02
8.149605384250561578e-05
5.490788411395013460e-03
8.159482756585650920e-01
1.647145521584074054e-02
5.003420801815736894e-05
3.679786256074333092e-06
5.185392112193321079e-04
1.107863577349093243e+00
2.579312250012651742e+00
5.735221617551897882e-02
4.478019777809869734e-02
9.227157026375916449e-02
3.098126706776566444e-02
9.761255012597423730e-02
7.892452140172807606e-01
9.818187263826932965e-02
5.264886598378730985e-03
5.722882105943368977e-04
5.459110440227376562e-04
3.618858555062737931e-02
8.618322387587058764e-02
2.916560749478793379e-04
3.525461459496063168e-06
9.653622798419073045e-08
2.916309490857034549e-06
1.483735427811805861e-02
9.936363365938598313e-02
1.423519232892814235e-03
2.817872102032833916e-03
6.776178427424997194e-03
2.075584788545657483e-04
4.580925393704333580e-04
1.606204286771222359e-02
1.854114456447884503e-03
1.641643227269514070e-05
2.221615614029834505e-05
1.340542988791481628e-02
9.071781795864323206e-01
4.917353627385061612e-03
1.860789703783574784e-06
3.647445103498503068e-07
6.291754314427089391e-07
3.234971397061614035e-05
7.293876778150724764e-03
1.408793725469596921e-03
1.069624605649705440e-04
2.329103757992609033e-02
8.584840106937589033e-01
4.512625846108254263e-02
6.090091586582649374e-03
9.351778599019722540e-03
1.547373507603736278e-02
3.654599561007693012e-04
1.032227691385395728e-05
5.567715294002340042e-04
2.489662890218741209e-02
4.174632073345775911e-04
2.127048241335421768e-06
2.152182934371202919e-06
3.294771633237803253e-05
1.615361222719056966e-02
9.247276586361063977e-01
6.782028414714254966e-03
4.665139800283433466e-05
4.106498923205252139e-04
8.124992596419198035e-03
1.360400128436468903e-01
7.402405352635271774e-01
2.381292368763295586e-01
7.975707437508356978e-01
4.591203087440447889e-02
2.830782733393275542e-05
3.787439006539804971e-06
1.606153756296218959e-05
1.296853175913681543e-05
9.652921514639740535e-06
3.448319655571805347e-05
2.850442064080283277e-05
1.642421129341352327e-03
2.528948836276844608e-02
6.899936499306025739e-04
2.570939583949063083e-06
8.498529468471542543e-08
6.946755420490173723e-08
3.800017734516637281e-05
9.727106757059700640e-03
3.038691825205109588e-03
7.050280315200586033e-03
3.300400443731832389e-02
2.460248226147244543e-03
3.985478075347370142e-05
2.242308407589533884e-06
2.416038123482327819e-06
1.943693081915382232e-05
1.289866080878919311e-04
5.841041387934564439e-06
4.249651092964186270e-06
1.199973166008565677e-05
2.723123233813203088e-05
7.629683672854547868e-06
1.059018420843953058e-07
6.760262694848670710e-09
3.194339738767794819e-07
1.372361682268168409e-05
2.724840065278095009e-06
1.031730127022588001e-05
1.255691975631578056e-02
9.486188753126937323e-01
1.225881714087594630e-02
1.305266529332417791e-05
2.765584396770040171e-06
2.422236189107131540e-05
1.517790290076639177e-04
9.579870567542893934e-06
1.492655159431433256e-06
5.884597923403820987e-06
1.128631749657741214e-03
1.913412964131103525e-02
1.980393704876011885e-04
7.142273208083492468e-07
7.435548438161957099e-07
3.087408822975829281e-06
8.838818193551256885e-07
3.791075333903239296e-06
6.043823943955025507e-03
9.868866698871381349e-01
1.274464873713060213e-02
1.350683719877056075e-05
3.423811063527735562e-06
2.513546158074261085e-05
1.181717840636618599e-04
3.617003460891409709e-05
6.282212938286900959e-06
2.512039367924584254e-05
1.257266213327404118e-02
9.226568948588088626e-01
1.235376360742442871e-02
1.099544359802292725e-05
1.870644528011668608e-06
6.772621328657062554e-06
7.026654567829915299e-06
1.297107791212200548e-05
4.135616200578997800e-04
3.452290557155698533e-03
1.832930210299799577e-04
5.601073482787141562e-06
6.084042723212129847e-06
3.274905528805251858e-05
9.981800193800459224e-05
8.002369402320499731e-05
9.601838578556200890e-06
4.297369693358585255e-06
1.634665476627684033e-04
3.338941416513727806e-02
2.396846481351450064e-02
9.995485987950664065e-05
4.406556409775140215e-06
1.007270036682736483e-05
2.630223622840804039e-05
2.895390736147828627e-05
4.732909441714395083e-05
5.574640517657399161e-05
1.894645480968054911e-05
9.549771411134439566e-06
1.992102937148702475e-05
5.670466321585894507e-05
1.098038560649005322e-04
1.361666619156750864e-04
1.508855712970396026e-05
1.599469787059361852e-06
1.080947655855360157e-05
1.306703912895721721e-02
9.427950020705062606e-01
1.771619764278983822e-02
7.168171214086599180e-05
2.213619535669225505e-05
5.067114555987772590e-05
6.131276739642037407e-05
4.900537463820893994e-05
4.041089869045954138e-05
3.491148951245274027e-05
4.114201180867378991e-05
6.741756508810213371e-05
1.069783441018638017e-04
1.519885229036220498e-04
