1.853963915036833335e-03
8.474404359577388315e-03
3.255563089355883750e-03
4.438396410123028255e-03
1.413506075727865782e-02
1.184056012104187398e-03
2.454450402943719639e-05
7.985185401054711648e-06
1.105310908843913410e-05
6.817499702910971579e-06
3.591863147251519774e-06
6.500693831552366741e-06
1.348455684266642220e-05
6.931092456819678194e-06
3.321197560394946162e-06
5.905048528658646957e-06
1.911190784742303124e-05
4.627374112307894500e-05
4.201423928501427790e-03
9.498580884698775151e-01
4.032490593034674831e+00
1.989980193315026957e+00
9.451534611470887581e-01
1.434924885312938332e-02
5.296213889230620399e-05
6.540948738482136981e-06
7.047341695752352035e-06
5.051039576198212481e-06
1.465667720579202832e-05
1.099631355515333321e-03
2.112129885058566109e-02
1.105190005318115124e-03
1.094231599800328992e-05
3.137637667725037953e-06
9.991813671329545716e-06
3.494672020717596141e-05
5.034409039749051623e-05
4.800933502632209054e-02
9.266387490292671281e-01
5.288289334195643565e-02
2.486711083920633853e-03
1.421098226195214827e-04
6.891297649659430219e-06
3.052485577108884903e-06
4.280059199042698737e-06
3.385033597893440184e-06
2.382108269447312019e-05
1.388775897880671108e-02
9.268221235792838408e-01
1.318956910332972320e-02
1.606404666113531735e-05
2.035160679811163003e-06
7.504206593614097792e-06
3.304652775739318177e-05
8.807216226049888045e-07
1.092432600425522811e-04
1.088273344028638538e-03
2.295632492981877087e-05
6.008887806709054666e-07
3.618339882950421348e-07
5.238658040909909437e-07
1.048334218564598935e-06
1.697071837013325981e-06
1.113781133184035582e-06
3.741176750341524541e-06
6.550718030373481153e-04
2.297641364625764918e-02
6.188058355669429425e-04
3.093017267641627382e-06
1.301865917349517249e-06
8.405464986388584063e-06
4.029547817110852310e-05
1.264673411190676586e-06
9.288762226396532430e-06
1.921514619839813611e-05
1.026691217425548570e-06
1.549037638641215019e-07
9.305459353068219116e-07
6.473677317299658385e-06
4.677720338309650678e-06
1.226451771565530540e-06
5.072150056910115935e-07
2.594624754014374482e-06
6.096553183070014875e-04
2.242797628847829211e-02
6.322848660339653454e-04
3.585560831473768322e-06
1.752664617017977895e-06
1.201877080033270944e-05
5.256092626489558632e-05
9.062655023403756540e-06
1.234361472256725596e-05
7.276546164372685054e-06
1.238058635106129028e-06
3.031921185151693666e-06
5.989100933462753948e-04
2.009068990526896581e-02
9.301785411634527377e-04
4.690206148591590963e-06
5.658048365253920020e-07
9.978448447324908416e-06
1.264898700464870199e-02
9.291183968371230506e-01
1.259042606549228699e-02
1.640327599456502358e-05
2.597886807400693425e-06
1.190503392217654069e-05
5.065521155189644549e-05
1.830979099228629878e-05
1.019574132762541710e-05
1.890247131937305375e-06
2.832332625686138031e-07
3.041554798029471197e-06
7.296388067617987604e-03
9.350483482041309635e-01
1.385903515611548904e-02
1.097366815237022301e-05
6.241984003626453083e-07
5.866828716757620864e-06
1.203959509292870352e-03
2.074733945647200956e-02
5.365111681673955229e-04
2.478706760833168333e-06
5.714667834179930229e-07
2.975797585256713643e-06
2.016009193454034018e-05
1.095087629532567711e-05
4.875098572594414298e-06
4.576082742745393843e-07
5.426967451664996721e-08
1.338064460068417588e-06
1.475723920684717883e-03
1.554960737767825327e-02
2.429951456290933658e-04
2.223995758211079632e-06
5.286573330591733352e-07
1.474835218386758322e-06
7.652777038412379422e-06
9.022974500813046685e-06
9.415587739024269610e-07
9.013440287017852694e-08
7.985644488069004604e-08
4.380368369270987176e-07
4.013122252343329130e-06
4.638438007720882470e-06
1.763716612619603522e-05
9.143935280909033957e-06
3.044924568253369609e-06
3.887560207351740786e-04
5.404003598743267744e-02
2.008279451547122143e-03
9.406027677803482481e-06
1.003394587663539092e-06
6.542419139453219275e-07
1.168400892320411984e-06
1.573139197973671800e-06
6.689263731321446774e-07
3.376726002681174141e-07
9.190921277003588622e-07
3.589614353420451678e-06
3.525341512474939599e-06
3.400182887375427384e-06
1.348748943918689481e-06
5.608282884339878260e-04
1.365477314463420938e-02
2.464477237763608355e-03
3.772309232672000495e-02
8.222553713441150824e-01
1.559921187817621749e-02
5.081607082830641572e-04
6.057497171548469452e-05
2.335280098903363943e-06
1.069577330829179215e-06
2.131827553791804668e-06
1.656309444710902558e-06
6.598300691537367088e-06
1.092842874511992237e-03
3.753931926171373556e-02
2.023239727972556828e-03
2.076033574015285699e-05
1.042125644350387040e-06
6.094373712577408689e-03
9.304959419289713374e-01
1.430182028313851071e-02
1.442935012287723581e-03
2.590697708166560601e-02
1.815735512533773743e-01
9.162259948430920842e-01
3.058543626667342349e-02
1.438823334017220177e-05
7.537442026941802612e-07
1.523033061632185409e-06
1.555201169339372494e-06
1.298855928227427089e-05
1.098341991430731857e-02
8.657530340787512602e-01
1.357011903972408194e-02
2.484816929411677044e-05
1.048362073334607676e-04
8.391465198110401036e-02
1.945947159103649016e+00
4.363756386823558486e-02
1.938611891092610747e-03
4.389036678222801857e-02
8.190004459875231957e-01
9.635736409843387307e-01
1.013417097509417171e-02
8.618095918138999305e-06
6.880690995463879800e-07
1.211620589072456269e-06
1.600931841612182459e-06
2.338831506036332734e-05
9.813740703094344514e-03
1.329553739237750998e-01
1.436423628577756075e-03
8.553841321966730162e-06
2.217684347937798686e-02
1.808118797885882811e+00
1.623266811627929940e+01
3.785685371628589202e+00
1.856116893693313119e-01
7.190739614967135429e-01
2.987587644103779638e-01
1.001587442954572291e-03
6.443721445569907060e-06
6.363009505823038162e-07
9.374669242480098723e-07
2.391316375344999571e-06
1.112300414548173152e-05
1.931443629617711618e-03
9.956159122584055110e-01
8.876552693902972635e-01
1.693479972033182148e-03
1.352913302464191559e-05
9.378091860889401074e-04
5.517690571482782719e-02
4.957380006609144019e+00
2.971683933954171408e+00
1.791983120651957639e-02
1.025109930038756584e-01
8.436572314392568606e-01
1.077375311660450476e-03
9.852698871200470626e-07
3.640484298342267616e-07
2.207072836151986239e-06
6.323466110454246605e-06
4.564682640623581825e-05
1.139473311041532683e-02
9.712809107055201396e-01
5.768280807148912226e-02
9.966725757543630103e-05
5.337107453554687086e-06
7.935960233993773964e-07
1.763809190134627035e-05
4.345383880382491272e-03
2.715884309618010490e-03
1.610801557599251429e-05
8.794780724745425871e-04
9.914677989644128386e-01
2.024206460420518994e-02
8.186879231892066369e-06
1.247477413891444615e-06
5.981217982165198336e-06
1.190314264231886122e-05
2.599044408110788186e-05
2.894990743276546277e-04
4.831927958731193251e-04
1.039918604457333043e-05
3.643646495680598316e-07
7.725283708463161585e-07
1.598818297188765351e-07
5.339495563344665938e-07
1.490964925951119922e-05
9.949611521604581803e-06
5.684709579675559268e-07
1.535114886206086427e-05
3.615635918034675912e-03
6.176492179416741019e-04
5.821899109950094997e-06
2.694504356833481181e-06
9.400856892763977948e-06
1.042335102338140445e-05
6.390723014068144133e-06
6.234572949197122790e-06
2.441661387718948929e-06
2.974388868607726993e-07
2.066566172165867043e-07
1.737132568477163136e-06
2.242795240172965859e-06
2.516930737706389479e-06
6.759928170730117600e-06
4.761468957713061142e-06
1.527495267569381976e-06
4.194075085242208586e-06
2.216253130194802969e-05
1.111299887650029143e-05
3.459781789676263700e-06
5.044093865429115993e-06
8.208074442376489692e-06
4.490387400846900236e-06
1.754473120919800279e-06
1.179086985017027030e-06
1.103997523845663454e-06
1.332573897502746058e-06
3.610163011445580774e-06
1.571870639837508787e-05
2.188634392549136803e-05
1.976543454540663082e-05
2.043445768890102157e-05
1.586636684659123794e-05
1.084371224101318817e-05
1.049457961411198392e-05
1.080949059096385189e-05
8.773816116083784454e-06
8.767627773804461471e-06
1.047170330287488207e-05
9.534808390512713181e-06
8.871440630051294295e-06
1.067180357519807356e-05
9.321855507888012529e-06
5.886461638425630942e-06
6.752907932035336248e-06
1.669201823801947827e-05
4.047716622623560162e-05
3.812521075493046686e-05
3.095536985918462454e-05
2.599301205792668538e-05
2.546459363260946803e-05
2.844649886159441329e-05
2.766870128085877227e-05
2.206183613651459374e-05
1.743518962027551397e-05
1.447153665615135742e-05
1.286173510113591341e-05
2.677015989197889843e-05
4.078903315542015736e-04
1.001438281707197654e-02
9.682372974587266645e-03
3.562741334043150582e-04
2.368601122669884089e-05
1.598463396497054156e-05
2.971975952858914972e-05
1.815506747293690377e-05
1.092082397712079088e-05
7.407305935117761546e-06
9.187173026768513082e-06
1.685566612989261316e-05
1.735874378459587998e-05
1.162591159896132721e-05
7.350145851394925439e-06
4.265766214027385778e-06
4.548014127890884281e-06
3.326992331305905504e-05
4.875850053336159423e-03
9.758590893501446484e-01
9.740924899397805925e-01
4.796002209702232739e-03
3.946215257572661890e-05
9.958248279185286884e-06
1.656099594242873443e-05
7.722844227231809639e-06
4.091609165400844820e-06
1.507261262634694318e-06
1.712710687330641686e-06
5.017443734237589414e-06
3.064809912633956970e-06
1.567077584727319450e-06
1.373697497865971967e-06
6.544100184263034839e-07
9.380179539390444064e-07
6.551169314551759298e-06
1.805464711823310696e-04
7.352135501007724984e-03
1.031101943977429970e-02
3.333264384393838653e-04
1.467835160249815990e-05
7.031643283383926295e-06
1.279124898127607190e-05
1.639535491379159803e-05
3.466530889423015518e-05
8.050681854539035130e-06
4.606398187353703961e-06
1.504646874753968967e-05
2.461308167528828639e-06
1.540971102700758551e-06
8.587332914843629248e-06
4.180549834555015132e-06
6.205615645132219549e-06
8.992820747472136678e-06
1.791336798338284184e-06
1.820018289539460780e-06
5.831187261581260712e-06
7.181873900709000868e-06
6.400289661525096927e-06
8.683693129509240794e-06
1.550904931400728790e-05
1.006318421826190727e-04
6.814325234554449197e-03
7.798681403323520431e-03
2.233667753220501973e-03
3.607459426825172788e-03
1.989777826638882373e-04
2.654217217618945598e-04
1.216692890506963255e-02
6.235592705075402448e-03
8.518693486812521642e-03
1.173663754703176392e-03
9.454132724594487270e-07
4.442186547313269143e-08
3.663619723186634955e-07
3.844599890792195002e-06
1.144200557203454643e-05
1.704583880066610211e-05
2.282726712632703977e-05
2.196796880649742276e-05
1.954564652748366077e-02
1.840530345622275021e+00
1.250620100561985693e+00
7.361866045660848679e-01
1.107519840137661249e-01
1.122625613706735997e-01
7.222240995801326724e-01
2.358753140381961155e-01
8.263255275244403286e-01
4.935983883496670305e-02
3.626344657448391301e-06
6.926771259209235813e-08
9.632306148087837259e-07
1.374610042924330953e-05
3.156604866476280755e-05
3.145717803543862602e-05
3.196758957605980118e-05
1.158601941008763520e-07
2.734739551148281176e-05
1.185961911793812773e-01
7.359497007266939672e-01
3.414709544049880363e-01
7.219019493118017383e-01
1.179469774812089977e-01
2.141775720144405756e-03
3.197923780509280773e-04
7.499884687830828817e-03
3.644898247398779562e-03
4.719181779149949115e-06
4.457697084737436218e-07
5.197357270875754773e-06
3.810579341779758277e-05
5.536443130667599620e-05
4.541379771320257566e-05
4.239672215533302896e-05
