3.097805928299453629e-02
8.452718215224336307e-01
2.630313094831704945e-01
7.812963099023576552e-01
1.016408461722759921e-01
4.759048710167041048e-05
3.286147743886369839e-06
6.967296887959162355e-04
2.921332623035974990e-02
6.162939812479799676e-04
3.484940427177170160e-06
1.875580084394685647e-06
6.041796057288403602e-06
1.018772694256924129e-05
2.228927473846584677e-05
6.482898822511955748e-05
1.381374925636759995e-04
2.327883336104857751e-04
1.880609293196535510e-05
9.477089334536840937e-02
1.766696889458507780e+00
1.202371531983562170e+00
8.755683950640287261e-01
1.292340456552605078e-02
2.137644934769080405e-04
7.619062049661819158e-03
9.103352401970453700e-01
1.041539799525073931e-02
3.825194233131626345e-06
5.872154152322709173e-07
1.047766434321488337e-06
8.314158577702442448e-07
2.119667588380224156e-06
1.320983336607761135e-05
5.839966547256175499e-05
1.619187043637893713e-04
5.950516430908270143e-08
2.882802933257975955e-04
1.822110177683811810e-02
2.789587919754801890e-03
4.020171297958567876e-03
1.099177321469530476e-03
7.119606694944457323e-06
2.659141954664271719e-05
3.446013403835473943e-02
3.607343045854261021e-02
2.028616960149241431e-04
1.152699211055809660e-04
1.258077390436703337e-04
1.956543201157405295e-05
6.996473947911624602e-06
7.172222754869980633e-06
2.063895973657501736e-05
9.759700741389691018e-05
2.838700450082460953e-07
3.826335840535228378e-04
2.313458734425597949e-02
6.182388044855417807e-04
3.253574326410585399e-05
6.308942323970573723e-06
4.560451465630319373e-07
1.464661633497852872e-05
9.448548060663586323e-02
8.039657895044476366e-01
1.290997516013414614e-01
9.298944877588366520e-01
1.023687714475856270e+00
4.249669349597526985e-02
4.009551641537519376e-04
4.428782244952569253e-06
2.822291208522866599e-06
3.302710813704948651e-05
1.539878450386805383e-05
1.332193141664495678e-02
9.316183570572432737e-01
1.113361048008315417e-02
2.430386915935893696e-05
2.313323666736440119e-06
9.718042403269124113e-06
4.922959566743241935e-03
9.090912667446179318e-01
8.223692410569846678e-02
2.134891262722859659e-02
8.960548378938364422e-01
3.096840552690574455e+00
8.097182175585281305e-01
3.499071188537106799e-03
1.418845573715693830e-06
2.231148008909709935e-07
6.877533133896422194e-06
1.490931268636073205e-05
7.792809359629710060e-04
1.494346638060281562e-02
8.614622551687179828e-04
1.071403027361286672e-05
3.920691226072239779e-06
6.266476875934847866e-05
6.338686858895254024e-03
6.134717698001031574e-03
1.483408410175682120e-05
2.589931567412791155e-06
1.898239443177531861e-04
2.553883519449996059e-02
2.138455327732442512e+00
1.114252277791088069e-01
8.818997607372513310e-06
1.513858157528367098e-07
2.707871582527246652e-06
5.442117922400494498e-06
3.843902567367039967e-05
2.800571297565641687e-04
6.249016910110126509e-05
5.961751183494940708e-06
5.094281890862782499e-06
2.629371319341397743e-05
2.816914122280513738e-04
3.396476910913245710e-04
9.124633965611621446e-06
3.808028670482786472e-07
1.186308029619957586e-06
9.936681604359206936e-04
4.868585947448312190e+00
3.755394100147232628e+00
7.422038200710257168e-04
3.237257549114247348e-06
7.543633669987844684e-06
2.484879194716263341e-05
1.624985398644125754e-03
4.366096151967394784e-02
2.791951169015392375e-03
2.589893492393993728e-05
5.012901708516711860e-06
8.789260230387464009e-06
9.545458350056170891e-05
8.153968845352129596e-03
4.527410908531738498e-02
2.546208133551882660e-04
7.599005299996109326e-07
1.010787650036419634e-05
4.317402833861651995e-02
2.324149702779057858e+00
8.109675314475309205e-02
4.538798286273672115e-04
5.355643701051848455e-05
3.415743265034039096e-05
1.206607696914310107e-02
8.426121454615912443e-01
8.662534873798774168e-03
4.166236694813962598e-06
1.912496294231977770e-07
1.872539509379148388e-07
1.094845437242339148e-06
7.858730327684128499e-04
7.789643553752753080e-01
5.501255717133862744e-02
2.876337812863659951e-05
1.084765701239664588e-05
2.444645737151332227e-03
7.173705687714936330e-01
7.448266332525043110e-01
1.794079610612930300e-03
1.539832187259010854e-05
8.242232373339625543e-06
2.369742806277962566e-03
2.087862144381191776e-01
1.190691186825416263e-03
1.348308028102806058e-07
2.279887870259760661e-09
1.689879276118762127e-09
8.027005856357156696e-09
1.819688375642979907e-05
3.970668020953653787e-01
8.607279933629161661e-01
3.409597364806283420e-02
2.752652796133681079e-02
1.760231196650046195e-02
1.204934817504337008e-01
4.603645392746565368e-01
1.099810553034319838e-03
1.658422199603625992e-06
4.535085450060564072e-06
2.395799917413943964e-03
7.341816915768889507e-01
2.154737700295463257e-02
8.612900362235723751e-06
9.033280070841979863e-08
4.368876213155621932e-08
4.193297188188264519e-07
6.279722428026216201e-04
5.429025890802596788e-01
6.281527335286436753e-02
6.555010992468116027e-02
8.171031509750743549e-01
1.948356266114529417e-02
1.419816844324162629e-02
3.657267175977878537e-01
9.229165608808839391e-03
1.160916297714996254e-05
6.620982866168868835e-06
7.538778320466181689e-03
4.286282057271121992e+00
1.885737061024507222e+00
8.989985916820676659e-02
5.449063680897776180e-03
1.594141580620358090e-03
5.310077763591929123e-03
1.052030650363664638e-01
3.191992334268598519e-01
2.598337521401673181e-03
6.270426981354837621e-03
9.378222617563698738e-02
8.498596647293006276e-03
3.219416715816339480e-02
5.015333589734221054e-01
1.044677725276456776e-01
1.017874834286345296e-03
9.603241845815674814e-06
1.583527361855823629e-02
1.169487880592175344e+01
1.016828034894948196e+01
2.922896331980631590e+00
7.129723721470153652e-01
3.886590425646089253e-01
4.666858777099015532e-01
3.314412017034589764e-01
2.282697156422444529e+00
1.483990736281145084e+00
6.510757667491415823e-01
6.886100062039045289e-02
3.692867618261767154e-02
1.809833673419759537e+00
3.809141568686330359e+00
7.040858389047983668e-01
9.887631239344742834e-03
4.490959250787772994e-07
1.834667603925804118e-04
1.145721121771438922e+00
6.001822771398988898e+00
9.714966559128153101e-01
3.886820312725902116e-01
6.412300964347897869e-01
4.312051626054939635e-01
1.811972422704210758e-02
2.103675461540178149e-01
3.804597936696803018e+00
1.019792782436027834e-01
3.323685335601158351e-04
7.102763666038709863e-04
4.515668678115799389e-02
1.112095579419946217e-01
3.218249060824237562e-01
9.717983668617475104e-03
8.257966180138282796e-09
2.241011373339792910e-07
8.159273621735836299e-03
7.350607260866134363e-01
2.836858700859687388e-01
3.855205284500561880e-01
5.517723065666538806e-01
3.454408702558549593e-01
2.516663364707429767e-02
2.806234730080467421e-02
2.428702949352095145e-02
1.695048496699030753e-04
3.196427304410525903e-06
6.600766412360175456e-05
3.980985080887292776e-03
2.536146364698416839e-02
6.271672392973652865e-01
3.115876369811583155e-02
9.082118095273381907e-09
7.306257733902608659e-08
2.186643071131528452e-03
1.477898246806947646e-01
1.655663367143269532e-02
5.579764077358363716e-02
9.093864696253452229e-02
6.793735397063843662e-02
3.896359773106191082e-01
6.413513644057889929e-01
1.166386928679151724e-01
1.266239420556447039e-02
7.103811967718907201e-04
4.870944877580264849e-03
8.866551363348793569e-01
2.129016376980223946e+00
1.347496325091450398e-01
3.493967241231125194e-04
1.545423384634879752e-07
1.608435051279476949e-06
2.951970834167829891e-02
8.285077273799311692e-01
1.298463859379031700e-02
7.802568073383761571e-02
7.149427312061213957e-01
1.842888680897693532e-01
6.061466636180128376e-01
1.848443554806490086e-01
6.551303594218396698e-02
7.999752580750313369e-01
5.253399832435783762e-02
8.942293849734883615e-03
1.018120155844982389e+00
1.862695106608404094e+00
1.214278337833058028e-03
5.889117864602038702e-07
2.015940097308583121e-06
5.891172909521100924e-06
4.095971957473141037e-03
4.003526212660012823e-02
1.066989290693988370e-03
4.094541048407192470e-03
3.392152681801832020e-02
1.140885370141724899e-02
8.471690154725984578e-02
3.956696397511170332e-02
2.787258203982407277e-03
1.754075376197233513e-02
4.999280639210987309e-02
4.647852277275340421e-02
7.606280293784689617e-02
1.286636452913828520e-02
7.537002622067678513e-05
8.761649788983247996e-07
1.281425801172522168e-05
3.693822031624229064e-06
1.185155086631750736e-05
1.236536131965352424e-05
1.432705783605768290e-06
1.118316307386394323e-06
9.535632561553103490e-07
3.364789067236926762e-06
8.359810062061089411e-03
8.750551792931929862e-01
9.344648587139441770e-03
3.763994652241220559e-04
2.150033067640961040e-02
7.344861759930156886e-01
1.039921197236403846e-02
3.211224363997322752e-05
5.769069947930653624e-06
8.305950374660171919e-06
5.730816622485611898e-05
9.380579316015162268e-06
2.442030460791481176e-06
8.160549698575646678e-07
2.426524867127158994e-07
6.405381580474801991e-08
1.107024609932519257e-08
4.756903620945680748e-08
1.108059029607671319e-04
3.869175187277135858e-02
3.511713657140225556e-03
3.722048299760946904e-04
2.610521134252795361e-02
2.162581019290462092e-01
4.158375882151490164e-04
1.114859722434401816e-06
1.541643320050920662e-06
2.033794065478689361e-05
1.111546814290362175e-04
3.294602743478487126e-05
8.732977320950554737e-06
3.344165771014514465e-06
2.038998140216418516e-06
4.869466639530641291e-07
4.996643471631510210e-08
4.194090180696340818e-08
5.207231238413415936e-07
5.584768329874996972e-06
3.437410997391909063e-05
2.980223706272245709e-03
9.402432997121203950e-01
8.777835242840905661e-01
1.317849671623832130e-03
8.449245841013350178e-06
7.673239422991960001e-06
4.595145244458113688e-05
6.783489927893399454e-05
3.223563671789860565e-05
9.794982946110209149e-06
5.775587189349488578e-06
2.386315453246642493e-05
1.873086546971552228e-05
1.900422957335830564e-06
1.878614333420143277e-06
1.970354797064105196e-06
4.134617544472435683e-07
1.233396448259935723e-06
2.021332662649468967e-04
2.806093150095181551e-02
3.641140167921064208e-02
1.029428902502183647e-03
5.845898957945682529e-05
3.922502183479480056e-05
8.458503433366400845e-05
2.281618693309296706e-05
4.379992042850924013e-05
2.732064326427696794e-05
2.388311210906574571e-05
1.732715854210429077e-03
1.487872504492017585e-02
1.870140536428033890e-03
7.536056627716484005e-03
7.859742485725225089e-03
3.549327803351787398e-05
7.367496420208756047e-07
6.644669753923977591e-07
1.528822262063863056e-06
2.920002003964777470e-06
6.216579879783632824e-06
1.702021469916740692e-05
4.589465795455436963e-05
1.031397316635285813e-04
1.328568335477967105e-05
6.830769373904178009e-04
3.567402126046061942e-03
1.048489439722702799e-03
4.500380793191808421e-02
8.557189561401193911e-01
1.324170971947574993e-01
8.964672634098836967e-01
1.007160915147431224e+00
1.061790552213502312e-03
3.129892618470741099e-06
3.628557906768724284e-07
1.456119892258633011e-07
2.174636968185947987e-07
1.522682101352945948e-06
1.379324812268079447e-05
5.919225629626724799e-05
1.353650993631881714e-04
2.722299343493311328e-05
2.579506118932142072e-02
9.437693802743772897e-01
2.195562216739854397e-02
5.660641330585716030e-03
9.680474220221254103e-03
1.831637755426413806e-03
7.526289487798845830e-03
1.212841768627155419e-02
1.994147345544973319e-04
1.107137154646688489e-05
8.311662299876351414e-06
8.524168592987611668e-06
1.093680944670532837e-05
2.597210000959529586e-05
6.933198003372239237e-05
1.371487877801567772e-04
2.197188135647133863e-04
