6.837889577933105442e-04
5.169359994124252122e-02
9.234429715504359759e-01
2.067956725169560528e+00
8.743237487532159458e-01
3.584225115316932997e-02
1.475341737863161001e-03
3.043320599848708865e-03
2.652759517979337220e-02
2.759625749147790168e-04
8.973554816203430567e-07
7.657693188440820119e-07
5.117761534275496574e-06
3.993934772377703011e-05
2.000537115802227277e-04
2.542580223356049815e-04
1.687987529541691806e-04
2.117728586588752218e-04
4.178651177317906258e-03
9.158508046271223169e-01
1.087205320827949961e+00
8.648664393241117104e-03
3.450366322776454719e-03
2.377362196549330786e-01
7.577013131595113915e-01
2.384747991519339250e-01
7.399878433645262765e-01
9.196802248943622415e-02
1.315704871288510529e-03
2.078199831176253775e-05
7.328534565727641464e-07
1.293881963889468573e-06
1.741691501348507988e-05
8.599406696561975286e-05
1.432478117264959891e-04
2.449178397184285667e-04
5.721985696714036631e-05
6.440503792443708075e-02
8.978421123817715843e-01
7.550413256958480278e-03
4.475722857852019142e-03
7.254428391952193467e-01
5.217379673647707522e-02
3.440591478493020629e-05
1.088023406294827156e-04
1.108131638982838008e-01
1.929913234876475592e+00
8.938575639715711646e-03
2.190146079269679423e-05
3.629974967881451189e-06
3.390965870331958442e-06
1.451309821352031221e-05
1.266788937778195458e-04
5.489816877488071581e-04
2.304794987218730660e-06
1.066355421955900943e-03
1.408461622904536893e-02
1.075229337836648442e-03
1.142724471993992498e-02
3.107079532502432517e-01
9.324331367248769799e-05
3.363424489370177544e-09
4.166879796232944968e-08
3.218708295603485946e-03
7.889655660576356810e-01
9.198146807380018497e-02
5.085565029285710886e-02
1.551770139935837716e-03
1.053707130401190586e-06
3.478189035527949216e-07
2.724065364522827899e-05
8.267381687437981618e-04
2.780091777106243880e-04
1.712167621535310574e-02
1.018919406405525627e-03
3.019088465166848642e-05
1.103231960519035146e-02
6.230424429427127153e-01
2.012588228469752662e-04
3.190343303067716720e-07
1.142675501944529709e-05
2.573601183655069291e-02
2.472175144959669613e-01
7.672415088945493122e-02
1.710110102729744952e+00
3.197600761767913080e-02
1.498445219055086730e-07
3.001115777938560750e-09
1.005682616278470978e-06
3.239767586098599508e-04
2.294725648228454831e-02
9.194111511066591635e-01
9.552818854981246638e-03
7.708377899909458076e-05
5.957737376543946473e-03
3.319549040099890047e-01
1.324250856815154843e-02
8.115231747174702845e-03
7.935334614155714617e-02
8.113370828447812322e-01
7.283666928265176699e-01
2.343332984893300996e-02
1.526737770072421896e-01
1.116891494877738505e-01
3.259594157308541041e-06
2.529228418162756539e-09
8.343703507021929854e-08
5.286891311165530053e-05
3.064629469667746022e-04
1.047852298464271165e-02
4.596146030409019312e-02
3.322678282516818710e-02
6.949408283874725090e-02
4.043735933601396160e-01
4.345987854103244286e-01
6.810740774904346928e-01
8.602272690236154595e-01
5.028483325920173330e-01
3.099669088859129118e-02
1.129339651477305733e-04
1.160584402788737788e-03
7.405051777959233972e-01
1.849584340263216858e-02
4.283939220457166704e-06
6.935316815495916635e-07
2.456817092318940268e-05
2.111089048710118622e-06
4.274663478541061051e-05
1.030840397719752846e-02
5.903236622120873189e-01
3.765026222738185324e-01
3.112768698579437276e-01
5.857556089863690252e-01
2.350338621451857624e-01
1.308370642825265495e+00
2.404858450767362488e+00
6.587439617977381562e-03
4.248093418870922329e-06
2.922604689179679219e-05
1.110372122762406655e-01
3.077510860510230373e+00
4.045103792850665569e-02
9.025770925374998271e-05
1.975609426121734005e-05
1.530468104891248408e-05
2.607447686273942338e-03
1.180781433585141038e-01
5.588098802927164988e-01
1.837005155709579840e-01
1.775407754843039143e-01
1.047116380177257833e+00
2.081934338503095838e-01
4.244964437234945431e-01
1.504572387763793095e+00
9.690930746846088129e-02
2.583921730602639893e-03
6.434194900724572036e-03
9.839830050202359735e-02
1.792165113955800804e+00
8.740923830121474225e-01
4.485952196161056122e-04
2.831151473180718860e-06
2.298953132421220334e-05
3.617883399270112321e-02
1.472710386611901345e+00
1.875476321951827341e+00
5.133524624944638681e-01
1.703004584915117914e-01
4.583463725155084156e-01
1.853004849777090401e-01
9.773657882594267987e-02
1.356160548155849743e-01
4.014802078949533115e-01
3.371356295067025055e-01
6.106023956768316108e-01
6.769418338928670509e-02
7.139984128525209139e-02
1.303807435307966944e+00
3.298099499387465924e-03
1.896558917182611118e-06
1.302886130377342093e-06
2.820236631560385857e-03
6.209547650002650299e-01
2.072428518790389251e+00
1.253048166511553152e+00
2.531408376463071264e-01
1.149708611844872386e-01
2.288326125252947152e-01
5.881270527783913904e-01
1.834394807132899430e-01
1.508701052566373546e-01
8.158578404950203589e-02
1.802787086007908990e-01
7.068603191909620699e-03
4.605359644901097643e-03
1.518979671779181917e+00
2.821853907608396633e-02
5.957486522790494505e-06
9.000264309583407132e-07
1.391697677809043167e-02
1.627743795140235861e+01
8.229434484818574091e+00
1.448888657258940116e+00
2.869397300055264832e+00
3.769526016518725875e+00
1.184588919245601613e+00
7.312382499057301644e-01
4.242495513420046493e-01
3.863932042099563757e-01
3.058238330045230935e-01
1.594075645880337788e+00
1.121902218139829155e-01
2.795631111135517266e-02
4.071946002411976906e-01
2.694053745580628125e-03
3.481333948315474808e-06
2.462884034829030596e-07
9.228087800691425757e-03
3.056388162873458469e+01
2.765065440897280524e+01
4.809528301387361537e+00
3.164812047924327132e+00
1.898239106208132521e+00
6.318147950059407880e-02
2.394151666477868992e-02
1.020963789199408778e+00
1.148907296004221701e+00
2.702303035802852693e-02
2.006761986639863868e-02
6.980776043158770650e-02
1.842830101000024534e+00
1.724514220876501636e+00
6.079482973659105149e-04
3.726152601860510839e-06
5.289192453684980457e-07
2.042357564673661155e-02
9.592456139316690056e+00
5.432056172804389682e+00
1.818424607536860416e+00
7.706382957972271464e-02
3.256304451022976748e-02
1.520863856135820993e-02
9.382352297724015633e-03
7.267288474909389118e-01
1.026870794181770519e+00
6.146100373840305761e-03
1.224199701489294475e-04
9.145856818518123023e-04
1.130803198116933528e+00
1.446756307134351438e-01
5.661628499146389603e-06
3.740098972616332793e-07
4.030658791727466965e-06
3.679811290903273191e-02
2.015370473906662685e+00
9.581236970230042616e-01
1.003368518520307617e+00
2.141791294651440233e-02
2.926940321524768365e-02
1.727106000693939158e+00
3.874672663281669704e-01
3.076826628252058576e-02
7.042263016895940198e-02
8.811406521579865370e-01
6.030552948227604210e-02
9.615046279346489005e-03
8.097988810517781078e-01
2.790078929942529755e-03
1.344177373658763731e-08
6.170906139365475867e-09
1.791722920961333119e-06
5.047274178501942317e-05
8.936353072831231458e-04
4.033623126224013256e-02
9.338252050838039553e-01
2.830902285987528522e-03
1.035573021853913590e-04
1.464434914254309494e-01
3.583504994166924806e+00
3.014897148249199698e-03
8.656926018007697718e-05
7.580378176750351971e-02
8.257050804037389113e-01
1.268050521671654218e-01
2.049154389421035116e+00
7.314926071395938013e-03
2.766122450745770399e-08
3.668300830660444591e-09
3.818465726690672704e-06
4.605908695903493529e-07
7.354291337803988703e-07
1.654656272855303519e-04
7.836396928994033423e-03
5.894648944769184638e-06
9.547673197076032920e-09
5.589903935953069810e-05
1.326500310780533987e+00
3.548227636686075541e-03
1.771325037471146370e-07
6.203521954802702418e-06
1.567215139962752080e-02
1.365222175401689386e-01
7.636625547735824693e-01
7.531038017301269760e-02
7.846321551947799044e-06
5.361987488837240935e-08
4.011047592720664169e-05
7.309413294105600022e-07
1.849247743179672984e-07
1.255362050166375292e-05
2.894548980101589882e-04
8.921992828067042773e-07
5.865252623311569476e-09
2.211261131603272154e-05
6.619992848994586954e-01
3.287561540979555465e-03
1.461081684118238830e-08
5.817852388043230788e-08
1.008546878206621235e-02
8.060078963247324646e-01
2.562512947075135106e-01
9.224399184186319323e-01
6.367406670349956034e-03
1.266715013274909432e-06
5.219049141835938792e-05
9.640013708128302826e-07
5.034763917326023334e-07
1.786341419547795260e-04
2.141399540731341380e-02
2.344380786536717992e-04
1.812727164264534414e-06
4.399092205219954049e-04
2.798897283533167690e-01
8.760100289690304996e-04
3.308243349092559930e-08
3.950836711731976875e-07
9.225211469305510947e-02
1.919230291508787545e+00
5.832255707391752891e-02
8.636467051312810561e-01
5.379219614903392455e-02
3.469499169918498217e-06
3.626577036323164687e-05
6.809452325788514348e-06
2.151850737680184751e-05
7.799561763221161612e-03
9.209207179094199835e-01
2.055878360896118071e-02
1.840845682610207533e-04
1.008243216545885723e-02
8.034230440022064323e-01
3.064960855276953680e-03
2.693375753436807209e-06
9.142921923457214160e-05
9.051644393001015976e-01
3.084866173028603331e+00
2.501237492987514952e-02
1.246890890847247857e-02
7.500987764834981999e-04
1.623348854356650806e-06
6.927381066077704431e-05
2.469371229798220536e-03
4.306325495888970595e-02
3.638209028541853490e-02
1.294862072875560197e-02
7.507934778920094185e-04
4.792217007892370225e-05
7.352118432506902406e-04
5.374707741535595523e-02
5.381585040463716073e-03
3.843187400695878900e-04
1.816476883674454992e-02
1.071430261719869215e+00
8.654134429862357925e-01
1.809366838743011949e-02
3.284594528992371230e-04
1.515812359479127829e-05
2.995160800479927417e-06
1.342693705731419776e-05
1.715404700385268419e-02
8.289087513636926863e-01
2.560402675994572635e-03
9.598948447034428284e-06
1.030743631420786188e-05
7.705765176370182063e-06
8.700778822757214662e-06
1.377032814560383810e-03
2.173679556381002617e-02
4.383726512708140122e-02
8.625793593570457718e-01
1.090431476678127565e-01
2.017652963955366471e-03
4.541611073610267164e-04
6.616853753997870935e-05
1.525293690251887495e-05
2.718084833961741331e-05
1.837234066207825966e-06
3.533889794026901648e-03
1.749813860749716010e-01
3.383491795089749003e-04
4.299639312316409765e-06
2.035903046231354126e-04
2.539176779095419449e-03
1.037456697499575644e-03
6.511651142649678425e-02
7.898205236402423557e-01
1.943815071446378384e-01
8.891638740944239894e-01
1.661930054166653112e-02
1.575502720730010721e-05
6.382267152567109873e-06
2.452073630364305873e-05
5.083007510390064396e-05
1.522441997708374063e-04
1.980701868634146404e-05
2.593973821535337787e-02
8.105611422759773088e-01
2.897113369911025541e-02
5.294961344523423617e-03
5.766738184086528385e-02
8.477803089306610307e-01
1.110033644963698052e+00
9.552880190423695961e-01
2.595773671492898962e-02
2.933331139560019208e-04
2.693485044092348932e-03
2.352185099171478447e-03
1.945090802128224383e-05
6.240266914184965991e-06
3.413403546299215738e-05
1.231600630104251178e-04
3.254601528251384128e-04
1.290174073603472381e-04
3.885179512079156312e-03
1.801641325548372988e-02
1.120186932601162089e-01
8.362213673542426839e-01
7.351611562132001620e-02
6.763080173504373849e-02
9.032695080392872944e-01
4.386660887156954708e-02
1.602426887248593581e-05
2.708907619606935656e-07
1.147925445189162286e-05
3.066681126735259577e-04
1.183898171168483942e-04
6.607205500943399284e-05
1.417011373322481845e-04
2.941640726538840732e-04
5.509314019120448245e-04
