4.470142691983813255e-06
7.145185431436919471e-04
1.976870553406109149e-02
3.991146808339098126e-04
1.212032275467205964e-05
5.869727278123369318e-04
1.460787453538306760e-02
2.541401641849421475e-04
6.005394336750661691e-06
9.098319544009486292e-06
4.248673133679680760e-06
9.319582256093327468e-07
2.152678074164254966e-06
7.659998649973351822e-06
1.020819986626876449e-05
1.374184155052525067e-05
2.385139397328155892e-05
3.587438519718760544e-05
9.186594352390489924e-06
2.023025563375227542e-02
2.923815661214308470e+00
1.751769770297822992e-02
1.416942805427458154e-04
1.713550311359517825e-02
9.331277612201801519e-01
1.684611314290437173e-02
3.340920465275049218e-03
1.874731106339996498e-02
3.286111958051912089e-04
5.478323302094617561e-06
3.254314207390855614e-05
8.608396793914957685e-05
1.263804628116212509e-05
6.030821203635550708e-06
1.452187511962092247e-05
3.284848737476148091e-05
3.219064803929879685e-06
5.582269783508069351e-04
1.906610544030324511e-02
5.042178478502383140e-04
1.995725433736926250e-05
7.634824241490305741e-04
1.066681252454183132e-02
1.859402474501860129e-03
2.954955818906033690e-02
9.093744380855995901e-01
8.432162753892854384e-03
5.218276247214494743e-04
1.409955838715648731e-02
3.280812743249070067e-03
9.841257494096467188e-06
1.210102330315362276e-06
5.801091414540910808e-06
2.771039863085922531e-05
1.299307088056519416e-06
3.311028578481166647e-06
8.956599944135622409e-06
2.714703986062676504e-06
1.292067896312978138e-06
6.357015301475648596e-06
8.880938156856341722e-06
4.536719022331509089e-06
1.664715881009611715e-04
1.185579421642024393e-02
1.594447751876355499e-02
9.658293249094888899e-02
8.679465215929159649e-01
8.949430033715344290e-03
4.270512483992445307e-06
2.621817831285140011e-07
1.786083812125182232e-06
1.763810053339380073e-05
3.394774087426989950e-06
1.584469535810874123e-06
1.349837752338795094e-06
1.412393708480542187e-06
1.969827621373933180e-06
2.667411551208083962e-06
1.104113423869773486e-06
3.382588224540061404e-07
1.332449536728552580e-06
9.699191178135086724e-05
2.080039679422706136e-02
8.589032875006640255e-01
1.107455758469188867e+00
5.530493599050381737e-02
1.289540857567994200e-04
8.905928112812061129e-07
8.534928859915913864e-07
8.240392284141516633e-06
1.680744415061375888e-05
9.772618807902101493e-06
7.673692905200065685e-06
8.613537534946094916e-06
1.136367169595943217e-05
1.142899740041727560e-05
5.382940739179168041e-06
1.463428296814596861e-06
1.087200782177719184e-06
1.650346630520842993e-05
1.373171117915734322e-03
9.438907647545518795e-03
5.249733124765675746e-02
8.491664859957831490e-01
1.901318945579971720e-02
7.445357888064939927e-06
5.694277146440983090e-07
3.713436276829871823e-06
4.117678477704794581e-05
3.127436154573940438e-05
2.295318772121764822e-05
1.946817666932896068e-05
2.114133201510843982e-05
2.506869386058620987e-05
2.152149249932792680e-05
1.026092051814659470e-05
4.862740420662481965e-06
6.685696193360330628e-06
9.380731182796448627e-06
4.600121426945579955e-06
7.821223971936339440e-05
2.422126303985233653e-02
1.002910495815621632e-02
2.531213751316603317e-05
1.757648282280090219e-06
4.397093501436569929e-06
3.434504678068061098e-05
1.875251333443678600e-05
1.046494481182777691e-05
8.149193502303736891e-06
9.520950469289640150e-06
1.522482547870401630e-05
2.352340695792056355e-05
2.263866447849797732e-05
1.389092996859026818e-05
6.785370862928667277e-06
1.450587410446341890e-06
2.390200447097492151e-07
1.705514494655058938e-06
6.740722238787061078e-04
2.339240209655497546e-02
5.243951961059729362e-03
1.848546942753316721e-04
2.214968858554129246e-05
6.995136720058349938e-06
1.648866485932488065e-06
1.239202884514490365e-06
2.699602507778723388e-06
4.769415883074650432e-06
6.636727199098234231e-06
1.194448742198822800e-05
1.928025465166479445e-05
1.970132058520706247e-05
1.321792141871091527e-05
4.753810144051393375e-06
1.612857448028151204e-06
8.301780323207734574e-06
2.870419757353631987e-03
9.625120565294712494e-01
9.718199365720179284e-01
5.187801738606507250e-03
4.872456592116668900e-05
4.547377946399656839e-07
7.717234243961757165e-08
6.509657799811847015e-07
2.827281007695960308e-05
5.687335999922087256e-05
1.209413302744018144e-05
6.385377395568748048e-06
8.683242652051803968e-06
1.099700000335195154e-05
1.141946771544941576e-05
9.207068131599588392e-06
5.793960937089926940e-06
9.689078056051956292e-06
2.061290437479266319e-04
1.063454862298107012e-02
1.533592512991929606e-02
3.558318797374667147e-04
1.270882155637456393e-05
1.107651317732882587e-07
1.167860851963542296e-07
4.436085779808588103e-05
1.613443681454664047e-02
5.300444781577472522e-03
4.471346565878590119e-05
3.481675918819583304e-06
2.669738934268410368e-06
3.637248156675316363e-06
4.934065967098297126e-06
4.383624423657228135e-06
1.527601249669487825e-06
2.484069832033933630e-07
1.575783527772875823e-07
2.589607947148999319e-06
6.104515845345059226e-05
4.842205017252708085e-05
8.755916740618457345e-06
1.030718072082781432e-06
4.449124290754948052e-05
6.588920918376706126e-02
8.836436635500775072e-01
4.815262973228757841e-03
9.433068226358620289e-06
8.881051956689105112e-07
1.459431765097845524e-06
8.622367436764853658e-06
2.894259763993325423e-05
9.028165849100783699e-06
4.644559689382519930e-07
2.491901798269062905e-08
3.052133261016534425e-08
7.527485334097025807e-06
2.382204117048193365e-03
1.693986927472586768e-03
4.702416012173295961e-05
1.893430369128446339e-05
1.082578205332078262e-02
6.889655341946846256e+00
1.151679634620112136e+00
3.499923531356943849e-04
9.980167842390122827e-07
3.465346211861753544e-07
4.054592342566541022e-06
6.621443516406458904e-04
1.516053716045297553e-02
6.495373590000657303e-04
2.228866941760034399e-06
3.504550179473942872e-07
3.009933205763849396e-05
6.000240485792308204e-02
9.359242110626350142e-01
7.940125070345449218e-03
3.102523623528478106e-05
9.681280817020454296e-06
1.880538708239059371e-03
1.045097927339534438e+00
9.026151944163121055e-01
1.522175915575139753e-03
4.756718224430829501e-06
7.995068361408699975e-07
1.322219939537810771e-05
1.321792789294472248e-02
9.434135308380290352e-01
1.251621086186362371e-02
1.165850990461278491e-05
8.443615124906989487e-06
8.710860749589750471e-03
1.909002934052186795e+00
5.033689153978575942e-02
2.016438517543253623e-05
6.475144333229483506e-07
1.115094249292788925e-06
5.980414737196142277e-06
8.208936707192065769e-04
1.830325309434967587e-02
2.105633572897536252e-03
2.682538038272822646e-05
2.110216403349476087e-06
6.840603668353858556e-06
7.635532661246684574e-04
1.456114723579822294e-02
3.760835004733724721e-04
1.181348879017401217e-06
1.353529000741662892e-06
8.514433629966712547e-04
2.113423390385614498e-02
5.770336068227989353e-05
6.429807901058696536e-08
5.486563438916375432e-08
1.264345529554951208e-06
5.002656372148975207e-07
2.682466048346651009e-06
3.452292551891029601e-05
5.210774830241853180e-05
1.198579631589580336e-05
3.110506790640185358e-06
2.905619411620012846e-06
1.111679230076070466e-05
1.977992065823251679e-05
1.350049102920465854e-06
2.647247821415817290e-08
6.023951985858273544e-08
1.137214855758465445e-04
2.145559939526903853e-02
2.654380605799302345e-04
4.540038788255440929e-07
2.751140302690647147e-07
7.686539469830469998e-06
2.203508564888896169e-06
1.578573924397649649e-06
3.077737212534531233e-06
6.088927341390417204e-06
7.683540782489019355e-06
7.463847111242082775e-06
6.586215208375866468e-06
5.487261497843203035e-06
2.320641160541016546e-06
2.111536650896583201e-07
2.337249258237974664e-08
5.921643515123702138e-07
7.671375088960764345e-03
1.936337472110417179e+00
1.208989697182574936e-02
8.610254532531299920e-06
1.728738745468275078e-06
3.289190535659970152e-05
1.696071590106808542e-05
9.590152835957808979e-06
8.428067177284291871e-06
1.086776975131420731e-05
1.616625790114792433e-05
2.293311662395647947e-05
2.572395513403947405e-05
1.709852639670619709e-05
4.531914818503942187e-06
6.433959463031907473e-07
8.346642427018946126e-07
3.584712972704151156e-04
1.092457136302514398e+00
9.442822704000976008e-01
1.964963878035452685e-04
4.372487643981569863e-07
6.930779787665881441e-07
5.933463952977901276e-05
4.313599845458154542e-05
2.836983095036504037e-05
2.071117110826184226e-05
1.920640899350072389e-05
2.357212926131244606e-05
3.243561098960628404e-05
3.342635537148084011e-05
1.594800181662615158e-05
4.119203298585625224e-06
2.572878761431935028e-06
3.035824690690565677e-05
1.019087124000951639e-02
1.758107388304860796e+00
1.983321989862471824e-01
3.718083206688047710e-05
1.416439066323587176e-07
3.866201228162592572e-07
4.877660508790223004e-05
3.104218726941489892e-05
1.935993749366238430e-05
1.090453436202317766e-05
6.937289306495206392e-06
8.174941392007248570e-06
1.187694879059988134e-05
8.526738249944352136e-06
2.201244526105052563e-06
1.050613438268310802e-06
1.971213389772343491e-05
3.805298727716207533e-03
5.040726444346517454e-02
2.005512536617107267e-01
7.909577747646721058e-01
1.292586631086493215e-02
1.514705775880806909e-05
1.948257203180976975e-06
1.053428557141968910e-05
4.144736575133331144e-06
4.108174886439886724e-06
2.541713233218598228e-06
9.814320505918314949e-07
1.395404567997720067e-06
2.230499103792195078e-06
9.360368664635824254e-07
2.900271795289491472e-07
8.999845810313576202e-07
4.926175629542746577e-04
9.862082640813898404e-01
8.651342192995479241e-01
1.477969331944362259e-02
2.600434359558925074e-02
1.121785355805340542e-02
7.050967193683117991e-05
5.113294183809719871e-06
3.761836790985983696e-07
1.510450994449299980e-07
2.715384824907604150e-06
1.118730155652148319e-05
3.665015426308405447e-06
7.943130189069868731e-06
5.260471747087916910e-06
3.482560557115833324e-07
5.189673125326161547e-07
7.154744839958822322e-05
3.914026900854411517e-02
1.023664302950624272e+00
2.763352476791763879e-02
4.142013137287027801e-05
6.774785139147056255e-06
1.111416381548297391e-05
4.830750653098728481e-06
4.591526656295767945e-06
1.908522123037652671e-08
4.454169254447163087e-08
1.409464674347507118e-04
1.026805584470084735e-02
3.551070889766409343e-03
1.511387633975087331e-02
9.958306780451604487e-04
8.891574778905428152e-07
2.137932360462942011e-06
9.554873979587055755e-03
9.139557208672797195e-01
1.566244517085613880e-02
1.129283163282215144e-05
1.313004854728549552e-07
1.097093233345024432e-07
6.232256944341855418e-07
2.681032686579370558e-06
8.860000366655404168e-06
7.680675531053962160e-08
3.192471109173632065e-06
8.347543297527255934e-02
1.815580430351358299e+00
1.707557766427132695e-01
1.841589024976273414e+00
4.746604393034218466e-02
1.693388992986826677e-06
5.293918705891770713e-07
9.024129453182109769e-04
2.250503050180270928e-02
1.375554074196925808e-04
3.979783352376304507e-07
1.235039526474456772e-07
7.146276287450243052e-07
4.649913044592563533e-06
1.454813364199006129e-05
2.711053015737839917e-05
1.467845452910681579e-05
2.378633957382565809e-03
9.542521844195717140e-01
4.815082934089343070e-02
3.974724868504593664e-04
7.971764530461512496e-03
2.425672390964868363e-03
9.436891185948710058e-07
9.006475683035367188e-08
3.106322322402858707e-06
2.055192724668745581e-05
3.952726063130407145e-06
9.937048770534987271e-07
2.549684602355090786e-06
1.388721883010508599e-05
3.777994985467226418e-05
5.038320145945839745e-05
5.022434600236787592e-05
