3.321135421011909867e-05
2.524959608705986441e-05
2.203788152092149078e-05
1.679061472455194219e-05
2.626161862068672142e-05
8.193950299936836952e-05
1.963071062673756256e-04
2.321379584107580000e-04
1.545207509849533462e-04
8.338644001606391326e-05
5.297124540245233131e-05
4.630828989532227697e-05
5.013902059030032746e-05
5.502230786898954136e-05
5.497694179512348608e-05
5.453818000299881952e-05
6.601429695662252217e-05
1.084637833503375941e-04
1.071448609171902183e-05
3.881551507162518292e-05
4.985467426701957206e-05
5.152258041642732347e-06
1.413245677226677737e-06
3.712264430996491010e-06
1.742999344420562098e-05
6.130444890174896499e-05
1.062208306349870986e-04
8.674197205704877421e-05
5.756909396516835962e-05
4.787546074511461237e-05
4.910894868200731182e-05
5.086653420994178274e-05
4.798075918971821688e-05
4.487149152036496819e-05
5.154578803047303777e-05
8.539342988888882352e-05
1.408919205072833768e-05
1.748645530166451382e-03
1.156905110210153589e-02
1.378917149534959134e-04
1.969577814120145638e-06
3.932103289802921779e-07
3.611173624370644545e-07
2.566076655435831911e-06
3.041045461731638932e-05
9.522344937959398108e-05
1.063340946537549424e-04
9.336115561906228985e-05
7.809118016224487232e-05
6.207340107272350826e-05
5.283721011833493128e-05
5.204740283092628160e-05
6.118134141408990698e-05
9.579067816781240978e-05
2.842404147762792976e-05
2.633438645815308968e-02
9.153496680620838433e-01
4.922128653365942519e-02
1.646289945739990660e-03
1.689807644986792380e-05
1.171295251614384990e-07
1.456070291817095188e-07
4.469994319764175142e-06
3.890217052656022676e-05
7.484440496644497094e-05
6.986425661509396839e-05
3.775527845823440325e-05
1.855169137179691222e-05
1.649485853048315729e-05
2.907391091115714990e-05
6.183015876844056983e-05
1.220312353754001306e-04
1.303401082632526335e-05
6.160800033841014539e-04
5.204868769702456800e-03
2.672206930933697377e-02
9.123052592939158156e-01
5.998667714602846229e-02
2.640370260405968094e-05
2.394193935620992472e-06
7.213974925063632796e-06
6.713349903213712372e-06
5.602235917938438889e-06
5.496721207042257402e-06
3.331474457067652291e-06
1.737674464318267563e-06
1.586794231347084805e-06
4.709505548846682044e-06
2.840706072863046880e-05
1.219765521812105855e-04
3.909093442299235682e-06
9.955673951865526941e-07
6.924892844080358603e-08
2.821635497563700139e-06
5.385380689502873575e-02
8.956724306488040854e-01
2.709641800158966302e-02
9.741798025732783389e-03
6.004242447208325839e-04
2.847122115320870575e-06
3.015492195645256709e-07
5.106377630060560839e-07
3.101444490976749153e-06
1.530971051354877195e-05
5.847234784589735333e-06
1.938874252818553544e-06
8.487082881266005266e-06
8.378214871010770980e-05
2.379638536763023623e-05
8.091753349170357852e-07
1.002767969089759800e-09
2.246074458108808668e-08
5.806305750790635278e-04
2.183487771497684068e-02
5.407086256365782606e-02
9.072730442594277855e-01
2.682108124098810109e-02
2.908703888325421920e-05
3.520417338902623507e-06
6.292632721530867852e-06
2.895444868896768827e-04
4.232399729921459269e-02
4.011765009378789881e-03
1.085816161901905260e-05
4.603142277543007377e-06
5.589134603529260066e-05
4.722121103652437459e-03
2.720114350632405961e-03
5.899893064148209037e-06
9.666625367554637475e-05
1.475403532209270188e-02
7.981455636046205435e-04
1.975919551734856613e-04
5.819856342721719047e-03
5.080497821082034619e-03
2.801295296493755416e-03
1.873600085134401530e-02
6.785858468747177005e-03
1.445872025797607582e-02
8.358027864739601132e-01
3.190457230554338136e-02
1.678146944730363589e-05
3.539812078382160042e-06
4.987306374153941931e-05
4.487147029535139275e-02
8.591874950311110259e-01
1.244743419985682165e-01
2.067195506646572145e+00
8.103515074912248650e-01
3.016446196051424762e-04
2.742167431108952890e-06
3.258443277622362304e-06
1.549697816783612668e-05
2.934170066609671605e-03
9.637270711663699085e-01
8.785626978751193139e-01
1.954908336145352588e-01
5.008467501199987543e-02
1.537064498049461197e-04
8.895391594824587203e-07
2.294640790670448567e-06
5.883703244884939287e-05
2.677261607909211909e-04
5.872933775179914502e-03
5.486718091975887474e-02
2.548899738222242473e+00
1.492982743866223094e+00
3.006887579737828331e-02
6.275821842293948785e-04
7.297915385671708402e-06
6.791289667997361380e-07
4.449341200410584254e-05
1.023847539686568824e-02
1.330534443236517927e-01
7.554063148613364698e-01
1.240515720261095578e-02
2.405853370886208812e-06
1.169902253394986532e-07
2.651510139515153135e-06
7.941596963821009479e-05
1.449009233511075487e-06
1.003671379368086322e-04
3.126541362414926584e-02
4.859299839702019286e-01
5.424478499860314606e-01
1.711770619296209883e+00
1.079674266860950249e+00
8.354074250412893074e-03
6.224690089487925867e-05
6.586642492284228330e-04
7.759080342249861061e-03
5.275767084229701122e-03
4.011303593495436220e-02
3.089426483131407861e-03
4.173676908847987595e-06
7.837629172670678655e-07
9.995930111145143271e-06
1.032750832472001791e-04
7.099441599164565770e-07
2.601556646414891760e-03
1.091878905853633164e+01
5.500118738368940718e+00
4.388008911340682827e-01
1.387448857986418815e+00
3.968536221181713675e+00
8.469756999241742079e-01
5.951727230224553022e-02
1.084797036636088396e+00
2.791921512945719996e+00
6.594445276644317344e-02
4.734806419144074047e-02
4.287445904311427275e-02
2.962613678315363739e-03
2.265648161954818415e-04
7.643327670507816694e-05
1.067894721619011675e-04
1.365917228678896637e-06
1.833848172298569237e-02
4.910751770689378048e+01
1.729354544856024489e+01
5.917673990881435309e+00
7.244076063109195829e+00
4.381714014214041164e+00
2.829592919751505953e+00
2.634318387145803131e-01
6.656056126549353413e-01
3.279189907686388405e+00
1.098001011784078385e+00
6.529904339845465921e-01
2.040758885666617228e+00
9.525165330818202714e-01
6.983470625130037447e-03
1.016873596788661898e-04
6.255183824160910459e-05
4.023948335551124765e-06
1.160282039961680993e-02
4.810183228292279622e+00
4.896747569308987025e+00
4.979853121895729373e+00
2.530307278789301062e+00
1.875484765975643509e+00
9.055627975476697733e-01
1.005287897387578157e-02
3.354639375970467838e-03
6.239307511974205578e-02
4.998060837473651263e-01
7.392270381677396029e-01
8.244195348277493229e-01
5.040753476819590656e-02
1.244088204133519786e-04
6.720761856984298666e-06
2.550843903817726362e-05
1.017729810612700376e-05
4.597299068586024884e-03
1.106820301854664512e+00
3.130147862818790205e+00
1.914455072543444825e+00
1.787963316639656464e+00
3.024601142503391404e+00
6.091377279349158985e-02
3.296811273182374043e-04
4.535244444775633765e-03
1.657032790276183054e-01
2.016725884565055138e-01
4.448471204519476863e-01
6.952449870069200843e-02
7.572237584735336648e-05
3.130499817745026257e-07
5.269166260650067603e-07
1.707358245201708865e-05
2.638936938812865715e-05
4.159751135587381327e-03
9.250181043867160557e-01
9.383797937732684113e-01
3.942045782105529222e-02
8.682980026030538701e-02
9.297105124359393846e-01
3.282002825387490570e-03
3.110903551116490077e-05
2.086014636646741846e-02
1.467515606413768436e+00
2.912412828083361105e-01
2.024414493592418818e-01
5.656741739412394880e-03
7.785689574687516666e-06
2.824602670738963374e-07
8.123260180474888790e-07
1.685651542231000191e-05
3.075969997798395651e-05
8.114525171664992370e-04
2.787039767202068030e-02
1.623519898476436830e-03
1.975682541272426203e-06
8.903201036572271231e-06
2.622692766868089248e-02
1.527713682339128416e-02
4.672821850940740360e-04
4.413523404535314026e-02
1.502210447385449843e+00
1.703942533250425440e+00
8.662268726362420956e-01
4.065655902938121458e-02
3.919918522088471947e-03
2.328456051041290730e-04
8.540934891366605471e-06
1.050052110546567107e-05
9.123134721005563320e-06
1.557326438316407167e-05
4.116892574671964156e-05
1.585753231043098296e-06
6.986337371571592042e-09
2.083918856989875599e-07
1.724470202347212419e-02
8.758101602573761246e-01
1.420687467386876623e-01
7.727891796010393222e-01
7.557898917659467974e-01
1.078096654263183130e-01
2.603000444900679597e-02
5.059517974135781943e-02
8.955361750636059437e-01
3.352093790668703166e-02
2.532160431780494498e-05
4.766462091555796591e-06
5.317340846202285912e-06
7.051355544786327407e-06
1.291375916390415613e-05
1.115982056410663078e-06
4.224165604775873333e-08
9.475842430881629526e-07
2.119501773474180301e-03
1.172662021177052483e-02
2.611450462720566260e-03
4.832680795848671995e-02
2.011441137329481599e-01
8.689807622936416773e-03
1.743691547023440175e-04
3.300968105654567605e-04
1.595260722824160329e-02
2.080064139935137654e-03
9.101055084987928518e-06
4.603407877495271527e-06
9.501253342861933456e-06
2.551127155766414454e-04
3.155240637225660821e-03
1.268230998946184038e-04
1.863099214340535099e-06
7.873959327295152727e-06
1.896226543401788778e-04
1.878845524980758870e-05
1.955471070295396431e-06
6.023428045721069234e-04
8.921282581227055752e-01
9.212838024390124225e-01
2.280455581424411030e-03
4.043277729335881661e-05
4.911920030669361729e-05
2.438956124940288249e-05
5.660619633672683100e-06
1.401071551811760304e-05
1.697180838468805397e-05
1.115519204981418877e-02
9.772411543930453748e-01
1.030464506777600646e-02
5.232097995152509856e-05
6.234112756987194269e-04
1.414520461217539868e-02
2.159097611717199694e-04
2.206258384900541896e-06
5.804043199681857307e-05
2.437303794435148954e-02
4.385512198208940671e-02
5.750188390621830715e-04
1.747624785019312457e-05
9.609043245561149892e-06
1.210984326051745443e-05
1.824404509930565137e-05
5.487520632226061261e-05
1.635973370456172992e-05
1.155166599222377105e-02
9.694389413445773096e-01
1.128717346245778318e-02
1.586303848489998268e-04
1.188154153066450607e-02
9.418956308047272685e-01
1.310127615436361588e-02
1.525896847638160225e-05
1.969318253314028542e-06
2.309990818681079556e-06
1.171686069032915395e-06
1.051191486604373700e-06
3.971289920389107727e-06
1.747336788152590171e-05
3.769894762544521267e-05
5.870146535014119889e-05
1.080841401246088060e-04
1.297497111804629026e-05
4.965565915786796999e-04
6.273276991630390154e-03
3.371356632034357083e-04
2.649050076665888524e-05
6.638794892683193586e-04
1.715009058582422571e-02
1.390271238591080051e-03
1.427930014074256996e-05
1.079936300784079969e-06
2.289327810213337711e-07
1.278617254164286264e-07
6.521974674323509215e-07
8.909771329743939176e-06
4.345909339168319962e-05
6.468022229733163566e-05
7.194340727798805349e-05
1.066723436559726952e-04
1.957217457227711368e-05
4.633852348017666894e-05
9.700605904946910324e-05
2.578514073399406357e-05
6.362537326338207283e-06
1.269593683824606125e-05
3.764861841618808677e-05
2.775439852405722207e-05
1.571975897800614172e-05
1.456722206579505132e-05
1.145440507390694364e-05
1.107541806525943653e-05
2.481572594347138743e-05
6.151850982092948083e-05
7.631687331904290193e-05
6.187934587634134301e-05
6.127567002618179324e-05
9.656874030139741476e-05
5.547840576044322982e-05
4.838623328467451032e-05
5.114622557101008700e-05
3.312805052088282491e-05
1.609148949540691772e-05
1.030779612270060544e-05
1.064732259338284514e-05
1.915653772106254939e-05
5.506228387844167076e-05
1.440448193016671645e-04
2.196770520341604727e-04
2.403859124183013913e-04
2.357677750156343048e-04
1.778169772459794985e-04
1.069667186012741535e-04
7.437485119873664787e-05
7.918011324892037074e-05
1.271440358974420160e-04
