1.185942878060765207e-04
6.757673383513289659e-05
6.865882704851701166e-05
9.556160041692638449e-05
1.092899467006659296e-04
6.559137567661025214e-05
2.907646916075093635e-05
6.581782725365889584e-05
1.415095583475936298e-03
3.318350910977981710e-03
4.547917502966091337e-05
6.691170573748940465e-07
8.493080298914083384e-07
8.193749975541927995e-06
3.192129389978975366e-05
4.514500044947127304e-05
5.477634686159038601e-05
1.005480546602218785e-04
8.826152983023894142e-05
4.931470577261385665e-05
5.657411947952916624e-05
9.135707110953561786e-05
9.730566266974770642e-05
3.467074060043624128e-05
7.182697166776613969e-06
2.076770460441371757e-05
6.866842884625633768e-03
9.623742314244302376e-01
4.757478940360640451e-02
2.676978099474791505e-05
2.833889768701506366e-07
1.259010188309407996e-07
3.261808599118245280e-07
1.165486515460781477e-06
2.612538053966462738e-06
8.792232846411615876e-06
9.477978975277093318e-05
5.523692195882463728e-05
6.972431019655865060e-05
1.098194466336068349e-04
8.584472315815732562e-05
2.135191010655563889e-05
4.940377847272412529e-06
1.861265722569857757e-05
4.209427977389226805e-03
1.002611153871391769e+00
9.308515583408620842e-01
6.300572615226393211e-03
1.553522622099488484e-05
1.908984385184259798e-07
3.751290501830238547e-07
1.082043505634344718e-05
1.114874052556284071e-05
3.454097411483463667e-06
7.676674865787308467e-05
3.735946934158252487e-05
3.716456104819313881e-05
3.268180567491458833e-05
1.397466732810979778e-05
5.701195424635606815e-06
1.494988374179874190e-05
7.276929041336373683e-04
2.359910355930120579e-02
1.858453323148032826e-02
5.652452971807389419e-03
2.443712549508340187e-02
2.274676980309260979e-02
2.365043081405375925e-04
3.287242380115411051e-04
4.880814987290432727e-02
4.600170181194427298e-03
9.134098121243966446e-06
3.155093683513874279e-05
1.207697135562782348e-05
7.218868939999161458e-06
1.506421657645788918e-06
3.367441715747854135e-07
7.930968788131389027e-07
2.912966324062546736e-05
1.350279309153188181e-02
9.048055151025500287e-01
4.720369264865533626e-02
2.594029778059373415e-04
2.888920663050222916e-03
8.356519484130929820e-01
8.765740084678667887e-02
1.639846383863503843e-02
7.892094817244919014e-01
2.668866123875459836e-02
7.658583995734075491e-06
1.655665900429515643e-05
1.828602279234773880e-05
2.010463079779838401e-05
8.720509679195273116e-07
1.818031066410281991e-07
9.119172516288759155e-06
1.773462554142029635e-04
6.066233079228791798e-04
4.466023479654170764e-02
9.419592866191345282e-01
2.827916059454432807e-02
7.502469970405884446e-03
1.189692642318657567e+00
8.459525718079963230e-01
5.078405029982683422e-02
2.301343929573749780e-01
6.735981567559147509e-03
4.973194471024391205e-06
3.287896086461634704e-05
6.517511009983428284e-04
1.364992485379737039e-02
7.269060646245644169e-04
1.525831312856941750e-04
2.749022794679707726e-02
1.341554573629332413e-02
5.123033390128262081e-06
7.364786923458074871e-06
5.178925350344881773e-02
8.587108114560612071e-01
1.090723427010463209e-01
8.057702854857949903e-01
2.062143612578977603e+00
1.077673424387991297e+00
6.730965855408702625e-01
2.682928547463612860e-03
2.886000348492517022e-06
6.078237081439788648e-05
4.201281844592638301e-03
9.890854028324989056e-01
8.968219276790713179e-01
2.162472027206405745e-01
7.482316022162636138e-01
3.607906142398915276e-03
1.223742421943575452e-07
1.005407505364873024e-07
1.012458307748823972e-03
3.083302065815845053e-02
1.317337013322893808e-03
1.551660141850221952e-03
7.635176815063220157e-02
1.833400478634439779e+00
3.008277146865772633e-01
4.649158923790554601e-04
1.263896961844286624e-06
2.314902428420897339e-05
1.028551974547178090e-04
3.566642972177342611e-03
6.982003760278643334e-02
7.636723914729933727e-01
3.146571708528405065e-01
7.155783780895020609e-05
3.398743234451499832e-08
2.876988712112817875e-06
2.263119269554246873e-02
5.361326316579786283e-03
2.280321220942297795e-06
1.791097470620757014e-06
7.840174328974226434e-03
3.088740156902740175e+00
8.055914458903410402e-01
2.965841822538317629e-02
1.766543314798003342e-04
6.343762651148297976e-06
5.963518416204513191e-06
2.248440119378886361e-05
3.449346847722807368e-04
1.056832928050349674e-01
1.781175611975033490e+00
1.816549973871373720e-03
2.774456541109392269e-06
6.603848680867275807e-04
8.860472559261819425e-01
4.753565270758264294e-03
1.481963534713663135e-07
2.167609026472409630e-07
6.322677778328988571e-03
8.255829053420965513e-01
2.177128344574753294e-01
8.528301439459236022e-01
4.141791168884100677e-02
1.153432591606097603e-06
3.264845679604565384e-05
5.424529979061972103e-03
8.514077183076082175e-03
5.239186036658539762e-03
3.441675602672521206e-02
6.651701787532908992e-03
1.426132295401593688e-03
1.058311592247973415e-01
1.067347933942710769e+00
1.511155574756234280e-03
1.226874660039096808e-07
1.559818341910475468e-07
2.890536070976239182e-03
7.903665806136182803e-02
1.427377274768360047e-03
2.949074675138447631e-03
2.442264605050365259e-03
5.555334064426117388e-07
3.851837193818050359e-04
3.926656452071652925e+00
2.992150760302667134e+00
2.396833137430197120e-03
1.855682335858446460e-04
4.227617091819237572e-04
1.262166689661218741e-02
7.972032935281538890e-01
9.496413084875574562e-01
4.831119469651014992e-02
6.882382260730538111e-05
6.121880850386907269e-06
2.437070232819346649e-02
1.931640598009686682e+00
1.793088148282024653e-03
8.787486554303393935e-06
6.839420663308462504e-06
1.224553348684464409e-04
5.469174410918110907e-02
1.818389748500343117e+01
6.784197817249989271e+00
1.047437436239087860e-01
3.087711023157838769e-02
4.951144986338270812e-03
1.163548427079241603e-02
1.289678497166490134e-01
1.386838328822859734e-01
8.335721384132555034e-01
3.470956994938666218e-02
8.507643339116622650e-05
3.806504781970688339e-03
9.451575332556971798e-01
1.118078753938837010e-02
1.038758032302166134e-05
1.905563993353563997e-06
1.873104230056827843e-02
1.869833353552609267e+00
1.275771205186677371e+01
2.348727642437238750e+00
9.744586807394569616e-01
1.730337113397291571e+00
3.605720454041624196e-02
3.820497353565095733e-02
8.151151753405321276e-01
5.108002079056548489e-02
1.271346692414971127e-02
1.316995591452988423e-03
4.246441617877215479e-06
1.231599142911189776e-05
1.300050139537118309e-02
9.436783667466357162e-02
1.217084138259500858e-03
2.706279048214081022e-05
6.473161080622810140e-04
3.891044153909836018e-02
1.403845135310787029e+00
4.381710138762352491e-01
1.022856383514353512e-01
2.660997723362044654e-01
7.211937104560254413e-03
1.164023198901041091e-02
9.900601294691671050e-01
1.161030859221572759e-02
2.757605532329217635e-05
4.123411235567183825e-06
2.161196072939995973e-06
1.060279440459212225e-04
1.475390534086858940e-01
7.256823404575525327e-01
2.307140726278801915e-03
1.583466688971777979e-05
8.732777422248435718e-06
9.726868567644945864e-04
6.820322190919411165e-01
4.048547788575808104e-01
6.355886990995543440e-02
6.638840055445333066e-01
2.828437346262080085e-02
1.457422611911516133e-03
6.483883741385560763e-03
2.217969591624708995e-04
1.490585067996906435e-06
5.183725426471780763e-07
5.031645276966317789e-06
3.783068696237314871e-03
2.714154591159443797e+00
3.565433831961744016e-01
2.210200274648786733e-04
1.567542873527986438e-05
7.257197699687209019e-07
2.365493759270634869e-05
1.560078095245819862e-01
1.724378828124284002e+00
5.895096892444508935e-02
4.982035965795324206e-02
3.757435364857792531e-02
1.384138159738399800e-02
3.888049149216786689e-03
6.764182495907995534e-05
1.618678327467062337e-06
2.422592537564980327e-07
4.424338418801419121e-07
4.176886431662673585e-04
1.308616672215531462e+00
6.900292510410586111e-01
1.028721559787603053e-02
2.859589386632948108e-02
1.441773919881824350e-07
8.639462730804103831e-08
1.646296188584962263e-04
3.219542946163885672e-02
1.718156320016438459e-03
7.083612431202299109e-04
7.412873490347528238e-02
8.868212383282614297e-01
1.482979001836408350e-02
3.316697656229558881e-05
2.108384107454343450e-06
1.090617042642251269e-06
2.835797848235848116e-06
1.624196464510467477e-03
7.384922113964649260e-01
1.207620763886492754e-01
3.391719211891686125e-02
9.032337884313222931e-01
1.528091970411826486e-06
7.016516605598140004e-08
9.881112381095493281e-07
5.349698559999800933e-05
1.554661066478664466e-04
5.978083050130562383e-03
9.025468638459194226e-01
7.452344123003823428e-02
2.356825236383090145e-05
2.205060635073932954e-07
9.162172765499745750e-07
1.132200631135042403e-04
1.240922654956290623e-02
1.067664899180151172e+00
2.173078047524076517e+00
2.507955758352384615e-02
2.372771652919500665e-02
6.402504266186101467e-02
5.191932806911321222e-05
2.764604179002412123e-06
1.153788679859022682e-06
3.533252049573059854e-06
5.271572216781247443e-05
6.342027266849723822e-03
1.070622933705075649e-02
3.641092759127898009e-06
4.288122816080680143e-09
1.486087352072321782e-08
2.916317557535638632e-06
4.720282604748344407e-03
9.320224401827957861e-01
1.967163100563007472e+00
6.293456057443510554e-01
1.434170612008952850e-01
7.831224480688218081e-01
4.026321815894336187e-02
7.177585688552959656e-05
7.243194792092943353e-06
1.713926206956462401e-06
9.512950438345961940e-07
2.467845617649043332e-06
2.684236095951509705e-05
2.889277386404241328e-06
2.342265799906498320e-09
2.101342463086707900e-09
7.195167652152649022e-06
2.238534494392277908e-03
9.039885046589012096e-02
8.822819895803045709e-01
3.030583398319797728e-01
2.025033581972932872e-01
7.061067382786091751e-02
2.856110268689120851e-02
8.762290036608705052e-04
2.098654881530309072e-05
1.190543748803847733e-05
1.342968310395889947e-05
1.885129267949991636e-06
3.080813692028490181e-07
2.293006773966221293e-06
1.868600852945237852e-06
4.300151761567521350e-08
2.147002561685335437e-06
4.085358512578720486e-02
1.845713094241378860e+00
1.126404699495562545e+00
8.391402377842078764e-01
9.699000976999860857e-01
1.586886318290560816e+00
7.642371169155525758e-03
7.014693086218890737e-06
8.527533912174071277e-07
4.131977501655370919e-05
1.185305864056259047e-03
2.889833834608896562e-02
1.404472758030359545e-03
1.600458019066706002e-05
2.240023249130023472e-04
7.179457201461068513e-03
3.224592524741418369e-03
3.196264045433579171e-02
9.764541578754737383e-01
2.027030163917672212e+00
1.038645044234926207e+00
5.147477448747928702e-02
3.294539506549367530e-02
3.356630646830170428e-01
1.305477982465945387e-03
2.330870245294295088e-07
9.159230854183559049e-08
1.311220960627549280e-04
1.842744829357549630e-02
1.928751630140239648e+00
9.659448456533552552e-01
3.973490850312849654e-02
7.119139091306253553e-02
8.035887780482541265e-01
2.189924636811455549e+00
2.799023374350090965e+00
8.248070506797448853e-02
4.576186517496252937e-02
8.477521668802779908e-01
3.335010713705459373e-02
1.129131184955824672e-02
7.465558166069365953e-01
1.818615653093364620e-02
4.822492607947232670e-06
1.102092742814003253e-06
4.494475264365998331e-05
1.141712162502002843e-04
1.150754955028091692e-03
1.128571933564288116e-01
1.838025371199403013e+00
8.771700399092817457e-02
2.141080675421416779e-03
4.201567436387735645e-03
1.227430942913047482e-02
2.140504360099579817e-04
2.013359452953391259e-04
2.164685738685319730e-02
4.794225119144726252e-03
2.021220344705467516e-03
6.509081494824806025e-02
7.069826468952407697e-03
2.699451015102549117e-05
1.152534430935023723e-05
