1.261874430447891558e-05
1.160284693226615013e-05
1.186147386560398470e-05
1.252884036800921923e-05
1.274775770003681759e-05
1.219958462415609734e-05
1.178887986530691140e-05
1.255704555957591464e-05
1.323135221866937050e-05
1.173153574818388059e-05
9.859433999978889062e-06
9.657461813169659575e-06
1.040929422931447765e-05
1.051967023307495412e-05
1.013121050628517342e-05
1.019093119442591060e-05
1.100708154679178502e-05
1.281908757057836280e-05
1.387305660200804439e-05
1.259741404165671341e-05
1.242585424641286350e-05
1.262683816662306274e-05
1.232716041260219328e-05
1.127542987813084863e-05
1.054954935452865068e-05
1.120501362739327979e-05
1.201769096003297962e-05
1.094092492565741470e-05
9.463737589416602568e-06
9.300865011430050900e-06
9.564209655413681392e-06
8.984647056996212326e-06
8.309143409789638009e-06
8.471558195792018575e-06
9.473565466006883101e-06
1.141626975231956927e-05
1.806076609830084873e-05
1.498159006128850715e-05
1.121569723446576559e-05
8.320843403093868215e-06
7.092119710048376554e-06
6.691505831337029209e-06
6.479767183840292530e-06
7.375629524335857991e-06
9.408613990050229201e-06
1.042953821370422517e-05
9.971353890929449430e-06
9.445745849422579468e-06
8.906169290729862610e-06
8.097010731675938016e-06
7.620702108307005574e-06
7.825940644838230955e-06
8.632259638439533699e-06
1.040822652469488361e-05
1.918924248952324474e-05
1.096331820916086597e-05
3.877125430317811668e-06
1.466925281125416147e-06
1.570104173165180749e-06
3.167858899802218838e-06
3.430985898512829470e-06
3.055864234529400570e-06
4.837321159964294954e-06
8.447692163158520602e-06
1.010228566762719870e-05
9.241054572313356751e-06
8.155786780813347104e-06
7.810125261541188863e-06
8.096833666948240752e-06
8.390000861886124980e-06
8.669125940636498046e-06
1.002973137335248013e-05
1.131078507271799112e-05
3.925651891156328011e-06
7.231229727416805911e-07
2.076889403402925701e-07
1.092267925258878378e-06
2.142931073685259112e-05
1.614188617114293967e-05
2.084954624031055282e-06
1.903197178759673333e-06
5.867191286353934692e-06
1.041739541727174616e-05
9.711428735679641071e-06
8.099814969691139418e-06
8.124349638121210564e-06
9.256316756923973194e-06
9.778643672526805245e-06
9.522620792575503971e-06
1.040305774967223194e-05
4.031678055333227413e-06
2.266613676709041208e-06
1.993460131044413282e-06
2.300795356693687530e-06
8.250731597998742944e-05
1.268793092323778834e-02
2.098390248127747840e-03
6.195335662677016263e-06
1.057553782284287655e-06
4.576810285299055882e-06
1.268747727217887451e-05
1.249073198806552064e-05
9.386527211951608871e-06
8.705273764212107657e-06
9.777172014517829867e-06
1.043463412525178311e-05
1.013382676091244840e-05
1.086109600421168241e-05
1.408823469465289673e-06
6.183772685488504973e-06
5.260202862120592427e-04
7.069593886625052774e-03
4.894320560822877642e-02
9.050276692919321242e-01
2.804768111918765766e-02
1.220412162093658364e-05
7.732142707265751786e-07
3.760576098998454435e-06
1.477543955191913750e-05
1.679435530853892023e-05
1.183519256370978567e-05
9.347575269847458211e-06
9.173414969009487303e-06
9.466306321198020060e-06
9.611090882326559935e-06
1.080825785691797274e-05
5.586837924367408963e-07
1.031700321807520476e-05
2.699898121842278509e-02
9.036032537618391425e-01
4.692706386841982713e-02
5.144749240989857086e-03
1.986562664544311817e-04
1.171102399393734602e-06
2.251789976538014617e-07
1.286196423639711586e-06
7.692299859247783863e-06
1.484414008853028290e-05
1.343097660228959746e-05
1.010914374607138750e-05
8.497448760581836257e-06
8.142134025717167987e-06
8.680795901642521313e-06
1.062800432451241824e-05
2.242896487180109819e-07
1.564297229031027245e-06
1.415158615574968297e-03
1.460594227426375777e-02
4.843249096274668080e-05
4.059201731909209253e-07
1.091131756067286862e-07
4.883160391913209324e-08
5.885524023024636243e-08
2.499125445257086787e-07
1.562334431895439736e-06
6.465761578705911497e-06
1.138606644640068954e-05
1.067891248045099412e-05
8.534321362920293630e-06
7.568789448771493818e-06
8.116276442028673335e-06
1.052662724808174280e-05
1.602142282044597388e-07
5.553484573822545550e-07
8.153905594055826315e-05
2.544140070763476532e-04
9.479766534949307521e-07
8.644857332672889561e-09
1.226900013999357439e-08
3.189620104322007625e-07
3.573227428211662855e-06
2.210851515865110183e-06
9.672479700650610014e-07
2.259612550675172008e-06
7.287255359667819457e-06
1.061338610546636003e-05
9.250978584520094591e-06
7.781121504135688749e-06
7.969108387793489136e-06
1.030552399670708199e-05
6.358949339257421729e-07
2.078837375486876460e-05
5.188638040381354267e-03
7.278349030202057798e-03
5.264356750218060130e-05
7.010053271531575241e-07
6.002111314501767553e-07
2.016262690710438174e-04
4.273876381032448019e-02
1.809814337904937839e-03
4.310731833898472239e-06
1.066275485039585843e-06
4.427089775206802462e-06
1.049756719326764715e-05
1.040952723502108841e-05
8.448915284049291044e-06
8.214750209980851249e-06
1.027445419218587408e-05
7.351336847174808721e-06
6.121144277802281417e-03
4.029978287164617257e+00
1.881809329290584198e+00
5.580735754260168768e-02
4.346127807590876961e-03
2.337047683291016732e-04
3.519881395838311226e-03
8.551085847590824685e-01
1.901898702253887810e-02
4.803744870130645287e-06
4.806805371456625910e-07
3.134253743110923434e-06
1.119602543172731211e-05
1.183936142419677881e-05
9.211008653809055731e-06
8.728996714207335378e-06
1.071719463863768356e-05
5.824438491783344176e-06
1.041683068465254144e-02
2.888135698566744480e+01
2.124079550722434817e+01
9.388355673403339097e-01
8.914301710387755318e-01
8.489009506189312826e-02
1.742085242200096598e-02
1.188730184683475799e-01
3.162737239694555971e-03
2.361964659719814338e-06
3.823581626533188883e-07
3.099449623486283772e-06
1.232973586675179358e-05
1.299297760252251579e-05
9.671678282241485567e-06
8.973803481177371010e-06
1.103952796262582302e-05
9.739847247143961382e-08
6.772098888840681174e-06
8.974662511462595804e-02
2.747235047570809829e+00
6.994362082994727559e-02
8.042500852800921196e-02
8.646886830202608065e-01
1.044583953843772006e+00
8.729966531034506483e-01
1.199739293704584972e-02
1.255580637328440683e-05
1.141339236450761509e-06
4.242558990766344102e-06
1.263140007488346293e-05
1.301176155561120041e-05
9.518265446569977161e-06
8.582854874501837390e-06
1.060831766642922723e-05
6.158895372850789631e-09
2.799408922065154111e-09
1.050458302191981458e-05
6.708100169308167660e-02
5.791002250898339559e-02
5.456517489048282044e-03
9.579488815750084388e-03
1.858412439325983143e-02
2.332817278983459822e-02
1.771957015339363463e-03
1.662155789538449077e-05
2.415381242949673566e-06
5.261356374413987849e-06
1.168546709065706719e-05
1.200635613865438787e-05
8.943638301002606464e-06
7.868856321091853532e-06
9.594119287935262810e-06
4.542467139182412954e-08
1.471614039528283147e-09
1.461611459970734825e-07
7.015765876855951759e-03
8.640746366916097765e-01
8.287858058930569136e-03
1.038015538414234822e-05
4.425483535261491365e-07
1.074223963978086966e-06
3.350446160754103991e-06
1.905013788238535502e-06
1.717987396602501018e-06
4.500433652841779469e-06
9.701648074197894112e-06
1.071757025623454786e-05
8.502531603066560578e-06
7.427177603290639853e-06
8.733343481628426830e-06
1.612253948646334660e-06
6.162510387398576129e-08
1.825583973635189827e-07
3.157244109001115990e-04
5.298466593175148176e-02
5.953661656547344552e-04
1.578897538310707143e-07
6.643407193970063699e-09
1.287307804377137640e-07
4.231850639156866552e-06
5.078734125116995775e-06
2.129816420095181707e-06
3.135819759920260961e-06
7.135667648171690709e-06
9.690434454699823117e-06
8.866321132950870005e-06
8.076480451075302087e-06
9.110352372248508955e-06
9.920081810011037668e-06
1.218505135064106370e-06
1.833980236822457369e-06
3.929585387209006807e-04
2.190257804658011717e-02
3.527413969474489262e-04
3.494735169552497850e-07
2.141879725433778987e-07
1.073697988831380360e-04
9.782126645018342920e-03
7.876937666786276021e-04
8.479933991651873238e-06
2.391054222060315551e-06
5.231913499698502956e-06
9.166207629735966648e-06
9.845963518736801197e-06
9.578732483539318231e-06
1.050681108110042062e-05
1.227326176283413165e-05
4.179802276613489431e-06
2.324962118326693100e-05
1.297023269687112325e-02
9.238526992041833363e-01
1.034856261890537699e-02
7.727998693147708760e-06
8.013974723482797505e-06
1.085573982364467643e-02
9.500397635629086457e-01
1.292734622127827450e-02
1.845383013718937093e-05
2.227600627206508658e-06
4.789579971039204217e-06
9.170329397225377590e-06
1.005654219245828880e-05
9.807762246854524093e-06
1.075468639267758009e-05
9.715228356799154107e-06
3.860666815700207145e-06
1.205498837882032491e-05
1.090581691370635627e-03
2.348422487807614450e-02
9.905577228088509496e-04
6.011857357459780696e-06
5.503293738444536703e-06
6.982325525708120428e-04
1.271020067485406115e-02
5.695579296605009743e-04
7.247880008832606279e-06
2.558191323371243418e-06
5.973244429542726153e-06
9.829952591721575068e-06
9.412685181135623558e-06
8.614927248222349583e-06
9.757213321236456747e-06
8.968683918309967997e-06
3.222952258486688326e-06
1.801469281931582594e-06
3.687128203660958181e-06
7.717059970042619774e-06
3.292922824140635053e-06
9.553012143756217841e-07
1.339474623371804905e-06
7.674129207795204376e-06
2.024882014167454750e-05
7.770018306548033129e-06
2.801859681588056837e-06
3.940371759784663523e-06
8.525183037659314679e-06
1.100343377596078671e-05
9.227892337622182792e-06
8.030167234648688475e-06
9.474007303462343797e-06
1.052705773187883528e-05
5.361646673852307262e-06
2.140854987136322747e-06
9.546429128942509634e-07
6.793538054597749270e-07
8.316488886221763007e-07
1.387030904024717159e-06
2.073050926052642008e-06
2.394981092852920634e-06
2.426834204475773096e-06
2.590989257906687513e-06
3.761486943945418441e-06
6.920074447053074433e-06
1.089005631221088839e-05
1.174396053537128441e-05
9.504862383693724921e-06
8.208388734690523332e-06
9.859923483579361204e-06
1.328707543105054726e-05
1.021122558361413521e-05
6.909058592814778975e-06
4.320053527380919211e-06
3.340061566728793211e-06
4.004947714776209609e-06
5.773436012320340496e-06
6.351122570519296824e-06
5.228321158310006726e-06
4.628997872661825774e-06
5.442176558847326073e-06
7.553646083221707874e-06
9.935030992659753477e-06
1.128279702081024756e-05
1.089586024608065463e-05
9.059298279255032331e-06
8.089594426290062535e-06
9.805683722974259007e-06
1.482844051286194219e-05
1.277446621168306408e-05
1.144575410749748218e-05
1.077779927841236665e-05
1.094760399954422271e-05
1.198904344251466287e-05
1.250037971163887331e-05
1.108414594230649580e-05
9.274084277162486644e-06
8.765597962294042830e-06
9.585958783450435481e-06
1.082816004156983224e-05
1.122408776988438776e-05
1.062049939039547281e-05
9.662350403512449633e-06
8.514647123790366993e-06
8.133728745191604070e-06
9.895064377208836166e-06
1.454008419997529988e-05
1.220462134659526102e-05
1.123696413396181392e-05
1.201088094318005260e-05
1.426841093647364252e-05
1.651305609653875309e-05
1.629763582076060801e-05
1.384472905382871757e-05
1.194668429081663281e-05
1.163004396398960802e-05
1.218158664896424391e-05
1.263793479513519563e-05
1.223031906141033668e-05
1.118508046820724921e-05
1.035669597616313357e-05
9.843634490072988448e-06
9.950240258930883455e-06
1.163965975757469676e-05
