2.847901977788265624e-03
9.642288649103583978e-03
2.519967582454623115e-02
9.411454223928499285e-01
2.322293909028531195e-02
1.840703920459968792e-06
6.455080858286597467e-08
9.778779195249595090e-07
9.085464039390909281e-06
6.340227423014252109e-06
2.961947690016672528e-06
4.413681971005687525e-06
1.072503974880395073e-05
1.731188809340562980e-05
1.669860932951907698e-05
1.436026673731477979e-05
1.634058972473922543e-05
2.439863539068042104e-05
2.651808087145287110e-02
8.682131825926581170e-01
1.130225650104354385e+00
2.953162146622636985e+00
1.360522677442831986e-02
1.370781585985639806e-06
4.762665333954476405e-07
3.314601041446211508e-04
1.966984352781676187e-02
1.016042625414383246e-03
8.673782039625328461e-06
1.932627906060946286e-06
4.224559456377790733e-06
8.503955587345129671e-06
8.819353165572007321e-06
8.055608119605969826e-06
1.066969628280941151e-05
1.923473269577265452e-05
2.150415111150506906e-04
4.864617309594530120e-02
9.437015344894138513e-01
9.934811694632136314e-01
2.931872677537277014e-03
2.074416916793294159e-06
3.137648482691857505e-06
7.419700581510095712e-03
9.348522836643122780e-01
1.064129255204430968e-02
8.217119868151272601e-06
7.075353169704370687e-07
2.198945645818759952e-06
5.974945558538295841e-06
4.853451184690729263e-06
3.766210315773016963e-06
6.465490436763842249e-06
1.598818039976413068e-05
6.145931488394264166e-07
3.871629622979907265e-05
2.402918961529075959e-03
6.733155234165090312e-03
6.463647946538196012e-04
1.851988694924481995e-05
5.952282370175610214e-06
4.216304549817819999e-04
2.216977859386573546e-02
4.872974466980571043e-04
6.962259723058753312e-07
1.793182827445377340e-07
3.932351686403643498e-06
3.315292790330134546e-05
9.151792885014849028e-06
1.716520643861769650e-06
2.839618317943543188e-06
1.212797724732561801e-05
2.515476388593454784e-07
6.741432591878639040e-07
4.330217397740281345e-06
4.962078193716124307e-05
2.831455197373535567e-03
9.669294328827786333e-03
3.545579668755331152e-04
7.073752032008431920e-04
2.262058404663592689e-02
4.839664802200790419e-04
3.096475623855270662e-07
1.171782979241059682e-07
4.703219390477969043e-05
4.987981964752545919e-03
2.502086643581217661e-04
1.619234031189233923e-06
9.556807275763562455e-07
7.269587375023874764e-06
2.146241547436016913e-06
8.784766203585720588e-07
5.659653543270111111e-07
9.942906964506310959e-06
1.991035366442626964e-02
9.295352916513840436e-01
2.283276510314996219e-02
2.411574588573636019e-02
9.143312609134953695e-01
1.573829781299487113e-02
7.808624440789431118e-06
2.451508816382273546e-06
1.989116121174028251e-03
9.727644549960883236e-01
1.597722959084675945e-02
4.065006640033326925e-06
4.809748146979794387e-07
4.299460523903584392e-06
1.344471575584994492e-05
4.655567780268937578e-06
1.279896700776745001e-06
4.741185383195997118e-06
8.861334779572046247e-04
1.173710033097251013e-02
6.928424428670725953e-04
8.058922319459063850e-04
1.409179636637590029e-02
5.046918203026579119e-03
1.575880679169942497e-03
4.363650300002091045e-03
5.605618242625948211e-02
9.352131560076507588e-01
1.813036112407529279e-02
7.493954834515107853e-06
6.345642818503352679e-07
4.108719474707489628e-06
2.501789879147396338e-05
1.215693077838522727e-05
2.864072967586864778e-06
1.044878691703923382e-06
1.933822427056381217e-06
2.212417017525323044e-06
5.372923643144715313e-07
6.204986381927044029e-07
2.886196461455118608e-06
4.624260071316083672e-05
2.800776149544914953e-02
8.987675017721312720e-01
3.817625638813908900e-02
2.370231505233628359e-03
1.864713839351573048e-04
4.744761681924805071e-06
1.755509169398658681e-06
7.141077845919572116e-06
1.652321828659523132e-05
1.008725174062486364e-05
2.644856381085634537e-06
2.552015726548976518e-07
4.564964645010022032e-08
3.119793780055234079e-08
3.006551199229463655e-08
3.978184807990630527e-08
8.514390552541268176e-08
1.835332213973763361e-06
1.262989900089818603e-03
1.951557719863348736e-02
1.923087434487032372e-04
3.972856813962610216e-06
2.912207582617436639e-06
3.433333536755626990e-06
5.657784831797689881e-06
1.485591266789445476e-05
7.002891444066160254e-06
9.261817720207318833e-06
7.507247894619256659e-06
9.874994092734107427e-07
4.578910606115659536e-07
2.401071055214440693e-06
2.023330050877057853e-06
2.982405904332525601e-07
1.753161373162067963e-07
6.785875272761584887e-07
8.150767321672380998e-06
1.467009559437138779e-05
1.405333023087486598e-06
4.319467856268139473e-07
1.530832536129909964e-06
6.181202725049581748e-06
1.398832885655847596e-05
2.493658605186612734e-05
4.601068860726863529e-06
7.552053565353333787e-05
1.660391841127886953e-03
6.539249295449482387e-04
8.521632355760142821e-04
3.584770181170449793e-02
4.561450550693870593e-03
5.305492094180963271e-06
3.039050313811218398e-07
5.786802690092677720e-07
1.249142568812852493e-06
1.180813567073588706e-06
7.226602860409124514e-07
1.090735457781444403e-06
4.224047476812368526e-06
1.266116770548191183e-05
2.184455612230134966e-05
3.051805239848106346e-05
5.799243029423693097e-06
2.585900502185067319e-03
3.003126359849818794e+00
9.801561026206581095e-01
6.788128772120442800e-02
8.167183268414293096e-01
2.636045379666793892e-02
2.844470267321961745e-06
7.714134015796451590e-08
4.391510171876803673e-07
4.779215362366050741e-06
1.282252593385774071e-05
5.528474249288304353e-06
2.691972896702589855e-06
5.215672050965352368e-06
1.254440813223052846e-05
1.895349046868508833e-05
2.575486018233668319e-05
5.340025382329985902e-06
3.777975170460605089e-03
1.000220080349557961e+01
2.925615308077823773e+00
4.512972343279242349e-02
1.354484528842922197e-01
3.247103908820899061e-03
4.843411985575530974e-07
2.506148007231400787e-08
9.469112839711177109e-07
3.134530084617332085e-04
4.386019152554685580e-03
1.358898537455424009e-04
2.435877080403322064e-06
2.334988801140591817e-06
6.404270331649960444e-06
7.531899659249890363e-06
1.130695658199255009e-05
2.682265915114876568e-06
6.621058015515806337e-05
6.596610765538521610e-03
1.112789973826477236e-02
2.679480753511241306e-02
8.413230516842352680e-01
1.815549237514033423e-02
2.160049426135524853e-06
7.013888076174266372e-08
3.816696635778190338e-06
1.415480796263068365e-02
9.858748057120834130e-01
2.865648933811989693e-03
3.764593080104791335e-06
4.920820072839717478e-06
8.831448311264729421e-06
1.670450730860886946e-06
1.799280021103167262e-06
2.458457756668776894e-06
1.949427618850849620e-06
3.180705958372410430e-06
7.299915665677678609e-06
3.834655551348379893e-04
3.925771297910314594e-02
3.502811629748492275e-03
4.732811371605477451e-06
1.536668678480495352e-07
7.092831389974385332e-07
9.892802267679745576e-04
9.303196646366718170e-01
3.529689148375966812e-02
1.847916754818665537e-04
1.211099953982553747e-03
3.235472643545101086e-04
7.030139285476252247e-07
1.652172816881284314e-07
6.104315039613467179e-06
1.955433904466017736e-06
5.146561567439062720e-07
2.171223739618728074e-07
7.755207716709601982e-07
7.310620851737073965e-06
7.648159698428030331e-06
1.455688671439025836e-06
1.443366489291912497e-07
2.216966266516832703e-08
2.671940942998990511e-06
9.306859752533318264e-02
9.478661837263859802e-01
6.151503034013560550e-02
9.367855645501496076e-01
3.298447579413459757e-02
1.090972070973847040e-06
4.062808683225586112e-08
1.646592371862001545e-05
9.157983471646171045e-06
3.221569197886404905e-06
7.663750753558991959e-07
3.011888924097389168e-07
3.965007084933451395e-07
1.272010136340567156e-06
2.933319924112510328e-06
5.315846927738401681e-07
1.508595186082582447e-08
2.005238686156219318e-07
7.984829028292471376e-03
8.423570641608747467e-01
1.374138673796288235e-01
8.822189907554207622e-01
2.480003845534025850e-02
1.387384762615212777e-06
6.361370238832023704e-08
2.695709953255024128e-05
2.442256958440193953e-05
1.695129035329421082e-05
7.873423217354638844e-06
3.800532964529237208e-06
3.922136113994404109e-06
9.707855375333273009e-06
1.760429095318506045e-05
3.007389054746404687e-06
5.916072946609354339e-08
4.719969207266433625e-08
5.084775731105774590e-05
1.996217209745748677e-02
4.509368132455581629e-02
3.173546351192965687e-02
4.281327410901982823e-04
8.819295468357611663e-07
3.464685323015016688e-07
2.849890405362137679e-05
2.826908164365412427e-05
2.493658514612965993e-05
1.865702467675191156e-05
1.548771421481288742e-05
1.870414617411045668e-05
2.826382990713442549e-05
2.439662020969686444e-05
3.986277025014241422e-06
1.354639736944010604e-07
4.773454805522598415e-08
1.828951612979138578e-05
9.708841470983974042e-02
8.537642287500276650e-01
7.265604442232684659e-03
1.504018555868597718e-05
8.732398787125592509e-07
2.455542350512533421e-06
2.245012370062095096e-05
1.740813666299700991e-05
1.192443028039518774e-05
8.501837021975812449e-06
8.237781265601685878e-06
1.032992431839205798e-05
1.166017168921053415e-05
7.727163816129807304e-06
3.321287984599444267e-06
1.741315679529052517e-06
6.185934457671365394e-06
1.985963905891409940e-03
8.894678653872852836e-01
9.004572868799594343e-02
3.012226248647026006e-05
4.064475578371620178e-07
1.086122799226846517e-06
1.076528026225918176e-05
1.263508281288469824e-05
5.336298921659454804e-06
2.046500937462097262e-06
1.596697641700634648e-06
2.511704639416299347e-06
2.789589634564421493e-06
1.830687812589706608e-06
1.479580707944406573e-06
7.538374138956726784e-06
4.515949858823309457e-04
1.361778449486760606e-02
3.238640012815202640e-02
3.935694677017980737e-03
6.124681734938181328e-06
2.086138081809707691e-08
4.058583539781315357e-08
1.985145824099055054e-06
2.526772064018058641e-05
4.759595871807864536e-06
1.289306380903328179e-06
4.903536582389863507e-07
1.841407122636309214e-06
1.879159100294891489e-05
9.335911033163011861e-06
6.452903865368525000e-07
3.038762136935703427e-07
1.112476929912935411e-05
1.799072274036460015e-02
9.258403535313911581e-01
1.355012105507792317e-02
8.152771498370665695e-06
3.412861274295002456e-08
1.122853071391374547e-08
2.336542086026047514e-07
7.568223937100093596e-06
3.659081759212662365e-05
2.064573416558776009e-06
2.242162583099673127e-06
4.451554390632610591e-06
1.798907233163331667e-04
1.620610608427068902e-02
1.461333481218197875e-03
1.920932266372440437e-06
1.254090250164211295e-07
2.222615223349574272e-06
9.573594305502183821e-04
1.844772134080819442e-02
3.610891778105056703e-04
1.450221123392615834e-06
1.920232694029492114e-07
5.776995472928676131e-07
4.922657295668407347e-06
2.158354144883080518e-05
3.439282026840902867e-05
3.121519957775934661e-06
1.771089632564677935e-04
3.373112757680583364e-03
4.132227767072774172e-02
9.043690794081485906e-01
2.688597071220887383e-02
8.148006322737635698e-06
1.965058185909211282e-07
5.803311920518184502e-07
7.157611341480817658e-06
2.451910424529191005e-05
7.869118321077467557e-06
2.324587948597484819e-06
3.515418212647274879e-06
1.080087082439265424e-05
2.298797555437149257e-05
2.848828251054991913e-05
2.830422840623118315e-05
1.574207895500951177e-05
2.967285781861068311e-02
9.181686538175929391e-01
5.193341680088895546e-02
7.124444222876774938e-03
5.136264416719413077e-04
5.716616823147081523e-06
8.617867935771285486e-07
1.429179737954224426e-06
2.397295183378130651e-06
2.851622002536531339e-06
3.620258095170063058e-06
7.011459965366296914e-06
1.714183871696046017e-05
3.032432958883481757e-05
3.334857779041300102e-05
2.972501148209677515e-05
2.840494939486176620e-05
