9.789310085905346924e-04
9.156363973535224269e-04
1.176766533899584796e-03
1.398663099007202036e-03
1.609860191499167502e-03
8.649884145967161363e-04
4.000957540923573484e-04
4.803740906628171437e-04
7.075496344020640012e-04
8.785767729691927206e-04
1.097606747376187949e-03
6.482031688964662308e-04
4.322973556385189034e-04
8.031209614543720040e-04
1.009599624816084635e-03
5.849375790420761152e-04
5.773012560207164620e-04
4.046808677959145900e-04
5.399293181322644287e-04
1.278881811604736050e-03
6.529021036857553771e-03
5.583887036494549622e-03
1.317970906933473105e-03
4.524999631442438628e-04
3.636392988100681798e-04
5.161533267021636839e-04
6.237334359109743221e-04
5.927216244341078745e-04
5.588686938091690960e-04
5.072628488167439664e-04
7.229863323579900939e-04
1.186049773786397804e-03
9.072330996358141586e-04
5.630721166501040376e-04
8.554687404713817635e-04
3.680726394363231140e-04
7.306583256034646784e-04
7.713940280031657661e-04
1.038324042677799637e-03
8.098102281219125278e-04
6.917291505966329055e-04
8.230871075514425940e-04
6.843840397695399955e-04
5.580486095541394844e-04
5.491503746722388576e-04
6.681269067397360359e-04
8.880082131398303559e-04
8.547400508487388400e-04
6.832074408138124472e-04
6.716116591365617556e-04
8.460484038194469175e-04
7.042677633668281484e-04
7.733318193378533548e-04
5.061265734565741905e-04
4.474410059537689728e-04
9.483589411641463488e-04
9.493972237154668778e-04
7.035385138708846178e-04
7.044719941629693123e-04
7.869875114124772050e-04
6.036276277749750424e-04
5.138241000828473563e-04
4.533515759996017513e-04
4.627490231498267116e-04
6.293028961126471803e-04
7.362997968527486541e-04
5.492221859465128879e-04
3.779737624178609217e-04
5.735510355164359815e-04
8.011454816874288365e-04
9.453553565901971940e-04
6.208833844086580336e-04
5.349824692271067496e-04
9.516511335140560119e-04
1.155728184564460467e-03
1.419312296524939199e-03
9.325806695713654941e-04
4.458254694034916163e-04
3.456698616352655781e-04
5.153236922061384768e-04
7.078117963421273620e-04
7.635876783660921737e-04
6.578200710785929222e-04
6.828194483364692776e-04
8.118425687675274440e-04
4.232822259219521841e-04
3.003905809349922658e-04
6.483360003668372108e-04
1.660469663731041620e-03
7.806903924573444084e-04
8.939799487203491752e-04
6.083338728077658042e-04
4.779425347907437249e-04
8.299217915170744968e-04
7.674944703201165867e-04
5.634084911748025960e-04
5.674624387892945269e-04
5.890522210882911860e-04
6.712711363214725335e-04
8.124754328530957087e-04
5.839985701146668080e-04
5.971244125535463219e-04
1.267692946608878256e-03
8.470677652726294046e-04
3.490971479594632393e-04
5.720113926027780692e-04
1.430507324760532835e-03
9.397932765531937221e-04
5.317971270894597015e-04
7.565105172174202116e-04
6.573724096258480327e-04
6.885713709002121456e-04
4.809887254580597375e-04
6.479037933516591276e-04
9.367079121684829474e-04
5.161455628849915189e-04
3.101637280953733989e-04
3.942599878944761239e-04
5.227878428930436997e-04
6.085614608046856179e-04
8.512575243862848407e-04
7.449452374160180556e-04
5.698563374020847736e-04
7.232946100067740199e-04
6.131819048386805138e-04
6.865305547897898207e-04
6.976136828827505946e-04
1.279177169125928805e-03
1.473039332353733499e-03
1.042414526648971365e-03
3.755186528986552029e-04
3.809592090814399286e-04
6.285245278445516929e-04
5.892862522160104014e-04
3.976333433048878738e-04
3.454443259365823382e-04
6.323264807294322852e-04
7.756993377016632111e-04
4.500566579216235420e-04
3.497963184115658142e-04
5.620989231936635759e-04
9.087675195606289983e-04
4.683598070803924327e-04
5.852289107000861182e-04
1.602190489347080733e-03
1.029591815327779089e-03
1.580083080121169820e-03
1.401606883757247624e-03
5.499743867940415148e-04
4.481780029114191839e-04
4.043544457956662220e-04
5.250359820378902196e-04
5.364507553237144377e-04
2.210336292664634905e-04
2.613968652021343318e-04
5.073617655026284182e-04
4.783921368338894982e-04
4.364181078882561579e-04
5.174856058904901603e-04
7.978081246416513861e-04
8.046805717654863027e-04
8.646139854943422432e-04
6.702210984934699233e-04
6.349252014124495951e-04
4.191700781032606238e-03
2.497355772145983584e-03
6.436866391429011238e-04
7.745469791803441008e-04
4.239581986074247182e-04
2.859039302325163453e-04
3.567873603031626421e-04
1.749182276345511095e-04
1.626844873336179753e-04
3.274600470253919478e-04
5.651209299962406179e-04
7.561424496884349387e-04
4.883035796161683652e-04
3.968339623377790991e-04
6.630943405724961260e-04
6.959290757029979856e-04
3.646161334235360069e-04
8.117930924731916456e-04
3.326590572263952994e-02
5.098178780735262983e-03
3.736287973184943575e-04
9.139176074873440504e-04
7.179951709584464275e-04
2.075039707382844289e-04
2.099897038438656484e-04
2.813533136383193915e-04
3.645050513800159584e-04
3.172510262919974442e-04
3.079282833899499175e-04
5.334832322574880508e-04
5.114804347584579964e-04
3.503526945642317135e-04
4.462523850837865364e-04
5.219003217486602132e-04
7.695856768195375201e-04
9.374891348523548777e-04
1.674790397907764405e-01
1.986658279883420086e-02
7.769347462513393268e-04
1.760895585741092083e-03
1.325318516421275994e-03
2.202976878138682474e-04
1.448197464282672013e-04
2.861748677455976412e-04
4.863253026282774892e-04
3.156603102056316319e-04
2.334872960162013471e-04
3.524380520099264246e-04
4.770541326645128151e-04
5.801268308959210045e-04
6.771800759500806342e-04
9.003967901827615930e-04
5.699952616100697686e-04
5.046154359603726531e-04
2.210958732742051014e-01
8.234969836901460949e-02
3.675270863114740716e-03
2.919910313461544001e-03
1.289174994289188879e-03
2.958489103560332095e-04
2.092725986961532119e-04
2.958925796179077798e-04
4.876603653404388400e-04
5.015459728017196547e-04
5.555077478970589597e-04
4.943723910280079089e-04
3.099220114967837954e-04
4.284780424646493502e-04
5.335333074019886187e-04
7.475725652696585052e-04
3.067264886514992051e-04
6.814066071380895468e-04
9.471722119685295482e-02
3.916673878365698608e-02
2.319528662486208207e-03
1.290090399652852075e-03
6.491642027997619356e-04
3.092249062808434816e-04
2.949453577657625610e-04
3.223456936109154796e-04
6.053084819930826385e-04
7.688743255758590358e-04
7.781427292788325317e-04
6.292079903986076434e-04
3.412598437096346616e-04
4.736643657049782871e-04
4.897198828419036453e-04
4.663870839586284800e-04
3.944612729642584317e-04
1.190015207639857344e-03
1.180533957368053340e-02
2.454157086954123369e-03
4.604193113921854720e-04
6.413756208843603276e-04
4.115916421821258324e-04
2.554227946848633196e-04
3.100522108446115239e-04
2.834293339683958794e-04
5.280117106859200495e-04
5.911191649346135774e-04
3.928256784643775821e-04
4.613031997869755218e-04
5.494216075397460744e-04
1.090969815018893747e-03
1.107591285778686957e-03
6.165380089711435148e-04
5.021155083811198886e-04
5.740829978721109610e-04
1.202360146656638196e-03
4.699165724520056845e-04
4.557369005502702485e-04
1.063260388403777790e-03
4.868246763524073078e-04
2.899814304292517848e-04
4.484968821869237147e-04
3.208490406008385589e-04
3.931846125629452821e-04
4.189106850535528784e-04
2.989824481515809948e-04
4.554028803403743168e-04
6.296816766778588108e-04
9.411053170170608460e-04
9.679914483210360797e-04
7.553920955580757960e-04
6.287549097328302234e-04
4.829824092016344553e-04
8.256779159508718198e-04
7.351170695840032483e-04
6.776657490015948341e-04
9.233271718925999171e-04
5.620250360197113701e-04
3.640996668544113158e-04
5.010089012112877230e-04
4.418483200895360419e-04
4.701077467062854984e-04
4.207803626544405961e-04
3.758990218558468446e-04
7.012813851468506065e-04
8.355806150044174478e-04
6.976248132373079943e-04
5.049403909635517352e-04
7.823283088124788386e-04
5.526781679269715053e-04
7.155730194171737620e-04
8.934467690853485720e-04
8.810384552748070069e-04
3.996810351854753938e-04
3.790276577753718106e-04
5.399793601299460481e-04
4.406416286081237497e-04
5.015310839599154561e-04
6.747087389699817691e-04
6.914917394670967374e-04
4.253344993100912968e-04
3.850893970572054456e-04
7.261120648281948987e-04
9.471604892879361814e-04
8.799508305924241608e-04
4.622394357871402373e-04
6.824774064617191187e-04
5.221893878748346245e-04
8.095466351648574138e-04
5.618879247674251351e-04
7.397560202481571513e-04
5.794656658838124273e-04
5.710056400383591978e-04
6.661216957733955913e-04
5.445635429031252034e-04
6.216192191499163256e-04
7.507886351295916692e-04
7.179138261245362205e-04
5.803124518323704920e-04
5.903032132615129712e-04
6.878106687222542912e-04
7.498038156828605062e-04
8.960693152044142077e-04
5.295857099572918005e-04
8.132908511989005770e-04
1.039074714869370804e-03
1.077078512229295414e-03
6.055763233098809600e-04
8.656014369079947229e-04
1.089396706431853407e-03
1.152636319810876634e-03
8.218849867666562807e-04
6.257447536903564542e-04
6.532687845693770567e-04
5.296293162438290777e-04
5.458201314909897836e-04
6.993732027301760579e-04
6.743016385538251395e-04
5.434284212899584193e-04
6.154641573504115917e-04
6.909890854786501259e-04
4.947511152634913312e-04
1.017960244712883032e-03
1.166429103339178004e-03
7.237229480888902671e-04
6.112380770844393681e-04
8.200864840661088468e-04
8.693948098279612050e-04
1.023022816634374874e-03
8.025131461999325099e-04
6.218510366491027857e-04
6.429681319553097983e-04
5.438141778352120455e-04
5.458990233223846855e-04
6.089944147753711306e-04
5.170908894307224297e-04
4.613887588467606242e-04
6.345080312175118559e-04
5.693996266672203413e-04
4.821293222821746122e-04
7.134323475881187244e-04
5.530218466735807494e-04
4.445066076711009411e-04
7.116058638315569864e-04
9.127361478105993015e-04
7.619082297714065968e-04
8.872658324026888067e-04
7.749862475859888977e-04
5.572593885839284339e-04
6.579773065484923389e-04
8.362235685402466534e-04
7.614283719357730620e-04
6.552618213700500726e-04
6.623140678383175389e-04
6.606875236047886216e-04
7.630936332474423916e-04
6.689449614042797384e-04
8.446177724421747657e-04
6.090199604306093147e-04
4.854665995796129453e-04
6.788850514581331675e-04
1.317738307911555566e-03
1.064746500088366863e-03
6.632259872329660921e-04
7.985710340464494518e-04
7.945099843883414491e-04
5.310755306006516253e-04
5.670011559506366559e-04
8.409760696259823949e-04
8.175247210774173141e-04
6.350971304482398239e-04
6.424534620022574923e-04
6.479864223216495744e-04
7.377482989828080054e-04
7.883795073223637739e-04
1.141941025153852575e-03
4.567232345258968830e-04
6.368703872321882561e-04
8.170953713296989730e-04
1.800047087810379125e-03
1.286674104829935118e-03
7.265501302233589665e-04
9.374670959700863579e-04
1.041045672881565128e-03
7.330546516389267568e-04
6.224195784500080857e-04
6.637457562920638958e-04
7.130284022309849468e-04
7.157615207881676701e-04
7.640243977653715050e-04
8.316014998054833051e-04
8.314139989562980291e-04
7.352695620513740671e-04
1.078151999406542182e-03
3.792299304761188134e-04
6.395837206781859567e-04
1.014614577951565566e-03
3.366166185074861549e-03
2.092547177626747235e-03
6.217233843431277688e-04
5.203735544581848498e-04
7.403406346399150862e-04
9.991031834040463907e-04
1.000547061493098008e-03
6.429713068083523723e-04
5.383851043126473357e-04
6.387626323752107569e-04
7.378566599341648824e-04
8.515227234633804135e-04
6.909445922170440440e-04
5.477949461891215132e-04
1.265623185418369902e-03
5.614566792304014151e-04
