7.657987281216975268e-04
1.862447009623541955e-02
1.259404214143789759e-02
2.590018635773755611e-03
9.639610828948422987e-04
9.145191480442306595e-04
1.138128860323486249e-03
8.642275210233887851e-04
5.542388736131111885e-04
6.702727201653915909e-04
1.136939764645562801e-03
1.227304443601107261e-03
1.115057022421438865e-03
1.118212292672015684e-03
7.248927855670331743e-04
4.339600497866168312e-04
1.010604477328398395e-03
1.035042327867387877e-03
1.300240945450511099e-03
2.356320116318578756e-03
1.822392618544539091e-03
1.468390935719573846e-03
1.293828948739613903e-03
1.199201786994753653e-03
1.190395500529264645e-03
1.064528821731208167e-03
7.442310592789226284e-04
8.027661726468834479e-04
2.115913234929633988e-03
2.602161383777796839e-03
8.495591161731377893e-04
5.286386173429735106e-04
7.021525664040978269e-04
6.585758637008276573e-04
1.209832834524941217e-03
7.431614419929480960e-04
1.319679776967772923e-03
6.597759288250808988e-04
6.970809540528013744e-04
1.002479200082504298e-03
1.089491410572874684e-03
8.752737035847419885e-04
8.041232872379538120e-04
1.020261515341648216e-03
1.230252666650487455e-03
1.762600120393575552e-03
6.016572150960262065e-03
8.484262320997134482e-03
1.533482729986864000e-03
6.111262594097546666e-04
1.153646249256649100e-03
1.040761711704170931e-03
9.282736173808866153e-04
5.951479245226576212e-04
1.482633221147278352e-03
1.313591972789135507e-03
1.802488508709320638e-03
1.553882755886256935e-03
1.100544916218244461e-03
7.924713023332957641e-04
6.147411865021311502e-04
6.233839922505690677e-04
9.048268523684890093e-04
1.464156586440066958e-03
3.844098335137552478e-03
8.218356304050340039e-03
2.816446750726178064e-03
7.126644319838789038e-04
6.185387531417300445e-04
4.994294137311426802e-04
5.728397329147994974e-04
7.137893424060563546e-04
7.491597315518941499e-04
1.326044440417107045e-03
2.154374000526473095e-03
1.377308355250516335e-03
8.304731888756765757e-04
7.914529159915861811e-04
8.680496062943547511e-04
7.582550786883518381e-04
8.482053013023145745e-04
9.718047777601731543e-04
1.365643514725165854e-03
5.768501076187545519e-03
1.236021435786023928e-02
3.609377612617895633e-03
8.561448149322257398e-04
6.083991263975990120e-04
1.251752362271220257e-03
7.763537884076364025e-04
7.475535687274354564e-04
9.589544921035132469e-04
1.396874859875471163e-03
1.232811900548648346e-03
7.550974033172337067e-04
7.155587735454447488e-04
1.125004911990745704e-03
1.088034637973715182e-03
9.791027387791246053e-04
8.391825800405028823e-04
5.358471425480204739e-04
1.488776667538844328e-03
1.018082891658236497e-02
9.320406961136090684e-03
1.489968846643344343e-03
6.941695532334301103e-04
1.920147176134968893e-03
5.471952100892405954e-04
1.128208311673660090e-03
9.221814036772553588e-04
9.842023038685698399e-04
1.133386184362252793e-03
6.964280214603231229e-04
5.180843227087559124e-04
8.056957353364092118e-04
9.571037476864133805e-04
1.139827826013761454e-03
1.395011398259926811e-03
7.634543143751070004e-04
6.268465793733944431e-04
2.375429881147128434e-03
7.788042064623781381e-03
2.561458317012224595e-03
4.629704727736879224e-04
9.613832341539571905e-04
6.012079463630796766e-04
1.044382020317999185e-03
9.376651429399842459e-04
7.818556713849028877e-04
7.095554570165512904e-04
4.786788583227460621e-04
3.870078651160225778e-04
5.230214027395766385e-04
6.497974524788844653e-04
7.428025546723404822e-04
8.583160708737078625e-04
9.011435337771278326e-04
6.954395702370502405e-04
8.931458298468926199e-04
5.830702968636169645e-03
8.194978914973970185e-03
7.269531984152684994e-04
5.474547186768550676e-04
8.338076347907358125e-04
9.291731997194106491e-04
6.874730371847088397e-04
6.836076541601252953e-04
5.908368448139314499e-04
5.467055552208392255e-04
5.502436846341949954e-04
5.658141176604827979e-04
6.037823548592900378e-04
4.441428568314086849e-04
2.316892087777964939e-04
4.170996707932319268e-04
8.090323565067206310e-04
4.726556715184685917e-04
2.396127785281607168e-03
1.400459838499817748e-02
1.974029409890082788e-03
6.773847970747823213e-04
8.855300814827783565e-04
9.708316784645085488e-04
3.960226431810756707e-04
7.165307889797204767e-04
7.617379250427358398e-04
7.222780727150915694e-04
6.347714071151739409e-04
4.172999827017535119e-04
4.419465216581674820e-04
5.352203868714696354e-04
2.640645950688518310e-04
3.920181720281893279e-04
1.112302228650805446e-03
4.596036192249732151e-04
1.020037746529442110e-03
9.506738002964972706e-03
3.724429900706149443e-03
1.235695533427408994e-03
8.715383648364942839e-04
1.068435477277659192e-03
6.483095431992986005e-04
2.982948205635160832e-03
2.295165534852630120e-03
1.011955915293676501e-03
6.283592936313965333e-04
2.737898413793387904e-04
2.575657103380682780e-04
7.428846693604719683e-04
5.208213150217377331e-04
2.938557395782777273e-04
6.907121204718173193e-04
5.150385149598927592e-04
8.078775422357143679e-04
5.963904253281885823e-03
3.995491081847944541e-03
1.289916958619208645e-03
6.846843977882248510e-04
9.712920725060674582e-04
1.960415363658825783e-03
2.917175928155742171e-02
1.146964633529398529e-02
2.089728375635161329e-03
1.394252220013155168e-03
5.623246848646570699e-04
3.435634236368127672e-04
1.004914086825947237e-03
6.661812191864421731e-04
2.033167407578262702e-04
5.172883235452558790e-04
7.264095137740824316e-04
9.273068748680882677e-04
6.193838596967976041e-03
5.556859881788189272e-03
1.188772716765273702e-03
7.206286088633017490e-04
8.487423430314534889e-04
2.216200898074336886e-03
7.084040943004880908e-02
1.706073791049759689e-02
2.121563443812512703e-03
2.306165492624978781e-03
1.164821666387399817e-03
5.180508272682081894e-04
1.059843799914004158e-03
8.256379765552236726e-04
4.334749693216221993e-04
1.300482157046080941e-03
1.275850469369422917e-03
1.024280231300578109e-03
8.878653166036181571e-03
1.223125528140613094e-02
1.562813945544138782e-03
9.268226529477044742e-04
1.030770435099090084e-03
1.105354857474144439e-03
2.401575974227752874e-02
4.906749767509011387e-03
7.084462392246389587e-04
1.033276622364440222e-03
6.395274292752516077e-04
3.491321765894881400e-04
6.370876909879419348e-04
5.702221904510059889e-04
5.389586709659101912e-04
1.404997069435242338e-03
1.038077512568191764e-03
1.065808835074427479e-03
1.100078750228221033e-02
1.624905070712565763e-02
1.910756386787426740e-03
1.035449328668443291e-03
1.096395137647116153e-03
5.226846604929501943e-04
3.170533643441419188e-03
1.248695026133272382e-03
4.685993207650739978e-04
6.144783381536334660e-04
3.425329551978042010e-04
3.205601737030436011e-04
6.284065688137085645e-04
4.173710759227310324e-04
3.957957566890211217e-04
7.799074451354705154e-04
7.516990486353550618e-04
1.559816842322814473e-03
9.118516136393363739e-03
7.976760487767645125e-03
1.947992762089160177e-03
1.247860894423313783e-03
7.690104303111374015e-04
3.996917497043983125e-04
7.835338664081707878e-04
8.936529569522467078e-04
8.724643010943944127e-04
8.539893741367581264e-04
4.334483871511174945e-04
5.566140504982710182e-04
1.046283681490165363e-03
6.469341280935486226e-04
6.234099937875319832e-04
7.530796240947807687e-04
8.140315094318846968e-04
2.656464800481912400e-03
5.043544359245832366e-03
2.124924245771555274e-03
1.572094494323903000e-03
9.389217790402424766e-04
6.727764091317179089e-04
6.390653929301642845e-04
8.148520526783872842e-04
1.201153815509899787e-03
9.570446970590686629e-04
7.647565714527465672e-04
5.125228483398254270e-04
4.973373726039353755e-04
5.716532362416282395e-04
4.795316503784408818e-04
5.623990722226446335e-04
4.366051308238849942e-04
7.402399482061726085e-04
4.775125338703386374e-03
3.314923919825361279e-03
7.458325177677647359e-04
1.475608820634062871e-03
7.668934654697746401e-04
6.748407429707327983e-04
8.432225749549625716e-04
1.275465645185865386e-03
1.649701602928920060e-03
9.239156589647125285e-04
7.947442494402220644e-04
6.068696439683078300e-04
3.576870571775554210e-04
2.749987115616903057e-04
2.739303162014486252e-04
3.167577276034405816e-04
2.675088006150399904e-04
1.141158124418930209e-03
1.212375190814575510e-02
3.686009722305103389e-03
4.592191663297007405e-04
1.250539754629609833e-03
9.801036108584059228e-04
5.990687354722148321e-04
7.561702320978528919e-04
1.320830690966736136e-03
1.396947229054507729e-03
8.909504248757094298e-04
8.949358865596798588e-04
6.884440977400562529e-04
5.796501698137573703e-04
6.283649162726438753e-04
4.637571776595104467e-04
3.993586684518471994e-04
5.836186539357981389e-04
3.734806742958605898e-03
2.451626512758398393e-02
5.807082158289696323e-03
6.162708815688447590e-04
7.498900499148458210e-04
8.915868457154633563e-04
6.470842698898013985e-04
1.111440159005006208e-03
1.606902495145769117e-03
9.456116244738237359e-04
5.500992175014640705e-04
5.249715740440184276e-04
5.242521746306741870e-04
1.059054402969129447e-03
1.543006022105024386e-03
7.225199094228685259e-04
7.163152031824372669e-04
2.012432771946267955e-03
6.746265726676120740e-03
1.244873353537475844e-02
5.962767029953056422e-03
1.727744894059443474e-03
7.379253725046580397e-04
8.581808434872759562e-04
5.750299444005275203e-04
1.003326866021246383e-03
1.524765811182885377e-03
1.145112485464216132e-03
8.870143943602759769e-04
7.126575463233744559e-04
5.792795513048827486e-04
9.696295796501156221e-04
1.143785418465806522e-03
9.573284333156395747e-04
2.734707117116222386e-03
9.155447893777377347e-03
8.188086927694784509e-03
3.438623054545420724e-03
2.922654503600791934e-03
3.143190014012508735e-03
8.387746541280264060e-04
8.097136364581982012e-04
6.338829753822543484e-04
4.082771084329436893e-04
6.697557020913197205e-04
1.136849234755010025e-03
1.552495861048203748e-03
1.303289778834524877e-03
7.852529648790723205e-04
6.784984601543371952e-04
8.754251025091679171e-04
2.713493455350877211e-03
1.311210844736660809e-02
1.837770232768839648e-02
6.893257157408311069e-03
1.550005108118489988e-03
9.942237240882425154e-04
1.528782809089864782e-03
4.824350816284346684e-04
4.807780606825119230e-04
1.029752283844779593e-03
6.889424790180266383e-04
1.259361709892816480e-03
1.146825267155352282e-03
7.026536818050871294e-04
6.811406978267597022e-04
8.340860192929832771e-04
1.104467540599487086e-03
2.318973475495313911e-03
7.805138657208401942e-03
9.840025707538824912e-03
3.305438047503515830e-03
1.616053627545214035e-03
8.678002976438692470e-04
4.788512654631254129e-04
6.281436060833305024e-04
3.836439000836185586e-04
3.852847291578938467e-04
6.074221229598380980e-04
4.369439159318169903e-03
1.653988964421929109e-02
3.822127276022064830e-03
6.381502513556706327e-04
5.468922748068396050e-04
8.342250563653198173e-04
1.514511652119707912e-03
4.098816669096358965e-03
6.343835264645821675e-03
2.244607198253750682e-03
5.355156414713868303e-04
5.640784567214356029e-04
1.012814103339126437e-03
9.244061825795133695e-04
1.168766391013384984e-03
1.013204950281120908e-03
5.156411321677111881e-04
8.727332359931367018e-04
9.919171620374214737e-03
1.558805886958219630e-02
2.135963951913728235e-03
1.114884781289540673e-03
1.973102499703485637e-03
8.878338340147732405e-04
4.264773881123653013e-04
7.720115851678179203e-04
1.024750747191855967e-03
7.242373597106552220e-04
6.091594691180928552e-04
7.521022298170031454e-04
8.187874780353845711e-04
5.969840669862848479e-04
7.742033362832856152e-04
1.281024608204385474e-03
9.881434818465807852e-04
