1.119698688844454051e-03
5.988037794178220456e-03
1.403027263665376778e-02
6.839661951262651467e-03
2.349058092384745042e-03
1.615599360531497133e-03
8.186312542521373588e-04
4.546406608100711294e-04
7.497528258319490629e-04
1.008563488359492900e-03
6.660265888298180304e-04
8.060549175617610050e-04
1.343154940763544372e-03
1.166753147694180861e-03
8.048171123212522230e-04
6.615019163088717638e-04
7.414790101135948237e-04
1.159997033797274509e-03
4.554978007626046279e-04
1.732145523712783899e-03
7.891038817539653555e-03
3.449144893496850633e-03
1.117233685252939056e-03
1.245842154508717062e-03
1.157121288883983462e-03
1.241626137078233544e-03
3.580493777103786832e-03
5.552344365771210051e-03
1.835282414472723649e-03
5.115057266948960877e-04
5.506230330232251896e-04
1.316429261262402591e-03
1.172181720451294980e-03
7.140884932916224861e-04
1.135416391331833894e-03
1.849316668457951472e-03
8.677773277198211387e-04
7.923676810780650240e-04
1.766234054124855629e-03
1.329304866478967471e-03
1.016971905565861641e-03
1.297341069639624611e-03
9.946091944731158107e-04
6.537184589855791084e-04
9.306442866641125890e-04
3.032006107004216969e-03
8.104223013003652651e-03
3.172808245239552676e-03
6.755922089595225695e-04
7.809752504035136211e-04
1.125306872549029519e-03
9.096151502137662416e-04
8.767090412660921445e-04
7.266071002702863138e-04
1.304843162408209686e-03
8.342071497146242741e-04
1.028034789148646539e-03
1.313012197320164451e-03
1.596514265542635673e-03
1.356114878119376753e-03
1.063187976623324038e-03
1.192203779929198451e-03
9.515156495655674581e-04
9.362533056465944690e-04
3.103311706536304379e-03
4.044026762379901441e-03
1.217217303997207220e-03
7.594198424749270615e-04
9.506136124464668056e-04
1.390012226542033979e-03
1.304529946561351237e-03
8.806008182930273511e-04
8.482627947625001868e-04
7.597380246256574526e-04
1.240965423511445438e-03
1.568635159445340476e-03
1.346676259478820368e-03
8.561142088814897378e-04
7.012421735612908063e-04
1.403395182838156497e-03
1.915149728122509873e-03
1.080703387255046522e-03
1.203900580731932747e-03
2.338999224309354103e-03
3.105592680531295714e-03
1.804823721596529379e-03
8.429873593005637053e-04
1.266201693257727268e-03
1.230932344496331104e-03
1.257747718096366473e-03
9.007968349580730994e-04
1.195617859688961893e-03
2.577115505669348022e-03
1.832351742121161474e-03
8.960902371983704229e-04
9.349924149957348747e-04
1.021896033193943690e-03
9.757454433495676462e-04
1.393041159909666265e-03
1.813702341412318708e-03
1.161315784107879757e-03
1.275283688364532578e-03
4.559666468665557297e-03
4.020543824216680703e-03
1.092225409893157230e-03
1.415202104361827293e-03
9.806492718409372342e-04
1.194398601533195161e-03
6.836140264083653264e-04
1.101416955307220075e-03
1.553869958740552483e-03
1.075525836697023216e-03
5.346636343507384960e-04
7.451431874972431861e-04
1.362491158734632172e-03
9.041511141285871796e-04
1.258072758063798853e-03
4.046350605372115924e-03
1.820964545023307304e-03
6.728355735930614942e-04
2.421557585893582745e-03
3.882508680010080589e-03
1.252368896256232005e-03
1.226658889728722166e-03
6.939373422543198763e-04
8.885734886230485215e-04
9.270726611892298082e-04
1.243979573917689289e-03
6.151374133005531536e-04
7.454121921766361340e-04
7.367669182740223862e-04
6.060757608678919934e-04
7.807964917242818945e-04
5.944155440503392238e-04
1.195950597178205201e-03
6.695134379205722533e-03
3.761193038537358983e-03
1.048857765726666147e-03
2.437434327923983582e-03
5.200382887824235925e-03
1.993913698342934197e-03
1.019069705201179838e-03
8.208136945127198934e-04
1.298492799038941615e-03
1.634960891802515271e-03
2.124569565839124884e-03
6.979220802380607875e-04
1.030893071246508650e-03
2.069101564806451014e-03
1.315794722043911328e-03
7.171753340937009639e-04
3.388648060237330279e-04
4.481608688603990658e-04
2.059047277252766799e-03
2.595038714221644966e-03
1.575396027397225288e-03
2.389503327473062409e-03
4.119950089140345974e-03
1.961272431144686808e-03
8.127765388600761065e-04
1.298931934620656823e-03
1.860673729305008500e-03
7.928012832785771239e-04
1.332026874295950134e-03
1.565590450947334329e-03
1.473914272760203309e-03
1.776676598806647966e-03
1.062640621678578303e-03
5.807475169165633201e-04
3.594331506929086578e-04
3.727841724366543386e-04
1.127667328192347596e-03
1.873871640426374302e-03
1.202500498122202567e-03
9.358464638018187259e-04
1.302100830101350333e-03
1.137746237162810684e-03
5.893568107785235018e-04
8.965719085265496519e-04
9.937871902746284007e-04
9.163587647884008326e-04
1.021264596015459885e-03
9.636366660982232865e-03
6.377026332209315661e-03
1.716711929060001562e-03
4.792033171952653193e-04
3.194651782069143995e-04
4.676158398662967359e-04
5.972355263279550660e-04
1.551976356591073559e-03
2.659828749229565473e-03
1.176391298546187276e-03
5.864760298614727242e-04
8.684659129259048082e-04
1.716712361469046981e-03
1.194868788099532871e-03
6.927917786361979455e-04
7.908725110551817613e-04
2.483956085623118676e-03
1.023648174320321898e-03
4.447316789500985884e-02
3.706734074926231609e-02
4.698216397604150843e-03
9.523564142661117716e-04
6.623893689932507664e-04
9.818869939829074408e-04
6.159901735358213086e-04
6.944938112158170881e-04
1.356358394386799693e-03
1.346433215923375495e-03
1.029875271727401405e-03
9.520142028807721283e-04
2.243224344932821714e-03
3.068423897471740398e-03
8.687184536802979593e-04
9.844193381744314325e-04
2.003888321624102027e-03
9.193748570840592528e-04
6.438555486590528953e-02
4.352317872394061843e-02
3.644348306036641286e-03
1.138017108045938147e-03
1.249106748979011451e-03
1.583888109783179819e-03
5.981277086079860375e-04
2.944943149185984309e-04
4.690929859490486960e-04
1.453612428184990896e-03
2.577063450241380300e-03
9.919224622838942237e-04
1.243750344047188372e-03
3.320541917145507314e-03
9.405648005369555888e-04
7.467646360431228142e-04
9.755474340561943103e-04
1.480352001035065580e-03
6.279158120677279242e-02
2.601534197008594645e-02
1.610299106883072854e-03
5.999701002494610934e-04
7.136156210335241031e-04
7.059249202492315529e-04
4.717951732114705082e-04
4.447531759506620150e-04
5.714381348611466231e-04
1.369084387518418842e-03
2.788099074905199710e-03
1.068512087141128709e-03
9.363294251911976392e-04
2.168747392280585568e-03
8.430458665311772737e-04
6.272666500602999901e-04
6.388112447455859735e-04
1.364787001311036033e-03
1.604281381406091195e-02
8.211334792577301353e-03
1.476337662566528210e-03
9.125659358595499589e-04
8.793786302916674867e-04
6.504792637358993617e-04
7.242830465996842257e-04
1.338986025704437402e-03
1.294751222457371335e-03
9.162761339737573747e-04
1.046836676638009285e-03
1.263226840687991332e-03
2.085138638685108976e-03
1.982327625248706416e-03
8.596179275985714333e-04
1.004463653279651005e-03
7.532531623158310839e-04
9.345706710952251996e-04
3.264307127092671169e-03
1.701557203420510063e-03
9.329192463937109256e-04
1.037069055101679784e-03
1.032098765174865916e-03
1.257148886504964088e-03
1.996285930879006677e-03
2.446245389269674324e-03
1.535865039164180119e-03
6.034734617676320396e-04
4.246242213748009425e-04
1.306625479301593484e-03
4.437406485021120131e-03
2.016787819471489718e-03
1.067229118965420682e-03
1.852591640620027515e-03
9.355821839756963462e-04
9.336126554190365403e-04
2.516825677825668302e-03
1.159249695786235919e-03
7.787514214369824781e-04
6.672830389740492087e-04
4.318773855256333345e-04
6.918204256102378083e-04
1.486277049630249820e-03
1.962746992912411167e-03
1.712360480371505171e-03
8.948490719447965529e-04
5.620976969931268516e-04
1.181406688102199865e-03
2.174187135936330069e-03
7.786101448207619373e-04
8.732401905098335568e-04
1.814302701636301201e-03
1.048114899387929313e-03
8.521071595018538418e-04
1.677464638321093287e-03
1.077515429949085692e-03
1.060479267373150335e-03
7.571867193788951820e-04
3.958275242808767047e-04
3.973305597408928426e-04
6.024872255417306572e-04
1.705453962292327857e-03
2.594422005508678023e-03
1.515830897305615356e-03
1.816143558237757333e-03
2.694412831892517308e-03
1.480766603747286220e-03
4.989086605270350331e-04
6.921216936352029550e-04
1.052705183138501893e-03
1.152193415005837995e-03
8.517907864845289259e-04
9.851475018979928035e-04
8.174478148126003213e-04
1.032293342127369286e-03
9.090041681755133777e-04
1.121318441552992791e-03
1.193683162384043999e-03
9.426445008427941814e-04
2.714496625365920342e-03
2.592534079884494490e-03
9.468181832321004862e-04
2.787267808153229189e-03
5.248754241682200734e-03
1.922752086303608152e-03
8.869034662632944424e-04
6.586947349499421922e-04
7.811221810910772261e-04
7.285589748920203281e-04
1.155648767497845664e-03
1.906897387991321642e-03
1.540349279073016317e-03
1.378403392965026238e-03
9.294995428734953696e-04
1.560897688774251935e-03
2.221632715065949889e-03
1.290342860721283621e-03
2.092416307970735006e-03
1.617529530116360460e-03
8.671687770593626858e-04
2.706894023889373606e-03
2.188295318245995786e-03
7.164561717035849162e-04
7.218618852456947475e-04
3.972556341653100042e-04
7.526090669386175215e-04
5.490978652279608022e-04
1.199055546657003604e-03
2.908939859250653411e-03
2.022896005355738144e-03
2.081645230721828818e-03
1.463087319978981964e-03
1.142235808871487493e-03
1.105845226244299602e-03
6.469709851050463312e-04
7.611061237356601733e-04
1.303137746865617747e-03
2.723655520632045027e-03
5.664433760962863003e-03
1.383682054311594078e-03
4.100856114835195552e-04
7.210065823207895174e-04
4.237713630246705242e-04
7.970905817925202745e-04
6.711256036080308091e-04
5.892938540987875283e-04
1.798194939224425802e-03
1.399797569629051327e-03
1.877324624170801726e-03
2.113715406897526041e-03
1.090204247388733847e-03
8.390091923299026989e-04
9.064355333575524910e-04
1.313038426164041435e-03
2.218109713786547022e-03
3.326379064667213392e-03
3.740264413254010094e-03
1.370212957793447411e-03
7.004504541821769247e-04
1.170456267704666434e-03
7.748583074570253477e-04
8.397393351816035464e-04
6.755584013227618461e-04
4.618249108016569157e-04
4.160945595480122772e-03
3.745831862730798940e-03
1.311164597181644275e-03
9.207891860168418863e-04
7.540110842131483512e-04
9.024835583453147923e-04
1.683100647535666020e-03
2.606214347576055971e-03
1.912300627261866604e-03
7.805417285624993316e-04
5.703677466712417723e-04
6.505875090923575682e-04
7.109706613675931828e-04
9.923454165759173703e-04
8.703258538736855432e-04
8.920063323040602291e-04
7.102707014530660300e-04
1.277218200780423207e-03
1.706629433893159381e-02
8.065295614959075085e-03
6.342317363808642377e-04
4.127277924139587714e-04
1.062692319520935381e-03
1.892630365850827461e-03
2.028853778763839173e-03
1.346196483569467696e-03
8.248640938330865056e-04
6.829414210728514513e-04
9.028040934343915152e-04
1.133309291476499283e-03
1.019066399736054049e-03
1.207766153236927579e-03
1.118827609854402844e-03
9.204197613387915013e-04
7.787152374819313917e-04
3.274752647524450857e-03
1.981969891074809517e-02
8.190842670551909399e-03
1.054415884612758432e-03
6.630184439737640302e-04
6.978274896108237115e-04
6.686117417374458230e-04
9.934291654547569832e-04
7.785514903282496216e-04
4.364525560555366731e-04
5.388162490674226236e-04
9.628062780314882102e-04
8.901360481281840858e-04
5.932516236180919965e-04
8.451611637826038879e-04
1.094302389619291596e-03
7.492499097436896779e-04
