6.269133951520096306e-04
3.933090562069436113e-04
4.965264675446799019e-04
5.943645609858926168e-04
5.321068902628821491e-04
3.995854825454180559e-04
4.178264671429214529e-04
3.807154275844111318e-04
3.066294965288157790e-04
4.628842738877916190e-04
6.614030828246236478e-04
3.923432158127805906e-04
2.684398826011626560e-04
4.330697723899835255e-04
6.579822292923867165e-04
5.714021879266378357e-04
3.244407166853264862e-04
2.400912156193880150e-04
3.904998981603115759e-04
5.707596669401518701e-04
1.471295518412693700e-03
7.525556523521594000e-04
3.378045152921159769e-04
3.733227897737700788e-04
4.466396551587429350e-04
4.968886522471686190e-04
6.256352169453230708e-04
5.763080551834576151e-04
5.018396308430926253e-04
6.124458791244185348e-04
5.725652379910676397e-04
2.847659215005635472e-04
2.390076183709177412e-04
5.060553652121737005e-04
4.123942828734873927e-04
2.686119665080876815e-04
4.598886454255957665e-04
3.509571301479898187e-04
5.692516052858973604e-04
4.274359838949527506e-04
5.748933495725342627e-04
1.020142043570619042e-03
6.130248550467222186e-04
4.004795154322226994e-04
5.386298731732205728e-04
3.962067691038175465e-04
2.019716355581996370e-04
2.157307527222570795e-04
2.632140878134135004e-04
1.895084865190297231e-04
2.674190573109966286e-04
7.449415203762760817e-04
3.497614181028326570e-04
2.687108388272514410e-04
3.962740658640070729e-04
3.770772307776736857e-04
5.028328300716870987e-04
5.510138847159917015e-04
1.059321268537831082e-03
1.210194954585715535e-03
4.770263082506577697e-04
3.985754679664563552e-04
5.795431003781016275e-04
3.605076202926009031e-04
2.280382996840690519e-04
3.064339364090177620e-04
4.703636692977035318e-04
4.673455434939526205e-04
4.366444841168766076e-04
6.092907163785373989e-04
3.197579676277819858e-04
4.513621169420668354e-04
2.728977930744354145e-04
4.870513085771194868e-04
5.232358739101081657e-04
3.803816110871414491e-04
4.245768848917368934e-04
3.729235753561493277e-04
2.026993542395398064e-04
2.670964916769252265e-04
4.475481700437955912e-04
2.944383088040821339e-04
2.236947914674969318e-04
2.901426682163834453e-04
5.176770215654886769e-04
7.426370590014074770e-04
4.106902800579016874e-04
3.408803828246352759e-04
4.237751574138319565e-04
6.012921020644968438e-04
2.696229623125341438e-04
4.358463599366126204e-04
4.599749171314984424e-04
3.483595622602219592e-04
3.765041606277264507e-04
5.937296545557063827e-04
5.030555984511255428e-04
3.442721073309328917e-04
3.328415433055636314e-04
2.685299455048991367e-04
2.150741764003683465e-04
2.081582247535348020e-04
3.846512353887031181e-04
9.101376027295666592e-04
6.568772885348329003e-04
5.096523341354344686e-04
6.764208381950923867e-04
3.545579738757818574e-04
2.414502632719039933e-04
3.174213158021118599e-04
4.668776360678450780e-04
4.079789220903017131e-04
3.036688794470617176e-04
5.151374970682679865e-04
6.174094430102532345e-04
3.156506589167548736e-04
2.555124001990375943e-04
3.309292698778969828e-04
3.522207755117093600e-04
3.238886337037472866e-04
4.259235339820340808e-04
6.358037648426656530e-04
5.144840968312998711e-04
5.376933237961709772e-04
6.424566918903071083e-04
3.066006344916671856e-04
5.194517793333800404e-04
6.618228348671951859e-04
9.185446968726845374e-04
6.475761206158318515e-04
3.116705333204216818e-04
3.039399624389092541e-04
3.054262025243564696e-04
2.219007173840395421e-04
2.664129879373966004e-04
4.049570648202944286e-04
4.509996793254672401e-04
4.682766193731929794e-04
4.521000422078185507e-04
3.410450781769238087e-04
2.859773540745866294e-04
4.322005067209581507e-04
5.601506041453417541e-04
5.419657052836902205e-04
6.797195032251399050e-04
6.815366817113585347e-04
7.764903721127052469e-04
5.404877533261735539e-04
3.681341717852066068e-04
4.037133776842477431e-04
2.917592340423311387e-04
2.038396691526891350e-04
2.715648410574757437e-04
3.320939591250770965e-04
3.432895534509234226e-04
3.991239896928093478e-04
3.640158150771113585e-04
3.065052182231540047e-04
3.450892251085540597e-04
5.224398038306053531e-04
6.386638910314452761e-04
5.673783963436740277e-04
2.188139402771312962e-04
2.599519764161423488e-04
6.488821243139608575e-04
4.504463223220930780e-04
2.349229388228411754e-04
3.529434402088294431e-04
2.859019957893346969e-04
1.472862497543530756e-04
1.793707494878437887e-04
2.369343631290735011e-04
2.753770917372078261e-04
3.209896835173772865e-04
3.425133184569467042e-04
5.417545848737936875e-04
6.359462991134437297e-04
5.656004629786677519e-04
7.494524338470818017e-04
4.847291743262571381e-04
3.014757868634641391e-04
6.296273856134421186e-04
7.174553557603096689e-03
3.317165702584691771e-03
4.361252460566020033e-04
4.291173524658896637e-04
3.402990422931899623e-04
1.022505893943662444e-04
9.502306528987775373e-05
1.759443224215973499e-04
2.453279660580503867e-04
2.475873568304094718e-04
3.043169976170921305e-04
7.550935859319880166e-04
6.820299675733657334e-04
3.034669121789668666e-04
5.213298186809507857e-04
6.446803820397779741e-04
6.205443027860752924e-04
1.663691592157847841e-03
1.232824105303699652e-01
4.767694560035556917e-02
1.665292579332723361e-03
7.219801693433380678e-04
4.593791888963855608e-04
1.109807549258374305e-04
7.932388410434536958e-05
1.433113561574440018e-04
2.049080678957612353e-04
1.934082580927588369e-04
1.951933315212658155e-04
3.809248892778363603e-04
3.636551672035478284e-04
1.920597611652584663e-04
3.763205171986120376e-04
7.906615071467328233e-04
6.584691918079500165e-04
1.340106156102286242e-03
3.427692808261628143e-01
1.311522170243171470e-01
1.953806373565021570e-03
5.332626309374184723e-04
4.817794054465668330e-04
2.255044291826419686e-04
1.648441437015892117e-04
1.639402618590042669e-04
1.696880651340606128e-04
2.063432950175624352e-04
2.119784398999294533e-04
2.592286320659242501e-04
3.262741561973512097e-04
3.528767641773765027e-04
4.789522644117807644e-04
4.562390106540688208e-04
9.027310973509669557e-04
1.291505000076235326e-03
1.175907783326720912e-01
3.133169051802567329e-02
6.718260430407571983e-04
3.654525456952561775e-04
6.506581144932985531e-04
4.348784246037846199e-04
2.876032351591877403e-04
1.972861531464041899e-04
1.549977182595113634e-04
2.132008883810251345e-04
2.683178612228423487e-04
2.649052013686032281e-04
3.200234304211299532e-04
4.665463716768827678e-04
5.635233411288184625e-04
2.703272394203449342e-04
7.316215448379823549e-04
7.208184679393051658e-04
4.062197201622532068e-03
1.278278208195805310e-03
2.733305177238986509e-04
5.119682945319365070e-04
7.714833624324834386e-04
3.276888964915041576e-04
1.877157620951701745e-04
1.693518031864923166e-04
1.571569220643092484e-04
1.826583986830950673e-04
2.221281262721119191e-04
2.426109702011205972e-04
2.764145513823513438e-04
3.678290514309188954e-04
6.252494954248886440e-04
3.702827335262206024e-04
5.745023404003273470e-04
3.422693297588578327e-04
2.716924754018365225e-04
2.309151657478861403e-04
3.665896970992076325e-04
5.298363875123163983e-04
3.206007937896432152e-04
1.791872898188192839e-04
1.643710312151938841e-04
1.912293064058497570e-04
2.266689238986799651e-04
2.572462906569038016e-04
2.862393657349500105e-04
3.636996129558889962e-04
4.805387108656579767e-04
5.082942044507767930e-04
7.076036000597451733e-04
5.497255322036281042e-04
3.831315325653463573e-04
3.077881156349227269e-04
3.737333090571998162e-04
6.153313984795356038e-04
7.309511189158643266e-04
3.082879254906593404e-04
1.485922960169945432e-04
2.043684000677650954e-04
2.482065557637090354e-04
2.186910362286783661e-04
2.525725436499325332e-04
3.059964722121615737e-04
3.305184503097385222e-04
4.098995704265282511e-04
6.025158867073043432e-04
5.939667883316381665e-04
5.578519761939962395e-04
5.569762034022919051e-04
2.967758233792637946e-04
2.651521883984274994e-04
6.081005887950333274e-04
8.898843334061714520e-04
6.448873841351708503e-04
3.475420864993493506e-04
2.675509526858385004e-04
3.617169709934580464e-04
3.033417595186719087e-04
2.072155018253211934e-04
2.021197879567263500e-04
2.188983383806154424e-04
3.045573945030375014e-04
4.800276497073035858e-04
5.626361440041118423e-04
4.490009604743722539e-04
4.177622177598928704e-04
5.503242287988216160e-04
8.671238827639247016e-04
3.438024375300409376e-04
4.096613872830362816e-04
4.274960224340285673e-04
4.427659182451009075e-04
5.218080897431564983e-04
3.928796645358963668e-04
3.631781481477452901e-04
2.962987373908411654e-04
2.263996519419731021e-04
2.230291447961418416e-04
2.107861464965105037e-04
3.211853921923510055e-04
5.805805675927773859e-04
5.223491267828770258e-04
4.547575172963018463e-04
5.865842730798914023e-04
6.831519360032983117e-04
9.356550847894034434e-04
3.842429311957787689e-04
3.825343612825087046e-04
3.850648548701692399e-04
3.328581252183599902e-04
3.032794514218604444e-04
2.167677879489305834e-04
2.704665732012000688e-04
2.622553501952724951e-04
2.084344710900870145e-04
2.940347305889621414e-04
2.919542517322352396e-04
2.461275874206073923e-04
2.863509290805631830e-04
3.450447660715977305e-04
6.015764217798387449e-04
7.476482710289411061e-04
4.424060041407001042e-04
4.689921749836026927e-04
2.837069626153794944e-04
3.476602666637577683e-04
4.682029742994227436e-04
3.379619418091829000e-04
2.855227895802119986e-04
2.914334184270891059e-04
3.749397783653554824e-04
2.849628034616020870e-04
2.382137043729548782e-04
4.145773352339709116e-04
4.024021440345158687e-04
2.643214421796455252e-04
2.947044709360326455e-04
4.875597287397381895e-04
7.812568212946864772e-04
5.063089834059721246e-04
2.294686051624617333e-04
5.046065234211522324e-04
2.950663786592176664e-04
3.434713656831187467e-04
6.428918348074173479e-04
6.367944975255328049e-04
7.513003594579420290e-04
6.680780939084561077e-04
4.206088871919302680e-04
2.883391627957303249e-04
3.540249181156021911e-04
4.597020313212600768e-04
3.320147913946298380e-04
3.342974587419994667e-04
5.222940509453839492e-04
6.450628127465311661e-04
5.572468358142772292e-04
3.551719453795627651e-04
3.311654981436240250e-04
3.556426144334645916e-04
2.765252313829897669e-04
3.966791635880624633e-04
5.985261015863967875e-04
5.467111212611181891e-04
7.264233684715129796e-04
5.768555014638313211e-04
3.254890516019902456e-04
2.927475045433609695e-04
4.412753883062997995e-04
4.543216813276842016e-04
3.143771288514139294e-04
3.914311572966235075e-04
5.066205848367961225e-04
4.290932302754195209e-04
3.709349585245327592e-04
3.649346687994129584e-04
4.971498945639990551e-04
4.790505677994135142e-04
4.053358031246657241e-04
4.909373595389985006e-04
4.092289645653966095e-04
3.575544226948845728e-04
3.915873146072533246e-04
2.995912430955134848e-04
3.185397600541554171e-04
3.721276638975390318e-04
4.271582626166186289e-04
4.867073889010533564e-04
4.517942097371715777e-04
5.527387475930820504e-04
6.614235434522616666e-04
6.076815680543051984e-04
5.753099918928005103e-04
4.607304185276134062e-04
3.175299911822534495e-04
2.696608833216550412e-04
3.646779885660578896e-04
3.043693965237513057e-04
2.978883035338255204e-04
7.012309688630703449e-04
5.369344060218527283e-04
1.845669158633216999e-04
2.927227953040127846e-04
5.178790961089751142e-04
4.769417464332986745e-04
4.838083485110771615e-04
3.301092361203489473e-04
2.792256320042328264e-04
4.375869459575390335e-04
5.377543014600899519e-04
4.945699196518103672e-04
4.317667557286456641e-04
2.800551273012711153e-04
