3.310503782738436688e-04
1.715816651034316354e-04
3.940581562367460617e-04
1.068046656902645790e-03
9.947633751194750497e-04
6.320333091641986345e-04
3.826400585888602266e-04
2.860469627732420222e-04
4.938052079144644464e-04
6.997276640138685522e-04
8.343799061670118715e-04
1.416434590043458589e-03
8.890465505421400868e-04
3.083537908344229387e-04
3.212638413686854061e-04
5.745917457533085545e-04
1.154991995323994625e-03
1.011881304820694358e-03
6.662702630581319747e-04
4.957505901351372517e-04
3.693022078343179615e-04
3.700009951015509053e-04
4.080862108615685986e-04
4.510790697734237014e-04
4.866839726964605566e-04
5.017737551389622741e-04
5.169996974239380195e-04
3.904621625325990905e-04
3.993150382070064278e-04
4.802218521220217836e-04
3.799992928578951120e-04
5.377293920758613888e-04
8.217076089819043720e-04
4.816042010819723135e-04
6.116615343876059948e-04
4.506293776864838925e-04
6.837919039573051678e-04
9.275749844535961363e-04
6.305580857467452376e-04
5.882925772898555923e-04
1.074595111386979088e-03
1.460868966879023609e-03
1.082933584418050961e-03
6.861364166817280263e-04
4.504017930844541337e-04
3.649449179353932452e-04
4.904042936907864825e-04
5.035484539745513485e-04
3.287255536582085074e-04
4.924461739659981904e-04
8.102213353131545960e-04
4.687317339697690314e-04
6.201692213064320062e-04
8.860939196738111881e-04
4.555084792862922711e-04
4.680301073261469691e-04
6.020779605387041470e-04
7.238702998841249582e-04
8.914904884665497513e-04
8.816295673355739040e-04
6.990661753796805367e-04
4.927346204551830968e-04
3.315434554847030758e-04
3.876267246194561996e-04
6.867870431516019843e-04
9.039459413381370706e-04
9.747058594907376684e-04
9.319108618678468257e-04
6.804070334323184975e-04
4.989066748944165266e-04
5.575926584767891374e-04
3.763382317514231065e-04
1.449781570324626314e-03
6.700567415660666198e-04
1.336559976310567081e-03
1.842867774415799268e-03
1.292911748791994008e-03
9.656207301158688467e-04
9.623315040663031009e-04
7.950262732759214241e-04
4.727516597415695222e-04
5.057522739244618270e-04
6.617630182511410495e-04
6.564350375653013733e-04
1.195908206418293783e-03
1.420776303418231409e-03
7.069379353237213986e-04
7.459324822540430548e-04
1.026527758882481980e-03
3.213195113939308145e-04
1.518688961600008847e-03
7.751385741226848088e-04
1.818836226696681499e-03
1.960016526101522345e-03
1.736440094711300336e-03
1.750155136344899980e-03
1.219680954026133596e-03
7.734763951270878877e-04
4.693068665681050973e-04
5.233438304741647043e-04
7.435995951408499657e-04
5.070305847953902835e-04
6.121245407724279454e-04
1.004336120343026330e-03
7.225887647091317660e-04
6.196959291464860641e-04
7.850889102957197456e-04
4.798013696265922149e-04
6.194036777397147510e-04
7.685240632535483710e-04
1.570564715236052447e-03
6.307621847474794569e-04
7.613130804829297896e-04
1.349256969062061998e-03
5.272754257689959154e-04
3.191553759218003104e-04
3.693938354030243507e-04
4.335057186186738894e-04
6.043606545049559501e-04
3.533155868684282989e-04
2.342965702498471471e-04
4.622984246837242065e-04
7.022011181687852575e-04
5.380254478515528530e-04
4.243450054765532018e-04
3.608708247645800427e-04
7.126816365137486663e-04
1.048604572160774994e-03
2.132474883496349952e-03
4.511584857507776065e-04
4.387366455521551434e-04
7.480355681076922671e-04
2.089821239143407016e-04
1.807067064967928861e-04
3.865317414885184968e-04
3.236724989015569488e-04
3.199298897266923789e-04
2.413491457144662053e-04
1.887469994669935139e-04
3.977523379903124645e-04
7.761798442303556502e-04
9.006975866454744939e-04
6.517739479014819388e-04
2.863460562936014390e-04
9.897687119835687011e-04
6.640978526285268042e-04
2.318607854357269699e-03
1.207098248895113485e-03
1.041096110194337848e-03
7.136134085967268600e-04
1.649300160149079410e-04
2.135690645062222372e-04
4.431295631546101899e-04
2.947113509932693521e-04
3.597303682306791841e-04
4.001491981622498813e-04
3.787769107489135615e-04
4.905347363088985533e-04
4.635540138266627157e-04
7.969838659510472198e-04
1.136557298987429711e-03
7.729324514259762902e-04
7.648740917114859759e-04
4.228469106706544424e-04
2.815723108858500783e-03
4.543892086608609937e-03
3.958655603488864076e-03
1.001951784859268996e-03
2.059782976854662283e-04
2.679898188480352747e-04
3.266997280701390192e-04
2.490695975592952687e-04
4.696109472160669464e-04
4.544685865599340600e-04
3.820716130567717379e-04
3.682818857385663472e-04
2.165929802504558009e-04
4.670055578682831359e-04
8.662863965708166242e-04
1.227416272322553667e-03
6.020907389895461008e-04
8.323524675609792617e-04
1.078288563781128716e-02
1.264359402773332711e-02
5.863472259705546780e-03
1.036027810998152009e-03
2.488318541855859549e-04
2.668198511634808511e-04
2.614117117724516553e-04
3.210763050943061018e-04
6.290146833679721326e-04
3.224158247712663071e-04
2.214300026079693681e-04
3.165476599195942613e-04
3.129071224571158090e-04
7.382111741399163644e-04
7.093492408473393200e-04
5.143119295994073685e-04
5.409678221634709296e-04
1.903258568511288730e-03
8.728494788459757736e-02
4.875319912198176203e-02
1.166589579897617419e-02
2.399702311137771014e-03
4.987524823547013044e-04
3.110075901336795253e-04
2.862958082803516622e-04
5.101000359722939219e-04
1.085102186584525072e-03
4.315564025719350835e-04
1.992363735901838686e-04
3.432367768905281104e-04
5.712380493814466940e-04
1.044343988939634271e-03
8.463557975373234244e-04
5.113954334501648585e-04
4.345416973468650256e-04
2.116469118628699041e-03
2.280197484691543486e-01
1.133780898033229928e-01
3.028201343973142487e-02
9.317028747386718254e-03
1.265904660462769098e-03
3.346786245200213464e-04
1.841182257541224422e-04
2.373296138240327713e-04
6.444558924065538685e-04
5.497045835217820352e-04
2.949318171810269063e-04
4.666314425505194629e-04
6.332706807394693650e-04
4.906280933602133378e-04
4.483437449670670113e-04
7.287320124531099967e-04
4.693139545368407478e-04
1.717506790467930849e-03
7.959580502193785989e-02
3.573471393473889868e-02
9.137298639313727253e-03
4.204946770553661881e-03
9.528929602892613005e-04
2.503306764725926202e-04
1.321730366275752368e-04
1.349302757752430387e-04
2.992518245483109210e-04
4.358428725390324325e-04
4.227506566704300039e-04
6.733385399938840226e-04
6.280247056546728541e-04
3.153591867027178211e-04
2.753736528893089490e-04
6.230760201720720974e-04
8.833289443965307687e-04
1.080896567651773704e-03
1.339809937357551960e-02
7.646162731792297516e-03
1.372299664454908631e-03
7.594405782662167100e-04
4.266786775993681590e-04
1.613048065817064265e-04
1.559858231457394550e-04
2.698729848718855366e-04
3.365003558368437082e-04
3.279069499749760579e-04
4.800808840620341073e-04
7.385675984563939023e-04
5.245050297293065615e-04
4.867985874961414539e-04
6.533784431534942925e-04
7.034831720409751889e-04
9.483462783021238355e-04
5.446691676413630435e-04
3.299320804987856438e-03
3.687588492028408358e-03
9.321362830385131670e-04
6.490962134886496581e-04
4.324618045333543576e-04
1.535911372012905987e-04
2.200732325849430503e-04
5.177746203953594679e-04
3.844855079384986644e-04
2.753462450241892954e-04
5.287782607957834452e-04
8.192893048780972238e-04
5.520371715092823759e-04
8.341890314267401624e-04
1.304267651774390115e-03
5.713372021125846930e-04
5.061819133734285102e-04
5.172084145447479334e-04
1.250696852797914026e-03
1.492968614470468764e-03
9.053427014182937336e-04
8.127796972888551470e-04
4.367432190721092650e-04
2.166714612726277191e-04
3.830787798682017760e-04
5.443259568822713529e-04
3.425945764378920413e-04
3.263975702814147823e-04
5.097622512385468693e-04
7.210857846095118000e-04
6.223504757570634408e-04
6.800263390910372832e-04
7.159171502678019416e-04
2.911748796199907247e-04
5.698374556783472817e-04
9.370299695859460667e-04
7.719995985123924171e-04
6.690145642887506024e-04
7.734142788466943702e-04
7.585466427619165248e-04
3.624138227476490499e-04
2.900554543061592615e-04
4.978735168332993786e-04
4.280992929011042314e-04
4.013683745972805865e-04
5.990773939374078108e-04
5.209721027958998021e-04
5.358493244825007903e-04
5.102300675921330343e-04
3.380825422597009749e-04
4.132724852812790384e-04
3.395583647700421920e-04
1.163192999066031902e-03
1.179910587205538043e-03
7.624397684608425494e-04
7.081253153413714918e-04
8.109059501497417654e-04
8.178352478275271011e-04
5.356094074995706956e-04
4.635584497870350192e-04
5.779426735347016619e-04
4.778328863976573967e-04
5.265100119451664260e-04
6.593023318474062816e-04
4.733120151211247682e-04
5.420021593307796683e-04
5.760241662243826329e-04
3.411846032604926309e-04
5.945572777445459018e-04
7.799891902123425426e-04
8.320631518015372341e-04
6.042339471538854057e-04
6.751016696933862492e-04
9.217691673510294273e-04
5.073872625398290551e-04
3.576969020442929514e-04
4.486252095446450041e-04
4.535422056857129573e-04
4.508465683983004044e-04
4.903052503357752372e-04
5.072525183884709580e-04
4.190544349171437788e-04
3.687532702508968408e-04
6.394522081438067584e-04
8.185930979901852485e-04
4.287248823913083606e-04
5.527821554729455333e-04
1.050194693255064203e-03
4.228052712730141988e-04
4.065407202811775777e-04
5.342195224281958126e-04
9.299677795320764441e-04
3.253991336707862244e-04
1.622845362498897962e-04
3.197537101100452958e-04
3.668249711296044904e-04
2.797406131783251740e-04
3.649376349105996464e-04
4.962011972540896236e-04
4.215975081732065946e-04
3.418148603432380754e-04
5.623778073291907766e-04
8.235896990935885793e-04
4.176539409996501430e-04
3.649580115116887627e-04
1.034821840909181268e-03
5.720953427480627912e-04
6.161793502334438196e-04
4.354511282145051500e-04
7.918748208388939544e-04
6.139942241443816342e-04
4.808751095760009078e-04
7.987022292680381321e-04
6.297186813149941451e-04
3.878293504661594194e-04
4.354389227257533497e-04
5.199749399355769412e-04
4.649374511403609194e-04
3.351066085368317651e-04
4.108486661186810550e-04
6.889450999773457903e-04
6.630141924896820358e-04
6.963378551553524526e-04
1.084181424348914114e-03
5.270411172401083663e-04
4.762740242272629375e-04
2.767774679670424731e-04
4.671273879027612510e-04
7.421821076962487052e-04
7.049923389342556499e-04
5.206096315871441317e-04
3.611025878792049242e-04
5.520555484986288666e-04
7.657904783494093705e-04
4.741273038392353157e-04
4.037263382518127661e-04
4.765576360797984905e-04
5.273043662589921342e-04
6.455996100054498628e-04
9.936075379085402767e-04
1.392517557575536540e-03
7.276462972323580625e-04
2.048870128914708551e-04
2.307246610992477959e-04
3.888496307244745237e-04
5.683188310530665893e-04
5.299221561428361276e-04
3.199079937082595295e-04
1.698292643624818598e-04
2.167408196160274339e-04
1.083132201200802652e-03
1.923432064097761914e-03
5.848536581535723105e-04
3.565043334786043234e-04
6.000377092624520348e-04
7.693852627475684198e-04
6.867794989446104458e-04
7.923256671830696159e-04
9.953288622852618246e-04
4.663459708578029592e-04
5.569832081758544200e-04
8.491458222269906379e-04
2.023165092263084705e-03
1.335008935062042493e-03
9.648833055466499772e-04
1.154905132629097065e-03
7.372163000689603042e-04
3.648954823175394320e-04
5.045401764880320244e-04
7.025062297925255966e-04
4.237588179226007873e-04
3.853109408191374759e-04
6.133297916281727586e-04
8.041587395308939009e-04
5.606415394006409756e-04
2.779356737354046389e-04
3.539369660986014078e-04
8.470696027570594243e-04
