9.736328559773342883e-01
1.011590899021722390e+00
3.039711892942107418e+00
9.982382677621945977e-01
1.871693379297335369e+00
8.630386157396174873e-02
1.099401895310370281e-05
5.985577665144999653e-07
3.817690504730598273e-06
1.333461389054080468e-05
1.177788532246366440e-05
3.672001265810408925e-06
1.774992334915305629e-05
5.813442327885418297e-05
2.247473484028964324e-05
5.163145643978280105e-05
4.056131028263714215e-04
1.467577598475332734e-03
8.480523900196674592e-04
4.953348747293068871e-02
3.773463394859796427e+00
1.620859023102845797e-01
1.651270500093907079e-01
8.579986415364084795e-01
2.234301784344190633e-02
9.104551285094037577e-03
6.157224638967446866e-03
6.046388586970831078e-03
9.771469770304247113e-03
2.563902982225225481e-03
2.141924360763859669e-02
5.322737001634048927e-03
7.763722464972446397e-06
2.047390320673586554e-06
4.841627707273842886e-05
5.542663517878028629e-04
2.082888163884093034e-05
3.296330591279547986e-03
1.307810102892274839e+00
5.684124729193980041e-01
2.647843501410280798e-01
5.369551078175076597e-01
4.470176097511735502e-01
7.123699430470497029e-01
5.256563097933694695e-02
8.721994401103649874e-02
7.756572739757859880e-01
2.238197242944149623e-01
1.796862288256103835e+00
5.029553784268098182e-02
2.190210863831455512e-06
2.599932271990678771e-07
1.202012263995962308e-05
1.738438180392814375e-04
3.877337094553737575e-04
2.011549593876785572e-02
5.270556640516396163e-01
6.207598938133135347e-01
5.390443154403447013e-01
6.658600146734635628e-01
6.574555497986646069e-01
7.024894805968336098e-02
1.446075241812218044e-03
3.966002050803531243e-03
9.165333915916399482e-03
1.455720357903860169e-03
2.602756759736417347e-02
3.201967360426937869e-03
1.924595040078941322e-06
2.441075490185500682e-06
4.555212219543303267e-05
5.034682215108390884e-05
5.038555205657950856e-03
9.149708896849148010e-01
2.663178601825889835e+00
3.727968474516999420e-01
2.571960271357383032e-01
5.852279523673939998e-01
9.266107603316089403e-01
2.370864901260750224e-01
2.789022768463222599e-02
2.794460641492123223e-03
2.523613926438834831e-05
5.175976022406567900e-06
3.221349746654679578e-03
2.045816224625822410e-02
6.947793111057234006e-04
5.295890384179106208e-03
3.610254895382255125e-03
2.481696663506344355e-05
2.627874043384018261e-03
2.093129752908305719e+00
5.230915975708466448e+00
4.561561565074772617e-01
1.617105093329984644e-01
6.989815503405245878e-02
2.506612219275344833e-01
1.810528203540461289e+00
6.895469010106440866e-01
4.206645949123254992e-03
6.696605025035457105e-06
6.146669309377384840e-06
2.097221329565970849e-02
8.572573098158114968e-01
1.499894521345813136e-01
8.618343818480335150e-01
4.535120614632572739e-02
1.947153170123505964e-05
3.427040522695508958e-03
9.838242075567680267e-01
1.633258629385362815e+00
1.006906967792769336e+00
1.219545597027660744e+00
3.420382837632751638e-01
7.364702678880955533e-01
1.027323056215863506e+00
5.178401337357456669e-01
9.898425916921128886e-02
3.387531188186819909e-03
7.724428896201448319e-04
7.300864581020707032e-03
8.905464205519226725e-03
1.804691974086859545e-03
1.060908839688943020e-02
2.350688115529639324e-03
1.834194240464007968e-05
4.372920557833063354e-03
9.406685781038741645e-01
1.432853264683617178e+00
7.848101219559483477e-01
9.440834330605917257e-01
6.589563924005366058e-01
9.817577006191167133e-01
1.812352571867790474e-01
3.202737009501810950e-01
1.896554633540742385e+00
7.933097962499183753e-01
1.335898861609486066e-01
2.832229164670809016e-03
1.578704785872353170e-05
1.886655532437558294e-06
1.146200007266299890e-05
3.071357900771988476e-05
2.813330179496957575e-05
4.682244777291699793e-05
6.875118865620723219e-02
2.574790726331058544e+00
1.358598064501084668e+00
8.678890238765977205e-01
6.399355800752406509e-01
7.307298256809324766e-01
3.154394225000027308e-01
2.872342653574381788e-01
3.036516906293747486e-01
3.420768215437254844e-01
7.051393347463857930e-01
6.449943432918864468e-03
1.338388559002256444e-05
5.114170243250924871e-06
8.135633976450473386e-06
7.429956274993706447e-06
4.032076469960130298e-05
4.563836658977076674e-07
2.133665043143745388e-03
2.118765993288806992e+00
1.091837321158042329e+00
5.199651797845825651e-01
8.721305225040952847e-01
8.672162141995419793e-01
2.625666791535168354e+00
1.927726392057538707e+00
5.643406520754700173e-01
6.632080769478518878e-01
1.318335733475467952e+00
2.081365482794473448e-02
1.054005278490087764e-03
1.011887913577951686e-02
1.348122453187534800e-03
1.478424589384229653e-05
2.572692633203098989e-05
1.080747415351133179e-05
5.223023872767868642e-03
1.093639586590989143e+00
4.075936324407258282e-01
2.471318771291466376e-01
1.328110347138518277e+00
9.704162228070775109e-01
9.465669054602380283e-01
2.136107216379495577e-01
2.370791055367205968e-01
5.153596826569772915e-01
5.259186882848893019e-01
3.274111661252328276e-02
1.997110305697610486e-02
9.177402856931398123e-01
3.160323485760833245e-02
2.830772395031268718e-05
1.864310294375295601e-05
2.148762295267630726e-02
9.928167838568520143e-01
1.279642867719611310e+01
6.737599543662186719e+00
1.795861898128610301e+00
2.362442149221226639e+00
2.250832280261719998e+00
1.704948549733394492e+00
2.042662139032072055e-01
5.716884836338047560e-01
6.829973099764153899e-01
3.171568047493010800e-01
2.916730587927818599e-02
2.170762666520299582e-03
1.066443273619455123e-02
1.833920412846166059e-03
2.939548730673330473e-05
4.900467516243660625e-05
1.257482189220069865e-02
1.777271918053876520e+00
3.765177356670902498e+01
1.568734617167519474e+01
3.565106783809272706e+00
2.525746506639876099e+00
1.141130378438116377e+00
1.636743485157946987e+00
5.746643121867686110e-01
1.584794808965637847e+00
2.750960109166550094e+00
1.558555631688530285e+00
2.580776236217004194e-02
2.485026575615206760e-05
4.983667468980935698e-06
1.373034507421272162e-05
2.806733363197458033e-05
2.329478163006240511e-04
1.244499675572729091e-04
1.701393745214572206e-01
2.050549095974422897e+01
3.121375347622982854e+00
8.305958709790145500e-01
2.761610340759451887e+00
1.402492291282976922e+00
1.167261317388655906e+00
3.771195257545087443e-01
5.295652707880681431e-01
1.436445215696885880e+00
1.887120033495993665e-01
2.139161164402932829e-04
1.491928278332960439e-07
6.093538763598233730e-08
1.092051062206994764e-06
2.164684953595087983e-05
3.980943094031574869e-04
8.617498058174227499e-04
1.040665898499793657e-01
3.850461735672363606e+00
3.411456379529643534e+00
9.333054797878098663e-01
1.447711989223952944e+00
1.512084731826285111e+00
1.680260171375124179e+00
8.840970166848900469e-01
3.562600919937069510e-01
3.339106347456982093e-01
2.919806440529512312e-02
3.644460820877344371e-05
4.450604072210831533e-07
1.985018410340877106e-06
1.269715444881047510e-05
2.867296290318598764e-05
2.256023811889703483e-04
1.308506566245346871e-02
5.597505777999053356e-01
2.978549525086558347e+00
3.825877595471339987e+00
1.386860247655713918e+00
2.338982074468284100e+00
2.743668796537485299e+00
1.176935006453251775e+00
1.133977815774085629e+00
5.575553611524830533e-01
8.860275318958555912e-01
8.642489658357709326e-01
9.458724415242304034e-03
1.622239206898705563e-03
2.821744778087538832e-02
7.093004782242937935e-03
1.329574969117534248e-04
1.300512878501328682e-04
5.228453099374452554e-04
5.002071417893051430e-01
4.646816040786732493e+00
1.546325179348161383e+00
5.230969722453767679e-01
7.864876187670049035e-01
8.210090062655878151e-01
3.082012235343548623e-01
4.847947052834399306e-01
1.722083242980950946e+00
9.996956375374923542e-01
4.414713537775085545e-02
2.167096296084080297e-03
2.579294108639832231e-02
8.720119248848979820e-01
1.897128497356772789e-02
7.095309907934773644e-05
7.184189966650393903e-05
9.734614526760936677e-04
6.223033651854114057e-01
3.357685783698754811e+00
1.353716973812615576e+00
1.416595750101781626e+00
3.455318424679106326e-01
2.430666255103880180e-01
6.085886711559638229e-01
6.092316663611629934e-01
2.141117908726600572e+00
5.505272321033299887e-02
3.153481857270359136e-05
6.992827383170246958e-05
6.656400154772484923e-02
6.532090319276911972e-02
5.815212756138846248e-05
2.157213296457003733e-06
3.856013584682819507e-05
1.121770511760820238e-01
9.731987303682660961e-01
3.028811368387013481e+00
1.452210017880530168e+00
1.826707317903861760e+00
2.178210110335137284e-01
1.315808914507467509e-01
9.377593725502622046e-01
7.813300780780811916e-01
6.611915142633643105e-01
1.176768454892480539e-02
7.670360066261330389e-05
5.531606027508457861e-03
2.838501574817610340e+00
2.038381193129825894e-02
2.285732627201524670e-06
7.773720968218451108e-07
7.432512731233552339e-05
7.783408676227494549e-01
4.057461978015646786e-01
1.494572726195469103e+00
8.506914134800057647e-01
1.977600227468475858e+00
1.929759752999539391e+00
1.106937932929656698e+00
1.740565185980366802e+00
1.514049441165505661e+00
1.393953787865620519e-01
1.364626931033419664e-02
1.627888759222355722e-02
5.441686525317230433e-02
4.110224787570157523e-02
2.672681894806009447e-04
1.739498658748692668e-06
5.823222344339951750e-06
3.578223193282870020e-04
1.049714730908048593e-01
7.787780674780825363e-01
1.366214338332280676e+00
3.055183672597578948e-01
8.495868491115442511e-01
2.222724570863555904e+00
1.376837406323222268e+00
1.832327530100400947e+00
2.022423097704993289e+00
5.963878405847287956e-02
8.089480603952489690e-02
8.237423687808964612e-01
1.283899138947051585e-02
8.521565387313173600e-05
4.363727382672519436e-06
1.626386386419105721e-06
2.144556159707495781e-05
7.280828892890536504e-04
3.970686306528082557e-05
3.627229105108856905e-02
1.634031608661181911e+00
9.599188250646677467e-01
7.347528223962612737e-01
3.867279744334876090e-01
1.353818063327554833e-01
5.856789224082442624e-01
7.251383817858327863e-01
7.899784488182777509e-02
8.784340717225218587e-01
1.120053018729092242e+00
1.682657658277960516e-02
4.220709648183850783e-03
2.755678251087406629e-04
6.540349282178310309e-06
1.593543209389771621e-05
4.444413222531300059e-04
4.919298731777110867e-08
1.449250576050244686e-04
3.365959678549013678e-01
9.315894351804797635e-01
3.457590279577232306e-01
4.043222336477795276e-01
1.299638042213221989e-01
2.146633930995857920e-01
1.547902601495133867e-01
1.547822990785401032e-01
8.799623979937238882e-01
2.344072848934818445e-02
9.695117894009388712e-03
9.099357106038925558e-01
3.258062429092941498e-02
1.833257054177417139e-05
7.726388131578452014e-06
2.275699268184261262e-04
8.319234423618825271e-06
1.640693482963139285e-02
6.826970010774101816e+00
1.859879155517002447e+00
9.459082185271371068e-02
1.149192285116629880e-01
1.213963398833215468e-01
6.980165388102362867e-01
2.041805989433783886e+00
1.816786467047960762e+00
7.753234051249041636e-02
4.466790698841893069e-05
5.504976744840820281e-05
1.963739684792446469e-02
2.524425243514344386e-03
1.000358083787329952e-05
1.025238228353815612e-05
2.631659334360899704e-04
2.665846052097743668e-02
1.917537770916698303e+00
2.139392845984828373e+00
1.003551035009338843e+00
2.995624598394552862e+00
1.885323349265248805e+00
5.329420658039350778e-02
2.274114581772920807e-02
4.727930784389988705e-02
2.063908597350385191e-02
1.756333555723458629e-04
3.023344509337744452e-07
4.772140893888777290e-07
3.496117952991496808e-05
5.003223199107097782e-05
1.703360452630107571e-05
7.049858876775320796e-05
7.863437522573385637e-04
