9.265220399864360079e-01
1.324227609457678767e+01
2.857760304908999416e+01
1.145375787218087638e+01
2.714376144117336853e+00
2.356839019681085945e-01
1.816229063395972565e+00
2.952539196721602810e+00
1.254792753750544998e+00
1.683533888818961266e+00
9.268096392137327444e-02
3.063250036892443636e-04
2.680820280791495647e-06
4.517732374784216962e-07
1.530866849585779347e-06
3.581384172820094482e-05
4.795820192305046028e-04
1.645189479019735362e-03
4.928205758343936344e-02
2.795858415558587051e+00
5.349236758621508159e+00
4.742584302585375333e+00
2.725984102674138043e+00
3.112794206675609243e-01
7.972739087242067813e-01
1.444896943368261466e+00
1.376948991849946902e+00
1.615629644917818686e+00
1.949853185440358017e+00
9.193094489445650108e-01
9.849690566649833834e-02
6.288421722340959167e-04
3.123377269327023380e-06
3.277604187522394245e-06
7.438446028665275753e-05
6.956787870925413468e-04
4.658515158709582377e-05
8.016124718584993758e-02
2.756689417932308483e+00
3.603714097441088615e-01
1.489445223301139598e-01
1.032282280583108447e+00
7.082249555988046064e-01
2.743142327340016007e-02
5.728507434819542915e-02
1.874048522405290296e+00
4.553451255594164415e+00
1.287503668524779377e+00
1.690230348330751919e+00
2.715756944380323321e-02
8.266736517787623954e-06
1.111295937638090496e-06
2.535010716579848549e-05
4.137561791690251979e-04
1.810833319506367670e-07
7.054553324832897208e-04
2.088818262988168417e+00
5.639520091033132232e-01
4.365459828304820572e-02
7.101062971229712417e-01
4.013832916164788434e-01
4.814563744977511106e-03
5.686734024158489158e-03
1.434766402533695639e-01
2.612983238685486209e-01
1.693007225125627291e-01
1.111703610937998077e+00
9.307472928961002534e-02
1.237614100073932809e-04
1.192974895745750698e-05
5.989568806139195564e-05
4.210657003602288309e-04
4.724765155115521718e-07
1.689814476525201554e-04
9.955794616359681104e-01
4.107340123996697234e-01
3.477347137358496963e-03
9.880249045764820381e-02
1.988231226331552026e+00
5.821401648564081821e-01
1.302025007117177502e+00
1.621895755912101222e+00
1.045978958261002623e+00
2.393373309686676720e+00
5.073425239306599721e+00
7.741184596739859591e-01
1.525597611938637153e-02
8.219061624014575851e-04
2.924759013214917199e-04
5.260421461649965585e-04
1.432214961616042131e-05
4.706685933953232625e-04
9.726730691590108613e-01
5.852605606597225396e-01
2.224297346454788982e-03
7.031097011914093364e-02
1.752734384090804509e+00
5.236461801553515816e-01
3.611516642023236301e+00
1.406391380234990551e+00
8.279014259725812064e-01
2.867649247263119427e+00
1.707365191792411530e+00
3.429282468513493498e+00
9.272237674463617019e-01
5.413497023823531443e-03
1.709108175192356588e-04
2.983170512731536206e-04
1.529120759222408069e-05
3.809791927314486789e-05
4.054799670539530054e-02
3.120939820189487790e-01
3.615137865976218289e-03
3.298567945017806535e-02
8.467850104379249787e-01
2.869410991264877420e-01
6.147665918196185686e-01
2.623240670630380689e-01
6.949530105249426271e-01
1.388147554763551783e+00
2.852749543613619654e-01
6.482890316327952540e+00
4.077800273972415290e+00
9.718990462816087805e-04
6.534528178592713221e-06
4.650248709555918254e-05
6.563420804577247233e-06
6.083126380814574454e-06
8.071211620838004280e-03
7.588551733615014339e-01
6.350148113014993101e-03
1.055495577897800838e-03
1.054624137142085166e-01
6.644668435261517070e-01
3.386927394586955464e-01
6.680858222457615181e-01
1.674619379965200938e+00
4.751476771951339273e-02
6.027549497077878959e-03
1.369488398110739524e+00
1.982553768995521271e+00
1.755742233899042952e-04
4.820011322006951180e-07
6.436453969016813086e-06
6.182140976191796266e-06
2.475763228953793078e-06
3.079037408879842057e-04
7.168194620332211942e-02
5.121960160139627308e-03
4.667296372799942478e-05
8.687351803842624683e-04
6.840803289089571193e-02
1.077226847954717015e-01
9.186895699751131961e-01
3.419826195603916652e+00
1.248867918077933153e-01
7.256250093164090531e-02
2.627434167977799273e+00
4.010103007121987417e+00
5.814886169940891233e-03
7.275129890282606430e-06
8.791853420149449289e-06
5.249446111656369730e-05
8.348400441707310406e-06
9.832264941111299768e-06
1.901452471034272874e-03
2.670644338298844983e-02
3.494102261336016753e-04
1.034984916262488702e-04
2.001558658103720634e-02
6.850881875523927578e-01
5.184002896162901441e-01
9.353696322165097610e-02
1.295040553345499501e-01
6.599316121994737161e-01
3.582603249925545019e-01
1.922801762314734209e+00
1.069125267996017703e+00
1.630212883492849650e-03
5.980769362401160578e-05
8.961410485378294363e-03
1.395057585095055980e-02
3.115876674201657238e-03
5.974707594767671159e-02
8.484053373771520690e-01
4.454812372181186746e-03
6.996164522107710278e-06
6.944128501282062396e-05
1.510467316363450496e-01
5.299164414285632008e-01
9.713781972285682846e-04
4.180255385263609118e-04
4.225224184471296912e-02
1.542876335470467208e-01
1.952991967198133283e+00
1.850746605330160444e+00
1.992714474265799406e-03
3.863106112157124755e-05
1.356546368325729432e-02
8.923059505987221973e-01
3.035102951397446347e+00
2.872793323670019383e+00
1.201236914877799711e+00
2.240624292907756818e-02
6.997882921048998884e-06
2.610009271130047786e-07
1.070797729457401235e-03
2.815350662569889861e-01
1.721053069023135193e-04
4.817296611924701751e-06
4.710013422967766587e-03
6.753528862184777770e-01
2.945391406386893784e+00
2.671197749085345574e-01
3.985118486758113692e-04
1.880074013236987106e-05
3.832030648721713523e-05
6.059981028454953372e-02
3.107524228919634623e+01
1.007283491093240002e+01
8.035339487227400879e-01
9.619678596035214913e-01
6.052979903446443523e-03
2.477365235214576381e-05
6.456532268900670030e-03
7.971584799582880354e-01
7.266934729211353477e-04
2.295063810563696937e-05
8.052740545615260509e-03
3.112137120670520063e-01
1.183977425946517004e+00
6.838675850640074660e-01
4.637195707828587615e-03
1.070698704842754421e-04
1.003679227926906831e-06
2.621994460850065895e-03
6.866686932996684867e+00
5.856456114758668896e+00
1.381730143172889003e+00
1.871786781074614492e+00
1.994715797547744196e-02
1.596734683243352456e-04
1.979272518345459239e-03
4.918231322628885405e-02
2.077678250696694123e-02
1.232493238438339828e-01
1.843820024517122125e+00
8.718049012769867323e-01
1.693973631350171427e+00
1.261967526098702219e+00
7.134925038096258214e-03
1.483597432995232570e-04
2.987943159088718844e-06
6.962028675611222663e-04
5.125860845212296818e-02
1.271977940082891223e-01
6.754817314293851682e-01
1.195201389890464261e-01
4.184527888689014473e-04
7.174502572027180541e-06
9.961100385828682223e-07
4.667480733079918493e-06
3.930068304420016208e-03
8.556723558221160930e-01
1.149020845990996048e-01
3.479162296604937366e-02
2.364235385637764253e+00
7.972863169556988483e-01
6.437699601539904762e-04
3.513563063375902789e-05
4.343578399426143783e-05
7.927225347882838405e-03
6.336793675835840356e-02
2.079104977392330286e-02
2.015711650207004796e-02
3.065028489865579547e-03
1.317429395894666394e-03
1.084943500096506412e-03
4.368621594849099884e-06
2.509131945671390697e-07
1.129640600355095613e-04
3.589687457452356636e-03
8.185502244074084285e-05
1.232653091009401842e-03
3.646252979088465462e+00
1.275428413077905609e-01
1.040960144059312928e-05
3.139131667097206703e-06
9.081945248358781525e-05
1.720455488122455898e-02
5.865698559870888840e-01
1.898619207601582315e-01
2.427912280185495850e-03
1.047768182338130896e-04
6.004132377832945185e-03
9.084066854301138250e-01
7.932066555661358709e-02
3.059983537455087874e-03
2.674210259607544271e-02
6.357100995809031319e-02
6.480818661518982123e-03
1.149967990652607935e-01
3.104325321929846115e+00
1.216422800710364972e-03
1.122295202833117278e-07
4.653346143112546511e-07
8.352732468599560712e-04
4.772676054397474027e-02
6.098807156556396158e-01
6.438533603738636479e-01
7.708646066918938694e-03
1.271663451806047298e-04
1.244832629337322676e-03
7.384947368191523143e-02
8.735365142504774028e-01
2.022204228831496753e+00
1.900861439094990946e+00
9.953087908593665212e-01
7.813789050272991199e-01
6.921253000105882514e+00
4.003919481418289017e+00
8.189069424728639621e-04
3.955010996424264519e-07
1.584539072120723472e-06
1.095799213213167859e-02
7.901153291519154021e-01
5.152110326387711048e-01
2.242398201948935799e-01
6.663611377203715325e-02
1.416729825291733989e-02
1.254697395166455218e-02
8.390034637572096887e-03
4.373634086447959063e-02
6.008641193550100928e-02
6.215314704823544575e-03
1.438683018616667211e-02
3.732375710597836682e-01
3.060157570542113792e+00
8.736821035260248225e-01
5.488901283955493690e-03
2.332184236971944174e-05
8.314171832806642443e-06
6.687217212512341566e-03
3.107625812140866195e-01
1.742667495275743994e-01
2.016839132610754037e-01
5.532866171864125882e-01
3.902601767913126962e-01
3.895197791546856081e-01
4.708997747240717402e-01
7.068531500922131672e-01
5.682616767580344480e-02
1.931574389579584876e-03
4.180002536901832044e-02
4.500691481850397579e+00
2.037486057212642532e+00
1.071290707269744596e-01
3.598553970576726102e-02
1.212052090137065267e-03
1.671379651951595036e-05
9.643901696927574541e-03
6.565539865031804201e-01
2.040246049205449719e+00
6.436775873923380464e-01
4.143924933466011096e-01
6.582587542690598870e-01
7.664559956692268416e-01
1.363227755519720308e+00
2.356156878454137349e+00
8.131259864882723898e-01
1.455562899251145459e-01
7.973835656635394065e-01
6.606761808915812217e+00
7.397042976485147525e-01
1.176210707190601529e-01
8.292398672962950634e-01
4.234937121712788882e-02
3.570463176971116700e-05
6.988674211675349182e-04
1.502510587244288431e-01
4.100901396759913276e+00
7.755068698543181316e-02
1.390407849351170226e-02
8.035156098740754427e-01
8.014035858094598064e-01
8.551240343659048670e-02
1.411517291668882845e-01
8.326495827759160528e-01
1.129059728966180787e+00
9.097893911808997425e-01
7.768640930614219009e-01
6.005985922391800236e-02
6.854747892162135411e-03
2.647687093484743862e-02
3.494055189736157158e-03
2.209304230425067537e-05
1.466251856205481527e-03
6.938100967902373351e-02
1.723396629098880695e+00
5.273364650527702369e-02
7.774598537147680254e-03
1.693002126835875532e-01
4.373199990252286257e-02
2.822668102553121255e-02
8.998669654639108728e-01
4.073685261416811976e+00
1.928477561293721498e+00
1.447713642572355242e-01
9.563385392198217247e-03
4.199314946596127110e-04
1.687529908874084477e-05
1.401773857726010447e-05
1.912408600736254636e-05
1.497435784698160776e-05
9.775042680706752529e-01
2.899251682423231724e+00
5.235124757447522370e+00
1.941428817401970486e+00
9.600329024437119774e-01
8.982410471886553838e-01
1.853427568401463596e-02
3.947190036682424186e-02
2.848037495663404250e+00
2.191369060611981556e+00
8.369387977376120391e-01
1.591020320969034965e-02
4.775692431307631565e-05
3.687184332361304819e-06
1.956667935333526513e-06
3.757767107830742862e-06
1.645766824732852396e-05
8.832413329029278762e-05
1.037275253659479146e+00
5.968301609469522262e+00
1.104028231845092201e+01
5.833534814816136560e+00
2.228380827815909626e+00
2.867880174248606195e+00
5.390536276037029284e-02
3.529086684893724922e-03
4.934713185189918382e-03
2.462894198463340574e-03
1.419001460329120251e-02
4.254938594275067300e-03
3.224829902037839788e-05
8.767375302187880901e-06
4.025450066931539816e-05
1.561722330563771160e-04
3.948578081933663201e-04
1.017468684299132438e-03
