3.869396013869709494e-02
3.894046951771958476e+00
4.060088555944582289e+00
3.007559142005113983e+00
2.062152439966574047e+00
8.847041824910050201e-01
4.084223901715160893e-02
2.180669428305283958e-02
8.827042433271951039e-01
8.604327835843003647e-02
6.735459521028963602e-06
1.891849227771402796e-08
8.569988966930574219e-08
7.684633910509006298e-06
2.121248107781542266e-04
4.708529355737078176e-04
2.666818379779185583e-04
2.270401367443948277e-04
6.377000293503430346e-05
2.640315659892365427e-03
1.193914137481244531e-01
1.728768507853944092e+00
1.218521063642194202e-01
2.638547415358432312e-03
2.536078500082984775e-03
5.456690185210913424e-02
2.129621628447248227e+00
1.855871581771812551e+00
2.887129594824166048e-03
8.755589791052888310e-07
2.153214212036321251e-08
1.060076761444215739e-07
5.870707032450618628e-06
1.047930053932522352e-04
2.253035151232631581e-04
2.537194692535223932e-04
1.205045492294216372e-04
6.025260391598488176e-03
2.115396996474228769e-02
3.728534885629927742e-02
4.029976728748877607e-02
3.871668137774941180e-03
1.233847007539443964e-02
8.018813125282799881e-01
9.982724613297969674e-01
1.027161275173587907e+00
2.082200236123189274e+00
2.244363073218037102e-02
9.749387881374445918e-06
7.715180301387373958e-08
1.491389088449064248e-07
7.773705021505273897e-06
1.705542554880824931e-04
5.032314490614283762e-04
2.173689260126789383e-03
1.018441312110948349e+00
1.777854995174208419e+00
3.392674970503352649e-01
7.008799023073556400e-01
3.553135776297973447e-02
9.501585467476151431e-03
1.478917481187580207e-01
1.353835042896319937e-02
6.734723392052014736e-03
1.900653620822730927e+00
7.860840946923417505e+00
7.199555958951117662e-02
2.244299587992401392e-05
4.138166037971259197e-08
1.923261511495445036e-07
2.774989161304857821e-05
3.701265721926231709e-04
3.104898830578131397e-05
9.192777291292380040e-03
1.083902804113495932e+00
8.221788665346966285e-01
1.136549144290630586e-01
2.583976626250157269e-02
9.671991569970171676e-02
8.104755164405492707e-01
2.598847980871145380e-02
1.811320484610095486e-03
7.332281573859551760e-02
1.182508864753699873e+00
3.891407905954286761e+00
1.982207436581303120e-02
2.322787663833334256e-07
1.512820834458893941e-08
1.543501916709558745e-06
2.300177717906227816e-05
1.345567018754370382e-07
2.742709074608773699e-06
6.260187859229756312e-03
1.128726950864213270e-02
2.289665752076729317e-04
6.877354216749049717e-03
7.738249218843905597e-01
1.265697876722875037e+00
7.224745231159031000e-01
4.044814424221483407e-01
1.432199140506147383e+00
1.414500415474410966e+00
4.662619202292243692e+00
1.121472046195221006e+00
4.635888444548481912e-05
4.261669358194581168e-07
1.348050791215538507e-06
2.870921880899184844e-07
2.530372739973937384e-07
2.427569905936183428e-06
1.126238779860878371e-02
2.509037169822675786e-02
5.266908409051168204e-04
2.991570380512589139e-02
5.860008521472679505e-02
2.324337386310708787e-03
8.415736674979459875e-02
6.892899023572269801e-01
5.637978243443820814e-01
3.313210138069057620e-01
6.640620349172596804e-01
6.710581180126755640e+00
6.691799458719357996e-02
2.386060837570215618e-03
2.388005738796868311e-04
8.980957923005010156e-08
1.921146926647429514e-06
6.396151456458208340e-06
1.751707290413690929e-02
7.286010541294067888e-01
2.810388299873713414e-01
8.285185777095124271e-01
6.196825166432674489e-03
2.548337625811202846e-05
5.289189978907906904e-04
2.351851259805032702e-04
2.873010536860098470e-05
7.226973940358090908e-04
2.346451993128204072e-02
1.540471067739629163e+00
1.535598427807346011e+00
5.655492254829480592e-01
1.683080734696659753e-01
3.680536466169962427e-05
9.617771495069628324e-07
3.796141780876235046e-07
4.648038560073684106e-04
3.619484992557837622e-01
6.400871401105870939e-01
8.408182837132062437e-02
3.161477262657406560e-04
4.859763447223723112e-06
4.981814842762368346e-06
8.489788756759694734e-08
8.510880097017645042e-08
1.244281531084779312e-03
1.144093556271364165e-01
3.363363490947925971e-01
1.558571518187022775e+00
4.747014598798814933e-01
7.432234072593548735e-01
3.972301996954626102e-02
3.200715272408720964e-07
1.939681819418612520e-07
6.012530857843500533e-04
5.914457402084550841e-01
3.814901916329438425e-01
3.272738805608452206e-02
5.431215473739754978e-04
5.027004398875818907e-06
1.182567649308308984e-07
1.655346836087568530e-09
1.591295931412732393e-07
7.732162953987273268e-02
1.522149559814089503e+00
2.475647391956443399e-01
1.765298049005957992e+00
3.966901570561852386e-02
2.410245713661233937e-03
3.303096331347954873e-03
7.072777026930339862e-07
1.215121115501525393e-05
8.187856013835803637e-02
3.308232592680496076e+00
6.996825947370911569e-01
8.630923216503423312e-01
2.335071820638970688e-02
4.277284497441805282e-06
3.668828819777198646e-09
8.116607029216281690e-10
3.249435226682768118e-06
8.287503230469828175e-02
1.094430477177791988e-01
8.389360909823191659e-02
1.046826454594499634e+00
6.773974908235513154e-03
5.596324176172200662e-06
5.004847787795293579e-07
2.107495709464931876e-06
1.913455560766985034e-03
6.887516367316364629e+00
3.682096204889925062e+00
3.504619820427992694e-01
1.032126801355583101e+00
4.694851925011662638e-03
7.935339127813562778e-08
1.507341617686177735e-10
7.750355952029727572e-09
1.199013051430024594e-03
8.100131051859034148e-01
2.080633127176920172e-01
7.637013182061971328e-01
1.955154406227941344e+00
5.801682074303442238e-02
9.046034726261762587e-05
6.177571668125336501e-08
7.954313501043420148e-07
8.370587024649987426e-03
2.216348347514224670e+01
8.147938581696680060e+00
4.879913767509170164e+00
5.965503667341220506e+00
2.915511990440987009e-03
8.373563254034697829e-08
3.760873701054007600e-09
4.849366759015022038e-06
1.477163299976181343e-01
8.584803591802120382e-01
7.714427997976890106e-02
7.786165799844803059e-01
1.475932777979829025e+00
5.738455414507896979e-01
1.356348650076633633e-01
7.809300583071370513e-05
1.429050363902897783e-06
1.001294179572568069e-02
9.679179105244639203e+00
5.149138530357607380e+00
1.800743135840715103e+00
1.944924631643247359e+00
8.463682685155504704e-02
2.633504187474870750e-04
4.398103660917251234e-05
6.983875479950460083e-03
8.244426040067747152e-01
1.853511485605995046e-01
9.958073188016093591e-03
1.270136720889063486e-01
1.663317312277553306e+00
4.609169519553308336e-01
7.658839755708213293e-01
3.824737335423734896e-02
4.144494713898644821e-04
1.394429423675202506e-01
4.121376467395463372e+00
1.972859587852157537e+00
1.977377023952694712e-01
2.546165212473499584e-01
7.820711482988912389e-01
2.157274529272055694e-02
5.084131226763985391e-04
1.648293194577742050e-03
3.512087726739131915e-02
9.926502475954555038e-01
8.185750778756778478e-01
2.333026089341805331e-01
6.999044842163036906e-01
2.615732791627932430e-02
4.171279014175314527e-03
6.065659373569134115e-03
1.118802502630370302e-02
6.577942888622889672e-01
1.211109013331181705e+00
1.692012993720882985e+00
1.885370617450460307e+00
1.797536037708731271e+00
1.205892253891140964e-01
1.016609586467670024e-04
2.345163733580591169e-06
1.735457746619648711e-05
3.244052915087102863e-04
7.480117248733617052e-02
1.719030862707433327e+00
2.322504029948262716e-01
1.213684761348720748e-01
1.771168012972749875e-03
1.729577209139473784e-05
3.112156669896413145e-05
2.972141776712703461e-03
3.481858006277236961e-01
6.996805750644243815e-01
4.837734427632107703e-01
8.378938175690431311e-02
1.977783025295595451e-02
7.515127340187117760e-04
9.754982823727384714e-07
5.575852663762775373e-07
6.256560323327374409e-04
1.580194468666022700e-02
2.532905420607431402e-02
3.681236829214519224e-01
1.646193664783117461e+00
1.935940304776438081e+00
1.424668946007598067e-02
1.431820872743322811e-05
4.912005849288853568e-06
2.255716163123936899e-02
7.227119379397889398e-01
1.243533633661243698e+00
4.689413306944612558e-01
2.332682594809315502e-03
6.602295838523203559e-04
3.247257337077733702e-03
2.594828760644152054e-05
5.593479447733604630e-06
1.730054847374463967e-02
7.639071249099383953e-01
9.090482986620586348e-02
5.143723217182203378e-01
5.463089201347782975e+00
1.926148475774481783e+00
1.057614550872960392e-02
2.831412054811572343e-05
1.059714428639903179e-05
1.147631665794930471e-02
1.714332393096119206e-02
6.298144224953611259e-02
2.696128044738059781e-01
1.371817268036533595e-02
1.135590596529114649e-01
8.949340275589504623e-01
7.358563619707356217e-04
7.910960350502789799e-05
6.983639205690619911e-02
2.446480916707769460e-01
1.423684968702679764e-02
2.646340047142939911e-01
2.730384067661987935e+00
3.671388823676842439e-02
6.150644651178787466e-05
3.546793479937634799e-06
1.599335870826724967e-05
1.713346519337274171e-05
3.308469842162327341e-05
1.353206255690185891e-02
6.990271042701512449e-01
1.303154936137292663e-01
7.583452456832968647e-01
1.175159597721086441e-01
2.129557904610973715e-04
4.072824551783739422e-03
1.945054397288598080e+00
6.070045017244789509e-01
9.749653857434389947e-02
1.831198416557661357e+00
6.110071229154991457e+00
1.111681535766362826e-02
4.646963656648479977e-06
1.076214263742426422e-06
2.321928760973083022e-05
2.080731163305203131e-07
7.841758758717796403e-07
5.795310733886731465e-03
1.050245783031450886e+00
9.995010067615103799e-02
1.225650294577049215e-02
6.124548067253238193e-04
6.182401258826927684e-04
1.463302166122557035e-01
7.664252913426353730e-01
6.449267596128706037e-01
3.717849714666225935e+00
3.186530395490817291e+00
8.891121502640481067e-01
1.202358971709222533e-02
2.391385235365148536e-05
5.035337944300575878e-06
5.807935827937706340e-05
8.146438333753759667e-07
8.823776703293906875e-07
1.505144388359968242e-03
9.954052056009969895e-01
9.537908062563982270e-01
1.094829764526398207e-02
2.960897047592455679e-04
9.019328380692945984e-03
6.966424412195560967e-01
3.300032285980915026e-01
1.537930642203917841e+00
2.069741144146513889e+00
7.364520317239642809e-03
9.322180170466301237e-04
1.407850705252588954e-03
1.249001808481014142e-04
3.332935738216755958e-05
1.215559590674554280e-04
9.850834112944744855e-04
1.169699041998511829e-03
4.773762537105941811e-02
9.603559109252289838e-01
9.421676241810111874e-01
9.606436388665788237e-03
1.320552443190953185e-04
4.463800219845819039e-03
1.221952040433386344e+00
1.875571242434420194e+00
1.526193565101835736e-01
3.667186966326846246e-04
6.001247956819077185e-07
1.668777323433607411e-06
7.814318971246832365e-05
1.096034314706042004e-04
6.296427889046122368e-05
1.381372504470115272e-04
9.739130686753888488e-01
2.069351027441775237e+00
2.806830569140414067e+00
1.846427745772314666e-01
4.318225293271804599e-03
8.408066067205187822e-05
1.586453359235705254e-05
3.153817437060673842e-03
4.871082930247345288e+00
1.984246010726644860e+00
1.812618958191494084e-04
2.665134514338785061e-08
6.332673623111432644e-09
7.680002083575948722e-07
5.243510359165761992e-05
1.082029221198952036e-04
7.976461981314249218e-05
1.317729614368875124e-04
1.008956183853180866e+00
9.583370121293474098e-01
3.122621580455181345e+00
1.867718004658314168e+00
1.998043490395804214e-02
6.826354352909967823e-05
9.199958136411339293e-06
3.509121727363966286e-04
4.466723044989811403e-02
7.967499367413231198e-03
2.910314222361979988e-06
2.069157134180687110e-08
1.843165016929853532e-07
2.163188042808714199e-05
2.789562816456900773e-04
2.890150193695601518e-04
1.673546723128463561e-04
1.922081521151149379e-04
