1.666630649928213179e-02
3.992710948014019490e+00
1.404937904174486540e+01
3.970478800108009132e+00
2.071715345854455492e+00
8.423356267827785127e-01
1.093055596913847100e-01
9.440157125715188391e-01
1.999520775927177363e+00
4.727930501407073935e-04
8.197231606231830096e-07
1.154859607004101608e-05
5.780097506688379097e-05
4.119365863489708970e-06
3.102285342468912264e-06
4.565482929397877770e-05
3.863489422890948504e-04
1.028790367176331570e-03
1.283657343349719863e-02
1.908831486180295967e+00
3.007602805979744165e+00
8.285445854966806412e-01
1.692846353628116030e-01
1.439865101343285134e-03
7.765512012792321790e-06
4.710207458241807347e-04
9.870988812867604878e-01
6.144935631910601603e-02
3.287331080881826626e-04
8.785880004522697573e-03
1.640553925660161866e-02
1.160325284450929378e-05
2.021600292375042046e-07
2.246062307656932642e-06
6.539321281922829332e-05
4.572057444703892773e-04
1.248451903405077069e-04
2.886904753057686207e-02
1.453182247482870115e-01
1.192740450396915647e-01
7.987641181008410252e-01
5.468104334150541285e-02
1.493080997726098221e-05
8.571308160329236151e-06
5.043200564929187224e-02
1.799250804362533263e+00
1.520831059166007360e-01
8.126645854719453110e-01
1.038326838878836700e+00
1.210968081711462016e-03
4.117789613917977993e-06
3.647384350231983469e-06
3.831441639265779355e-05
3.378567636339992815e-04
7.968203847589924865e-06
3.431508372466826606e-02
1.743301377260163321e+00
4.734439762215237463e-02
6.306646943349628054e-02
9.370936280688625386e-01
2.087886249035888001e-02
8.735233303780385033e-05
2.991181520647562589e-04
7.090379415309300271e-02
9.547463915314419181e-01
1.267646390998575123e+00
7.967571956498286090e-01
1.027305237836166757e-01
2.686463400605807253e-03
1.113893055302094226e-04
7.610514554623030471e-05
3.878603787334118907e-04
3.198271458934922204e-07
3.135450991789074716e-04
7.696305927010828329e-02
1.199549483817664158e-03
8.232095437705974638e-05
1.691085685335240105e-02
9.583391958750686612e-01
2.285933852534244998e-02
1.887904531624050482e-04
5.800264894443405914e-03
9.240548361882038320e-01
1.723903270669036925e+00
1.399909528840918460e+00
7.058370787713331707e-01
9.205191375599552916e-03
5.951049751634079904e-05
3.083385694581763209e-05
3.349812178528519522e-04
7.185385477518269178e-08
3.084412707144334939e-06
2.545308369980927871e-03
3.983190088898584842e-03
9.902369578407958523e-04
1.726008004192900597e-02
1.075318093694158428e+00
8.657515357141966073e-01
2.020029370662108914e-02
5.331256786550565147e-02
1.242992583498922221e-01
5.916160967467219700e-02
1.699083710106267686e+00
2.332761566699084632e+00
6.861474431759414898e-04
5.943110129202912363e-07
1.855533489437751812e-06
1.835549173371934281e-04
4.319565885009789929e-06
3.446091348411559887e-04
1.276864801725359488e-01
7.092139111948332353e-01
1.246313407414487262e+00
7.058387951070655975e-01
2.448382185067367045e-01
7.529122514314647852e-01
5.550076105289371009e-01
1.257335504827651551e+00
3.133742608152005338e-01
5.805854011812778236e-03
1.052797780275527562e-01
2.701392563983172401e+00
1.490722377670746120e-03
2.484255566745218576e-07
6.266999002059893350e-07
1.583188828517567996e-04
4.755589104963085730e-05
6.716391394729685077e-03
7.015967665097628814e-01
1.454051836289065536e+00
8.055387521019485852e-01
6.770983808640858304e-02
4.270087408933389422e-03
4.782672912423883982e-02
4.119119693784978331e-01
1.030257325381258804e+00
2.342381574341105832e+00
8.633818202692018773e-02
2.434401414708632291e-02
1.156167724409733477e+00
7.611903310954805379e-02
1.835129963179782202e-05
3.107670566888544413e-06
2.024637875313464264e-04
1.054286868086222706e-04
2.702264700536299771e-03
3.335419575713049478e-01
1.616939412596064773e+00
4.200039108575929353e-02
4.135240027433702975e-03
2.717731471815042037e-03
3.096615880479390917e-02
3.871095599012184807e-01
2.097576421342285113e-01
5.466346185279645775e-01
8.245246744007999062e-01
8.856797820689235601e-02
8.206223157904318777e-01
1.904419424276194706e+00
9.370374099829912890e-04
3.125784007478441801e-06
2.745427637952183990e-05
1.330701647182871462e-02
3.781074647970804337e-02
6.323578953824077198e-01
4.246646675367810708e+00
8.185624420174969496e-02
1.242609837913527249e-01
7.901913412102525847e-01
1.058418449739101153e+00
8.613901515997531844e-01
2.079962056142822258e-01
1.051049433599970273e+00
2.893360862554229307e+00
3.985181202226922154e-02
5.201023523013974248e-02
2.134447927489512065e+00
1.958572814411870412e-03
6.564258166209409265e-08
7.913521532489601656e-08
4.007172457016300315e-02
6.681742586447732002e-01
2.842460646765477161e+00
4.289103194065796210e+00
3.913699835669519067e-01
1.287590982441604526e+00
2.611064315806218339e+00
7.211194020776794389e-01
6.595408878646621953e-02
6.199496186757077337e-02
2.771140505425084832e+00
2.017756933514701867e+00
1.353404546365116756e-02
2.056275878344777583e-02
2.844466347470262502e+00
9.213545051633832694e-03
1.917860305453447101e-08
8.202758703627931358e-10
1.606119866243422136e-05
1.695979989012374733e-01
2.258387652680798041e+01
1.102789907993988194e+01
4.320310855042449383e+00
4.291079180547484384e+00
7.401259347505277919e-01
8.077034924764128765e-02
7.040257916247079362e-03
2.221646425956257109e-02
8.505675485475093778e-01
1.534143396188043296e+00
4.865246042031914908e-01
4.959116070971646417e-01
1.642584018918072042e+00
2.084991427255673546e-01
2.333847322753093868e-05
2.035497761222794507e-08
7.722401839407663880e-09
3.782928012439621887e-03
3.386180738421435166e+01
2.668964673649449892e+01
1.412226878961334542e+01
9.745370399445294041e+00
3.435514377452077550e+00
6.433525931059160818e-01
2.428520137810194490e-01
8.483955545368951912e-01
2.355510781713417323e+00
5.322540782041111029e+00
3.616920866384814914e+00
1.215672007722640835e+00
7.686672451987839327e-01
3.545370691582146794e+00
5.735179405588357315e-02
7.442660439803202460e-06
1.641235437252135334e-08
3.468053651349912829e-03
3.123719996657483478e+01
1.630817737055072669e+01
4.701209514054507821e+00
2.746689235547579599e+00
3.025751049730592612e+00
1.748252834372236553e+00
1.621032039932039925e+00
1.948320734412903654e+00
9.210069269134955050e-01
2.110144713676236794e+00
1.029354481167910618e-01
7.022360290015791651e-02
1.799182814558744292e+00
1.144684640954266142e+00
2.833322523304454554e-03
3.503054818898635649e-06
1.202012787739707732e-06
1.610439972212289461e-02
5.711590873793781498e+00
2.527213294360609375e+00
5.472806116103655860e+00
3.079216782246075201e+00
1.179425322704732437e+00
9.653906736688256940e-01
7.429153632123437490e-01
6.382058695437702323e-01
6.268057144272075609e-01
3.587743125584565096e+00
5.038099050417184366e-02
3.000160489977245562e-02
9.129576927566901423e-01
2.128704427953080451e-03
3.988547650121237165e-07
1.107880860320986776e-07
6.841972556298342648e-06
9.930584253911068499e-03
1.131728881578696111e+00
1.872406874273294664e+00
3.460564830973515082e+00
4.422132182336979134e-01
5.260675618175374435e-01
2.331122257098157569e+00
9.093095118830616386e-01
8.046257333836857040e-01
8.329809961654730532e-01
8.891717812767341300e-01
9.996028201558644632e-02
1.027189791170555422e+00
2.104958612689049602e+00
7.843488132354813221e-05
3.636104443974979185e-08
4.128564643254324838e-07
2.726245433214893996e-05
1.476864815960585858e-02
1.957085847254824040e+00
4.795747069575200250e+00
5.601792925588203742e-01
7.134325137140624766e-03
3.831016501627607096e-02
8.761082943229329123e-01
5.839198285346819395e-02
2.256592290032579176e-02
2.865746772491630234e-01
1.921918856509605977e-01
4.156299629008369106e-02
2.713265274000254301e+00
1.979319841181996109e+00
1.852951685708955308e-04
1.496156437988627015e-06
2.659352613202579547e-05
1.986838227874026581e-05
4.050747416677390016e-03
8.680363677901626884e-01
2.702173547044737223e+00
3.631828534770858985e-02
2.844593269308560597e-05
8.512039341790532073e-05
7.333684347652617841e-02
4.132423535069699311e-02
1.177007497567283262e-02
1.772046377484169710e+00
2.582155830888066550e+00
1.356739301499100270e-01
2.214908879450492030e-01
1.171701431871846957e-02
4.208186496106667808e-05
1.993757413072939731e-05
3.424745709577876689e-04
6.732175407351185727e-07
8.666787536661536406e-05
9.481712362272981531e-02
3.118843963646981354e+00
2.192056661998113831e-01
4.883160855943983412e-05
5.071842448294210235e-06
1.861984685601337716e-02
6.803815586165031792e-01
2.222855714207327416e-01
1.065435888252634911e+00
3.947964588067625069e-01
8.524443285244296398e-01
8.696317222663406676e-01
7.334732354314155763e-04
5.348797758148915227e-06
2.829454088773400284e-05
5.908810674088218204e-04
5.350413722292281913e-07
4.219995640199478756e-04
1.403086012779670433e-01
6.731445914361959826e-01
7.203052597913077726e-01
5.438836914387650510e-03
8.617000768245633869e-05
2.332223751742315207e-02
2.200955082246077499e+00
1.035120740371391346e+00
5.850084226411045307e-01
1.551478930482327323e-01
8.461153589084026150e-01
1.012482473814251410e-01
1.699044120984198874e-05
7.758045186969304797e-07
2.358864760390433872e-05
5.669888188742433022e-04
1.742307054438407775e-05
3.581181726466065030e-02
2.487387646384239481e+00
8.737697097343961605e-01
7.685004407379743274e-02
1.021439787140011879e-03
7.175544577967774506e-05
1.875578962397846799e-02
7.828074607156421116e-01
6.804766335219630813e-02
1.419533752016492179e-01
9.470601379663678987e-01
6.237376629255513005e-02
1.549251326298499719e-05
2.368723616611487854e-08
1.727615652722453417e-07
3.116575722389374701e-05
5.930431539672317799e-04
1.818193697264660139e-03
7.972440832931711185e-02
4.351959696558667656e-01
9.272760414895533376e-01
2.223154327496803043e-02
3.966308388744029819e-05
1.305259098658358145e-06
1.894222455051523032e-04
2.118136342996121066e-02
6.820432562434484806e-03
5.676153613572688938e-02
9.116293134375766938e-01
3.760440787664090078e-03
3.415900416827712558e-07
2.332305054511612237e-08
1.562304569589436475e-06
1.027468513571622399e-04
5.928665020243901020e-04
4.906764614594375656e-02
1.630201639598978236e+00
1.115612060090789948e+00
7.903554761711276688e-01
7.446181606539802045e-02
2.469136954384786291e-03
4.179701101975674183e-05
3.477741896670952563e-04
1.144153056434715626e-01
9.304921497637752559e-01
9.388502646702748811e-01
5.251412015921477078e-02
1.084471618745773685e-04
1.398025879992584931e-06
3.104124552740356533e-06
5.676326363966353839e-05
2.519110892513742568e-04
4.078835974512171319e-04
2.736639941585248918e-03
3.205807664928983058e+00
1.200544097465165727e+01
1.764108811414759392e+00
5.938837130350996807e-01
1.275087022076541121e+00
5.572259515590402001e-01
6.802258633028359647e-01
2.013597041745487815e+00
9.968648830446286135e-01
2.693034575818475246e-02
5.856067850361718416e-05
1.584376757970396194e-06
4.985412453655749948e-06
7.986920308611521646e-05
3.097081479271676500e-04
2.671012346932994655e-04
2.748227234677968252e-04
5.502111106679383710e-03
3.927347752492994282e+00
8.931925144076863887e+00
3.283314882206597840e+00
1.467547523993283809e+00
5.965689749941683884e-01
1.563688389780919286e+00
2.056461047656810148e-01
3.423050409669416952e-04
1.028686220808368331e-05
3.403024242699777034e-06
6.683599769042906834e-07
1.360546775668201308e-06
3.382373460809416085e-05
3.921300972453590919e-04
5.950928459902664206e-04
3.634082675269500974e-04
3.955368600613790920e-04
