4.891284979258152948e-02
5.846387783113410563e+00
1.938582721099703576e+01
4.377406008490132727e+00
1.684751198903171820e+00
6.464630668087254506e+00
1.360736873434585048e+00
2.693763449104158436e+00
1.143204674027553880e+00
7.067164926956126351e-03
6.608836123231486145e-05
1.128068159557820808e-06
2.098191364263684422e-06
6.781041874418270994e-05
8.458863561736184157e-05
2.487617917191629386e-05
3.677097561843495251e-05
2.711402394579461570e-04
3.207763750605599571e-03
1.006004198228627633e+00
9.710972480122171291e+00
3.548985820594457774e+00
2.506083739562171342e+00
1.166375215169706214e+00
1.888058225168401036e-02
1.298158091910883993e-01
4.988061071523357981e+00
6.835951507484232970e+00
2.076708038207858653e+00
1.902520689786986116e-02
5.466150310506467241e-03
1.554695326425527616e-02
7.870200613420654705e-04
6.231355289864082281e-05
1.906870760993408171e-05
1.399151833181853569e-05
1.385005287788160949e-05
7.803788911182490441e-03
2.290413275476260058e+00
1.484822921811025376e+00
3.915528892925351223e-01
7.961559750734694685e-01
2.096425254210323996e-01
5.530379051069270746e-01
2.243536331632522529e+00
3.033135131385281902e+00
2.296045665477925724e+01
7.857560753386225727e+00
3.106699122326545215e+00
8.622251488110388440e-01
2.495846506365489992e-02
3.312553700640576831e-02
3.473413494358841905e-03
1.234339606629020130e-05
4.094318012205763394e-06
4.321570854367191850e-03
2.791183083356201244e+00
3.229874846408838707e+00
1.059005284592743124e+00
1.087664749760595573e+00
5.627521704887137322e-01
7.896101301700717556e-01
1.290993318873548290e+00
5.849018592848544973e-01
2.506817195738006543e+00
1.062177956788154631e+01
9.608353025411634718e+00
1.209847694947089547e+00
9.169786440145899498e-02
7.926504852960499781e-01
5.815508852190259120e-02
1.749625662500526959e-05
1.931164078690835584e-05
2.320293105739973036e-02
2.084375588835025273e+00
1.987369530436755349e+00
5.478599612381510608e-01
7.126798596386080265e-02
2.768637766952244950e-01
1.595940896826152589e+00
1.374749814113807034e+00
4.724405697466960707e-01
5.200067530889235234e-01
4.183568690074435104e+00
1.467543947296779194e+01
6.480570899020182907e+00
2.116428134599750432e-01
1.463650357410432520e-02
2.036336433276097644e-04
1.750575374252741553e-06
8.905909927821464251e-06
1.665391473208483256e-02
2.785709503224428119e+00
4.304409084949212705e+00
3.101410722376176654e-01
2.983783571191235898e-02
1.032022057523440228e+00
2.577687791501072745e+00
6.069157701855453224e-01
5.775095688424654039e-01
5.307870741309925755e-01
8.883751463582231223e-01
2.955119176196068675e+00
1.118017504391412054e+01
8.582530286701736122e-01
1.337429698986429723e-03
1.922338323927360468e-06
3.057556149983327031e-07
1.118483905927658544e-06
4.227572105772831219e-03
2.141815883473855653e+00
3.684509498805136118e+00
4.969620406011686087e-01
2.673409659843317132e-01
2.489761419321947500e+00
9.545630222298567835e-01
9.736031422209485697e-01
2.826385853589671537e+00
2.826229666535205798e+00
8.542595494737168504e-01
5.249804118142908926e-01
4.058848274754321750e+00
4.059762192258168589e+00
6.497502031022106550e-02
9.434798164688232118e-05
3.682397757107682355e-06
2.050413809961331892e-06
3.252187255849516706e-02
4.846137842435711995e+00
5.194502916197230036e-01
1.169718955713742320e-01
3.199460456167596556e-01
1.750882186019727893e+00
1.018551900946864652e+00
1.936149284479587562e+00
2.158911843020695276e+00
1.553691148434545477e+00
3.447856176168673237e-01
3.101498706454970389e-01
5.240644912386688503e+00
4.728550993458124907e+00
9.060201778526293381e-01
1.870103056790631962e-02
1.597401077332528865e-04
2.165978184331430599e-06
2.150014801449968635e-02
2.919280577363713824e+00
2.731348163686480923e+00
1.876966188779415123e+00
5.537812736901420729e-01
1.460235797663409052e+00
1.596335597715976107e+00
1.608295406658780680e+00
2.104924499907335989e+00
2.205622597018469300e+00
1.892398205276611400e-01
9.199114041519437790e-02
2.211385131701777862e+00
3.683732169189086747e+00
9.854306954478396774e-01
1.621757271202626041e-02
9.088682938715557651e-05
1.687104633587956787e-06
2.750305955303280689e-04
3.539510287172064826e-03
1.973124521723976788e-01
3.063568506349345633e+00
4.260719461165187738e-01
1.678429303507170234e+00
2.249576918444042839e+00
2.470168361237042642e+00
2.125301489475280636e+00
1.380908497919657085e+00
8.254330527573499054e-01
2.632240509030684961e-01
4.344614170049084234e-01
6.611815701186097627e+00
8.216913559753961094e-01
6.988210421286889071e-05
3.271343016524682911e-07
4.140224785579574231e-04
5.999400009808886908e-02
5.707526307151044448e-02
2.086165131472391132e-01
1.292407351728719123e+00
4.846354158842035020e-01
2.272770796482652234e+00
1.834474330254867169e+00
3.481741115953615573e+00
1.538814194390558665e+00
3.756273107371418951e-01
2.496988225748698387e+00
2.177494044272542340e+00
1.689300887014353603e-01
2.888111351299483598e+00
3.814183395453097369e-01
1.043132835231312173e-05
4.054381802554134927e-07
1.525027403176397846e-03
1.958941604733905439e+00
3.139440715175755869e+01
1.137060609991664961e+01
5.914796001164419614e+00
2.429255843749879684e+00
1.765462192743290970e+00
1.894502678501762460e+00
5.201145058908445584e+00
3.679267614506407824e+00
2.133651991189617902e+00
2.179947041601423052e+00
1.152172883834049699e+00
2.684955875555334881e-01
3.965054857243594633e+00
3.672269804072799015e+00
2.542701153324460409e-02
1.962015104774760682e-02
1.086736996609379791e-05
3.193005748364648871e-02
5.800758084563064898e+01
4.623659255196424311e+01
8.598990621260570677e+00
7.016491734957047477e+00
3.817328723468028873e+00
8.790492530479641076e+00
7.641276363418234574e+00
2.702035981084102811e+00
4.765888009227313482e+00
1.581672594758000594e+00
1.159930079885658216e+00
1.661714176048449065e+00
6.925154315281779382e+00
6.385800468456356072e+00
8.652782089062251991e-01
9.652107522425406039e-01
1.714000109574521160e-06
8.036879417435824000e-03
3.779949643688949124e+01
2.472955965665185474e+01
1.599954208407372125e+00
1.542880046459247811e+00
3.534296007836441156e+00
5.960656791398894150e+00
6.072787591391379802e-01
9.399639040594401362e-02
9.903799992710691225e-01
1.919815925940508095e+00
4.927816840680038224e-01
3.341793850724960047e-01
3.134749623442732336e+00
3.686488883729348132e+00
1.757573537258516061e-01
7.402797124316191912e-03
2.835021658728388159e-06
4.299427006794777177e-03
1.111057219880377644e+00
1.514223863529545522e+00
2.067712421180564863e+00
1.093341790706207073e+00
9.385781065812897062e-01
3.340660530404170103e+00
1.120444333345908428e+00
2.949585601583181727e-01
1.863080398741242538e+00
2.233556098853403338e+00
1.191477176234461838e-01
9.349444847629358180e-02
3.788106665912905235e+00
4.048532148517695717e+00
9.674180651214772109e-01
1.529120592394376046e-02
2.192448231294104270e-05
3.862842204565271331e-02
1.012244485259402804e+00
3.907118427773497715e-01
2.744881631482085638e+00
1.129261341614580028e+00
5.067434275286756273e-01
5.497432445298644943e+00
5.113148883406752887e+00
4.123273229092316861e+00
2.894037761038597889e+00
1.573640233013312351e+00
1.354389097138785969e+00
1.725261766818361853e+00
5.889384555096436102e+00
5.218523945755167981e-01
6.453990719628293071e-01
5.926953720556561722e-02
1.796784668068546742e-06
2.555730012778419796e-03
1.470919965768243243e+00
1.250531414950847520e+00
1.046972473894126177e+00
7.168990534058543584e-01
1.091283212648850975e+00
1.777540300053181088e+00
3.638514404271651070e-01
1.751807305446088536e+00
1.921049988057249802e+00
1.158157605044201066e+00
3.656736045131459889e+00
5.939535712764666187e+00
1.174175148056067641e+01
7.352175996542077430e-01
1.980213675855306832e-01
7.265633832770587372e-03
1.223046863426127650e-07
9.536823042150640499e-05
9.005573236475262755e-01
5.255018218583256129e+00
2.206202179686809206e+00
2.039842373615167848e+00
1.282736359729556019e+00
5.283204264541168094e-01
4.426380998648727916e-01
3.791214753227355239e+00
5.058413950611595489e+00
1.154703925293353528e+00
7.002538818894544770e-01
5.007247834332298808e+00
9.531624028330009324e+00
1.490218839699662956e+00
8.064196152177399712e-01
1.080891474719183551e-02
2.751759842350663039e-06
5.649300702586360079e-03
2.056957229495510742e+00
1.572417744584267529e+00
3.141942633895024262e+00
9.261491643283221720e-01
1.916823767495618447e-01
1.432796735908078434e+00
3.797515576853947028e+00
3.266896473943441404e+00
1.471133570709168836e+00
8.430473669199630704e-01
1.689275147424021073e+00
1.058617747559939559e+01
2.322577415621081887e+00
3.220163513288735180e-01
1.007284033647554977e-01
7.176330687962611870e-04
4.615311997377666465e-06
3.837664688769439753e-02
3.699648374803913065e+00
1.033166124812656461e+00
4.201106775569925844e+00
3.224373704981202682e-01
6.906719648613271478e-02
2.097059083192020168e+00
2.316160847134418610e+00
4.951343771311025321e+00
1.508167396503786284e+00
1.038357329904690429e+00
6.350966283783589184e+00
5.363687871906410720e+00
1.825936192298471372e+00
5.041808380148637969e-01
2.600624898521324783e-03
3.292495382636109679e-06
7.415120947818695906e-07
4.095945774023737607e-03
1.243661324032878657e+00
8.704186296578275694e-01
1.900398515729422977e+00
5.293712558819335667e-01
2.660903121245528635e-01
2.239874533671338153e+00
7.518345204747648447e-01
3.191842834478964885e+00
2.381458003045290095e+00
4.730849746278911638e+00
1.474436034647130178e+01
3.515711819170120211e+00
1.565809222198188522e+00
7.067403573878752177e-01
8.554979117747262343e-03
2.739210167221976778e-05
6.583792779560782450e-05
2.978293956527249334e-02
1.838468114260662034e+00
2.902404045158950563e+00
1.711310506802527831e+00
7.416271429801083448e-01
3.727328422845923583e-01
1.334966407767879781e+00
4.625577105861323757e-01
1.273789650813269114e+00
5.816550590511352148e+00
1.397714141694046575e+01
4.279463846999632004e+00
1.559015746179728490e+00
9.580289245685348620e-02
5.947965839330722482e-03
7.402480434208589567e-03
2.109373167358213116e-03
6.775197322886840345e-02
7.929418069611984254e-01
2.299125850880867628e+00
1.967476097564554216e+00
2.199796492077730481e-01
1.004567241230989588e-01
1.016201092674690609e-01
8.409675967943950337e-01
3.516394486184537538e+00
1.005779200996741807e+01
1.155135266836151153e+01
6.422911816203418667e+00
2.460764326854823825e+00
1.075674443429127658e+00
2.937790135241836846e-03
1.278047261243758149e-05
1.038319690682847399e-04
1.368290708687643379e-03
1.014775979407384066e+00
2.896863255313875563e+00
9.351597471349784030e+00
7.206104973845297579e+00
1.838885639250354753e+00
2.104982423680618275e+00
3.441562197880342122e+00
6.958769157858690768e+00
9.557439501364195067e+00
8.706811430786183692e+00
2.608953335429971432e+00
8.485943668247843963e-01
1.550746820038107765e-01
4.887061452424858697e-03
1.733558476809276313e-05
1.036863961830825611e-06
1.780234173343602321e-05
5.303305324592336861e-04
9.300108520369106957e-01
5.256600543051604291e+00
1.844222392696898893e+01
7.878836729539050232e+00
1.104078869955495534e+01
4.881303727120266167e+00
4.474634618747967529e+00
1.155484531582157359e+00
1.849217016711924289e-01
6.790674439067692081e-01
1.906548772351989163e-01
1.421954740839517350e-03
5.825763301089302630e-06
1.861449766995908974e-07
2.481730410446982443e-07
5.328809917228097495e-06
1.822552223759327814e-04
1.873933904157874157e-03
