2.425950273197024495e-08
4.272636252554084754e-05
3.307794794392973897e-03
2.152389425561607433e-03
1.203107205675083436e-03
5.560256817010930663e-04
4.934379760914088704e-04
1.467332285902350037e-04
1.027223405074030695e-05
1.912976511710136969e-08
6.115124400343337887e-10
4.470829669373560836e-08
2.512613661690894484e-07
1.536894106020203415e-08
7.718389155525868410e-09
4.523168923237994322e-08
2.525293763123913212e-07
1.054395807070438785e-06
1.724094099855960109e-11
1.153710030063463601e-07
2.660042818376685044e-03
4.006479695704946199e-03
3.720333750487301032e-04
4.800109228122263804e-04
1.390401901061832880e-04
1.069664155480406039e-04
1.502665787205910300e-03
7.980563588375016819e-05
1.693643115633773544e-06
7.949110712034720459e-06
1.822910771530564021e-06
5.269037674787088588e-09
1.911662845026418547e-10
2.792267640023630428e-10
2.512758828549967146e-09
7.636662984836860145e-08
3.126235789611927038e-14
9.654495155041609183e-11
1.786635625853861140e-05
1.821339425291990967e-04
1.958965127517967199e-05
1.365281681718746139e-05
1.237393174061264936e-05
4.923458106474875624e-05
8.133227465210533108e-04
3.537215239223977237e-03
3.619735405788760459e-03
1.476303509597564657e-03
1.129880365463249362e-04
1.525043424351811517e-06
1.687474078993401000e-08
4.460890237291977788e-10
4.687977445379511364e-10
8.454348594252571175e-08
8.117895652731396312e-13
5.834032668606659410e-09
5.077986113663790501e-05
5.612766723746914982e-04
8.389470624952195463e-04
8.428690145012229730e-05
4.333612077497099048e-05
5.373820052784436833e-04
5.072984554401084719e-04
6.521187322982356475e-04
3.873213989194363924e-03
5.048583724921270298e-03
2.317129397972881016e-03
8.403950452226799503e-04
6.389689216440149161e-05
3.546493064073962585e-07
4.492289408009771581e-08
1.441863573035961559e-05
4.923527948434753779e-08
1.232390511339971325e-04
1.434646174504529892e-03
6.348853447813257401e-04
4.156374742816914755e-03
7.609026455871139736e-04
6.988722480763701419e-05
1.725252872101541029e-04
2.433970010804002964e-04
3.175258236604699947e-04
5.870295098728920422e-04
1.861437887561412461e-03
4.427690150265214952e-03
2.058546302114455922e-03
5.315648189400046719e-04
6.861019793457172301e-05
1.743149940842422487e-05
8.192159513803774556e-04
1.166504989409004898e-05
7.185692383282597535e-04
1.843586752790598226e-03
6.320377785784587641e-04
1.472468084946024170e-03
4.035876407387020692e-03
1.338722311307952812e-03
2.851931399980014103e-04
4.568166875192040282e-04
3.109487634998825412e-03
5.283295072347473850e-04
2.432758804278775666e-04
8.361658490006113054e-03
6.246274154154179449e-03
6.071242855171824979e-04
7.105163832180774004e-04
5.350499828220777430e-05
1.078254839083227433e-05
7.971154807608328348e-07
2.403292403792040523e-05
1.231011115134520578e-03
3.075425079972377365e-03
2.558205717167550634e-03
3.450862392288758188e-03
2.250854086984430558e-03
1.879909251885180819e-03
1.754447364029266924e-03
3.479156449210980221e-03
3.498319485245826544e-04
4.849484448135977317e-05
2.672657667072446050e-03
1.445283783771851918e-02
2.292298459069375734e-03
7.618865595412523378e-04
1.331658571249230609e-06
2.708358185678391524e-09
3.870057847383938401e-08
2.016609970937316337e-05
2.170578224772528545e-03
4.566346704251718347e-03
5.816047840670857984e-03
9.975547614074473969e-04
3.147067290579454624e-04
1.310355973195587295e-03
2.523233640913222393e-03
4.654571280480569034e-03
3.729827174430414352e-03
2.626780575174094768e-04
3.969345445663128246e-04
7.929560861580498346e-03
3.332566512818571376e-03
3.311497315212648244e-04
8.280759662217383152e-07
8.024583615750577368e-10
2.639760522498285868e-09
1.428961235505853970e-05
2.000501355818321437e-03
2.088470288577250460e-03
3.753560873813297730e-03
2.346141775760152669e-03
2.679700251383751192e-03
3.065382655880289058e-03
5.450743656613570021e-03
6.358108149847410857e-03
5.290210292978275372e-03
9.214948578516932425e-04
2.645512251922726749e-04
3.518491254789468062e-03
3.176024773294312646e-03
1.203838390159851302e-03
3.505856064151314941e-05
3.827364354479927445e-08
1.382257714123236938e-09
6.379366687866752120e-06
1.391027010419577936e-03
2.220100071940657015e-03
3.330014022197962716e-03
2.155858617569344268e-03
2.221179288227157194e-03
2.436502850465649406e-03
7.597141677018086521e-03
1.301531158091238103e-03
2.297121599751870947e-04
5.276764923724709547e-04
1.775912512344720294e-04
3.558891688687977639e-04
4.263541154135223714e-03
2.052865418769013895e-03
3.274424231514019678e-06
5.280420012680846554e-09
8.604856634614786789e-08
1.027086226665418285e-04
3.746323735839193585e-03
2.262898909809244602e-03
3.342771950352821635e-03
1.515806317144423538e-03
9.076714515503923235e-04
1.718245176631938431e-03
5.417054065520850170e-03
1.171920568932865786e-03
1.341338728829707765e-04
6.482150397098716214e-04
2.612374298570152098e-04
1.135943530505209440e-04
5.780121056338815601e-03
6.555914257882576980e-04
5.967661395527989134e-08
5.359847686821656209e-10
2.810609648306160786e-07
6.648707784800718780e-04
6.663721765776065009e-02
1.364835768808539927e-02
5.979289674044051955e-03
3.945385988774929159e-03
9.498840831843832246e-04
3.381231311637967986e-04
1.263262754367095288e-03
3.745335766107585600e-03
7.806826473207656653e-04
1.282816205519931359e-03
4.170419022085145424e-04
9.335795352688697289e-05
2.714558219980772909e-03
1.240376615002999547e-03
7.725995988129571128e-06
6.362818934564992105e-07
5.586792728705165818e-08
2.692492654515091862e-04
1.368960753000788844e-01
4.595344286822162366e-02
1.110906779676912662e-02
8.365433097859144643e-03
2.210877644635620039e-03
1.044934294254371704e-03
3.681702218516410066e-03
5.891738626269346808e-03
2.464078988061881199e-03
2.586311677795209707e-03
7.576285814257555139e-04
5.448491773387001760e-04
8.798903388242006532e-03
3.020766603975641885e-03
7.727031172673033080e-04
9.041317863759260401e-04
7.166765463060908138e-07
1.544353841536447993e-03
9.515576564536647186e-02
1.960797485817311961e-02
4.962789820583278846e-03
1.811618643396648107e-03
6.772064455044027580e-04
1.209287593495117930e-03
2.505156641602624898e-03
1.730551765043301157e-03
1.730280925571425332e-03
7.766691133881538063e-04
1.888783348432508267e-04
3.106130266322893667e-04
5.059479735119989594e-03
4.413712634879285511e-04
1.497153050154634605e-04
8.073810002598207297e-04
1.535263210463069678e-07
9.840441411863634353e-05
5.612595569499657239e-03
4.857784128701981771e-03
4.389477521567924402e-03
2.737546521741181065e-03
1.734327607188231252e-03
3.421788560331359263e-03
3.439491519524103241e-03
1.327380376675102100e-03
1.592778293802285441e-03
2.068289181041098844e-03
8.322873077765644565e-04
2.692229289583549065e-04
5.713898467154812470e-03
3.483146440134264870e-03
5.898287436439601360e-04
8.615409719505746520e-05
2.223233027797714459e-08
5.902119611864708710e-06
5.996292640886322165e-04
1.982528848076003415e-03
1.895127761450212051e-03
1.376355149959111865e-03
2.702412144808029239e-03
5.291161150034195959e-03
4.933646988933011734e-03
1.476934035476296873e-03
1.097919059997448134e-03
6.584388513411937359e-04
1.945691362830877474e-04
4.184504783857917617e-04
6.083923918631873456e-03
9.948596386558890888e-04
3.934763800287937647e-05
4.615334248518527339e-07
1.158083952496219899e-07
1.027448808083320642e-06
1.849197410587852619e-05
7.568661064190234690e-04
4.078384625653476946e-03
2.281048904776941666e-03
3.383779556589951599e-03
3.277085282374906337e-03
5.824587065518118702e-03
5.339978198432600645e-03
5.726671127997783398e-03
3.229154499532936530e-04
3.338720723724849761e-05
2.116149584262858041e-03
4.215437720989145820e-03
5.367803679201202670e-05
5.252509373395032572e-06
1.096875150281496810e-07
3.766567393242917407e-08
1.849166038075999603e-08
1.012380237535148457e-06
4.381876605526344387e-04
4.063659422014844792e-03
3.478860436349426495e-03
6.315516645060568514e-03
5.327457732293468771e-03
4.739393244740884407e-03
3.778595479243390676e-03
4.584318216296300735e-03
4.091826964465333782e-04
1.283766846751292063e-04
6.249164500717356227e-03
3.862183391648563776e-03
6.945453692786620909e-04
8.413232426428527994e-04
8.943829857588666743e-06
3.110110684628405423e-09
8.378925739744535796e-09
2.612493300636563028e-05
2.073533740866128228e-03
2.054248885373177388e-03
3.734652360393532489e-03
2.985979602711631188e-03
2.848336643217691273e-03
1.804928902700062834e-03
2.658702286717744365e-03
1.517325303353691916e-03
2.460118071156719042e-04
1.032897755724326936e-03
7.504796852657188988e-03
6.814193744403382758e-04
6.850033129895045675e-05
1.965050780386255459e-05
6.968653515283929593e-07
2.031258342767667357e-10
1.342101729913967841e-09
2.415808608203472423e-05
2.328839685783668976e-04
1.699053940323041881e-04
1.543448784719368043e-03
5.002736243952164924e-04
2.123377274102923162e-03
2.069172621691266374e-03
6.931394343305644122e-04
4.512977918151485227e-04
8.097637499878005069e-04
9.181022950860338872e-03
3.023418724495120953e-03
1.209669243505457384e-05
2.061957968044119071e-08
4.574279655373144236e-10
8.423876915071063995e-10
6.011320187332265285e-11
2.351646419038509779e-10
2.659164527089380925e-05
6.297252111192744393e-04
1.411380618079817364e-04
1.472437290604646518e-03
1.002952341274937443e-03
1.843696908857662443e-03
5.890015427546318409e-04
1.581159077875639914e-04
7.887921739694427666e-04
3.189007195451109937e-03
6.542419332265567329e-03
2.268589446571122638e-03
4.961375929651928266e-05
3.744581359314998838e-08
1.532110345369840654e-10
6.504844277507178611e-10
1.727662491234436096e-09
1.087198996450322547e-09
3.547693027608787636e-05
8.149735253272466333e-04
3.023889265391492497e-05
1.506907543879526957e-04
6.242323568707641235e-04
8.543965552505624033e-05
1.113518253243545824e-05
1.560356269117459105e-04
4.004889315011293284e-03
3.104459935057753400e-03
1.359521463300021214e-03
1.078814082384623417e-03
7.855633233854600935e-04
1.318024693569088172e-05
5.109268435949919734e-08
3.068693693133787333e-08
3.166727884898337768e-06
2.080525973967779042e-07
1.403053447437346538e-05
4.380958807718728879e-05
3.539358738629206545e-06
3.810970552499144157e-06
2.782085565230712690e-05
4.370701803728045708e-05
4.982714796713669442e-05
6.927230617664839780e-04
1.149805288745508244e-03
5.932605427861057431e-04
9.828998361223522046e-05
1.445346432170162390e-06
1.031063579261007150e-06
2.595228717634723329e-06
4.053475555060329789e-07
2.544590701976228764e-07
7.709812860140566326e-04
2.353673181373421789e-04
4.647710856185064245e-04
1.299771049506382630e-03
4.609868396956046956e-04
1.380128241498041397e-04
1.192366803661383008e-04
5.756576886610544324e-04
2.799506846974327261e-03
1.608067372609532772e-03
4.335450250180864222e-05
1.101580258245998960e-05
1.075496589710567181e-06
2.343033751116050156e-09
1.202178984563568141e-09
4.520383367776958779e-08
1.955947517723085168e-07
4.245298297799967668e-07
1.253955512742332815e-04
5.362099981212410963e-04
5.618650775518387996e-04
1.932174417362037119e-03
6.650026357912281914e-04
1.296760857592164484e-03
1.754626166363508759e-04
3.789145708598591474e-06
4.103715523770012104e-06
7.157804769189882062e-06
6.315316103456721421e-07
1.740416998786888558e-07
6.027014763029465988e-08
3.740462840778979517e-09
5.465573619752821241e-09
9.081969959476616240e-08
4.221042070600741861e-07
1.074405563825199821e-06
