5.517475535758130897e-06
2.563922330022025062e-03
2.621858094798209127e-03
1.977758325997745962e-05
1.585328531592936020e-07
2.955869629207572983e-08
9.888291908719851822e-08
7.778127887829206562e-08
1.657683941178315662e-08
2.319869515936977531e-08
1.439004870451491304e-08
2.775669056159018404e-09
6.991349081244937729e-09
1.048137420241489674e-07
6.024137266198987023e-07
9.631988529822012081e-07
1.101580956057016880e-06
1.931697625205161789e-06
7.104905429109759847e-06
4.204506271677300230e-04
1.695790548481551557e-05
5.832034989326297206e-07
2.386298379995261393e-08
1.089477180450422608e-08
3.763124687837336854e-06
9.944989596887175644e-05
1.293931718495283881e-05
1.172937104122169073e-05
2.044587227660984509e-06
2.220724637551800231e-08
6.774365006513775703e-09
2.311693939052828734e-08
5.915026484854153448e-08
1.658525724016276918e-07
5.289384337062910152e-07
1.621606782619120839e-06
1.163523468381782002e-04
1.870209723788741028e-03
9.147862495396095767e-05
7.013098536870000007e-05
6.099608618196931493e-07
1.008494176524476442e-08
1.845847510232372928e-05
2.212214936609664066e-03
2.691667597610971252e-04
2.478023701920200553e-03
5.480046099709180718e-03
9.836833582193347093e-05
4.956123776174110724e-06
1.728009178873845678e-07
6.635804417766680196e-09
1.116943847827696800e-08
1.954903513028482277e-07
2.032884372926691426e-06
7.486049485763389106e-06
2.840110433241320172e-04
6.569091245316890058e-04
4.837650554647012976e-03
3.156765182679277510e-05
5.018619945874201041e-07
2.940669711345520062e-04
2.373769345695478882e-04
4.931041927252153699e-07
1.168605004274463477e-05
2.553732992983333977e-03
7.820248305230172864e-03
2.709729210169529046e-03
8.848522333257817008e-06
3.175356602494211179e-09
3.657273994867196813e-10
1.953882899404234964e-08
1.528990335248512776e-06
6.903450652076891304e-06
2.631898822603442531e-03
5.054979329255878881e-03
2.465021253154264010e-03
3.759539369527057392e-04
2.436337163975900032e-04
7.274717196509296671e-03
3.556945821619368484e-05
4.986831119038123633e-09
3.631641011483501356e-08
4.342187307668643747e-05
3.579198028455437674e-03
7.512703789382970364e-03
2.706616909863655135e-04
2.733519372549358749e-08
2.234869810697198589e-11
4.287048983597691796e-10
3.519370651168631846e-07
3.449986431306853794e-06
2.710759650142279074e-03
4.816877563468133921e-03
1.648604065819502971e-03
1.501116803200840295e-03
1.897758000069370711e-04
3.222796369670326354e-04
4.002242906398563883e-05
1.094837738083887578e-06
3.445917004675836756e-06
1.057540882250371028e-04
1.256114401119608681e-03
9.815357308038169439e-04
2.186743344450653870e-03
3.165841256521232293e-06
3.388439031303763443e-11
3.173478086208104584e-11
7.010683824005277852e-08
1.737471875913654132e-08
2.565000109717279145e-05
7.429599655684207505e-04
1.157632706558643860e-03
4.436468174933618641e-04
1.361534925991695633e-05
1.922422650165422334e-04
2.637111729340095839e-03
2.923777934135479706e-03
2.273398848914297190e-03
4.883976982257474085e-04
6.254501698617409349e-04
2.450036414646626767e-04
4.865464204943669574e-03
5.823329426321121986e-04
6.375534304492289623e-09
2.264803062597977703e-10
7.221076521179727155e-08
4.383615287037305929e-09
6.951647823458689021e-05
2.172800095560566309e-03
7.220367665172101749e-04
5.422260379176012781e-04
1.076385126249154999e-04
2.011970082445496688e-03
1.995890453668091539e-03
7.087445271051506269e-04
4.258860907922378501e-03
1.292622481204184137e-03
6.956019263099209220e-04
2.768611007542595812e-04
3.159233420147216937e-03
4.516849915322809599e-03
1.153708448837392873e-06
7.702562434442726058e-09
1.283941164519090465e-07
3.153250432730617187e-09
1.273220810935674335e-04
4.657486280456433862e-03
1.577065436278331494e-03
2.596911087242954538e-03
6.574766862519928860e-04
3.482656292230842162e-03
8.354347553878733708e-04
1.867462657214583770e-04
5.502934406774346102e-03
5.219500653387822327e-03
7.727692297294883354e-04
7.782681996406702433e-04
4.413001583128667478e-03
6.661140502724820396e-03
1.608722320920491391e-05
2.420536932417397054e-08
4.165023840355864576e-08
4.215575411111396624e-10
4.575681992274852855e-06
6.887403187964814778e-04
1.076934096889911336e-03
2.340503415201325432e-03
7.288963131031479369e-04
3.012840606485450972e-03
5.406537138929382209e-03
1.192982635026713489e-03
1.215716078208511431e-03
1.290878125999764085e-03
8.295974298701372677e-04
8.742900106357961781e-04
1.323780172266683002e-03
6.423215065056198624e-03
3.372317125787615514e-05
2.387441611964844000e-09
1.143519707441456278e-09
1.994881081928875892e-09
1.064784193976140186e-05
2.124194648330631624e-03
1.526287073810564951e-03
2.909777480263202147e-03
2.591599868294803231e-03
1.420929026057730221e-03
1.441039543514327590e-03
3.335506293241719336e-04
1.379250392411828553e-05
2.682508701584982567e-05
6.423516798104217038e-04
1.177449262380108534e-04
3.276467288299015821e-05
4.042780149602754822e-03
3.284488607509355985e-05
1.381401317924602802e-10
5.208096194874542285e-11
6.934862456870982595e-08
2.827728128579483054e-04
4.784165733698766271e-02
5.843371548044972233e-03
9.753408770807684694e-04
2.467952810072184932e-03
5.032004831937279127e-03
3.003976511552267775e-03
2.552356582539620691e-03
1.988581154219024765e-04
7.977632175281665393e-05
4.424242341521186436e-03
4.158429437846474191e-04
1.349953532929783862e-05
5.892407063313109643e-03
4.378911388050467607e-04
2.707143706784939629e-09
3.955531086062498776e-10
2.235048392575375488e-07
2.204323769694835865e-03
1.475068942123487492e-01
2.383770689340910381e-02
9.639673799918596284e-03
8.193633620535321557e-03
1.292072065870982639e-02
3.093749102189103338e-03
2.753139758011447814e-03
4.521339234768551041e-03
7.600375617162515030e-04
8.211625401211250161e-03
2.402775879449709894e-03
2.232695900138200137e-05
5.204590149968785912e-03
4.792044280477339782e-03
8.708276064789678770e-08
3.326309356594519242e-09
1.891602646201706547e-09
4.852608354727700672e-04
8.104725638773736807e-02
1.307921482504691146e-02
1.765301951735972347e-02
3.291465324791090219e-03
5.675786608731786705e-03
2.663990398288572457e-03
1.092289790039752779e-04
5.313052392031089631e-04
1.999981179125451519e-03
5.917496173645432622e-03
2.556271392684072909e-03
1.263065506675814054e-04
1.085904891592302107e-02
5.583560543758408308e-04
9.301771417892027964e-10
5.474064924565712869e-11
1.427977957160526099e-12
7.898526283466201220e-07
9.071441904052273547e-03
7.370056208200469715e-03
2.883008393257785115e-03
5.823419346859931003e-04
2.287369155306575360e-03
1.850098043799683605e-03
2.596537153491688596e-05
8.045540618637144501e-05
2.471340603300088527e-03
3.021583904871023591e-03
1.277315798401262859e-03
1.803341717350818692e-03
1.464409610513715473e-02
3.733385356066355227e-06
2.507758742048093349e-12
8.760005347010404367e-13
4.210154619140500162e-12
1.692717728830280909e-07
5.355325776876736742e-03
1.558304775607080410e-02
5.872674230360542744e-03
7.297525893420485181e-03
7.885820077734081307e-03
4.906413143241766632e-03
1.926244392855171270e-03
7.979459260222958360e-04
1.529845952595413087e-03
1.281098203912674986e-03
5.791912645652881391e-04
6.353751145743573824e-03
9.827937077432062629e-03
2.775210563760125684e-06
5.947775252074013468e-11
6.409941085195897966e-12
2.613744540593595222e-09
6.456371689319253317e-06
1.255585993182909040e-02
7.585434512896519800e-03
1.088262169838561614e-03
1.117328500015461225e-03
1.235829272289513448e-04
1.191837671176867021e-04
5.823892808178873434e-03
7.224594294238053174e-03
4.702833053418024357e-03
2.853819827647105858e-03
4.356925404849177827e-04
1.275758634888245159e-03
6.855572578933733733e-04
7.079540004523482877e-05
3.624208974605048773e-07
5.130691364049436685e-10
6.860022010726941860e-07
1.320742122408943300e-04
4.041098857320480145e-03
1.871677333265495688e-03
2.745571622045669350e-03
1.446748394105978408e-03
1.445153124947840146e-05
6.069628681870635992e-06
4.044183872137367447e-04
4.797536501203961828e-03
5.186743056729237362e-03
6.425875356836681243e-04
1.018307184770042345e-03
8.433341488684572423e-03
6.716498033548131937e-04
1.990084947034558016e-03
1.945622425666013655e-04
9.648332964307687660e-09
1.377213408650778779e-05
2.393995056408508397e-03
6.966181479472262350e-03
1.148543710382489511e-03
5.143265378949012957e-03
5.832710775098483725e-04
1.742139458676719271e-05
1.572066750895720116e-04
1.526432060162791725e-03
4.411142972893499110e-03
1.659233656827567788e-03
9.246997445421950318e-05
2.203712990555546473e-03
1.176447576369279817e-02
3.007896195117616768e-05
2.897913547072777007e-05
1.904699232433379835e-05
1.564809252766451653e-08
2.218948629483813524e-06
2.418643333377001078e-04
8.647726101737239837e-03
2.014122511054694791e-03
5.214277791318976292e-03
2.041326442605412273e-04
2.349085715181346921e-05
2.324753167583746508e-03
3.921870716833184001e-03
1.209467586716298903e-03
7.337270927072200377e-04
3.756629516269288107e-04
5.001731130107832206e-03
2.577726243341884205e-03
1.594620460019863606e-06
4.881497186665464221e-08
4.595661056943167029e-08
1.235916195835450222e-08
3.797765411360953558e-05
1.156277325578304864e-04
7.519940839289573735e-03
8.540832290811457101e-04
2.551296278782239687e-03
2.258453143630345140e-03
4.435682955935827385e-04
2.193973058878236158e-03
9.584496490404876396e-05
6.507229519513274191e-06
2.058908342410136947e-04
4.562198314020884764e-03
3.536058844826100046e-03
2.290317822104296144e-03
6.483528863942618792e-05
1.797615173754376528e-07
1.465905049964012382e-08
3.820747874245430842e-08
2.315120032631644720e-03
4.172640795076226891e-04
2.124551217523146327e-03
4.126582366710054714e-05
1.003668405478739160e-05
4.069835726870512808e-05
5.497479814591895749e-05
3.395967604587181514e-05
4.529945977571129699e-07
2.293181221442004589e-07
3.494218925892550996e-04
5.204963897571750382e-03
1.816859361916047953e-05
6.406979521532114950e-06
2.390166974844664402e-05
7.685712278695145351e-07
5.613993485924506189e-08
1.637904768792869220e-07
1.447807407683467888e-04
8.583610527548462849e-05
2.191630739607720792e-04
7.656539394392572169e-05
4.867633493796556603e-06
5.442564100199043421e-06
4.858584952411070846e-05
9.010143429833899090e-06
2.101792170896911395e-07
3.755836885575223433e-06
2.376650417510366674e-03
1.458998045137836698e-04
1.262745287055838706e-08
2.696776768093807930e-09
1.067687112896526227e-07
1.760161762563327989e-07
1.158073585536454713e-07
3.856814419110135637e-07
2.125818191809472407e-04
1.971532377169813843e-03
3.317791676537765969e-03
4.775206538296821769e-03
1.421095533689890227e-04
7.987640714671848563e-05
2.404479587998423554e-03
8.749575869425011310e-05
4.818304166813704495e-07
4.893750013070806334e-06
7.400243973400474353e-05
3.670451151634944673e-07
4.108117246635096299e-10
5.718506239895136179e-10
2.569874611079242811e-08
1.520091605547010648e-07
2.726777275144293046e-07
7.781919688486898504e-07
2.566806062521615958e-03
8.411106244346811672e-03
2.426278093854265967e-03
2.056574511036617624e-04
1.119726305947116321e-06
8.302300851919528934e-07
5.743471940936554766e-05
7.153542872870437183e-06
7.330422454963487298e-08
1.008286889059317296e-07
1.935735440358409786e-07
1.433455563212046173e-08
2.896611569691251686e-09
1.992316532170170595e-08
2.549582691717402401e-07
7.236873834143669561e-07
1.018369674296597654e-06
1.981914375294578344e-06
