3.838248314093473262e-08
3.285956507476277553e-08
3.143833460230634908e-08
3.328899768872526563e-08
3.425261613208010972e-08
3.336482655755849002e-08
3.498370779743909543e-08
3.959739834779189519e-08
3.667247287749213028e-08
2.027852625333431326e-08
7.892622502750708433e-09
6.382766848474107475e-09
2.214455247249050604e-08
5.962228276566771013e-08
2.423804718842277043e-08
7.556710617638895170e-09
9.293052448074181501e-09
2.250356993928251389e-08
3.060919647668909521e-08
2.603440914597248137e-08
2.490094156530606022e-08
2.548471355904749648e-08
2.558474666789723371e-08
2.581876589894695700e-08
2.933336731267519786e-08
3.575988537514404030e-08
3.260304106631438217e-08
1.449148845663768755e-08
5.136910350013270774e-09
1.701441952263625645e-08
1.731659971894096464e-06
3.663416348356202378e-05
1.944255093507299263e-06
2.067263640336379527e-08
6.118955775323177428e-09
1.626363599690405059e-08
2.982263918791428830e-08
2.518474759418105154e-08
2.308162280445271988e-08
2.176950749360623720e-08
2.045887841734166192e-08
2.020089009551370628e-08
2.307482754310603883e-08
2.913234089831743213e-08
2.855258626450086221e-08
1.337343199855440140e-08
5.544981807027398269e-09
4.800627392610261679e-08
3.520634356587898801e-05
2.317103580566429611e-03
3.548501383875042072e-05
4.910299739518804109e-08
5.717076421507985874e-09
1.458749258777667438e-08
3.270872519790779258e-08
2.689942859217142951e-08
2.373529942805591159e-08
2.172772622272584416e-08
1.977468441593874672e-08
1.837688245604478392e-08
1.931149893789635189e-08
2.347963566310983297e-08
2.548529970063200650e-08
1.558671856204434991e-08
7.194493006364185941e-09
2.456900156928538131e-08
2.105767637988667067e-06
3.642768613890078451e-05
1.743984639012491218e-06
1.896246961925503962e-08
6.137556873949396960e-09
1.721161895895307439e-08
3.280765191871541622e-08
2.614474919789579445e-08
2.421032153441315001e-08
2.542017141845304325e-08
2.638322829816042349e-08
2.515976089660910859e-08
2.411888954953381041e-08
2.560687568484599230e-08
2.662131545053100306e-08
2.034148320260616666e-08
1.108085089579183994e-08
9.638582661592055793e-09
2.663154191188083921e-08
5.310824879905209872e-08
1.845080123750399549e-08
6.075334020476812618e-09
9.025010841437438962e-09
2.529865252324008648e-08
2.327187985438809765e-08
1.815355522423327724e-08
1.952404844834902332e-08
2.678092992727066833e-08
3.853378994676864990e-08
4.776473446368705661e-08
4.764226471351860023e-08
3.989335395061584071e-08
2.893427698387599183e-08
2.029444699197318805e-08
1.522255274293272329e-08
1.148973120587581230e-08
8.562419744392545742e-09
6.501883410281400207e-09
5.689371930987047623e-09
7.890118038036556536e-09
1.692284832931036912e-08
3.557474099384043538e-08
8.572701528434709967e-09
8.301954097304407728e-09
1.148900862426858642e-08
1.384088921083564986e-08
2.112399357837714711e-08
4.524514599196581247e-08
6.870502939219650870e-08
4.595882007951058273e-08
1.658322650423547384e-08
7.177043380823710202e-09
7.201316247688643283e-09
1.218817108788277973e-08
1.625684625032839340e-08
1.510171250098310202e-08
1.457940607931545358e-08
1.814120648251736051e-08
2.647430001402206700e-08
3.904671155782276158e-08
2.614043121318052794e-09
1.158544996379853845e-08
3.038524550865352776e-08
5.515944120966871183e-09
1.214697440516581452e-09
3.106230956801895659e-09
1.424353634947501854e-08
1.639113669459444408e-08
5.481816770461722170e-09
1.817459223193569073e-09
1.738434100257568354e-09
5.023257689814101217e-09
1.627519905051441030e-08
2.776189572820463432e-08
2.920541379889458761e-08
2.819844716307808436e-08
2.949382513302064450e-08
3.517621079339244602e-08
4.035165482034342729e-09
5.045640885416841004e-07
6.377602458635966692e-06
3.613311678539016483e-08
4.129546962360285976e-11
1.148592432455243800e-11
1.430672934872674237e-10
2.045995279387695094e-09
1.554146304343770442e-08
3.022811536656358433e-08
1.090270386466997949e-08
5.357951401807328554e-09
1.038404251097819305e-08
2.424927058012503481e-08
3.150797567091259792e-08
2.911772234998513035e-08
2.679454373062361050e-08
2.986021516632909682e-08
7.000725362041953005e-08
3.430619206050959267e-05
2.463846155745448227e-03
1.736761265892505858e-05
3.977971124721685997e-10
7.386112404070430879e-13
1.442233317163845332e-12
2.731411726336257043e-10
7.119170196691946983e-07
7.306784904427128763e-05
4.862817827314999512e-06
4.159408290763319296e-08
9.767351701634423183e-09
1.850079434760951866e-08
2.877861897445772160e-08
2.767457153825978874e-08
2.451149439359076211e-08
2.687681016242210007e-08
3.885135609546888702e-06
1.444091235355755333e-04
6.723753016589423259e-03
5.311642302548732694e-03
3.715382908269135271e-06
1.196140558543012527e-09
3.515481647507491662e-11
9.167803893344945187e-10
9.587638699611357248e-06
2.218897708527690568e-03
3.019476919447519310e-05
4.682872358787603350e-08
7.056501237003772246e-09
1.606196995176881458e-08
2.893006069191455053e-08
2.848743411761665079e-08
2.509585328420936339e-08
2.743255247772137201e-08
1.471723307518171494e-05
1.983014059667709966e-03
4.866563543699485572e-02
4.548065519356971065e-02
4.935322409160039850e-03
1.868384266415841651e-04
1.415763293878105081e-06
8.412823457319176853e-07
1.280857590134788359e-04
1.245777060229397745e-04
1.456189963103981755e-07
1.669384738002893283e-09
2.924897477452620008e-09
1.636943776642719711e-08
3.172833880137917487e-08
2.991520215124636030e-08
2.683161797412616662e-08
3.033358095743274399e-08
7.175000489659489496e-09
3.606454267522321176e-04
5.839800381585863454e-01
1.147265287556507585e-01
2.768889105715470478e-02
9.053601548242839678e-03
5.822090231771707356e-05
5.081429835566235171e-05
2.190521621195624848e-03
2.620859953907712003e-05
4.145684204165690450e-09
2.865963764609886855e-10
2.842309849337170077e-09
2.174266770497298320e-08
3.532398467872123463e-08
2.969061175177760994e-08
2.694969877465401447e-08
3.239163956084698139e-08
1.465757973011770473e-12
6.090758175058195601e-07
4.112762141885576567e-02
4.341020039985428458e-02
1.615176386638955339e-02
1.012181979933794935e-03
1.008322581049067994e-06
8.839011290843928436e-07
6.202709718727705975e-05
3.019941085062580429e-06
5.127003808847089302e-09
1.208018423177546830e-09
8.207533457652410751e-09
3.165734603478141080e-08
3.659873532294955602e-08
2.748546544704687050e-08
2.497220265555747196e-08
3.194885143087057835e-08
1.888723585250796419e-11
2.085112572382896612e-06
8.402974164507512334e-03
3.193010226419014646e-03
5.839489541924662054e-03
1.654791540987167898e-03
8.315790827495015942e-07
1.694810295893745774e-08
6.170965160615397508e-08
3.940071688245917916e-08
6.636801893190850058e-09
7.046884795681444548e-09
2.093271500398437156e-08
3.691659760984177812e-08
3.353741295898587765e-08
2.468590210201202458e-08
2.338113095772884207e-08
3.167010947924237752e-08
2.450064077114998020e-09
3.834902234611149442e-05
8.217161654350341876e-03
2.172594679581286992e-03
4.341106744496251932e-03
3.823478561525759213e-04
1.031478799473668745e-07
9.661373706942359424e-10
1.729874837842186458e-09
5.716034260295402443e-09
1.013387142266527353e-08
1.815186663653824171e-08
2.950616677108743350e-08
3.392787973700079548e-08
2.835053854031552278e-08
2.242269433335843569e-08
2.351375285418395840e-08
3.355840848102060023e-08
1.056165472611944511e-08
2.875150171189623697e-05
1.938830201143436219e-03
2.655437278726192484e-04
1.691732178127994347e-05
4.566098640777955757e-08
6.371315448457140214e-11
5.025337059099891936e-11
1.540316158660499252e-09
1.365030570704070956e-08
2.523894464569638932e-08
2.849589272441312710e-08
3.011857352347301138e-08
2.933763355041921766e-08
2.457965585570122265e-08
2.104687391999193066e-08
2.399948378817856076e-08
3.527834898077654960e-08
1.357047315776187694e-08
7.828245071261587051e-06
7.210422698886567781e-05
3.956918744686338292e-07
1.161508352674430994e-09
1.867952159392286446e-11
5.978719973827982189e-12
1.681671583049863517e-10
9.282867972567093068e-09
4.693471999178928594e-08
4.500420869566755473e-08
3.191670351335875213e-08
2.788809092803198514e-08
2.727344214950993181e-08
2.430134897898477750e-08
2.149353421579537859e-08
2.413671022058032968e-08
3.457140918016717063e-08
1.382796132786796701e-08
6.600425630232283917e-06
7.760621946019997410e-05
1.761366398964826496e-07
2.150647948443602168e-10
4.421139573670042328e-11
3.228709488619122173e-10
6.787499978587917386e-09
5.009016074477454256e-08
6.894770004903419473e-08
4.201490905123348608e-08
2.725927916802128596e-08
2.517858092247580460e-08
2.750831261098244153e-08
2.686571918187212874e-08
2.388141731182466555e-08
2.483078771844400606e-08
3.312237887240028547e-08
3.151135430219297708e-08
3.132737856365632047e-05
2.274069479304563143e-03
2.150751891001085272e-05
2.270723588864781648e-08
3.370514476524680766e-09
1.376264951008909016e-08
5.358277009896186048e-08
7.305488286570650009e-08
4.805665854304622443e-08
2.791221529348531363e-08
2.174804378599042378e-08
2.384051874254408462e-08
2.827978373522633804e-08
2.842606693442207138e-08
2.539764450587523329e-08
2.568295800901426253e-08
3.280580521134838218e-08
2.003424974715312422e-08
1.898035642340287852e-06
5.665498855401762619e-05
4.953171224094846596e-06
6.820814522124770006e-08
1.920743512801018769e-08
3.889847087602773165e-08
5.952232869734170533e-08
4.675176046180138043e-08
2.855469969529904836e-08
2.022899541324665285e-08
2.021788859171964448e-08
2.503855719455117391e-08
2.850259350700547365e-08
2.662893364575461060e-08
2.391433449566184534e-08
2.547161083055451300e-08
3.328713860417450268e-08
5.400667072926302068e-09
9.201817682047169837e-09
2.107261391283811162e-08
1.513372432053910457e-08
9.441029299145505266e-09
1.513551697756086529e-08
2.956966581264100598e-08
3.482584116938011561e-08
2.790584728803424465e-08
2.091549223442619540e-08
1.889157203234033392e-08
2.211767333438599734e-08
2.726765148073987315e-08
2.785335362420889470e-08
2.412469310287478920e-08
2.203970018778876395e-08
2.488274275385200319e-08
3.346948123888989120e-08
7.220834067833601886e-09
2.370183343004186982e-09
1.564291146296660427e-09
2.474918634254138469e-09
6.607628300296955500e-09
1.602733622165071451e-08
2.427506756672861104e-08
2.534755990824212364e-08
2.293888005472893212e-08
2.081820817435806778e-08
2.152287350177489594e-08
2.528234980160599102e-08
2.806257964373897770e-08
2.643207985118058644e-08
2.321995307944497743e-08
2.225637932506182990e-08
2.539807356318111608e-08
3.342130988521695547e-08
2.601129377354837681e-08
1.209978025835150274e-08
8.161773783773928742e-09
1.084509676579755397e-08
1.926808769378069769e-08
2.717284820564711484e-08
2.882547997979691013e-08
2.820315296503556218e-08
2.765635390839388303e-08
2.696891892783464460e-08
2.760058787995694006e-08
2.930502672481590834e-08
2.898111327601961512e-08
2.674717664581396197e-08
2.528442290962253658e-08
2.560958446988868077e-08
2.844278082119309018e-08
3.514019496680793693e-08
5.972710057082435218e-08
4.607933835782338461e-08
3.816815485693646723e-08
3.935081969117152437e-08
4.341511638781429884e-08
4.287715571328017205e-08
3.998148684777062217e-08
3.934301963256255702e-08
3.987331619799471631e-08
3.879254638563554844e-08
3.732696820257648277e-08
3.627919750313979090e-08
3.424623611686173787e-08
3.239317754438193202e-08
3.239594410311226186e-08
3.352876751023156144e-08
3.569967332950511436e-08
4.085560516889013280e-08
