2.358341075314658303e-06
2.608026885091828655e-03
4.527160877353716972e-02
4.245000441441722228e-04
4.394574920314204228e-07
2.276567926221574505e-08
1.845236196000155738e-07
3.099451019240106756e-06
9.153839857409057178e-06
3.055575897096525988e-05
3.685704253638594273e-05
1.815917494352403301e-05
3.798445870261083504e-05
1.564452749457198209e-04
3.099250511368449330e-04
3.039209162144148875e-04
2.961223395028933633e-04
5.303638962457447783e-04
5.056104330822455001e-04
1.249327199111879144e-01
1.636689183535921410e+00
1.523444659062826168e-01
1.059815973120992373e-04
6.633515970342438649e-08
1.420006207690534531e-07
9.893649957435814840e-06
2.235020836278361173e-05
6.840594765296649483e-05
1.293139141629174670e-05
4.163015247912604978e-07
8.063242427684138559e-07
9.706545298647385525e-06
4.931521138275651145e-05
9.667478082810744284e-05
1.244373855444596134e-04
2.518663963857009592e-04
1.304985053255747207e-01
4.434552850766531051e-01
3.020137055236118417e+00
1.489820265859576276e+00
3.324424063050267220e-02
8.583083412568766617e-05
3.166027964776920432e-04
2.712328986080125848e-02
8.910037193316249285e-03
1.638435659317585141e-02
9.534511884560274925e-04
7.329866868159030856e-06
5.474891773145430896e-06
6.782699674506627945e-06
1.141204276910112874e-05
4.427866253025801674e-05
1.040851284441774712e-04
2.264589326668544115e-04
7.518119096003010871e-01
8.399417584266860581e-01
5.691868190585048559e+00
2.387362084421511987e+00
3.318949111777942829e+00
7.110277198084737904e-01
1.431082720367559125e+00
7.415771908632348364e+00
4.362067474589086391e-01
6.222498626785928355e-01
1.314737252439315829e-01
2.698827252868326101e-02
9.159552259268908050e-03
4.067197510311299120e-05
3.280621750225013349e-06
2.295870151436689685e-05
1.271486628098363904e-04
3.060747066092741144e-04
1.138338409793406836e-01
5.755476024227411669e-01
4.498058927133240736e+00
5.783418685511342971e+00
7.772749782814890374e+00
3.476773821251453178e+00
3.721352220114526155e+00
6.139179402878021996e+00
2.259144271493183087e+00
1.810349611275349213e+00
3.193146874774100419e-01
6.275452269157703045e-01
5.220589500561680779e-02
8.952345467845374143e-06
4.335774724358223637e-07
1.083363680493383351e-05
1.538764064066874392e-04
4.658796042180022808e-04
2.008117129759356273e-02
1.007119424321980095e+00
5.283217874576917161e+00
1.315391150318004598e+01
3.054816239268857814e+00
1.190063799288113122e+00
2.509118143640293397e+00
3.811059517268006402e+00
9.607234815309006137e+00
7.117617625740950693e+00
8.465197736598257805e-01
3.284862466819131743e-01
1.545558985098222224e-03
3.228708921384703903e-07
6.560983045012169440e-08
3.238183975952462896e-06
8.403261091509066198e-05
4.668748953597577872e-04
3.045458356547123442e-03
9.584049592455596844e-01
5.754059464371142241e+00
9.803876148139828217e+00
8.049970911620308200e+00
7.706594927101323655e+00
5.327453219030128473e+00
4.347520478775829034e+00
1.141026490909101732e+01
1.197000161885272895e+01
5.014960482223735028e+00
6.706187306024401495e-01
1.222872155477167664e-03
7.079034552242179514e-07
9.378350694798443421e-08
8.496403279273786264e-07
1.226629853845748861e-05
1.535624594195593798e-04
1.909900334754329623e-05
3.514135883814618888e-02
9.061405991240173208e+00
1.269352507883289150e+01
1.029022136188726044e+01
6.861685700917813158e+00
1.353512459370067367e+00
2.910578873817680989e+00
7.224406935129418450e+00
8.224153656622810615e+00
9.966314614303128039e+00
2.318317309718285202e+00
2.296503845723644327e-02
7.878013660229706147e-05
1.201870336744208666e-05
7.491284691465763314e-06
3.504594907822880785e-06
2.192247850250750223e-05
2.012192774154146257e-07
9.466888863602658912e-04
5.098087385317719544e+00
7.708524129924111179e+00
5.490240136122007009e+00
6.464849766307485091e+00
2.132147391307091411e+00
5.734562378152364026e+00
4.137106918990075322e+00
3.600910746860577660e+00
8.962073731112116803e+00
1.187928776555658494e+01
8.218963315676499626e-01
1.651610878411621797e-02
4.149307432793487849e-02
6.081612581780818962e-03
1.109916530427850348e-05
4.572523382563121226e-06
4.303971423807290260e-07
2.697099766250872759e-03
6.786710659050299022e+00
4.648298987279192218e+00
2.297701907645574249e+00
3.361646517590163530e+00
3.234230221491932511e+00
4.852940819674717687e+00
3.094756914321154628e+00
2.263851950059696083e+00
1.205269538256476647e+00
5.875864371832073552e+00
3.261374752641896357e+00
1.280179023143357409e-01
7.588719299526541784e-01
5.117962700647409741e-02
1.083702219099514850e-05
2.052167783572954410e-06
1.868425868452386069e-05
4.975682491306539224e-02
8.205028713528047746e+00
4.096345559430079497e+00
2.816440053269666510e+00
2.851714068315832851e+00
1.526529573298660347e+00
3.559117517584140522e-01
7.630281389698682082e-01
1.857653224252264090e+00
5.383711919816933644e-01
4.651381905735791911e+00
5.210443069285996209e+00
2.175997872584589932e-01
6.186620460009351757e-02
3.951761967155613875e-04
8.669789785665651946e-07
2.412059646764731097e-06
4.819025225601449849e-04
9.745068283681163068e-01
2.958455669594266979e+01
1.248229432820570040e+01
7.762861778570021798e+00
3.178693877877258878e+00
1.505528055970211776e+00
4.818560309149602650e-01
1.594713456084575487e+00
2.752189038516775099e+00
1.795079808012265632e+00
1.100525002129477770e+01
7.989189905894058086e+00
1.696160638107656382e+00
3.054905517369323198e-02
1.222369298271059766e-05
3.851830718038220726e-07
1.149615920011305132e-05
2.835479805629047864e-04
2.997500267704965360e+00
1.196224075796160093e+02
2.700477270661751561e+01
2.145235613556632970e+01
8.097061275132826808e+00
5.140744580042362344e+00
3.931390894908319389e+00
3.990642075538581413e+00
3.309235406378299160e+00
5.594404294576966308e+00
1.340730754957249715e+01
1.061933192528493741e+01
1.909114959571276637e+00
1.704804985670120045e-03
8.323550827491669432e-07
7.308775954558603225e-07
6.995986455299311915e-05
1.724375787449182740e-06
6.475380266449266842e-02
2.902737677790404547e+01
1.475220556902207036e+01
1.393872566158855619e+01
5.167777438715339677e+00
3.601574170519059592e+00
3.277690924648665405e+00
1.818826174081572322e+00
2.179918825458538656e+00
4.604249638581962678e+00
9.387945439031314621e+00
1.177998281601057862e+01
4.024875556493678896e-01
6.733733492537777863e-05
1.880551856418414474e-07
1.528977764041465134e-06
1.811651387218877140e-04
3.098067643725912715e-08
7.975414650214256900e-04
2.893488927923448362e+00
7.109267883536433352e+00
3.186748057657791566e+00
7.261646033319851812e-01
6.783255325679711234e-01
4.428124624937753162e-01
2.865524086518713154e-01
6.651762961482942105e-01
1.603924492902498722e+00
4.477964011321351023e+00
4.261876033331520652e+00
5.437626941674944536e-01
1.018514118301634425e-03
2.284140626331459303e-06
3.704178327829873634e-06
1.888262607119526888e-04
7.821565428249265388e-08
2.631226171961104175e-03
3.252736641695383568e+00
4.812387549540501297e+00
2.775267034371859953e+00
1.515502821724512339e+00
1.886875583036139670e+00
8.849968718117192656e-01
8.302537131794107683e-01
1.960146927729852440e+00
3.916435366743201030e+00
7.995795245597283163e+00
2.157740482781064895e+00
1.283639910125693451e+00
2.482487484113032536e-02
1.546673710839385424e-05
3.255107008300035992e-06
1.084094686570978691e-04
4.606830802069636289e-07
1.923864610378684184e-02
5.363595854223917492e+00
6.727958901596315044e+00
2.827869040372669840e+00
1.535323926702016450e+00
1.342721809062785265e+00
8.704465804940588747e-01
4.027663409247342230e+00
6.454278513637031089e+00
4.539581227732332636e+00
1.441053922318697644e+01
2.626661852892180349e+00
7.364380217460337885e-01
2.546015952705468766e-02
2.710256451939615653e-05
4.417791636081759876e-06
1.062272378779170420e-04
8.871299430895003568e-05
9.610671237321986859e-02
7.511041737881731795e-01
1.992997501636824209e+00
1.278584254410278565e+00
6.225452079557887153e-01
3.484925369359767044e-01
3.619667541553258094e-01
4.150303204345489050e+00
6.018403851575197194e+00
4.182425887305628365e+00
8.976444338992520144e+00
7.979379115504415809e-01
3.277362687126608026e-02
7.644817586425890852e-04
1.222099779399018608e-05
1.170954993155716328e-05
2.120454375722337977e-04
1.139709024214076022e-01
5.658843587946883469e-01
4.633577631024105581e-01
1.934819984494658751e+00
2.926465975492042570e+00
2.116265771273932117e+00
8.942544574968994686e-01
1.408576583430503959e+00
6.057097734393256161e+00
7.689062868470202261e+00
9.132222126232557358e+00
1.726986188129357558e+00
3.413858412103141227e-01
1.751795848813470988e-02
3.014871346363799548e-05
1.352316268367658559e-06
1.373343363430269095e-05
3.615901185132509290e-04
9.238054255381522584e-01
2.419756142635340335e-01
1.046029664808061144e+00
1.444215862804544503e+00
1.388692276649170720e+00
4.686473894420098318e+00
2.224992622308610279e+00
1.683488609896895971e+00
5.483793695470189355e+00
9.166932406391536503e+00
1.905749803455301317e+00
5.389634881291677920e-02
2.123980251381749063e-01
3.199387540440287031e-02
3.597167718267465949e-06
1.678369479472424132e-07
9.580106858298112477e-06
4.290582111028681074e-04
9.039574593582332396e-01
3.080392759074455089e-01
3.056100835340059607e+00
2.492353620414755611e+00
1.049731459393271171e+00
3.771345560686808263e+00
2.307855856668534766e+00
7.216007981136427496e-01
2.260353177903568156e+00
1.895546420083251915e+00
5.187712612870252343e-02
1.351203091003975662e-02
7.958167498962810393e-01
3.027539987158428189e-02
1.258433356053501748e-06
1.361697469396843090e-07
1.237309824116793872e-05
4.648273316551713302e-04
9.756603463982774227e-02
6.082855866131452460e-01
3.090481438696012884e+00
2.258792460493684207e+00
9.325091977287469636e-02
5.844485012032504118e-02
8.687951926922194978e-01
2.141221024543800144e+00
8.692204219136786536e-01
2.474723423146876766e-02
2.174880377335673578e-04
6.063690349963612178e-04
5.023787683953640643e-02
1.931359742295142568e-03
1.702213440810978598e-06
9.533553384156950089e-07
3.375954845491147764e-05
4.779185585866678877e-04
1.060429412710127244e-04
1.047393592569913212e-01
6.417535307489179885e+00
4.124859971293100558e-01
6.295926459251294357e-05
8.723407945178371278e-06
1.531905070261391222e-02
9.484826754251057812e-01
4.198010663389326047e-02
1.027306489942492927e-04
1.102810050352904719e-06
1.646265158773404869e-06
2.004910879293297942e-05
1.108782670175782697e-05
2.675093396737893802e-06
9.272694645097621520e-06
8.797665408657820722e-05
4.410708858080701275e-04
6.766970491332397883e-09
8.205853965036292237e-06
1.937240582579836945e-01
8.348324572193019932e-01
5.961858034628927195e-05
5.159590187747884555e-07
1.614014854596887872e-04
7.344604591093456536e-03
3.700434280514577987e-04
5.230160990534717150e-06
7.367198678004137785e-07
8.788253820912128676e-07
2.232821089755687417e-06
5.197227633061287653e-06
1.598486607770823953e-05
6.303608547071844518e-05
1.818459851398447863e-04
4.663888981070057373e-04
1.090962991688003624e-10
5.310471866427246691e-10
8.507792747654539269e-05
9.846497165464548340e-01
2.139065154050870041e-02
3.319063839933167478e-05
4.729351868967994802e-05
2.329475083965502858e-04
7.151787383311242283e-05
2.222877475016874144e-05
3.002131957421844989e-05
5.570019624149177140e-05
8.151559609298258610e-05
1.323367073222201241e-04
2.409002343371291293e-04
3.555151406034135018e-04
4.577476101506695655e-04
8.023229132655315112e-04
