1.221668917746019711e-06
5.270803499682516082e-08
3.665410318580674900e-07
3.450217736169325339e-05
1.404674200441126603e-04
4.609966439867635489e-05
4.178140956412682694e-05
1.075270784576099316e-04
1.926145967070968157e-04
1.878103976235744803e-04
1.485396121699724238e-04
1.195440700496162059e-04
1.042248164891288273e-04
9.863440827909112263e-05
9.710919521091433606e-05
1.041884295320713008e-04
1.415063508183728701e-04
2.648130012720135550e-04
1.182953976964670827e-07
1.483969116048470338e-07
1.371599071053008730e-04
3.649902959474629616e-02
4.518599926467109507e-03
2.845945203308583151e-05
4.485135997484111176e-06
1.658786436643648428e-05
7.821171059094284505e-05
1.281135976580425608e-04
1.202167079255477748e-04
1.004283735054435688e-04
8.149654757547998823e-05
6.858423170584428249e-05
5.894232723752960079e-05
5.469324944245672744e-05
6.986959695385766111e-05
1.458907322107788531e-04
1.648753846751637309e-07
2.537438349100340257e-05
1.209858579288860259e-01
7.841767353726348810e-01
7.148527327954117862e-03
2.751570045325293896e-05
9.113705253006616365e-07
1.815214587988507649e-06
1.933753609168674349e-05
4.930954274447499184e-05
6.237453927565556706e-05
8.292131268719585269e-05
8.877781657931299131e-05
7.781111513450982692e-05
6.136814089164454179e-05
4.771557902741875150e-05
5.159266790295582555e-05
1.047311894976860541e-04
3.616944872543065624e-06
1.865160762928848824e-03
7.178245145851542830e-01
3.381980955730288785e-01
6.076558555679258816e-02
4.778558314100267088e-03
1.098541196981604637e-05
1.464107020671309969e-06
5.479557176015084491e-06
2.861193372684169597e-06
2.179466260968760535e-06
8.773182274502363374e-06
3.082259442191427579e-05
5.062190713449459824e-05
5.509398253123869724e-05
4.746443523160470142e-05
4.759886067519945239e-05
8.956710471834211618e-05
1.005781358428591574e-03
1.496468284000916082e-01
3.189786643398178523e+00
8.102744031569658612e-01
1.732377599504336896e+00
2.010126103816872067e+00
6.434795125409425998e-03
3.437777179915781642e-04
6.066850702951077299e-05
2.680355707278739742e-07
1.917680045865074453e-08
2.522171707275915302e-07
5.241849694210745608e-06
1.718610836235224133e-05
2.934037686977309053e-05
4.084130260933404547e-05
4.917552472467174950e-05
8.942740137880605608e-05
3.615351325452599920e-03
6.059316767850099206e-01
7.020140582916258865e+00
8.953007946117721438e-01
6.654617026395011070e-01
3.622673130882431813e+00
1.317800894833426106e+00
8.596364626914037022e-01
4.388464535503796421e-02
1.382722831995485120e-05
1.139836552193572367e-07
1.792974966082050661e-06
4.367743397385294261e-05
3.003574719532001714e-05
1.998034790090378294e-05
3.624084900666678735e-05
5.946362230036493501e-05
1.077839308036351043e-04
1.473957001246242824e-03
5.339910780045882266e-01
4.038598755366022530e+00
9.025335995280067136e-01
5.733132222988925886e-01
1.177659505437905096e+00
7.980259587564747514e-01
9.288894932699228724e-01
1.028591976908247441e+00
3.523239703742146040e-02
1.611769940778160978e-03
1.332418375654152026e-02
1.596614283778551371e-02
1.905225889851074202e-04
1.930554052848441445e-05
3.814286115161768154e-05
8.402781723877620452e-05
1.488575469136382259e-04
1.144930740458464068e-02
2.450942273731119503e+00
4.672930406517939339e+00
2.540666810059556635e+00
2.007017715695258886e+00
1.083330632108209679e+00
1.790140270077586748e-01
4.110829223762622192e-02
2.475806000831941855e-01
4.872875119743677041e-01
3.371846640743563217e-01
7.838723799842572948e-01
1.036242951447585714e-02
1.085663897219487166e-05
2.825691495491045821e-06
2.537334661998829903e-05
1.092742617309225907e-04
2.083166523679822282e-04
7.777704510894268598e-03
1.401660297898669194e+00
5.687338282188120431e+00
7.144715100769520433e+00
2.135314593011970796e+00
9.117839119694095551e-01
6.319078680334241360e-01
1.577161839247379349e-01
5.114731425743903603e-01
8.137322033123488563e-01
5.343760462116353693e-01
2.335806081463644990e-01
1.109770676595758771e-04
4.161228381724399943e-08
8.276191540851584396e-08
6.863660155224089785e-06
8.885833519586868313e-05
2.442392584017985925e-04
3.657221118637609715e-03
6.725133806813190507e-01
4.211688769518407760e+00
7.755827872727872219e+00
3.109944019072710564e+00
9.600113597277220023e-01
3.602867275138718073e-01
3.532964658347260284e-02
1.571647103865668749e-01
1.484285314703088554e+00
1.194308397949197964e+00
1.945916876578376087e+00
2.908616290473452735e-03
1.375835795156650865e-07
3.994246965142829896e-08
2.364322606999276123e-06
3.857747600945761300e-05
1.632135479277297698e-04
4.234740070649173002e-03
2.682654527893548746e-01
2.692885374251306363e+00
4.639067302602850162e+00
3.230195416642048567e+00
2.617179699213663557e+00
3.201049725541588176e-01
7.620611100530068870e-03
1.275003273857243033e-02
1.996063244968125372e-01
1.360858768636079019e-01
7.361102476021019747e-01
6.402213856460396701e-02
3.118709237539644692e-05
3.757923067676107182e-06
1.266033470947771658e-05
1.873508282488207718e-05
5.320448436404150448e-05
8.213279842567566477e-03
7.674715562009331027e-01
4.235052535642476812e+01
1.231054330912419204e+01
9.394145825454145449e-01
2.173424827665229042e+00
1.773146821454725908e+00
7.918818309412617440e-01
5.396537347826636521e-01
1.181159437903008813e+00
4.354011920327375829e-01
3.202832302780257712e-02
1.682593943666045502e-03
1.091997140492415811e-03
1.099761976102385866e-02
1.577307401440299203e-03
2.286100656283914287e-05
1.493769552797489989e-05
4.692415688903477794e-03
2.050469670640699960e+00
8.502126711209803034e+01
1.680060172408610342e+01
4.171221819228448702e+00
9.748368875184610260e+00
6.363916699210069972e+00
4.383365457300286927e+00
1.629719852039398287e+00
2.838747338899337169e+00
4.403423854786204572e+00
3.503355144467603516e-02
2.674367084411793829e-04
6.948283727780182016e-03
9.349997838107368953e-01
2.011471521719076713e-02
2.446602102133308719e-05
8.054463544235007199e-06
5.157191938314470816e-04
2.018954970961209128e+00
3.698340711274228454e+01
9.393484477262861176e+00
5.710384811839225527e+00
3.114858076100888606e+00
1.647246921995733304e+00
5.723142282976155792e-01
5.111270123326477899e-01
3.999068498106551073e-01
2.818487363689456959e-01
9.022296737872834149e-02
3.989174630466993561e-03
4.118550024754607554e-03
1.835139391914579129e-02
6.915032178465929744e-04
1.070267086221613274e-05
1.244799648822614260e-05
3.429964211648275044e-06
3.217212508231064028e-02
7.497450889553603837e+00
5.355220264090438498e+00
1.286838422180700325e+00
1.093644569933384991e+00
2.386032144954686185e+00
1.191501442034192726e+00
2.096953828313064871e+00
2.943977104567740977e-01
1.986375094975416089e-01
7.356039379391228206e-01
4.086834865772581357e-03
1.821601415054697199e-05
8.840646271680841200e-06
9.020914617377378883e-06
9.808310138806758123e-06
4.312748776555567012e-05
9.798448216528490123e-08
7.123742291344673612e-04
1.739741365615980362e+00
1.447150648860126898e+00
6.733676421450218719e-01
3.098655484909404567e+00
2.757996114476329308e-01
4.716072337586751928e-02
5.997193232068787072e-01
1.535766456344505870e-01
5.386965453163952144e-01
2.135584049871405710e-01
4.920018727442674845e-06
7.273192297417730823e-09
8.400475851452639097e-08
4.014532937024773810e-06
3.555205377667620812e-05
1.454749779875494072e-04
6.356660630238891211e-07
3.367956250863141533e-03
4.103269197151084846e+00
2.550582981151949813e+00
1.741909476755896913e+00
1.380072497680918664e+00
3.458832330683367200e-03
3.259002962882114312e-03
1.267412547134949996e+00
9.793177611613380906e-02
8.340329835751791876e-02
9.961785800994855944e-02
8.555437444354089581e-06
2.108594164268104947e-08
3.238761043143353706e-07
1.924969266260443293e-05
1.277727019539780533e-04
2.639711145963229339e-04
7.244055761338185099e-05
3.925630096081000192e-02
9.228445257188897521e-01
1.387782614259396308e+00
3.099819709773464993e+00
1.749090663768873233e+00
5.499074146805646435e-02
6.095837940343874772e-02
1.429665486591882084e+00
1.691707424823330266e-02
1.018790456322027360e-02
7.638162676860096312e-01
1.105451021801516151e-02
1.878288433336959860e-05
8.253563663345354031e-06
5.229079005986059442e-05
1.733735519824013507e-04
2.858204868165972311e-04
8.292970270175127265e-03
9.560185617969990668e-01
9.812067409484187541e-01
1.898323526844787779e+00
2.700625155290754087e+00
5.373444773777762418e-01
4.069088032006179523e-01
3.569894161795588161e-01
4.563035918836041982e-01
6.404173084821984663e-02
5.559252065359254757e-02
1.085781745699599260e-01
3.075975850191145240e-03
4.491864730486684523e-05
8.666935322790326627e-06
2.050536229790637791e-05
9.031762038859652945e-05
2.399124300360569245e-04
5.439493860746419558e-03
9.894293337395695387e-01
2.049290469757723887e+00
3.093722154896975773e+00
1.927048507540553901e+00
7.138193557524359634e-02
4.024539468718375812e-02
1.084287040531293628e-01
9.006779904844859630e-02
1.703434720902479993e-01
7.235677850482998830e-01
8.760348987663872655e-02
5.058344413844439828e-03
3.253276377642658613e-04
7.881560337523418577e-06
4.171899481377967222e-06
3.168266210178391414e-05
1.788919600261518422e-04
5.319680975388210817e-05
2.863393645478667232e-02
1.903519826177776819e+00
2.046938413269275614e+00
1.096946437325396317e+00
7.112099982091060202e-01
1.264359068818227128e+00
7.179900523464947115e-01
4.509044558130358149e-03
2.679983412462825110e-04
4.490643799188178201e-03
8.460403908269249762e-02
8.572835660365029087e-01
3.899862816052809822e-02
2.142724203043945574e-05
1.781093179351677399e-06
1.695032788621116519e-05
1.515733046876198680e-04
1.949726785791205231e-06
7.349483357966729363e-04
1.037567582941819389e+00
9.050881994325208346e-01
2.832497952858070711e-02
9.912901492010697813e-02
1.871568693207947387e+00
1.163717131693085549e-01
1.699712358334398089e-05
5.898339590197785333e-08
3.532150174352713443e-07
9.955725059146445838e-05
2.319749083053495795e-02
4.198587824172875065e-03
9.222639347618845782e-06
2.070419728696528427e-06
2.210687308484216699e-05
1.756783370004138698e-04
1.364162904751357512e-06
2.116738999199137053e-05
8.028551417756721667e-03
6.893140349561565315e-03
3.494970624593432036e-05
3.145594590910590814e-05
5.616883382461018833e-04
3.489584966963563828e-05
7.847042312434159088e-08
6.408906205224201824e-09
2.480274699835285765e-08
6.111425192300903963e-07
1.831612242047744735e-05
1.967144929354954080e-05
3.684418029289400986e-06
6.713495910555767919e-06
4.991368534765966062e-05
2.276503524013424049e-04
8.824974249097937627e-06
6.181620803540097432e-06
5.648825885279480180e-05
5.197409371917014088e-05
2.067323529028766300e-06
1.412194056019292278e-06
7.830378467972891403e-06
2.264760249955333324e-06
3.537618170223370392e-07
6.844850238810279348e-07
2.372076707751585055e-06
4.437507893362049849e-06
8.034701998966135272e-06
1.048101695056199871e-05
1.416260681687534745e-05
3.691622867132155340e-05
1.129976039845495241e-04
2.805816384224837316e-04
1.111397444416324784e-04
3.711873183092021119e-05
4.070847081885048353e-05
4.057664292476725670e-05
1.856891830197040372e-05
2.274952001428861675e-05
5.791017099657325091e-05
5.616830371674016119e-05
5.822106958229355769e-05
1.446741263835145657e-04
2.434868083591185540e-04
1.799005391777286236e-04
1.188125013887312198e-04
1.041074873807808866e-04
1.233384258562885371e-04
1.724394156900138848e-04
2.510186934730617857e-04
4.075666810079221943e-04
