3.847102109232275138e-05
3.671439009633480674e-05
4.063842977414032053e-05
4.428471266645540188e-05
4.219240968404698686e-05
3.496185171508694632e-05
2.816173150412264276e-05
2.500336709912837923e-05
2.424109030002199729e-05
2.404768462420368123e-05
2.468536966398536759e-05
2.643776847526426967e-05
2.853236833899932344e-05
3.027166168476773343e-05
3.023816737068575917e-05
2.897150746159664344e-05
3.099551349792230125e-05
4.026898074629362695e-05
3.022270037377885600e-05
2.765388663907297355e-05
2.659800504440420010e-05
1.961476837068771287e-05
1.154452949006826599e-05
8.298973425482466713e-06
1.001895454655503887e-05
1.763978327031036532e-05
2.865915065950190750e-05
3.200875821589231596e-05
2.805396651625704011e-05
2.546469754015161157e-05
2.597649776825438662e-05
2.677801492558334897e-05
2.459382828064896954e-05
2.156888086875933361e-05
2.341366437930994675e-05
3.411850297616389341e-05
2.509941497656026729e-05
2.007464846911194938e-05
1.359396013994807903e-05
5.872673556565703566e-06
2.518658303143321536e-06
2.080301971341989410e-06
3.929941040871578332e-06
1.293395338456568720e-05
3.772655104309515753e-05
5.203255612790841264e-05
3.892501557564824477e-05
2.839842989159964510e-05
2.640550860436099458e-05
2.692718890338592977e-05
2.393867694690006233e-05
1.939664379448482998e-05
1.983215583615523142e-05
2.925386341881803609e-05
2.328168250285387068e-05
1.481688160385346599e-05
7.571620371093118517e-06
5.076084930398619375e-06
1.077001437597894854e-05
2.562992137662423921e-05
1.567064457844462630e-05
8.397400752787238809e-06
1.353345265879270945e-05
2.361336091971442925e-05
2.095645573427236912e-05
1.670833782500825271e-05
1.902651963098675201e-05
2.508558644206580488e-05
2.628010702283838519e-05
2.116351452860817651e-05
1.882639161793501622e-05
2.435657126885399751e-05
3.091161362630499696e-05
1.690470454328037826e-05
8.610234875290312645e-06
2.729636650702413263e-05
1.890667037065613771e-03
2.626205770763180916e-02
5.628193737502340966e-04
1.586005053649969197e-06
3.175537562232440574e-07
1.520895786835957866e-06
4.711579239419607939e-06
5.683985553146563513e-06
8.413541959507142611e-06
1.825372522600731927e-05
2.970636713992303658e-05
2.743374154658962912e-05
2.110384812690201275e-05
2.177366666119023394e-05
6.506647865752540302e-05
3.410996707932654651e-05
1.168385117297731548e-05
3.665110736016453962e-05
1.099204828793140694e-02
9.091794677989479823e-01
4.537660798544383180e-03
1.477592904485078230e-07
4.706901190571497924e-09
4.072330794762495948e-07
2.334109184762323899e-05
1.918862922655540490e-05
6.370253963742606271e-06
1.053594072618503851e-05
2.784127212487593015e-05
3.480520010978086734e-05
2.569711292637509719e-05
2.207514338514851275e-05
1.149137602500201124e-04
4.638559004900988657e-05
4.736943545610957459e-06
1.223719934557343365e-06
5.725445733014097215e-05
5.852579150866343838e-02
4.737794462788347261e-02
5.136077486036633867e-06
4.699337066291798287e-08
3.148501908417429849e-05
2.067349184277971277e-02
1.916134388462018305e-03
1.266205557285109495e-05
4.684190429384452042e-06
1.757979538424572256e-05
3.430409284325658354e-05
2.858497319569327887e-05
2.384370820607390235e-05
4.467001846104352310e-05
7.521186591455332136e-06
2.279766919695717161e-07
1.330422102067838259e-08
1.339854626944471087e-07
6.300550369424695075e-04
8.428028839547611062e-01
7.565950994807142671e-02
3.448329995310551403e-04
7.470996679985833847e-03
9.291067624181943430e-01
1.266105291979664586e-02
7.659444673427927443e-06
1.202267461151691246e-06
7.490066695763072153e-06
2.629712414981048391e-05
2.882559677318254304e-05
2.677493442997530288e-05
2.201001391244320981e-06
2.638969962064833748e-07
1.038072888246564877e-08
6.003335341127980288e-09
4.427750641653375886e-07
1.591427489168113535e-04
1.158619324223270353e-01
1.889968624862959468e+00
2.571607650576166262e-02
2.465837506981862545e-03
1.888806001366306539e-02
2.132991775491914054e-03
6.277934942503062583e-06
6.668887647397765809e-07
3.465951176351800167e-06
1.828110885815935053e-05
2.837456756025519180e-05
3.091307811617780612e-05
1.373904996285115477e-07
5.894006978465914421e-07
5.680119509395415926e-07
6.489049887052323192e-06
8.726717814281704719e-03
3.914360947401074320e-02
3.199034837810484956e-03
2.265031010856945366e-03
1.153856596876646638e-04
1.314123969914113747e-05
1.109713582201759044e-03
3.183834815854567901e-02
6.130312056307245716e-04
4.838012901200980792e-06
3.242896946091965378e-06
1.394006778121917027e-05
2.784266586189378914e-05
3.415703991747530909e-05
2.161936525544375306e-07
4.608421422709777578e-04
3.413148170371671508e-02
7.834104804624780760e-02
2.887050444005675232e+00
8.750189941208260658e-01
1.131799470287911434e-03
6.335398998490025829e-06
3.171044950966380956e-07
1.727017705096957005e-06
3.796136965466140063e-03
8.964058830149291834e-01
1.889641302184189714e-02
2.483850791192242552e-05
4.247174636927958126e-06
1.356481438477156464e-05
2.795284847793806510e-05
3.466367913295670248e-05
1.158195818837377846e-05
1.228964933294533629e-01
2.556750056426373519e+01
6.268165410715762498e+00
8.985366857697035803e-01
2.445381435625544331e-01
4.370854864846436538e-02
3.763595822893633122e-04
1.599361288253818483e-05
6.196406003312103852e-04
5.441600380386442393e-02
3.474715375803266726e-02
2.968533211088594174e-04
5.549643630266248993e-06
4.777273170257715558e-06
1.663310322321456401e-05
2.770823848467258857e-05
3.229096674953650734e-05
1.846917669439009438e-03
4.832147232145965532e+00
1.226932735784453001e+02
3.742785989933271651e+01
4.336994708685824484e+00
7.448414085243807436e-01
8.034821353426602197e-01
4.753400792312358070e-02
2.324432743109589375e-02
2.957777285822527968e+00
9.480877832548264550e-01
3.437353824763881953e-04
1.627326884560398454e-06
1.300735337751681243e-06
7.687507282117893892e-06
2.174439413766714172e-05
2.446541217774704242e-05
2.758933790325987672e-05
3.445008219209539030e-04
2.109637425453908310e+00
6.628116701634360197e+01
1.272906134412636625e+01
4.326094891760517314e+00
5.216369532213632754e-01
1.905371062982837149e-02
6.767397885691912689e-04
5.084413546062378775e-03
9.805165002825125820e-01
3.842332669698925174e-02
8.040344193033294775e-06
3.659367185891669608e-07
2.638240157316489922e-06
1.900740015214899483e-05
2.661444890862480755e-05
2.065218751427815423e-05
2.362527770300393520e-05
5.499633764977174201e-08
5.129536293350959921e-04
2.352891621958216550e+00
1.715638742531997663e+00
3.637884622142897317e-01
6.529525437963610290e-01
1.747660708035682006e-02
3.300685035009979867e-05
2.437868788412716816e-05
3.723029242127550743e-04
2.502396206104423709e-05
3.806235563499906372e-07
6.397028509303836952e-07
1.045323816070872567e-05
3.942020969974664734e-05
3.058306876956869537e-05
1.988318403392881531e-05
2.302243337914612172e-05
4.360187666705882847e-09
1.337509538682289595e-05
1.886158884056801766e+00
3.934162617617394275e+00
2.047705716123743303e-02
3.359179643653450315e-02
1.178375081672313092e-02
4.210248276056666146e-05
9.010459664676878180e-06
2.593119495859391889e-05
3.168204461178162782e-06
4.805732169846886530e-07
2.429501952404696332e-06
2.531298527553650283e-05
4.947391913181681163e-05
3.061297711337366276e-05
2.050385730876172830e-05
2.449554490894052526e-05
2.215103924710071713e-07
1.656056860294312177e-05
3.308910019885096671e-02
2.122559673330537758e-02
2.835121124505892443e-05
4.009431067677624911e-06
5.358053088932029815e-06
5.124706019370667712e-06
1.765802894538240212e-04
3.088773708129032795e-03
1.660039746617637487e-04
4.584652925921613071e-06
5.767983972002674473e-06
2.686601963565454228e-05
3.896990003673426144e-05
2.534956554827533262e-05
1.968429790052162676e-05
2.523605280233377776e-05
1.197491171529660737e-06
6.040701363549426440e-07
2.154461253215171597e-06
5.861324061747841193e-06
2.961609220184712195e-06
3.917343139610077448e-07
7.047150377489788213e-08
1.414084200268849326e-06
6.970996434291124033e-03
9.769441736735671178e-01
1.044457902564958907e-02
1.818736824401833417e-05
4.841645246003048856e-06
1.630653616975488496e-05
2.695064844855771225e-05
2.145466882827197272e-05
1.907001157328484014e-05
2.534889601136224182e-05
1.649570434218488502e-06
6.765821867132274466e-07
8.734052350023080690e-07
4.020708479668239462e-05
4.659860411069558644e-03
4.181895231611692967e-04
7.785441141870172281e-07
1.770643236816224629e-06
7.529116444601240132e-03
9.764573652502718248e-01
9.612259337305249438e-03
1.519037309242098859e-05
3.471178582287727698e-06
1.178092308543860121e-05
2.371472633478112886e-05
2.240392103841827524e-05
2.040032393112468901e-05
2.573049964349910659e-05
7.075652867384583548e-06
3.783126974635045458e-04
5.331270036519736820e-03
4.511987488195109974e-02
9.151422473361635612e-01
2.575937027341678245e-02
7.685138764820421630e-06
1.319060298655875587e-06
2.020727286028791466e-04
4.954931929336274694e-03
3.208556968832469540e-04
7.893804605895170888e-06
4.778155947177416789e-06
1.465138301829448206e-05
2.778567976492834268e-05
2.658183760040035287e-05
2.240948911749997955e-05
2.579102963652001512e-05
1.617257883228090772e-05
2.861380018166153477e-02
9.063637014484771104e-01
4.682303359702354867e-02
5.970643122373523945e-03
4.590630734324993990e-04
5.267907562394504858e-06
1.410138280967310574e-06
1.166479799747188623e-05
4.979108933219500042e-05
2.242148844169248529e-05
8.252071415658405817e-06
1.065125775742890949e-05
2.265522962559089669e-05
3.304709470671448668e-05
2.934577171812245090e-05
2.344659239576316626e-05
2.615741916310016822e-05
6.349073698340220103e-06
1.903858065545848723e-03
1.312006050408949173e-02
9.812310588838974031e-05
2.937566464407087790e-06
2.978471790022194271e-06
3.499752760700130847e-06
4.766238290184098356e-06
9.639999916586996522e-06
1.410812510590964179e-05
1.403122877819899473e-05
1.509555354478113715e-05
2.032512118108225800e-05
2.734883851356399609e-05
2.995470133525053708e-05
2.569178320106436833e-05
2.259763764603721253e-05
2.784995582341656033e-05
3.345051268944364444e-06
2.276107548597987437e-05
3.332325912830625482e-05
2.067193504672854203e-06
4.618582867614191557e-07
1.746479174859129611e-06
8.772272280294436369e-06
1.880833388888271176e-05
2.145179379009595939e-05
1.935963910258370636e-05
1.966808625062787131e-05
2.304576878711407165e-05
2.610721840354571246e-05
2.579102542447616123e-05
2.242859294514262764e-05
1.934073638135808986e-05
2.089765695860905457e-05
3.087602616153088892e-05
8.671355025857691492e-06
9.189659661895611527e-06
8.954641340846616448e-06
4.927821042276480400e-06
4.842330432386479596e-06
1.161446801908010101e-05
2.682465683621729923e-05
3.711855768380463953e-05
3.352495398475286743e-05
2.657908855659727742e-05
2.446094752843160766e-05
2.673870833814349826e-05
2.899470029959749694e-05
2.606597889091242924e-05
2.007281839620476485e-05
1.751252685049871122e-05
2.200028573698175355e-05
3.601415134292219417e-05
3.334966866739130228e-05
3.044416152450116358e-05
3.315761595801416879e-05
3.709972861849486221e-05
4.269051397828078665e-05
4.738683117802197485e-05
4.758459518361639188e-05
4.449626346812047135e-05
3.857802330647378474e-05
3.265618863590061494e-05
3.038234828860296663e-05
3.257285282144825253e-05
3.578437551144230257e-05
3.287451381848114778e-05
2.570737292266081991e-05
2.317293663152337582e-05
2.939718581474487394e-05
4.485823917121341600e-05
