4.498964326272511691e-06
3.938317357910872695e-05
6.564439526798008899e-03
1.726468597990818768e-02
2.543209027459264108e-05
5.965947014547239073e-09
2.701319817121075384e-10
5.597133057717391449e-09
1.177305928431072693e-06
6.338770609313122445e-06
1.368001109287430645e-06
5.493795173381000488e-06
3.057735500878498518e-05
1.501631908273422858e-05
1.930459583094804344e-05
8.928573745029666628e-05
2.654663278352377529e-04
5.321591313979539715e-04
6.307829193039242509e-08
5.121495649687955714e-06
7.312366108684946291e-03
8.348614343253643044e-01
1.291574319270491766e-01
4.203101610498961017e-06
9.369770315929945660e-10
1.378578999351365601e-08
2.007289666455517772e-04
2.031869472744683713e-02
4.843418917144263688e-03
2.068562602875446965e-02
7.701239394036570214e-03
1.603852517269979330e-05
1.278195732242272890e-06
9.786455484408302182e-06
8.581381447862066944e-05
3.093332546624323783e-04
5.808333115619794543e-08
1.573345325765347614e-04
3.702334926425928513e-02
2.665058206473767122e-01
7.195000667413303796e-01
1.379585786396227230e-03
6.489001967361311307e-06
1.460809307554182513e-04
1.007397360630669092e-01
7.713579799179942631e-01
1.942428705737667960e-01
8.221401718147755000e-01
3.267363772446801179e-02
5.954624917715193317e-06
1.861849034270548890e-07
1.785909100444768001e-06
3.180822576187728937e-05
2.076524933637767089e-04
6.058549675329491989e-06
1.163787591385796877e-01
6.515025037681566600e-01
2.930046675638832421e-02
7.522456351152050080e-02
4.475562052766398485e-02
1.677158876330296089e-01
8.328891072860978850e-01
5.150461855979510117e-02
1.244885988921130360e-03
2.173528099108232130e-03
1.797024227098611635e-02
1.172797310704676559e-03
1.877606350878637933e-05
3.587524376836675294e-06
4.354662486894142031e-06
2.016363413290268904e-05
1.472877954774037162e-04
9.777641981260111199e-05
8.890130656088922612e-01
1.285661018431375258e+00
9.774340474653193944e-02
7.532226321376912503e-01
3.430123535502647703e-01
4.380292279991321869e-01
1.192972922569203398e+00
4.009323014661466539e-02
1.776965883394663118e-03
2.889620993377893174e-02
6.238150727589684280e-02
1.003975480445865563e-02
3.535200018123838689e-02
5.962374285142986799e-03
5.466426369608854866e-05
1.673253303530558659e-05
1.065165554381309628e-04
9.884218842755195634e-06
9.927440384136367035e-02
6.984324358652453935e-01
1.502066054712336562e-01
7.656163074338242502e-01
3.093451630341001457e-02
8.275622517257528316e-03
7.169855559041680149e-01
4.035122206421593916e+00
2.789212040211421328e+00
2.387128074268066946e+00
3.453077243735645785e-02
1.984189205903042624e-02
8.162363477484121388e-01
1.632120690618634948e-02
1.555911472894450599e-05
5.498424955684922434e-06
7.589672472253861991e-05
2.764772015166112271e-07
2.068924862891615129e-03
3.334797273462415668e-02
9.073844015871600222e-03
2.012852791027039956e-01
9.575230681298935176e-02
6.538072861925603441e-02
1.183684727628015576e+00
9.067147411845829508e-01
2.191114760151843033e+00
6.993822579762268843e-01
1.858656621366710669e-03
8.820957050887357626e-03
1.997531931075336165e-01
3.636085301650059370e-04
8.934325936039268248e-07
2.582143513775910129e-06
8.040980799080789583e-05
3.276331467697505147e-07
1.897441568347880622e-03
2.441881616247684392e-02
9.681168681078945390e-03
8.216407205543244663e-01
1.654077923546690476e+00
2.509247993955544542e-01
8.688079723530410525e-02
1.588284601538155622e-02
1.952424168076534461e-01
1.455922660394350920e+00
1.323906191407590305e-01
8.004973805453964308e-01
8.902580442651083503e-01
4.193754495638978160e-04
2.522922677120141894e-06
9.636005554496203095e-06
1.627294580150878179e-04
1.489442980116643146e-06
3.294775045562468169e-02
8.410814984023307073e-01
1.551559662928938821e-01
1.018313596641832408e+00
1.417018782210905270e+00
7.680428478153720206e-01
3.271070736329774742e-01
3.538938204313197833e-01
1.455894642623707158e+00
2.066373312438940957e+00
1.013567541357476731e+00
1.150762982964414372e+00
4.737693846781043661e-02
5.605156080989701138e-05
4.111463379452477986e-06
3.097355206040732666e-05
3.245970533839884014e-04
4.569037043323562579e-07
1.551259553427732953e-02
1.993110250938870509e+00
1.062961681815337123e+00
1.687910719141582971e+00
1.139466591009442809e+00
1.454951402990102283e+00
2.163771810862315514e-01
1.463706652917469431e-01
7.793516214487058447e-01
9.501884223802896656e-01
2.014394446142790951e+00
9.192448556855270514e-01
1.177048591050650029e-03
7.143503322046484813e-07
3.884244192559852903e-07
1.795231653030907097e-05
3.983264432992095227e-04
1.366965395324614513e-06
1.902367271696274800e-02
2.925235092281835758e+00
2.236557150070987543e+00
1.780712280184658658e+00
3.411373682676291930e-01
2.051239114161152177e-01
3.271948849310778867e-02
3.541248281387228067e-03
3.738482785491418006e-03
3.863198600516760950e-02
1.985435036616435278e+00
1.932641661249108411e+00
2.208188253165578162e-03
6.652312060587543501e-07
8.353108272455520082e-08
3.763677135708361186e-06
2.507161972315288009e-04
4.027667903560269214e-04
1.072926424130461021e+00
2.888213651082658373e+01
1.085493361963483494e+01
5.345924042685766153e+00
1.398288359363317523e+00
1.212417689413884059e+00
1.491193229237249174e+00
1.972896766326322493e-01
1.901941264285902065e-03
4.181148625448455163e-03
1.155535033485521001e+00
2.972160959572208938e+00
1.209491882113783168e-01
8.599163249904545896e-05
9.088129204688836121e-08
2.462116349754780595e-07
4.590552653403786855e-05
2.977225030693881908e-03
4.849144865220873513e+00
7.824611217671690611e+01
3.999116214240194012e+01
2.280449063380492447e+01
8.469799788367280868e+00
2.760679237082911186e+00
1.652892997845650802e+00
3.658758305810487776e+00
3.302363941462940766e-02
7.427556509678987472e-03
2.519307845522090972e+00
8.368626744672960527e+00
2.644957157190772623e+00
1.020796860777993011e-02
3.978006290597216798e-07
2.611076944527034154e-08
4.377679281950097529e-06
7.382502934822856821e-06
1.357599692838380168e-01
4.476863075593314534e+01
2.315818061112956272e+01
8.734255835959610081e+00
4.208349212952358975e+00
5.201419228290764529e-01
5.893668924461586967e-02
7.925478114280511965e-01
2.563651898128304629e-01
2.825484773729482202e-02
1.465909630062676161e+00
7.224519049044969554e-01
1.523411982669814202e-01
1.771345902081384593e-01
1.680232271807673898e-04
2.085661427523288952e-07
1.245117214391342483e-06
3.534577848121257086e-09
1.231463128394235588e-04
2.839549085425767672e+00
8.307030988903317592e+00
2.922643596253208020e+00
1.086968395830431700e+00
1.790091000256202047e-01
5.086910978464947997e-02
2.597956313708731368e-01
5.693897878618597863e-01
1.360803948882685632e-01
1.310831396484159805e+00
3.385756279600783403e-01
1.624855041032291156e-02
6.281015651821781898e-01
3.337641991189479324e-02
2.322468151538849730e-06
4.290156323208534303e-07
2.767112330054210739e-09
6.870835831911862724e-06
2.256480188019219513e-01
3.542881693333948867e+00
2.248857318682158102e+00
5.950705014130637238e-01
2.881165535239266218e-01
5.799236761495186743e-01
1.198488987964692193e-01
7.719795919685594476e-02
1.096897264986399639e-01
1.609822508484108905e+00
4.634933948656173364e+00
9.168291852114604512e-02
2.404464605674883348e-01
1.341048578005786182e-02
7.840255861100663093e-07
1.050017343220888218e-07
4.475562261340792038e-06
1.755614136551502703e-03
9.320220686783882158e-01
2.192140283339456541e+00
1.104788419790290188e+00
6.575737091820678393e-02
5.692034548705194458e-03
3.514969166048452498e-02
1.994923853550776421e-02
3.060575622044836228e-02
6.385629933273362369e-01
3.847470608611994081e+00
2.838206616916052027e+00
2.020470878669356485e-01
7.138013137892507132e-01
3.521217322101963948e-02
2.562209747871290807e-06
2.587652561250167461e-07
1.056420799531683562e-04
9.326291865972557993e-03
8.464860946191858915e-01
2.047528577424114982e+00
7.193739663446434562e-01
1.255899824642755375e-02
1.018493510208862336e-04
1.128884250240534595e-03
3.188316343164854239e-02
3.182306269438038571e-02
1.060320320000260441e+00
2.378573743732431911e+00
1.663879494422250763e-02
1.203248402197583042e-03
3.310471006619535722e-02
1.274298173898088388e-02
1.591413232166462234e-05
3.303483983786108231e-06
2.209660445409257284e-06
9.390303410116039779e-05
1.833161735174680396e-01
2.045060161384275599e+00
1.175879436652572663e-01
5.281922514338811825e-02
1.350523560774246311e-02
4.232167711104342644e-02
7.865845194585421307e-01
8.383195008440187668e-02
1.043356897417123674e+00
1.565905907617234805e+00
1.151437908084168788e-03
8.330501066412795961e-06
6.611692410622759740e-06
7.546990837385314887e-06
4.446153461346770571e-06
2.328083189192983095e-05
3.618196005521217754e-07
1.281759880524410374e-04
8.746776915587420875e-01
7.970532306259814348e-01
5.033974451150296896e-03
1.193934708755988311e-01
2.447881729097442616e+00
7.350162301811744570e-01
1.382518736097048562e+00
5.672548138753000790e-01
2.559633876340503544e+00
4.628445444766065009e-01
8.860505110596548703e-03
1.608826785406368952e-04
2.812094354428705710e-07
4.796628322722369695e-08
1.719034972171709028e-06
9.556285078548620111e-05
9.335511138739414427e-07
4.419299761278614597e-03
1.167915288387268991e+00
5.674827743413308340e-02
3.901818824313858965e-03
9.590344164059906584e-02
1.122113928588195142e+00
7.161976531951255165e-01
2.205598323947134620e+00
3.965197389351797774e+00
1.834046292935505473e+00
1.480122719342097937e-01
7.250190754976598706e-01
6.805710760067798515e-02
1.758741825218684624e-06
3.932948654722896124e-08
3.365741041256251957e-06
2.439231655233130487e-04
1.495804709657069049e-06
2.486881210042611243e-02
1.642243804949169661e+00
3.581921699677641513e-01
7.276469462964282320e-01
9.749874377863397834e-01
1.019715645752457434e+00
1.162315150609029013e+00
7.774235958907661503e-01
1.057499449357041377e-01
3.731649965260851361e-03
1.072055261087836824e-03
4.472813400011268342e-02
6.917329564559608970e-03
1.238367174833707011e-06
1.519212057502393459e-07
1.070469783197192673e-05
3.502542217133091545e-04
1.952371233586131001e-05
9.463556129604601408e-02
2.102617311414221035e+00
8.858408531643522377e-01
9.263655559603516387e-01
2.901778448637888919e-01
6.896894038483508682e-01
1.257257648617383650e-01
5.858163550058855451e-04
6.263755991868733279e-06
3.115672820837883044e-07
3.335603864741150995e-07
5.985409846788972058e-06
5.418697991568389085e-06
4.704315531846640151e-07
1.351657564347553208e-06
3.706993123042867297e-05
3.618760766161647092e-04
7.015670088900598581e-04
8.664016467931539012e-01
1.035612939242150699e+00
3.564432124203888164e-02
1.480965391912342222e-02
4.599771464220261952e-03
6.188949321037352097e-03
2.995333298477180343e-04
7.381283346229173974e-07
5.629626968548913937e-08
5.840799705603030137e-08
1.667548685017662616e-07
8.258492294399429397e-07
2.138693644462215482e-06
4.474221630215789460e-06
2.131261705221023305e-05
1.126487208012470005e-04
3.672908992308699305e-04
4.812754495164168220e-05
1.141018126564946333e-01
8.288625599525549781e-01
1.831253525799006188e-01
8.263861945903533401e-01
5.724898264255207092e-02
2.435290568463119516e-04
4.588066986959870919e-06
5.881017231816913551e-07
1.368157651139232622e-06
8.448509713071359625e-06
2.737554934350302729e-05
5.308470833616597601e-05
8.485147061504066230e-05
1.323262251264987620e-04
2.040372730708856310e-04
3.031055075065343754e-04
5.169328914986256844e-04
