8.155650757618751120e-03
3.122596037760882126e+00
6.800364598364556201e+00
1.123818844040857190e+00
9.237020263573257894e-01
9.970965513620270171e-01
6.102267086621272069e-02
1.937824112212085600e-02
2.621589248262031716e-03
7.441738402681032712e-06
1.497858777486470653e-08
4.325329930880240415e-09
6.364991365771414673e-07
1.146079285795981379e-04
5.683240915477773226e-04
3.091538567996724427e-04
1.561852764693586468e-04
1.987861449880385875e-04
2.725098479390314007e-02
2.624090242215251667e+00
3.510205647318157762e+00
1.673762319586736824e+00
3.525152544377499475e-01
6.451015727784528142e-01
1.250285350772429638e+00
2.697955706930299069e+00
1.084353449902403232e+00
8.359964856540504433e-03
1.350746763213149653e-06
3.393419971948544002e-09
3.705132911217760348e-08
6.085052099287581630e-06
8.100585462119103662e-05
1.161512732194473036e-04
9.564814389278909876e-05
1.492191146244411734e-04
3.351671777420728564e-03
3.025387126429241458e-01
7.606183446397549730e-01
1.775913942148226399e+00
1.691560813732529978e-01
6.708226412077832219e-03
8.483962742968187247e-04
1.259322825663973348e-02
1.269810036090771144e+00
5.662997931711971411e+00
1.878021338530749818e-01
3.870617017000082248e-04
6.647082338645784217e-06
2.130899892750487531e-06
5.109254570291844033e-06
2.670519473866064155e-05
9.542362171183603622e-05
2.630596787064152370e-04
3.690998190364294662e-02
7.140953965631411382e-01
1.616596048613924419e-01
3.688917334502685441e-01
6.810419310775788215e-01
8.724600704573856613e-02
3.189132101088253991e-03
4.652305528368771287e-02
7.497134257689663794e-01
2.766318238861283363e-01
1.828074779922356008e+00
3.935418662208352458e+00
2.198355705767273544e-02
1.965926435823916617e-05
8.890253760808091888e-07
3.976397873743578849e-06
6.432392566886846160e-05
4.491212708420285718e-04
3.461257472715159253e-03
2.672771842836154169e-02
1.101699958106967248e-01
5.030960541021530785e-01
4.852961975462326549e-01
6.429525643406710511e-01
2.142257000839722647e-01
8.508979296165657402e-01
7.008510439636179978e-02
2.886528405667579695e-05
6.710455324525111146e-05
8.878510119256301236e-02
1.000559303954279278e+00
7.062924794699010529e-03
9.507706246667390430e-06
1.771552978501939027e-06
2.243648040341381667e-05
3.378741585813749173e-04
8.562886994950670859e-07
2.454195939614493361e-05
1.505212933466287123e-02
2.944471137076667272e-02
3.545835382857171641e-04
1.143353100970091014e-04
8.496697632956935504e-05
1.759728796181676911e-03
1.400842893191608755e-02
7.218161392725380709e-05
5.431599861126799175e-06
7.913723670603553485e-04
8.808183297539818879e-01
2.043482269396376338e+00
1.981950549026922134e-03
6.723929768781162262e-06
9.875649884128234914e-06
1.510396436885195072e-04
3.401462452441267763e-07
2.055684588780114566e-04
5.119468412226775567e-02
2.175452927535562273e-03
1.198570574686999321e-05
1.927433615595254553e-06
8.611369559420058936e-07
2.543707738987935926e-04
1.065911296070230163e+00
8.819251626012012402e-01
4.148474540907043373e-02
1.930042770467799151e-02
1.107279597066011118e-01
9.135435529920115094e-01
1.986679070879891762e-02
4.397478748523416962e-05
1.177282045262322083e-05
9.544144627593819752e-05
1.347850859898979935e-05
3.441798431198281327e-02
8.065767970357823335e-01
3.250531307021434918e-02
8.002093037142355217e-03
7.665242325324593715e-03
6.790426354434107512e-03
1.419575786144292862e-01
1.706060687353239569e+00
2.731653735381758263e-01
8.764583476430554132e-01
9.501225116969975737e-01
1.255685897934552715e-02
4.126286021596653128e-03
1.990061563276534790e-03
9.711715314377082956e-05
3.270483504345830751e-05
1.234720105252192456e-04
2.552526854259288561e-06
4.951587467909276995e-04
3.364809909487095213e-02
3.406780540720522610e-01
6.171227841850532858e-01
2.218974131773227276e-01
7.049687530141636183e-01
1.046651835221535792e-01
4.467815331684825935e-05
4.482860969976185960e-07
1.822108956167935699e-04
2.343327239043378404e-02
5.276100488450470105e-04
4.499161094963381643e-05
9.844140614791396749e-05
1.049804027212057633e-04
1.035040454487568494e-04
2.187099958421187377e-04
1.071943379223750507e-07
2.322861090383425471e-06
1.074348217912846981e-03
5.458391276424071625e-01
3.704780928618933156e-01
9.927879358077960209e-03
9.229964573164287089e-02
2.159460800262719572e-03
9.911766790893727250e-09
7.066456467139497627e-11
5.951673772621560381e-08
2.800372406131857841e-05
1.174676453491679565e-05
2.857219738580363431e-06
8.575222550714497205e-06
4.021428377218528644e-05
1.168417895510476311e-04
2.628416260743868726e-04
2.419235464527700215e-06
2.947273809192733907e-04
4.311513811828179138e-02
1.505659745502182956e+00
5.182320507810820320e-01
3.573333822277062477e-02
9.207348880908278188e-01
2.360404580038773584e-02
7.474910299752759645e-08
6.796539417574050784e-10
1.618251067587778801e-07
1.742753041855119782e-05
6.837174683793227838e-06
7.732969192043603734e-07
8.579322118362774620e-07
4.817407293755529583e-06
3.332810517797420976e-05
1.629544008016492061e-04
1.104555051742955093e-03
1.065340849485926222e+00
9.754856910919288637e+00
3.749875272795401671e+00
1.207162972970341475e+00
2.524794661364485604e-01
7.958818978768421593e-01
1.365332081171709636e-02
1.417615473318510541e-06
5.480558637405244571e-07
3.855970194083493865e-04
7.979797956775539283e-03
3.260468307267450181e-04
1.427718243259395145e-05
1.083429337216703391e-05
1.351794543593375595e-05
2.070244281988454696e-05
8.899992120739688337e-05
2.197640430608131020e-03
1.917641078477215544e+00
2.021194576868347426e+01
4.247553035556912882e+00
1.787597030540610366e+00
7.866101631718848131e-01
2.684690210069926031e-01
2.023053855860906369e-03
1.392039977585428046e-05
6.675077983219270287e-04
1.025573111733718346e+00
9.505607422209761959e-01
7.315914596485911629e-03
5.426478484824756067e-03
4.026198954989652912e-02
2.941794648055045570e-03
6.089062766103180662e-05
5.451754390939295483e-05
4.351052788904236968e-05
6.367670997943286615e-02
1.984273498429539018e+01
2.885165464825502735e+00
7.132855714500645206e-02
1.553153545214032982e-01
7.358260730992934873e-01
1.177777790278856235e-02
1.693529955775567022e-04
6.758869847704806338e-03
9.484472947017443811e-01
4.125438822451645698e-02
3.124207921395086578e-04
9.106911884430373208e-03
8.580894691998824930e-01
1.273912761628935922e-02
2.412957712365626704e-05
1.702881476136250722e-05
9.338224580197591638e-07
1.076566539889155401e-04
3.083780918226971049e-02
1.084398270616086617e-02
1.523681662084671413e-03
3.083230784459614279e-02
9.305723782607834560e-02
5.313189276499867986e-04
3.251102097643387988e-06
9.168173053168780768e-06
7.072486385908091948e-04
4.916801688163712370e-04
2.394985058245976240e-05
1.037368538035139329e-03
1.484534013585440682e-01
1.972777348501367732e-03
3.419600549709418920e-06
5.239672086322753179e-06
2.078976893318226788e-07
1.247327730554351628e-07
3.968128072434559604e-06
2.632608172012328683e-04
3.956587689338579572e-02
8.404094784545733665e-01
2.314987830928086007e-02
7.190611106477759950e-05
1.182500125883129082e-06
4.999192635347659587e-07
2.077672014869163218e-04
1.897219247951888177e-02
1.289833478608650753e-03
6.776821770527397676e-03
8.636166702937649875e-01
1.145429020586570534e-02
7.585915658479009329e-06
6.125894898577914483e-06
4.799683618619210993e-07
2.417571573282447216e-07
7.213957300147459195e-05
9.917973211542603640e-02
9.578071500331333255e-01
5.138603945917951527e-02
2.238530360404934923e-03
6.429184624355540473e-03
1.288563496323624422e-02
2.652028350942848417e-03
1.058326376448472245e-01
8.764220749472454441e-01
6.402361783908097799e-03
1.868703841837259308e-02
2.001834050334554416e+00
1.884585684534124603e-02
1.375233931045560050e-05
1.116725736014460389e-05
7.718648910225246029e-07
1.298615120058028731e-05
1.734717079275113760e-02
1.736979503472082742e+00
4.967555993370331713e-02
1.030168501457983001e-04
1.023490640736734151e-04
1.386597534055666880e-02
8.302675339804969079e-01
1.092274028306920997e+00
7.974374533933175080e-01
6.060041082691183106e-02
2.534503438035095625e-03
1.189250381793007794e-01
9.950683336933000556e-01
1.083509096747986220e-03
4.427332550457078108e-06
1.767180334231911330e-05
1.165626364265847678e-06
5.794169700673819151e-04
7.080224889423458734e-02
1.818510211704466861e-01
8.754162472955416552e-02
1.044803937498852558e-02
6.249094298863582496e-03
7.223484237217323543e-03
1.177561327722571327e-01
2.054239673925485565e+00
1.091270295931023870e+00
1.167257709224140266e-01
7.240936315397528134e-02
6.378319874350185659e-01
2.799731267006653687e-02
1.254045423375160700e-05
1.299789194167088057e-06
3.428432769474365385e-05
3.596172956869035604e-05
3.146507874428865204e-02
7.301868171426894039e-01
1.784677328461506396e-01
4.326472358617621805e-01
3.976088465386746762e-01
4.344484555470931042e-01
4.431418803694359143e-01
7.600731922108373562e-01
1.852526308600080052e+00
1.015501594435052279e+00
6.689381470208441982e-01
9.956687673804284211e-01
3.980496171337233324e-01
8.911394839925263888e-04
1.397586410530140779e-06
1.771499147169620760e-06
8.869048280046831192e-05
2.735007176392917350e-02
7.741884799591565447e-02
9.407958879124093121e-01
2.936542985189650179e-01
6.052073088160542930e-02
4.188812386911920649e-02
3.827308750927931325e-01
1.613228193993084814e+00
1.640302316964535601e-01
7.524902734057374587e-02
1.976645683810814291e-01
1.955064574799996735e-01
1.025111877415358919e+00
2.638255560015244860e+00
1.181170655938872972e-02
2.234465390192917066e-05
1.583135309892870859e-05
2.560631275979482167e-04
8.789260676833815511e-01
1.187377762967985716e-02
8.277386221320655324e-02
5.523741974541350741e-01
2.286528428578860073e-01
6.427192090598610186e-01
1.020545390688825549e+00
3.233455489776829866e-02
1.454279758707624015e-03
4.800380710072431334e-02
3.543224249442170848e+00
3.042830223146030022e+00
2.014591492156202701e+00
1.613899202776870323e-01
2.997186427033840896e-04
7.298773860937385894e-06
2.847751387585296061e-05
3.985685532686448432e-04
6.894043360257283426e-02
7.908501001819443973e-03
2.208977004543447378e-02
1.578455185004952188e-01
6.919701108866432859e-02
3.803693925385343705e-02
9.084982218464715195e-03
8.041441997677007715e-04
6.223104634264954929e-03
9.811361085601346677e-01
1.330772918726024212e+00
9.336556507864293142e-01
9.151392428347939756e-01
6.321844041275557916e-04
1.845998259591007786e-07
1.794879034778291703e-07
1.519802253256368095e-05
3.849622340011149037e-04
7.598569402317396915e-02
7.533956102172336688e-01
1.259063212639645712e+00
6.840770254540371464e-01
6.754918580643645698e-02
4.697878855292173840e-04
1.236757446237506098e-04
9.057180470109296722e-03
2.060017852635094737e+00
4.795664203142067983e+00
6.825047254694367911e-03
9.794662114346772922e-04
1.912276210851582628e-02
2.329145655008597892e-04
5.175426842916490702e-07
1.081827215617953418e-06
4.564977857630056094e-05
4.627604825612988029e-04
8.930393042679107829e-01
4.281235581598135553e+00
4.605313597052699492e+00
1.439060638540748061e+00
2.717439353839686156e+00
9.067359135048765062e-02
5.232317491011578142e-02
2.842847988961171968e+00
1.116776235827283692e+00
1.788963896649734681e-02
9.439521993925777165e-05
2.166309002404921555e-05
3.734243273395395561e-04
3.033662251303786495e-04
4.471364341653406518e-05
7.117409523085764370e-05
3.022291400540068535e-04
7.122761820033819517e-04
