2.193606187784773219e-06
5.803145423005957523e-03
9.078399972389545880e+00
3.816498798660051595e+00
2.152169682812757223e+00
1.977502685249679537e+00
1.158155804903151370e-02
3.106140447139498894e-03
2.872906851148347360e-02
2.243262468039809374e-03
1.972051981259169786e-04
1.515081187681532849e-04
8.077499266189785358e-05
1.168357425168957761e-04
3.435721005904995222e-04
5.029667352668519423e-04
4.685873864360860569e-04
6.809261129563344908e-04
6.315034775529797230e-06
2.528538294168535330e-02
8.769561911909660168e+00
1.437984819561397343e+00
1.670938654954418734e+00
9.575903453343854732e-01
7.309823121014629756e-03
4.696411225374062803e-02
8.468371772453066049e-01
2.123929885387922101e-02
5.598144087773494412e-03
4.850402280850951405e-04
2.435965106678510134e-06
1.539894263825342246e-06
2.664318740851983025e-05
1.511703335109766796e-04
2.474836516276806902e-04
4.393349739602185654e-04
2.878402477326794042e-04
7.372860366658656739e-02
2.042730802257388234e+00
1.616890046618309373e+00
4.435262454682230571e-01
9.956138085851320204e-04
1.613502956734775011e-05
1.693727570041235822e-02
1.067301591789261650e+00
1.306947420197533682e-01
9.223780888423214197e-01
1.051787605392168722e-02
7.329640861627548056e-07
1.368093750725006748e-07
3.454990190678730198e-06
4.608107680218088167e-05
1.923069493020683213e-04
5.178512143383629755e-04
3.952196709662568128e-03
1.814712225954374647e+00
3.285511057310777971e+00
1.109855620980823243e+00
5.962694404601812659e-01
6.872829030113126406e-04
4.728200361919126967e-05
5.358787067328883713e-02
6.966247671387438833e-01
1.615711614553097808e-01
1.776226352355387172e+00
1.322212346093731006e-01
3.175570140861324296e-04
1.577330707486153697e-05
3.610159940383623892e-06
8.322250853347213466e-06
9.105213687383885022e-05
5.988249867562626082e-04
2.361003892668843033e-05
1.167886085560770892e+00
4.544510212364846424e+00
1.212228274247004189e-01
2.439877161278599382e-01
4.060359858344933515e-02
7.165529793822884852e-02
9.162749863381455251e-01
2.387050266436970825e-01
1.932153350889153492e-02
5.820777761658588699e-03
3.394868734920963860e-02
9.242981349037155958e-01
2.187909140102416855e-02
6.272109821249017944e-06
7.287385926660451151e-07
1.495704980275574327e-05
3.434018605736935924e-04
3.700544879973684104e-08
1.406673190973334320e-02
2.141215099432110858e+00
2.516054220566817379e-01
4.457944094985523131e-01
2.947137792010240953e-01
2.493661570732129462e+00
3.434388557639891815e+00
5.357876039398672408e-01
8.505876041338471250e-02
9.053519679402101741e-04
3.396515100318648044e-03
9.241049530655618405e-01
3.318722715068015555e-02
8.542208868474025592e-06
3.221148058310177018e-07
1.766360651707653069e-06
6.442556194132225810e-05
3.744125317191664137e-08
3.549173404940640566e-03
2.691882260940290816e+00
1.169456887498954600e+00
8.444732651863674500e-01
4.192748625771196003e-01
1.058815856275522771e+00
6.761210972860483004e-01
6.801527116955415897e-01
1.554607298521309522e+00
1.721008890741949349e-01
6.788455221901307235e-02
3.527796138459837055e-02
4.168833380022896225e-03
1.172176101278744106e-03
3.804121448841839715e-05
1.159371503527188579e-06
7.038011270923703626e-06
4.337483078608254255e-07
1.050605915221292617e-02
3.353384916822462536e+00
6.508951693330884414e-01
4.365745644671015224e-01
1.276359703939570656e+00
1.267659052758134397e+00
1.257205231355726927e-01
2.583295265214574088e-01
1.629335058201530462e+00
1.763514988294666352e+00
8.011531908220065334e-01
1.138626873749188327e-02
6.834191607876014159e-03
9.748443994414078828e-01
3.046685607586524167e-02
4.820420486817250876e-06
2.046487517703524969e-06
1.190363123779702536e-06
2.430611602152492334e-02
3.560510119074807633e+00
1.401030933148178947e+00
7.312746736586501761e-01
4.721427982037109672e-01
6.571785615567116157e-01
1.531368725813347376e-01
5.067585605238754676e-01
5.728142756433101113e-01
9.644419225544206831e-02
2.413633074426223823e-01
4.869238809406017943e-02
2.500983024570163984e-02
8.544570222357766864e-01
2.592546895936223908e-02
7.051727114514004647e-06
3.078988607259289432e-06
5.991055199182388979e-07
2.249789601955909726e-02
1.267202996688542083e+00
9.864830490306399913e-01
2.428058552899541755e+00
6.545536186919297394e-01
5.594587680010398856e-01
2.065771756431283024e-01
4.502761256192643891e-01
1.863795602393659434e-01
6.601482522014798238e-02
9.276679929073790021e-01
1.553910822998768815e+00
3.544360554504066840e-01
5.300828492303461675e-02
3.195119448663306548e-04
3.587783030616734684e-06
1.443765061107248606e-05
9.819468980777701700e-08
2.701325051010526959e-02
1.613846056997145562e+00
2.720817529408771085e-01
1.334851853604289040e+00
2.408366952500093028e+00
1.266603667849914405e+00
7.791408086770189312e-02
1.504693507802200292e-01
3.224720645207939107e-01
6.235667220191298821e-01
1.086935593556590085e+00
5.600572868492248446e-01
4.032151092358579048e-01
5.500054982229542373e-03
1.131711425350426959e-05
2.819921738949948476e-06
7.252380430035428765e-05
1.381823728410048973e-08
2.655934208983426817e-02
1.316914164253355146e+01
2.913264420158123702e+00
2.675891299278915891e+00
2.619433896267566286e+00
3.597779586012622932e+00
2.274081920660362133e-01
5.241787964225789187e-01
1.878887483080024401e+00
2.267268670337858616e+00
8.411891750087262531e-01
6.741012818905036674e-01
5.683185642770905988e-01
8.270354540286702907e-04
1.201033543053876209e-06
1.600371365772891470e-06
9.937228949328943083e-05
2.726146018205059051e-08
5.340388555162763062e-02
4.075907970018959503e+01
1.432482495704183556e+01
7.543858260476342892e+00
3.459171561000510042e+00
6.399795989916759353e+00
1.434666175604512039e+00
2.134444037392802418e+00
1.256745506008294821e+00
1.584561743487071128e+00
1.526630337136011040e+00
2.870307088026240905e+00
1.580913638650098818e+00
2.416991865597840645e-03
4.126947478787887915e-06
1.053553553708156951e-06
2.424443086332951885e-05
1.109267957430747495e-07
2.796321139735088654e-02
2.979169244332958044e+01
9.475444209410772700e+00
2.796522369188395807e+00
2.036745280557976656e+00
2.021693062664398965e+00
1.256078669713015517e+00
2.103897469853476476e+00
5.488727014440081264e-01
8.589733004954207551e-01
5.339172213907196207e-01
3.432289205763062179e-01
2.277517303175858876e-01
3.700168881592635906e-02
5.496083362131967557e-04
2.272888816885439498e-06
2.970777213574880658e-06
1.189669299916686567e-07
9.572887839843583760e-04
3.266757807873068131e+00
6.278910860352057810e+00
2.205444586416669406e+00
2.289180195915486049e+00
1.540703498680905170e+00
3.968087808731773913e-01
7.551011715620037368e-02
1.008908499721135194e-01
1.584648022078229079e+00
2.098410342291403108e+00
1.105510349996391417e+00
2.697704493189552744e-01
7.557553351248527118e-01
6.268752719017794961e-02
1.161905287357846580e-05
1.244909798423607427e-06
3.405550897752836977e-07
7.586933086041651800e-04
1.748297989647428219e+00
4.809009070101832428e+00
1.879604147907424583e+00
4.895489822455817430e-01
4.834596030671219902e-01
5.724616321188602530e-01
3.224437524211001826e-02
6.174246570065735490e-02
9.779907437020995964e-01
1.435630472733614438e+00
3.015145372028875670e-01
4.596227100499592627e-03
8.463615939173226022e-03
6.608907518277105063e-03
1.544332810495481397e-05
3.598043391030181123e-06
4.970760351950222073e-07
4.052827100512667799e-03
4.233263183714833566e+00
4.032514447495013421e+00
2.288630726250358460e+00
2.649254386665467198e-01
1.327949820397580083e-01
7.076933780505149096e-01
4.630777679940895619e-01
6.058200493831085165e-01
3.270185403057874751e-01
1.937766262041838439e-01
7.644238349606824467e-02
3.712855171691867144e-04
2.618230083793003836e-05
2.763861787560447289e-05
8.608535645160196226e-06
2.656804888009732055e-05
2.145818233853898390e-06
1.189169053241796205e-02
2.694269318584521677e+00
2.232859044165905971e+00
4.421495254090368476e+00
2.920534739214985631e+00
7.047160299934943639e-01
3.436291808065166098e-01
7.313448679473245617e-01
3.949232996085496605e+00
3.050912105247823636e+00
8.245624010478379562e-01
6.600664253461214770e-01
4.032107033466660051e-02
2.463308247538386914e-04
1.370579446990228351e-05
1.682834213009510023e-05
1.467891839442809294e-04
3.152505805104024355e-04
1.895689562746781798e-01
2.918352847820881113e+00
3.063067460771072170e+00
2.476958986120337602e+00
1.129873445434434576e+00
1.129192749042418509e+00
9.098702639841170781e-01
1.977397834843105606e+00
2.479190945066562346e+00
1.551207004535273493e+00
2.541974847786070413e-01
4.172995094675195915e-01
9.310808399821743908e-01
7.154414552588850978e-03
5.516445529862596536e-05
4.474927342077244071e-05
3.403462656481616140e-04
5.905061942851554287e-04
5.312408104722011748e-01
2.625591602518922762e+00
1.460032885942833314e+00
5.602671872808718811e-01
1.631366454502431174e-01
5.478149297014777153e-01
2.456155225776172735e+00
3.485234229332915934e+00
7.130907505100046728e-02
5.864406103092471151e-03
4.334859653667130774e-02
1.557589731075729400e+00
1.052379495498386719e+00
1.874402363082177878e-03
2.502555255395147199e-05
5.067057006133541104e-05
4.292414715614125504e-04
1.877750111816223026e-04
6.768278034548137478e-01
6.811015265769238880e+00
2.359936670664871450e+00
7.672983297278753723e-01
3.880713125592376578e-01
7.956661754629402727e-01
1.189475759840494362e+00
1.373344800891976303e-01
4.542645746895176127e-04
1.717455647149338622e-04
4.841159101017464272e-02
1.747545914140840873e-01
2.815501250251896772e-04
9.358132931124709877e-07
1.561691740904420398e-06
4.247405064215182890e-05
4.805301018706559625e-04
2.386503116978750533e-02
5.419968168280370868e+00
5.071840021022661738e+00
1.587945990637924520e+00
1.183224313579597009e+00
1.693843769886608897e+00
1.330107054121209886e+00
5.655926287210755188e-01
3.286223890484519378e-02
1.972556806085432220e-03
1.359895104806701192e-02
8.802686133837278604e-01
9.428520538328035924e-03
1.889935201131308957e-07
7.265148796420098288e-09
7.193933161429315654e-07
6.509603038080552528e-05
5.464232401096687838e-04
1.767047021725260195e-02
2.105113790371378801e+00
1.750326393348469178e+00
6.459873980682763195e-01
6.185720883546615978e-01
5.398475475030709569e-01
1.691938845773807987e-01
1.325299963201700404e-01
1.068454225597430390e-01
8.430614343323555859e-01
2.165609759674998802e+00
9.242272844416382638e-01
1.126924988451955857e-02
3.926654125390302149e-06
3.566055769141128820e-07
9.151818416742248281e-06
1.515713661765707575e-04
5.469316871657197918e-04
1.415956415520736207e-04
8.777513649319303168e-02
8.988218411313646516e-01
1.441818654459158244e+00
1.477644544003862137e+00
2.683492276752549310e-01
1.429448256719281218e-01
5.191185454283823164e-01
3.879666715933430821e-01
2.708309228497713494e+00
1.043880091883087613e-01
3.007336096405555082e-04
1.715862709155663952e-04
1.041346422015696627e-04
5.613989072908534436e-05
1.286703225748541974e-04
2.826619480107765659e-04
5.416226818518854588e-04
2.879149913353549334e-02
7.849846442162180971e+00
1.821003687357014655e+01
1.664982237878369276e+01
1.138221676779147806e+01
1.694699543335006497e+00
1.159248531532989679e+00
9.603570112590654739e-01
2.799508379474070774e-02
1.025790700385614644e-02
1.803142919607761342e-04
6.103448893955172682e-07
3.244040870052876041e-06
1.329963702139015528e-04
4.714245134920410610e-04
5.458157508295777153e-04
5.563723509230990294e-04
8.459361000583200682e-04
