1.031485767220000639e-06
8.247422070671445374e-06
3.980104894522201037e-03
1.993259060259381082e-03
5.876257888607459512e-06
7.126165248437168943e-07
9.344919388227282776e-07
7.152241745328820543e-07
2.692600306942606542e-06
1.293182030079093391e-05
6.449770782062846411e-07
2.714555208682984222e-07
1.045789455518705591e-06
1.380398663301942119e-06
1.268410931237692430e-06
1.246047109646291127e-06
1.201344746924216648e-06
1.787400178288301681e-06
3.937471377918996051e-07
6.633803859579645861e-07
3.269810871009759599e-05
5.206076526924884367e-06
1.852690732350195512e-07
1.783571161858755147e-07
2.309872793928658009e-07
1.580488771127554031e-07
8.594128870325385509e-06
1.957564909249573815e-03
2.150870187485507491e-05
1.872780477619736634e-07
3.461744902925364511e-07
8.033159137979120445e-07
8.301149093646477695e-07
7.991220624138589088e-07
7.564216041239160380e-07
1.200222354814711810e-06
1.328374826984849297e-07
4.862412146010036531e-06
3.963639139924897761e-03
4.495870655243247088e-06
1.365473382531937323e-07
1.007775916552028182e-05
7.836863418822364333e-06
6.162603661931090246e-08
1.092560489842892046e-08
2.367990551108729378e-05
1.987122130640894824e-03
8.174669192510255087e-06
4.480106802237259963e-07
7.773532241917985452e-07
8.880628969954063282e-07
8.477414644151199515e-07
8.013457581227675029e-07
1.254087922149643836e-06
2.160754733054180342e-07
3.148494932227026774e-05
5.998863365752133553e-03
2.134288678772643818e-05
1.438580405321341817e-05
1.974188389503049156e-03
1.974031225222131966e-03
2.887186310330429337e-05
1.102426341223457986e-08
1.921487099827023196e-05
1.967295898320676941e-03
3.609814220520477669e-06
3.860200902853590676e-07
8.455887962289242232e-07
9.131016658710012220e-07
8.526339519030912994e-07
8.105952939510585368e-07
1.268902889197623624e-06
8.146669142059840703e-06
1.961000047139661168e-03
2.009698052334312098e-03
1.994140818235453066e-03
1.979865540957179582e-03
2.013793949911778843e-03
2.097785766705235339e-03
1.861560906688941976e-03
1.018606049367983305e-04
1.907443465778059337e-03
7.056057352693953814e-05
6.633932036622909968e-08
1.040664230449047497e-07
7.796644950799539627e-07
9.423543082216337157e-07
8.475110497032183899e-07
8.042531072859187371e-07
1.261980510716460885e-06
7.005278890522386344e-06
4.012528304517409133e-03
2.051647980149954014e-03
1.951600958026752930e-03
2.063858965619822395e-03
1.969875472183984025e-03
1.882684374802858157e-03
1.916101262995654683e-04
1.865635786414827175e-03
9.250170206689761981e-05
3.936563153918803612e-03
1.312383255118090215e-05
9.649086663325129817e-08
5.536445331840959991e-07
9.591989934516927198e-07
8.573456322684085099e-07
8.037010854992552435e-07
1.262803238852069933e-06
5.028701419897958246e-06
1.991444804503806655e-03
3.918850090912026803e-03
2.108982020124353270e-03
3.891842949733162731e-03
9.490050303306053487e-05
7.118964173956391316e-05
1.857389056477588970e-03
6.064837464804845660e-03
2.854356350063284110e-05
1.974114705614832526e-03
1.448421593733981931e-05
8.152498841487437506e-08
4.020683834264495474e-07
8.923165922749291711e-07
8.644719499256743849e-07
8.035660403245018922e-07
1.263135907156811788e-06
1.104634687619693242e-06
1.481739416204591681e-06
1.069864793286770326e-04
3.891058379828594115e-03
9.698087301623017236e-05
5.913439112505449770e-03
1.937394769054328735e-03
1.583110742527227949e-04
1.926212987057001301e-03
9.996320177106565036e-03
1.699236524132669441e-05
4.640929873162700791e-06
4.918133347748244685e-06
1.028749493344819765e-06
8.365526838703146552e-07
8.833552892435036559e-07
8.081460099509431065e-07
1.257945123038470280e-06
1.092297441587036861e-06
1.869401052173681408e-06
1.916084072876611403e-03
4.058599083899938620e-03
8.741846507417009493e-07
2.779901124214348998e-05
8.669936444139664819e-05
1.812864413986688865e-03
1.272276092759588070e-04
7.967879453354212438e-03
4.657944466903002741e-05
3.975737155576829218e-03
1.994649296298720183e-03
1.459724544653088730e-06
5.100233306377182083e-07
8.813091159555590047e-07
8.314201009638021119e-07
1.255472848946918315e-06
6.290075960039337868e-07
2.847740881611973391e-07
8.929255394434097075e-05
7.933428284667009764e-03
4.042558290467754799e-03
1.934878333574231940e-03
4.641144203048538654e-07
7.760640175400572991e-05
1.998161685983924647e-03
5.944726512057601185e-03
4.052007156094271020e-03
5.960314946014596930e-03
2.041366213144529557e-03
2.203287003983616281e-06
2.343590672315872442e-07
7.471720080957837739e-07
8.587248807520884648e-07
1.258610373230124183e-06
4.352573204106110405e-07
4.326203609164897875e-06
3.932663877764970388e-03
6.080553966433233613e-03
7.992031138088580636e-03
6.019645621225016424e-03
4.121839054122307654e-05
1.953998474762139517e-03
5.927220829881327258e-03
1.587693538677342796e-04
3.868928366575550507e-03
1.305467767548108555e-04
1.911553368328111581e-03
1.592609265005872997e-05
1.824671487521181372e-07
6.354414326716836119e-07
8.706800984393826679e-07
1.260402832721052823e-06
2.193366213812445819e-07
1.345747713287970297e-05
5.213495880604337995e-02
3.802415445633140073e-02
1.003073587725918786e-02
4.030940782623848757e-03
7.937158653251364174e-03
2.063391255075826703e-03
7.304094219704895623e-05
1.874532346920532166e-03
1.612764977417846524e-02
3.919691735286657402e-03
2.060385389512740285e-03
2.423535204975667157e-06
1.547716564186837278e-07
6.809257031375801471e-07
8.676969806556308422e-07
1.259338888481577606e-06
2.589325954110622767e-06
2.007344904633320826e-03
2.484485910848777401e-01
3.212495277237423924e-02
3.203442121575855034e-02
9.982058586943048234e-03
6.119982000510847814e-03
3.891477901209041811e-03
1.999187585469137506e-03
4.067474701459923743e-03
1.196869667215148467e-02
1.808558810210592407e-02
3.952149049305796712e-03
7.136384597604060601e-06
4.555490459842925746e-07
8.174894457902017432e-07
8.431894158483571416e-07
1.255453044949597427e-06
7.141105067941233147e-06
3.981366980951393103e-03
7.217512267311033958e-02
1.597512331779235920e-02
4.024996073674046333e-03
4.062655620364240966e-03
3.854535173459376716e-03
1.747738030465809491e-04
1.928937376731842263e-03
1.002846858065511472e-02
6.008125770341424775e-03
6.006434018724189465e-03
2.066161366063945534e-05
2.356190263158329124e-07
4.111363438535066446e-07
9.022486612523918194e-07
8.319990593599557698e-07
1.254687510446563010e-06
4.970833968604198650e-07
1.957348693275221725e-05
1.400614634708173892e-02
8.074285519449619225e-03
1.968074277280366415e-03
1.970376632552091247e-03
1.267041274111064576e-04
5.849995558808961972e-03
9.312465039509166360e-05
1.938812992069636337e-03
4.068602361973518156e-03
5.944544460118668383e-03
3.082947902711328348e-05
1.634676565342794926e-07
3.392863306083202601e-07
8.692702347129759043e-07
8.319843097140279989e-07
1.258705990273974116e-06
2.877844832975046094e-07
1.137557855278566933e-06
3.995207151856638127e-03
1.394561499386305116e-02
2.098395181738116604e-03
3.937783799844688133e-03
4.067629114865320571e-06
1.281253717445934184e-05
1.147930991384147366e-06
2.033352385493717232e-03
5.953793585296491588e-03
2.081825336642882662e-03
1.950979107511622039e-03
7.961882042569543079e-06
5.993930258852530166e-07
8.104422388593195987e-07
8.253521929550899722e-07
1.261228658130226737e-06
3.216658154701899020e-07
7.428840934559260883e-07
4.112803351833597791e-05
5.110641325938130024e-05
3.931866585609827998e-03
2.056588790675721763e-03
1.592872004562842077e-07
6.984897745470299748e-08
3.852529708078020443e-05
7.931466846156443387e-03
8.091289959568745416e-03
3.927464943602050097e-03
3.177386929679347293e-05
4.350446154046705417e-07
4.712489426878134259e-07
8.540538299749792004e-07
8.216052284792075241e-07
1.259514710957522221e-06
2.003211193624917128e-07
1.565216281516558069e-05
3.915874455228755477e-03
7.647588755011824820e-06
2.550857886110270136e-05
1.951831281979239446e-03
1.728619532026406225e-05
7.785644777054530027e-06
1.930997677801745988e-03
9.370900673527979416e-05
1.940407428890657694e-03
4.208234898291091645e-05
2.320083015578332760e-08
5.423201524303205011e-08
6.039740522021038172e-07
9.240215247859782907e-07
8.114876560102465474e-07
1.258408983614973415e-06
7.607795157269729104e-07
1.260075726521331424e-05
5.078476283562486163e-05
9.821322898930829221e-06
2.158848780766539783e-07
3.548449633070490305e-05
3.971585724892712395e-03
3.139887022105843474e-05
2.017110147620798308e-03
1.994543185991095886e-03
1.989238283142374074e-03
2.396752335028392615e-06
3.569834485245988428e-08
3.221047337650726321e-07
9.532499377646466309e-07
8.949902870028951897e-07
8.022987595955117834e-07
1.262396233655519614e-06
1.337542942462769450e-05
3.955214388291091419e-03
2.008549137106569252e-03
3.955805924872896756e-03
4.290398230304663533e-06
4.470035956143295070e-06
1.970056168617028737e-03
2.139321340690681752e-05
1.957992897263506529e-03
4.000510041201702296e-03
1.399762451517309428e-05
4.721478801363312649e-07
4.336267536209919083e-07
9.151113595275440307e-07
9.369625052075898039e-07
8.505627346528134597e-07
8.039178914320290895e-07
1.264378040822044080e-06
3.054159451230874811e-06
2.027441009386546280e-03
2.009388294228647495e-03
2.403682512597435001e-05
1.665071711127717249e-06
1.627059630411993802e-05
8.787535418415823383e-06
8.062918219680937453e-07
3.805545484506781993e-05
5.086345293542822533e-06
1.280970360428072291e-07
2.796242574584660545e-07
8.379770136734316464e-07
9.313822926490419824e-07
8.638509036380794379e-07
8.483748051399807499e-07
8.077371408819679280e-07
1.262144802957968058e-06
4.743589299314598233e-06
1.981670161396806989e-03
1.980864742080078091e-03
1.681830553154068001e-06
8.120049357656616948e-06
1.959156252812826321e-03
9.365130174332387481e-06
8.206508120627371819e-06
1.949152817036323799e-03
1.056726390562281429e-05
2.101110519753790001e-07
6.083347084415712725e-07
9.535158834930348753e-07
8.741999861080099175e-07
8.637128740924231456e-07
8.623827122425440343e-07
8.135924209316593327e-07
1.266556411669995899e-06
1.543861731665854229e-06
9.102345995901360112e-06
9.944086658491026583e-06
7.292241266733389941e-07
1.542476214687660478e-06
1.403423233420180900e-05
1.000875696112917490e-06
1.272903230227141613e-06
1.709942578244164622e-05
1.613906416422167467e-06
4.422565883866210968e-07
8.353691746444536525e-07
8.990092532455348318e-07
8.484698361114255571e-07
8.598482741325300563e-07
8.527626433478464937e-07
8.018442568439751771e-07
1.252996407325151066e-06
6.492339065036603274e-07
2.164351725671305731e-07
2.258277686818145464e-07
3.476362828229779204e-07
3.168602479983113267e-07
2.501762254959147076e-07
2.605818249073171495e-07
2.267329924675167054e-07
1.774325134219442795e-07
2.772225525195732753e-07
6.264617509830591409e-07
8.445982076187758719e-07
8.133830772118938015e-07
8.029846059623157559e-07
8.134788223994052217e-07
8.020321857966107444e-07
7.558565352313141337e-07
1.200634797892250222e-06
1.785248450247721420e-06
9.900845927278012712e-07
1.033786519743906547e-06
1.272906077100118280e-06
1.201154652664425845e-06
1.045672213149495068e-06
1.215399760897107226e-06
1.172255667607798015e-06
9.642284569388137415e-07
1.136003271376546288e-06
1.330369125086349632e-06
1.289386145265245322e-06
1.255182998975935920e-06
1.261500766951454255e-06
1.269852138406654726e-06
1.253227621496915749e-06
1.200054814672865763e-06
1.786155631247631599e-06
