2.665610670005760565e-06
1.316595254534947218e-06
9.897793545460655168e-07
1.304104117334764298e-06
1.275412058760533107e-06
1.461425578354776075e-06
1.784128264810099377e-06
1.801777825631245986e-06
1.780836634827290167e-06
1.786775328416928525e-06
1.793251937177694045e-06
1.788947570254835065e-06
1.768825644317981640e-06
1.753601553717402444e-06
1.759063254103342600e-06
1.740345417659656330e-06
1.682676200578051133e-06
2.453860351035300714e-06
1.397746056737324147e-06
1.640354451938718117e-07
3.603560742448658742e-07
8.932319922098419369e-06
1.264955810571632639e-06
4.549982036614762759e-07
9.038441473134000538e-07
1.153194934583505615e-06
1.287883651912885601e-06
1.134296765880041931e-06
9.978619676943889328e-07
1.083284922417838822e-06
1.192397149937122251e-06
1.172481424483793831e-06
1.148265533451231491e-06
1.132440862003423017e-06
1.082997529715415336e-06
1.682829848563987643e-06
1.028095357998166012e-06
1.855285670322391964e-07
3.805747643236331309e-05
9.101803434029507103e-03
1.906815729892080076e-05
4.940920748972092996e-06
1.714877395953944322e-06
4.504349031331909963e-07
7.171241307017821011e-07
6.564918543695372605e-07
6.605813836003892257e-07
7.100345721048072255e-07
1.019108474754715615e-06
1.271396881106045379e-06
1.228083275390831104e-06
1.188998671028588754e-06
1.136392665200085282e-06
1.742065347496275535e-06
5.922293416853719926e-07
2.526799254851612154e-06
6.074436322194117638e-03
3.011667700149166498e-03
2.476188265561903742e-05
3.020570975311833231e-03
8.433380962402122735e-06
2.846333037520831271e-08
1.445490974622355812e-07
8.601654331251471152e-07
1.374209370825621703e-05
1.854843157327263430e-06
5.111065961360508180e-07
1.136696019362210895e-06
1.289674318497348021e-06
1.208189334879907766e-06
1.153236481079327298e-06
1.765155716080366416e-06
3.862171715606841238e-07
2.191503307272502879e-05
3.051158448508012409e-03
8.638858276763964684e-06
9.963531594130807241e-05
2.919706853115881968e-03
6.976955643152065367e-05
9.012299579512616024e-07
1.283445975614769610e-05
2.056146103439147522e-05
2.994317813585356015e-03
1.787152543134251423e-05
2.038413998480829738e-07
8.546447206616424797e-07
1.313027209371911295e-06
1.200310032925534204e-06
1.144041804853007916e-06
1.758491706394681527e-06
5.277884838764199011e-07
9.905694116258147820e-06
2.917302282313720234e-03
3.237918394795325124e-03
5.756055262750706114e-03
3.432864720300502393e-04
2.826695534829505932e-03
3.151434452368835366e-03
5.970579548717661750e-03
6.602967069247486602e-05
3.023568056590374229e-03
1.764273234632948893e-05
1.513559487292581962e-07
8.118892433535657992e-07
1.335635051728384339e-06
1.194848202469711452e-06
1.135443586235632807e-06
1.752094858795860836e-06
4.865694831259584308e-07
2.302904162002877230e-07
1.802474068827641051e-04
5.788601804556295707e-03
4.353826058175817556e-04
2.657115306955547176e-03
1.790051235692357201e-04
3.014300821586990854e-03
2.150126565544040790e-05
2.651800356777060682e-05
3.010397648066425336e-03
5.670856570333838552e-06
2.093169794133314558e-07
9.381533728951886986e-07
1.414421921149228322e-06
1.258552411907687456e-06
1.157941732889119831e-06
1.748355568089339143e-06
1.227827290029167599e-06
7.241709583158458883e-06
2.853170117145968198e-03
3.366495306857858732e-03
2.643740464618921353e-03
2.870934486228909899e-04
1.226508794715316527e-06
8.970013299043823329e-03
1.710766213295184749e-04
2.939011725404895928e-03
6.131681169465236919e-03
1.989083533484993049e-05
1.045830241787906569e-06
6.763361667075778618e-07
9.303396597264940031e-07
1.105329058721991385e-06
1.179588083833669915e-06
1.789414624383814635e-06
3.318781246734611813e-07
2.000491601124407619e-06
3.241346259445569179e-03
2.677071931848703287e-03
4.630400511730459558e-04
2.668822635481355853e-03
1.073661158309209876e-04
8.708742803319072072e-05
2.904358076796210563e-03
3.089475117522492986e-03
6.103654749710022386e-03
2.997365758245247938e-03
4.899452395738708929e-06
1.089616327672585059e-07
2.719228998488179600e-07
5.816087509452919951e-07
8.822341180666260120e-07
1.843582276423262039e-06
3.540510375635025121e-07
2.742833215632055433e-05
5.859246268719114047e-03
4.140170841883474050e-04
5.597972920391599411e-03
4.330970500369835260e-04
2.832304886972656678e-03
3.227763878459606980e-05
7.528021038114693559e-05
9.150466977847619788e-06
3.030912860768778926e-03
3.054428926029494930e-03
3.872639816178384547e-05
1.652930967140985755e-06
1.922872022289533680e-05
3.163533242416687231e-06
4.465021780977763953e-07
1.647716630465500606e-06
2.312845506801107103e-07
2.312262667098001785e-06
3.194437392249116058e-03
8.853591582793142803e-03
1.253153551572257739e-02
8.859841408393180628e-03
3.145224609172508727e-03
4.699873351434275074e-05
2.861300660793679538e-03
1.199792991230886279e-04
5.978972016450801591e-03
1.536014219396576383e-02
2.898214523232328210e-03
6.589012770338883280e-05
2.958231163573393947e-03
1.813455826339548888e-05
1.371497757263693832e-07
1.072359096002888758e-06
1.084061782664972731e-07
5.526778233761590501e-06
3.037795691112742114e-02
1.240134671874813278e-02
2.718662167995445494e-02
9.357881311143994435e-03
2.942806281196676255e-03
4.264613598860150811e-05
8.746225395944004955e-05
2.998578333508908431e-03
3.122214393813370261e-03
1.208109113768443370e-02
1.123708753643103852e-04
1.711165534333581257e-07
1.724956132732325995e-05
3.021337248446939261e-05
4.939656735098098039e-07
7.422957638637853058e-07
3.169604838576400289e-07
5.784754093855504095e-05
1.402081520178356244e-01
5.177081521003670805e-02
4.278545863151725359e-02
1.818630454949973080e-02
6.152893340967183732e-03
2.952615208514262294e-03
2.439548065781965353e-05
5.998646157267034304e-03
9.181956658898026216e-03
1.224176792821783828e-02
6.018275987100212346e-03
4.198650093464721496e-06
1.508593410457261110e-05
2.975750878284608332e-03
1.804402710344764517e-05
7.958247065870741018e-07
1.248167262014479061e-05
2.960182362421049339e-03
4.278040750037584439e-02
3.043377182036501732e-02
2.134367857783751182e-02
3.024629143003168368e-03
4.221373340884675981e-05
1.453763657746505705e-05
4.808600583960104331e-07
1.425594880909406047e-04
2.928722396905265521e-03
1.524958445916246332e-02
3.054347600384179663e-03
4.816463633682576492e-06
1.810523812655855334e-06
2.134957807739974587e-05
2.156310070708365084e-06
9.192378187057841587e-07
5.054754742630592543e-07
5.464083534753519519e-05
1.511670111849260957e-02
6.189679927728272690e-03
1.519919389230543934e-02
6.145180456623793551e-03
6.077055702054993611e-03
3.008479149667909244e-03
3.156044721002528291e-03
2.777552087197873894e-03
2.243919961806278970e-04
6.030672759865678134e-03
2.611675171969546515e-05
1.431661249256004936e-07
2.386287709595060038e-07
3.541494828769979075e-07
4.741776876603473113e-07
1.439435583474303665e-06
9.016000186069434295e-08
1.489725647891371812e-06
3.141318746523150737e-03
2.968163639387071725e-03
9.155429396042354812e-03
6.061712811468708550e-03
6.051685137658046644e-03
3.106398407414720248e-03
5.888902756480842056e-03
3.225437387207657700e-04
2.826509222339245158e-03
9.150307278507862491e-03
5.207675951220740842e-06
2.720489173610318521e-07
8.254521418888736293e-07
9.652318658684147690e-07
1.026583865545327080e-06
1.853666000644576453e-06
6.144487803160190139e-07
1.488722545167404135e-05
8.982055568132335521e-03
3.190676079064732554e-03
6.046578362599422211e-03
8.992049802018817846e-05
1.652559369130570880e-07
1.787665312873020772e-06
2.091952610739892420e-04
5.785937271335877922e-03
1.920575426624814193e-04
4.915369933751425450e-07
1.048107157217282364e-07
5.401015692962978419e-07
1.400378192445387979e-06
1.327767755606198868e-06
1.182609195584102186e-06
1.778121621503073984e-06
4.565027937560119631e-07
3.850447840894490633e-07
1.629847687222529232e-04
5.939503786202177636e-03
6.137698736785213161e-03
5.929457321116631506e-03
1.353805839406980907e-04
2.953807656885054731e-03
8.973581495604312369e-03
3.301009456829852740e-03
2.880477935565120377e-03
3.858750532495146756e-05
4.747646583601093409e-07
4.835790372179660293e-07
1.209781342876379167e-06
1.250609906258762719e-06
1.135559407276440430e-06
1.743889217863976887e-06
7.574036159056302930e-07
8.861138356919944241e-06
5.940719601788856281e-03
1.271554029475587271e-04
1.494891465440548170e-07
1.651462854933198425e-04
2.848026025949775778e-03
1.205446148193797774e-04
1.282502883973788408e-04
5.910507470572369006e-03
3.155276591795636628e-03
2.982209650716880107e-03
1.619805371349734396e-05
5.401298553377348100e-07
1.024514952537753819e-06
1.253206642679340837e-06
1.143141426810220937e-06
1.748699363036124262e-06
9.278791417323019924e-07
1.192363819490420335e-05
3.159265000097760418e-03
5.966723931916698490e-03
5.850925909880719987e-05
2.842358684618279292e-03
2.366610529332506812e-04
2.905327950382122909e-03
3.006688645538876242e-03
4.729939565111444626e-05
4.787132331726526362e-07
5.922393270496605019e-06
3.736412405514953601e-06
6.835713130908864475e-07
1.105693715322996135e-06
1.250376434307918908e-06
1.144465466855352605e-06
1.750369378502821723e-06
1.490492558151466627e-05
3.015101324211494956e-03
9.091520035528237106e-03
9.186467592914008065e-03
1.387775075961868740e-05
7.417512060442820528e-05
2.928692678277979456e-03
3.095138893369110775e-03
1.735211033545565223e-05
8.830286981602273481e-08
5.658865946142263915e-08
5.745120597976565168e-07
1.042662445712317461e-06
9.971051891944571964e-07
1.240663003916614568e-06
1.227368142190511416e-06
1.144219599362586468e-06
1.757883783139974180e-06
9.828460752631589203e-06
3.013344665140409162e-03
1.228234984675917810e-02
2.975540706508015762e-03
1.253229053492511713e-06
1.839986794403866756e-07
1.947665722393368670e-05
1.982003563650895421e-06
1.011387961828851247e-07
1.939535980083147286e-07
6.881708214299580146e-07
1.199720034679418219e-06
1.217562552809275710e-06
1.230080159277734488e-06
1.254644808229584192e-06
1.214580536630212100e-06
1.151422802954691493e-06
1.769401199370226200e-06
4.149463748803021470e-07
3.576849643087819000e-05
6.006637019247425269e-03
5.157761116827992286e-05
3.143636816774265401e-07
2.068433145968548532e-07
4.959949703439547342e-07
4.422589158537151629e-07
5.596841246438965767e-07
1.099764851153275817e-06
1.367564370577615029e-06
1.284874771286291669e-06
1.218847640302544605e-06
1.212579068279476116e-06
1.215531680945880619e-06
1.193601473279467765e-06
1.136012737644934428e-06
1.746603470268215971e-06
3.892693554833394267e-07
1.217388047779063775e-06
1.741047593669498329e-05
4.478377083774043334e-07
1.465417575804574991e-07
7.265982804490317156e-07
9.875522342689524718e-07
1.065808003909953038e-06
1.232523954257316669e-06
1.240074521983342996e-06
1.167107329887054221e-06
1.133706388545045934e-06
1.136153929240820656e-06
1.144882217168458774e-06
1.153105894731630864e-06
1.135847733893637367e-06
1.083208269247993767e-06
1.684741950960093068e-06
2.021846859580578938e-06
9.102960521106272318e-07
8.857034500255476432e-07
7.263259691116523975e-07
1.224042911635821860e-06
1.949587398177361672e-06
1.875188565508873447e-06
1.797650448842703753e-06
1.776417412451130069e-06
1.745026235636936593e-06
1.739754144285052575e-06
1.748617252615775146e-06
1.754159392763119243e-06
1.758649810741052649e-06
1.766751718101427907e-06
1.744587661622848756e-06
1.683580078962991344e-06
2.453728205345232037e-06
