2.016691996262255562e-03
1.420768541510933000e-02
3.243952324933604275e-02
2.025737577870303022e-02
4.735926233018331765e-05
4.051202956801235738e-03
4.006886969828276149e-03
4.130534584781839972e-05
2.427004597049124378e-06
3.856217451858767227e-06
9.854372546064420860e-07
1.250148732203936335e-05
2.947463939630531219e-06
4.978940656652028153e-07
9.531248851708655901e-07
1.148945192827330912e-06
1.511506839082712537e-06
2.998179298836105817e-06
2.180133210298053947e-05
8.060898981478849951e-03
1.630286065992199440e-02
6.047968707389500195e-03
2.020499489248531264e-03
1.968817247323025217e-03
1.269296439581674065e-04
5.978020962240270658e-03
1.220465978963459520e-02
8.085571062137895254e-03
3.157858926818147931e-05
1.984293152730372874e-03
7.227995791640965669e-06
2.045255494443630857e-07
1.235304725441260397e-05
1.664282978501332306e-06
4.105773858191792794e-07
1.638054068667773743e-06
6.673898875061450766e-08
3.878237883369217465e-05
5.984414030196005818e-03
4.372986436228622139e-05
2.928844157709723956e-05
1.995189324085869614e-05
1.943229003125371800e-03
5.681119228909712276e-05
5.691449819253083947e-06
1.209698203261092009e-02
2.100549762450098015e-03
1.982694545267576006e-03
4.391665895731052915e-05
1.083981157239621492e-05
1.984164579359810193e-03
1.480791137953834790e-05
3.368678262341873252e-07
1.675377564986153889e-06
8.451402139770380136e-08
7.832474519783085955e-07
5.585111487073293209e-05
2.333548335755937050e-05
1.910479212839075007e-03
1.008477041163129492e-04
4.038040413581001596e-03
3.209755684654881330e-06
5.672388578758373337e-09
1.100121428169960932e-04
5.940309439115782318e-03
1.025264593418897044e-02
5.988257522909407916e-03
1.640147361749846186e-05
9.518648938446965817e-06
1.726915673713736572e-06
4.387686006267098388e-07
1.847174450336729834e-06
8.950215968927973922e-07
9.821046583370148070e-06
3.967927062158858355e-03
2.052108766233611686e-03
4.135304277401543813e-03
1.922913277864038255e-03
2.045090650588716856e-03
4.033606641135710838e-03
2.080558299730609836e-03
3.888337967756418795e-03
1.937812804410907262e-04
7.966819175784867549e-03
6.179126594737885739e-03
2.798888316485961831e-06
1.069267924952185025e-07
1.947777947668121172e-07
4.089564148552486828e-07
1.027644844952035127e-06
6.457829814089570529e-07
4.407903181310186399e-07
8.527846842847778880e-05
1.966979674064678416e-03
1.974156868001865611e-03
1.000122701050298722e-04
2.530588867327802939e-06
2.026024573281749296e-03
6.019574905904819667e-03
1.431530971571795216e-04
1.874913072473830510e-03
1.127588767886623922e-04
1.207915325489904157e-02
8.112514930676946456e-03
5.477569788287861359e-07
2.735195754891162342e-07
1.258636311157728431e-05
2.175146449462829366e-06
1.238189539407491795e-06
9.278693609506313727e-06
1.947142374085752189e-03
8.180659439417160058e-05
4.025309620270776256e-05
1.001539371497239990e-02
3.489500862328593386e-05
1.164675680223106066e-06
2.037933289900126872e-05
2.006865975313883513e-03
4.060808488334391973e-03
1.343983700010421641e-05
3.559363253408080068e-05
6.059237205271198780e-03
3.334053485017492792e-05
1.271282795142206712e-05
1.984674590369882394e-03
1.495737867191393877e-05
1.194016690324610029e-06
1.759915285654270637e-06
2.068436398904881669e-03
3.970494316165011466e-03
1.161977269007526390e-06
8.885422599866327860e-05
1.991875497946027015e-03
1.410463186817610620e-05
1.749898514514455918e-05
3.978280172180794633e-03
8.241920085337814416e-05
1.934584625893193870e-03
2.479641340801607988e-05
2.045911452714218193e-03
1.969091380458220554e-03
6.268375240250222807e-06
1.126902704576368467e-05
2.308132264178620312e-06
1.358743195693991562e-06
1.165915627065193419e-07
5.977022313418322740e-07
1.768180090623582113e-05
4.701472259020659708e-05
1.941263887377113343e-03
2.060032691954393792e-03
1.969254849594341637e-03
5.399162378460647959e-05
6.217692568103743037e-07
1.190039139618209783e-05
4.068399906657110821e-03
3.173993438466516330e-05
1.965396711713753800e-03
7.441009607866627749e-05
3.365966865175192824e-08
6.170613460932573019e-08
8.437705725703249137e-07
1.517939634068047763e-06
1.429085816538694965e-06
3.711468821365923142e-06
9.033528768605498277e-06
1.978017471072359822e-03
2.062459461802633020e-03
2.188198553731063772e-05
4.087522574389276033e-05
3.958006989290443860e-03
8.225849588010207395e-05
1.972915202198687913e-03
2.003677340000550432e-03
8.434440454953283998e-07
2.911538342137356424e-05
1.964848486759164601e-03
1.530188390978900860e-05
4.814718923481876800e-07
1.513766623658685392e-06
2.059828502628933089e-07
4.834249847887185169e-06
2.004324652058550853e-03
1.335229373612554318e-05
1.872474422425939661e-06
1.893773705399437731e-05
1.940694520385221646e-03
4.518582008309010182e-05
3.803211034143670963e-05
1.943668610687958277e-03
2.079200435595734194e-03
2.637788736018817197e-05
2.166463163189843441e-08
1.868988608157023698e-07
2.057760478554989097e-03
2.012179188691809797e-03
4.465631961249127919e-06
1.465419761298179085e-06
2.988679169788477244e-07
3.748559232124044075e-05
1.822329115304322303e-02
2.361375251998256520e-05
8.376462330476562244e-07
1.106451512111959747e-05
2.089710413174848767e-03
8.040918389631385513e-03
1.633785974622839924e-05
6.817613153109908794e-05
8.061840995357441239e-03
6.062934949708667469e-03
5.737321481797115177e-06
2.023752346195896589e-05
4.021312163645194594e-03
2.034701788788532192e-03
3.390632058723284632e-06
7.993132447953467755e-07
8.122561374570580687e-06
1.979934103424562351e-03
4.464745713563718355e-02
8.091000169622492369e-03
6.099942671545940942e-03
6.022375748409623288e-03
6.091579069941995515e-03
2.033854853416177874e-03
6.105077497922777215e-03
3.953164934074908897e-03
6.179691528532060309e-03
6.029310319657686136e-03
4.108743205367823212e-03
3.992877711646789819e-03
2.072050629061831899e-03
4.040570352474998246e-03
1.108394180453363955e-05
8.725647982473286578e-07
4.041940608438686758e-07
3.069747272252480166e-05
1.215868338641389393e-02
2.040380820547305941e-03
1.974828109309193294e-03
2.150052982256933296e-03
5.990032580702737801e-03
8.501521491855496980e-05
1.923111616340940876e-03
2.197681280316682133e-03
1.858538455624686274e-03
4.193363887810695918e-03
5.980611418759738951e-03
5.499838022084418688e-05
2.028184213897001389e-03
1.994696905333564856e-03
2.567392460246119762e-06
1.122862848189862427e-06
1.819097819399309602e-07
1.149740147921767920e-05
4.008071692115654922e-03
3.504578778789380506e-05
2.072238911449864919e-03
3.936418310929692271e-03
2.107771735464614160e-03
1.958143215019509872e-03
4.173889339935861649e-03
1.821653065880177733e-03
2.248021920498353109e-03
7.923878110818327256e-03
4.158799850722484995e-03
9.180420867099944602e-06
6.008111261164268170e-03
7.360544437994459609e-05
6.852446371082252932e-08
6.688807357334700331e-07
1.161418854666275274e-06
1.984529088341175842e-06
5.747686910255572068e-06
1.467597463205213663e-05
1.925070883947719788e-03
1.410030325286019959e-04
1.957317096518655999e-03
6.136697716321449191e-03
3.907323329750037044e-03
2.674822259401670051e-04
5.776054116563678065e-03
2.887480702879598269e-04
3.852869561091517951e-03
2.088608116644111948e-03
1.626752510865810825e-02
3.997192540463565501e-03
6.214012415372691070e-06
1.614979353715193071e-06
1.304000962254146120e-06
4.513587422608149862e-08
9.631596040823517952e-08
1.649391995883732885e-05
5.702596384630056662e-05
1.960653266618734170e-03
2.018456263252587767e-03
7.735303459624104280e-06
4.170012663611029693e-03
1.790368364359582734e-03
2.307678057033207223e-03
7.841417831006549863e-03
2.121038286477004773e-04
1.208725676244318953e-02
6.051400047188049656e-03
2.473722617806402380e-05
1.272497571105356363e-06
1.682310106172636321e-06
1.061086753761191037e-06
2.465321822540148564e-07
4.611890392875334912e-05
1.941366124113977701e-03
8.444152450312055903e-06
6.012032034644606627e-06
4.275320111489998571e-06
4.912096068755457672e-05
1.863008109374398192e-03
2.235167702792772580e-04
5.872003576868231774e-03
1.595690116871398387e-04
1.905377540596694345e-03
8.139571688348640199e-03
5.308915143434132344e-05
9.117801127132464873e-08
7.056407885436792251e-08
1.429502158416234983e-06
8.536013368743195274e-07
8.950623168318202840e-06
1.957181016278967001e-03
8.892542593127880602e-05
7.495469849617319582e-07
8.518568105296511593e-08
4.318490719748730339e-05
1.935991319630855608e-03
1.568525756065871832e-04
3.924203152856241793e-03
2.096372585003915528e-03
6.763042069170393187e-08
2.032619613738185539e-03
2.437379772593245564e-02
5.997776213189917778e-03
1.545162901493368443e-05
3.121197175245901598e-07
1.722591616117280507e-06
4.697525909745063297e-07
9.082278226531324133e-06
4.106254318675274691e-03
1.970128420588758509e-03
1.994705621432731057e-03
4.872435703068027835e-05
5.984298988720482965e-03
6.189064668414429905e-03
5.950836435189160029e-03
4.139848965900844342e-03
3.990241074983119814e-03
5.343611458792156375e-05
1.413850623793197481e-02
1.218237875189617618e-02
3.786953527690956110e-05
7.228873981601263055e-07
4.460846489246795650e-07
1.901613291838126574e-06
5.920318609615368318e-07
1.044841749611422889e-05
5.982307755576812998e-03
4.164781652859252982e-03
4.022347559406030081e-03
5.426869068511172210e-06
3.922287133666255631e-05
4.031017439122349180e-03
3.497950318180029520e-05
4.844698312119179212e-07
2.040489920246428036e-03
1.617303902921023856e-02
1.832686234500832331e-02
6.034841539184698615e-03
2.599942709380732104e-06
1.687883141522148546e-07
7.286521689740619815e-07
2.028748444262230096e-06
1.290549356739431565e-07
8.285094069971094123e-08
9.831104902251438832e-05
1.923433392368692658e-03
1.961987873348045383e-05
7.040321310563918664e-08
2.869165000548113832e-06
1.977406647313329369e-03
2.050779255873694056e-05
1.066692473786521339e-05
4.038886472164232404e-03
8.165588799436091644e-03
6.016394141260571378e-03
3.523543746247840289e-05
4.563317888549568195e-07
7.153209828831885926e-07
1.234157933608516252e-06
1.948437556282742269e-06
6.460198537913603898e-07
2.735553582376507584e-05
3.950845106840694849e-03
8.965993941756201352e-05
2.393079603439323235e-08
2.157311148564804396e-08
2.379524586558054821e-06
5.544520101665034864e-05
2.003576543451755787e-03
1.012203560735487097e-02
1.824971384693396120e-02
2.002984873033799088e-03
2.415522244227023599e-05
1.400139123399117780e-07
1.462305502796382295e-07
1.036549684143913405e-06
1.201229561019319775e-06
1.855970565811126744e-06
1.088786624599384814e-05
4.013628408616900720e-03
6.175180039044260612e-03
3.972943164455388157e-03
1.995190125221302563e-05
1.186262522563869509e-05
2.011182688659605717e-03
1.994728045250596105e-03
6.088051382871682848e-03
2.484392198626088295e-05
3.428459415550369536e-06
6.477932303139416781e-06
4.315313967353404120e-07
1.870855313522183798e-07
6.917417025726004717e-07
1.214192321519107263e-06
9.925081010131725055e-07
1.699028625078433904e-06
8.744587104094042585e-06
6.088042275321607633e-03
1.213098726105330330e-02
1.017990857500125808e-02
1.214322899883126666e-02
6.093095477247607514e-03
2.004792891657780629e-03
5.401751898180004132e-05
1.988632509214020936e-03
9.765500496500765913e-06
1.938046977389992616e-07
9.634301325396495554e-07
1.356308642790452891e-06
1.735128330337790787e-06
2.126832760306534818e-06
1.932776742655036479e-06
1.687312169297334312e-06
2.831325647729803873e-06
