6.712491642374338234e-06
4.505649555286544636e-03
4.485867660435676786e-03
2.258168941793013001e-03
2.275841896745180518e-03
2.205220983570466749e-03
5.518947747284282183e-05
3.335520019503794651e-03
1.147373010547221225e-03
1.748898784264890211e-06
5.010874166539567876e-06
5.595861801647682999e-07
2.386356536078757146e-07
4.590850756019802724e-07
5.206306578382565990e-07
8.441440818314188686e-07
1.131501851179200334e-06
2.369234481747926012e-06
6.690318203154859000e-06
1.096032160637644068e-03
5.419276260753868771e-05
2.219406771445287582e-03
2.220062245808790066e-03
1.193296904031498689e-03
2.170002467623933368e-03
4.575321478830199698e-03
8.952245841881610600e-03
1.151980065188011821e-03
2.223858336930822650e-03
1.802711498474211086e-05
2.406967077263868442e-06
3.109645213089884862e-06
8.692622268412769632e-06
1.590196869758288256e-06
4.116153701505613925e-07
1.219507536286100149e-06
4.559073378776242902e-06
3.397627468179746559e-03
1.082927453829310742e-03
2.539694519825533612e-05
4.484225044857746039e-05
1.053560713516655308e-03
7.532854107719131969e-05
2.191574344780000076e-03
3.946910726362942701e-05
4.497724006822728833e-03
7.885997981568497114e-03
3.375753741509520452e-03
5.609726242672022876e-03
2.265753299580780880e-03
1.096205862953362250e-03
5.653114440303473271e-06
4.115045286288209675e-07
1.417895658397583643e-06
3.686685801837037378e-06
1.091536064393927195e-03
6.803831620471357221e-03
2.218612758147230340e-03
1.111310454335040845e-03
1.498791622345043876e-05
4.635034991543763885e-07
1.100212879339334355e-03
5.577342923561794504e-05
2.178611220084992767e-03
3.428865380628455962e-03
1.011007674553190787e-02
6.788233466951457823e-03
1.103431506668221471e-03
3.144503039627793712e-05
3.126626195796461587e-07
2.807243368913046537e-07
1.752927295226770621e-06
3.793439900653345914e-07
4.178324917247622065e-05
1.069154966946972690e-03
3.415519824631850759e-03
1.122621759810762997e-03
7.940701004075501859e-06
5.479823200717211242e-08
2.316044845247470797e-05
2.182610129961971498e-03
9.010718680508880934e-05
1.066035315142558216e-03
5.647551425039630882e-03
1.236167138939961614e-02
5.648199657359899602e-03
1.100811119841945546e-03
2.042221753639568888e-06
1.180676700674138199e-07
1.234146774325766139e-06
1.030383746421300579e-05
3.326357699865513037e-03
1.198907683938343601e-03
2.204766107490029829e-03
5.643712058800294008e-03
4.484873093089688199e-03
1.763380681010432521e-06
4.319062480216233245e-06
1.162963898691264999e-03
1.065351813736067216e-03
3.743080176674532021e-05
2.882819688367693199e-06
6.762067028445855124e-03
1.238782202865672949e-02
2.249162688366286578e-03
1.561648188990753583e-05
4.894001282415140834e-08
2.382784349285289226e-07
6.477912572626688472e-07
2.367361313831387550e-05
2.188005216525413729e-03
4.540799809642944579e-03
1.125365864687821477e-03
1.123823754896611940e-03
1.143787932929228320e-05
1.012365596451888367e-02
2.222733328948813675e-03
2.301117456777398984e-03
2.213792016168524002e-03
2.652897891334257536e-05
3.347447117129925473e-03
7.886137936845222587e-03
1.140385207345524050e-03
1.091992644983571289e-03
1.965212536229386681e-05
1.303273315852101544e-06
1.465182247249032444e-07
1.984519911689035872e-07
6.342913550024727198e-05
3.328422693700209406e-03
1.146566056282774136e-03
1.098514017394442094e-03
4.565495590567233281e-05
2.198451560830171070e-03
1.189310164966962896e-03
2.201732853306786423e-03
4.518270324576123369e-03
1.112057462335148093e-03
2.153329467299028855e-05
5.635615602058057123e-03
2.226195469393267568e-03
3.425096441148713783e-03
1.088063131664805802e-03
4.431891571409615707e-06
5.699066273776012773e-06
1.116516715347043442e-03
5.574830298477009838e-03
1.160241036379082696e-03
2.251982345673695859e-03
1.133699780559479847e-03
1.077216443072854428e-03
6.972248623347102893e-05
3.312516279503754067e-03
2.280835329751994527e-03
3.407464972567082013e-05
1.079585021503464250e-03
4.772452235944799965e-05
6.692099101088834316e-03
3.444497328864776914e-03
1.050536587016859301e-03
4.871795748054887483e-05
1.114996140079588823e-07
8.926789825052879061e-07
3.613830648297089847e-06
3.733031071188049017e-05
1.129691068640204139e-03
2.199439794278060939e-03
4.352575160988854538e-05
1.136461427847805213e-03
3.333023547759813698e-03
1.182744335675819285e-03
3.335603285004707253e-03
2.239307180246539325e-03
1.152272457322390869e-03
1.093576925775186295e-03
4.927083172165665583e-05
2.191421788813303559e-03
7.533373887733525688e-05
1.075823088229130656e-03
1.132453573426219310e-05
5.301622547127711323e-07
5.175577100266196610e-06
2.233068489057469380e-03
3.347807634054897081e-03
7.511672977005949016e-05
1.067119789705937198e-03
3.386916207101369706e-03
3.395555439838536006e-03
2.210475997206771959e-03
5.625250147314452698e-05
4.474634481240976659e-03
1.160274740720267225e-03
2.201472550915594718e-03
4.931394525516574669e-05
3.347403162956376355e-03
3.380448264735378457e-03
1.120004542367647937e-03
4.259400581171142717e-06
4.031845954384828802e-06
1.123186567833596092e-03
1.914560258263440368e-02
4.537369814313746072e-03
3.314076570077083631e-03
1.175987806374138986e-03
2.224745649258861278e-03
1.156148578312254276e-03
3.356322690149101621e-03
1.127554229890071619e-03
2.246481192994695571e-03
1.097811578931745828e-03
2.320415227191519221e-03
3.294889089651684144e-03
2.320404331181740755e-03
6.714296634578554440e-03
2.832422249061514313e-05
7.343041701637793161e-08
3.601451760415675150e-06
1.116872311530131209e-03
3.378622614036619343e-02
7.861211691346478223e-03
7.915120468338187124e-03
1.105269236513326371e-03
4.523754124835066386e-03
7.831139155929546167e-03
2.313911963172173621e-03
5.586986338639503974e-03
1.158506595003040880e-03
3.400992399698497641e-03
2.172105255079481538e-03
2.346121567552224892e-03
5.554480553154267711e-03
3.422717077696546279e-03
3.349700785911486223e-03
7.959564716977601706e-06
3.008460347201651568e-07
1.288216225085948449e-05
2.363389925428777127e-02
4.526782190462532926e-03
3.352317520332812051e-03
5.637718159580046122e-03
1.113174414633400942e-03
1.176386419373350034e-03
2.182913759784732826e-03
4.138168536316433549e-05
1.097828654486857850e-03
4.463179023897774662e-03
9.675641510997468042e-05
1.025738414160122861e-03
4.567102653680561036e-03
4.486468704345534554e-03
1.118302901665269196e-03
2.978912052001341770e-06
3.158155747387979824e-07
3.388763176351760393e-06
6.753934802486958461e-03
2.238623595675536156e-03
3.398402007435714824e-03
4.502942491324056322e-03
3.380190067467241793e-03
1.094843968322814585e-03
4.106628453182143313e-05
3.284976235242059966e-07
7.870795896317725690e-07
1.177253173385930463e-03
2.160116917504337816e-03
9.134558102738249798e-05
3.330362352260404779e-03
3.370179679207906120e-03
3.155441179515555456e-05
1.699402320686241406e-07
3.522906112691689980e-07
2.173748337574978189e-06
2.240250865828026516e-03
1.157571844975782303e-03
2.209748406097660801e-03
6.768595427286393414e-03
3.369766480858076181e-03
5.655991392063399077e-03
2.226068788958909372e-03
1.105832830595910362e-03
2.983830273041894398e-05
3.322630372909666716e-03
5.927851986280586999e-05
1.071310430889015888e-03
5.652908346283735085e-03
2.326380389813678681e-05
1.074598013825565652e-03
1.218099053316461767e-05
6.653016021174083977e-07
1.332610357183850472e-05
4.506927238669323002e-03
1.089645368991902985e-03
5.900963557943098768e-05
3.346560594036147689e-03
4.537789988101447423e-03
2.196424478407547724e-03
2.305775960578456546e-03
7.863212725712180953e-03
4.509829302539655575e-03
4.510134971785991799e-03
2.779876078263333751e-06
2.275076612691146090e-03
7.841419172132298512e-03
2.444063380923986318e-05
1.703780211783980321e-05
1.237119552246258490e-06
6.114972653924487875e-06
2.228357795516139762e-03
5.635035474030745256e-03
2.273076716692943450e-03
3.342354777128454541e-03
2.262966623579670909e-03
2.224315234536530968e-03
5.457290242484185593e-05
7.831463203904997367e-03
6.776769839528152053e-03
4.505346102351673494e-03
3.352428639970147801e-03
1.143339376485616498e-03
4.458656671594901297e-03
4.577928122807528241e-03
2.190437132880431858e-03
3.454627955530099270e-06
3.576477976702897610e-07
1.893571643611594752e-06
1.142747807237118026e-03
6.746930294960395459e-03
4.504639042955450347e-03
3.371719997419217549e-03
3.589022400354429385e-05
2.230144108468923390e-03
1.128253566485898189e-03
3.381636577059329938e-03
1.126811196773571527e-03
2.232954042611814353e-03
4.894434618591105772e-05
1.083594945235886097e-03
1.019816822468348240e-02
4.411317945273192723e-03
6.823849079629786918e-05
1.089958076438844629e-07
3.261037866546140717e-07
4.033153847923812843e-06
2.237046775843987926e-03
1.013487541546929938e-02
2.260095774351956414e-03
3.370372134692483680e-03
2.240270546976947177e-03
3.386160549881052188e-03
6.748752776341326517e-03
2.245187109058851844e-03
1.157701386873873778e-03
3.356700128355040360e-03
2.234951509027589388e-03
9.042721979109515779e-03
4.438628599868152565e-03
9.550981036895546188e-05
1.057302486708569045e-03
9.443874897652908463e-06
7.489429465542871120e-07
4.120382625259197529e-06
1.128917092678727221e-03
5.638226682400766625e-03
3.361937820980035862e-03
3.403731974083069531e-03
2.230848378422318774e-03
1.138062457161325954e-03
2.254463791788776858e-03
1.139718138627952935e-03
5.564577142360011171e-03
2.313228688366092932e-03
1.011643561214320246e-02
3.359537642857452714e-03
6.797249549253402308e-03
1.069909346374289458e-03
2.926188124890857995e-05
6.667217845165348163e-07
8.643783198706772947e-07
2.900741327998944616e-06
2.243086038347399513e-03
5.629566036537288730e-03
1.127687192247971062e-03
3.359696802966985561e-03
1.584715347559676306e-05
3.383795633997560819e-03
1.091237091093442578e-03
1.464489983805874831e-05
5.701332732465082763e-05
1.795403392384058508e-02
6.776549522945530396e-03
2.301687668728612227e-05
1.092499237854869945e-03
2.459029812676028835e-05
1.143658105641993706e-08
2.746418806025086371e-08
1.102267635149584146e-06
9.833808512968582326e-07
1.138820318343246102e-03
1.098434998626476779e-03
4.977582234406102799e-05
1.076271519080812793e-03
6.020851197882796842e-05
2.176405556275937819e-03
8.831096562195053616e-05
3.329317905463714897e-03
1.686255009090080817e-02
9.062709335320839193e-03
1.087843354897104556e-03
3.620240532391171403e-06
4.804708775509332020e-06
2.245912731729135575e-07
4.106063172323575117e-08
3.398588938239787569e-07
1.761019253592958869e-06
1.195219284627125149e-05
1.104372182554017642e-03
3.410228349619325635e-03
2.203854007199025980e-03
2.303772045722824770e-03
2.189285117216385485e-03
1.197324785321682945e-03
5.554110033009262114e-03
1.017617118664791188e-02
3.387386722749650535e-03
2.209772580525778962e-03
3.423717443700442331e-05
1.294341890001437371e-06
3.879560579203021755e-07
2.742978375263616820e-07
6.195073745737412840e-07
8.025226547933065552e-07
1.340466320955741080e-06
1.116099758279995389e-03
2.265809525783825905e-03
8.987968701807961397e-03
6.781305902050894542e-03
3.348321182571693463e-03
1.160346569807560761e-03
1.086055599907756550e-03
1.168357737761941458e-03
1.095348569037154531e-03
8.976097500333112811e-06
1.642713341504915375e-05
1.111718761890177504e-03
1.117516640461384920e-03
6.132345760586558149e-06
8.084215138477349967e-07
1.541565875392223660e-06
1.346340112182610516e-06
2.284249224667230220e-06
