1.496426897336343388e-03
7.291980662762772387e-04
1.261159106497875384e-03
9.864433350380108316e-04
6.022123691835399402e-04
8.535540161693204063e-04
1.503289836762688536e-03
1.832928895078873811e-03
1.577172542120662329e-03
7.920936625986150885e-04
4.184524439655887772e-04
7.019552767900137441e-04
1.527592652656450944e-03
1.021993490679920426e-03
6.363612236310015220e-04
8.733193911916103599e-04
1.044889190765205516e-03
1.561411473780158947e-03
1.758270075553859104e-03
8.773560372966540807e-04
1.323510973260211753e-03
8.875050617743331744e-04
5.493621060686139238e-04
9.503098392136955907e-04
1.399062263305610567e-03
1.293961674050869530e-03
1.661672351215680125e-03
2.302021706086638392e-03
1.818227212683581418e-03
1.599285757720359967e-03
2.049722591802381321e-03
1.383058863196628486e-03
8.304292842196854801e-04
8.108219628336057940e-04
7.245574746860307391e-04
9.602030349941941424e-04
1.417124436384676082e-03
1.611197000388704887e-03
3.256514546911804756e-03
2.778175625434642360e-03
2.041669774998350513e-03
2.223752602228431033e-03
1.419268889571501536e-03
8.849544683387393969e-04
1.039203846351186879e-03
1.341360405011668075e-03
1.032512022534941764e-03
9.154869066266797329e-04
1.270893482347093843e-03
9.139466034424970423e-04
5.643320514280537274e-04
5.525599341496842485e-04
5.423362938717947706e-04
1.049698250822689392e-03
9.233745570035473702e-04
1.346043873424569107e-03
2.123946573441534962e-03
1.574278338356285617e-03
1.855472210152295026e-03
2.316103666450143681e-03
1.695293079942403885e-03
1.646464731902527777e-03
1.433288257442140749e-03
1.063037608953814423e-03
9.029656706639742651e-04
9.050725797594161856e-04
1.153489704776388888e-03
1.048345130163603860e-03
9.847949194195166397e-04
1.112313662751291971e-03
9.139086209241525406e-04
1.364475835395036109e-03
1.170542265819228284e-03
1.413416216971297504e-03
1.748060924454826557e-03
9.342850784470440846e-04
9.551367394414669171e-04
7.378994208591431936e-04
5.449802120737325204e-04
1.060437805743315830e-03
1.138451609837751871e-03
1.094300669413643965e-03
1.459358604341418932e-03
1.036060250699365453e-03
8.956136708460339614e-04
1.053817454934404462e-03
1.032257553032070192e-03
1.023966310389858633e-03
8.605097839665087596e-04
9.982959098286260224e-04
1.584643310195870455e-03
1.585453023221615725e-03
1.902941400384219493e-03
1.149885277167391048e-03
1.251809095843391161e-03
8.528680547619480216e-04
6.037702986035493316e-04
9.846423775692243491e-04
7.561738995043916110e-04
9.939098703709641717e-04
1.872866190796806029e-03
9.107101133351192977e-04
7.573438274993500238e-04
1.293466105318552333e-03
9.736785791800543505e-04
7.594725588076047581e-04
7.265862876859991402e-04
7.009244912684096463e-04
1.181112075926122164e-03
1.118148752952729912e-03
1.190258805636110803e-03
1.001858615923335557e-03
1.355328416733260792e-03
1.374149248257690087e-03
1.436134191886861370e-03
1.841340363965687137e-03
9.096713709565488158e-04
9.749944500743824632e-04
1.585798653437422252e-03
6.753221371645642219e-04
5.532863464438293006e-04
1.112945175882128906e-03
1.133807497635590852e-03
1.388108690866762763e-03
1.508708822678217097e-03
8.216725053264333292e-04
1.366419452756268034e-03
1.509440920125268643e-03
1.491337743540218459e-03
1.331758033088417800e-03
1.150278207020915622e-03
8.600576292822226937e-04
6.629485801885214762e-04
7.202933244194372744e-04
5.954358904506287667e-04
7.551289819003082241e-04
1.277881370538694805e-03
8.343945450179570018e-04
5.441424209196952123e-04
7.724202066747849326e-04
1.064699015382626493e-03
1.600004075967979226e-03
1.788416571332465633e-03
8.749736972443021435e-04
1.221156871210757767e-03
1.428818916878843133e-03
2.131867337358352155e-03
2.184750563496940141e-03
1.645756362854658168e-03
1.521273273707187193e-03
7.694119965051648535e-04
4.250498517221077614e-04
4.421950410618738893e-04
6.407756063646496839e-04
1.598267839382047596e-03
2.366044739221343299e-03
1.269072426273786663e-03
1.150454674535777251e-03
1.275802769658898822e-03
8.653994567913005174e-04
7.746619002254630237e-04
7.917532454874684272e-04
7.193049940999159206e-04
5.592071961149345551e-04
1.599857794800675463e-03
1.560464377166769293e-03
1.104268768935578451e-03
1.883737496459226505e-03
1.484165888390436266e-03
7.071004029735655436e-04
5.083613930434461312e-04
4.304116476608091076e-04
1.007937322992259440e-03
2.316658758960256706e-03
1.376742975620996344e-03
1.067048271178170325e-03
1.003647996956120178e-03
5.668103073350294445e-04
5.809823371337180390e-04
9.029364641880368745e-04
1.355919113147141747e-03
1.133456151659235000e-03
6.649789867973498331e-03
3.465539598324481659e-03
1.085699403208407066e-03
9.882880583484568524e-04
6.959468285337023878e-04
4.721709954754410121e-04
4.168993891534320071e-04
2.896424556774712363e-04
3.581772544568443176e-04
7.447335100108401192e-04
1.009253558471250251e-03
8.506807743880945901e-04
5.905614934562797161e-04
7.063777654816729519e-04
1.095972402552938211e-03
1.126651482586632329e-03
1.307971664446463999e-03
4.193372430751310387e-03
7.654640816434647721e-02
2.700374317172768088e-02
6.075911065863569618e-03
2.946499292128835438e-03
7.959148827898934828e-04
3.405142937405270052e-04
5.328933457578984359e-04
8.516525089084393124e-04
6.228348964654826375e-04
8.316399176385252901e-04
2.774261883638733453e-03
2.133636846647535019e-03
6.676893009471828204e-04
9.129033021369492053e-04
1.017784453890939684e-03
7.862517190513415447e-04
5.559261447425376066e-04
3.994357939171456345e-03
1.521679523912902177e-01
5.261942508591312823e-02
1.028420175635875143e-02
4.217485317628211043e-03
8.225317266331580923e-04
1.922474979531946465e-04
3.409536820449224521e-04
1.523142145635138396e-03
1.326452991181660719e-03
1.246351362291897146e-03
4.963156951013221116e-03
3.480212775993897500e-03
8.884843795580386850e-04
9.197838612502631361e-04
4.993126382735194524e-04
5.544446275229123963e-04
7.005567018257564385e-04
2.192298380667854953e-03
6.633491486592808795e-02
3.414325600197104515e-02
4.279927143515870405e-03
9.989014883994946307e-04
3.597693722248074179e-04
1.230409940374819263e-04
1.139397292099334521e-04
4.430338527534349348e-04
6.922668166888835961e-04
6.852039589539708157e-04
1.712422684792342742e-03
1.293607718922083977e-03
6.381358323664499234e-04
8.340964921546636934e-04
5.262103719514900531e-04
8.874831865154246329e-04
6.769478253917440022e-04
1.129298981078034284e-03
1.921798008684423575e-02
2.322009335767099072e-02
5.648718148060782873e-03
1.416874163948174089e-03
9.939111855175751433e-04
6.901514411447789770e-04
2.771793448767259833e-04
4.093800669055606685e-04
9.530921024896357036e-04
8.844405255250107787e-04
8.872105567941563926e-04
6.945263256315813757e-04
5.090196638303806252e-04
6.487630788028663680e-04
7.612859337028660004e-04
1.168676979657884332e-03
6.811052041688657249e-04
1.284638940064784102e-03
7.293865098417692469e-03
8.189139411615047395e-03
5.316716633693529918e-03
2.485084345338850215e-03
1.475684835316934656e-03
1.174665192870907046e-03
4.773101031877142282e-04
5.439683206868024508e-04
1.731181640179262071e-03
1.362747678883181315e-03
7.205434306143173456e-04
8.488544984789018338e-04
8.111002903772309780e-04
5.834240867199592603e-04
7.772042444585012741e-04
8.411167501061192963e-04
9.536641477158960562e-04
1.439543617151308949e-03
3.446229394671463352e-03
2.571396934279932597e-03
1.472138962851130212e-03
6.393289736846673871e-04
2.707435619911378638e-04
3.042231217348435640e-04
3.146103368814922641e-04
4.339026493221413640e-04
1.178410883611821260e-03
8.599667465152069498e-04
3.940767128014674133e-04
7.459657769551174484e-04
1.311581407441357377e-03
7.884025338695909010e-04
8.654551808713891554e-04
8.804352145622960403e-04
7.255891696454238021e-04
5.515922085166572288e-04
1.697390925415191102e-03
2.814466104272470275e-03
1.101464715982331932e-03
3.502733546899763494e-04
2.286459607582827492e-04
5.501823772688953489e-04
1.286194541706844148e-03
1.499657439620991680e-03
1.780407751085569300e-03
1.151993692591808584e-03
5.512712608001739791e-04
8.025460498777849637e-04
1.619701560276728958e-03
1.124142873767054870e-03
9.728868194081480595e-04
1.152691602287133103e-03
1.087376998663613318e-03
5.430924839864907606e-04
1.600815743738449740e-03
4.126950191686169431e-03
1.592907923696500324e-03
6.479500150003920976e-04
5.850055063659672641e-04
9.288456843263637793e-04
1.652779670558696080e-03
1.826767045167298044e-03
1.487351231093841800e-03
1.405097304287533004e-03
1.312541297630506363e-03
1.155684396429674599e-03
1.320775828375840306e-03
1.104136489826158720e-03
9.920682346125761410e-04
1.328232800064080244e-03
1.398500444315929321e-03
1.270988300737797318e-03
2.315586980964986011e-03
2.964916112598044336e-03
1.637482084229644093e-03
1.410581897759545034e-03
1.128130329660487251e-03
6.254991122913743963e-04
5.635319866180643015e-04
7.191953206109747820e-04
6.152072949548432037e-04
8.016150547231196870e-04
1.410398601900302593e-03
1.043684963611046009e-03
8.551675044540987120e-04
1.050420377027467232e-03
1.253062574629525919e-03
1.934334709645906284e-03
7.008279995592254326e-04
1.399252394174592190e-03
2.609913001366624425e-03
2.138596671243882946e-03
1.917426204455255313e-03
2.386460871304344616e-03
1.865652376276090126e-03
1.111012831213324496e-03
7.963514605418964406e-04
7.923121679248141223e-04
6.612038485274697149e-04
7.201035056523441471e-04
1.005185825649436426e-03
7.510320825716764945e-04
7.676316363769425258e-04
9.964333943268983019e-04
8.308085413664912863e-04
1.288457940420671688e-03
7.513151899978471118e-04
9.337577514599465804e-04
1.520227951878576475e-03
1.557529274617740211e-03
1.892561582588124297e-03
1.509148559402593995e-03
1.062469920946107049e-03
1.170263015301351494e-03
7.466014480588461589e-04
5.017203670489634761e-04
6.624264804359436629e-04
9.727595924287242568e-04
9.367143287407322851e-04
6.418210946185508347e-04
7.647598162366815982e-04
7.213383502717112374e-04
3.697719624056240197e-04
6.152110706862919456e-04
1.252025614920103912e-03
7.117801435225494956e-04
8.016030002639159668e-04
1.318848514056015706e-03
1.869061058004204724e-03
1.006589565982373823e-03
7.658918628398927314e-04
1.189763907731409501e-03
7.211749104237046232e-04
4.533256833315527741e-04
7.456970618196177023e-04
1.168791493768947575e-03
9.887562809667558607e-04
6.899651331066724517e-04
8.509802394622371360e-04
8.512781503084519003e-04
6.048323217200878791e-04
1.046083006002745995e-03
7.836477857745811990e-04
7.822399461727880168e-04
8.392625584759616725e-04
1.167500745142434869e-03
1.071841833825852141e-03
6.891326758364418924e-04
8.864666934863089931e-04
1.350691187966676730e-03
1.032117349152689113e-03
1.010303554140629155e-03
1.088541036140380563e-03
8.697454452805910468e-04
8.461281075341079479e-04
8.294465807073484864e-04
9.286406886460972857e-04
9.602744946340535529e-04
8.797833817047519831e-04
1.149657761614557988e-03
5.815308776934219803e-04
1.210730746060300483e-03
9.856235341726474457e-04
7.926990343923617961e-04
7.353794600478438760e-04
1.323149647338031512e-03
2.170352469434711981e-03
1.104769550869658936e-03
6.299231606756753536e-04
1.023874483382822406e-03
1.102064074326326165e-03
8.428777856199983235e-04
1.217710515380819071e-03
1.255532181836800567e-03
9.710357531363589170e-04
8.839934779853097710e-04
7.742527632180774009e-04
9.958629553777267190e-04
