7.753873879019966510e-04
5.480276738142045821e-03
3.347106959869939474e-02
2.172061470576472711e-02
3.118492299507088020e-03
1.444393226524069446e-03
1.068550952171933672e-03
7.418664518776379438e-04
8.772068559276074940e-04
1.240179780357425704e-03
1.383364274975679804e-03
9.785415458086210456e-04
6.711368547934001448e-04
8.254991593373265822e-04
1.496350360870670393e-03
1.493808118042446158e-03
9.581575494013218081e-04
1.328434857151916367e-03
1.671853166508049807e-03
3.173609408416151571e-03
7.826820395150209386e-03
3.213812131277304918e-03
1.082148650978629299e-03
1.497739031680462391e-03
1.459324587567594964e-03
8.334217460510913358e-04
7.490427960001339730e-04
9.770850008345920937e-04
1.214037968779557719e-03
9.155571305760192924e-04
8.893180770621286497e-04
1.533449790813161146e-03
1.381036765608046561e-03
8.277013519216673944e-04
1.107282784794403740e-03
1.495811187451596014e-03
1.560870086886902847e-03
1.838083596791683684e-03
2.382860606576569455e-03
8.854173541984428162e-04
7.087683383383502032e-04
1.400192229097376242e-03
1.051656480623728521e-03
7.528656619757141764e-04
9.230686761452258334e-04
1.030990956274370094e-03
1.355273401073747068e-03
1.256330114630960920e-03
1.085938436627043382e-03
1.806496828652108403e-03
1.375382607774031053e-03
6.515104069566674764e-04
9.713641691382955516e-04
1.065830935571550168e-03
9.527145829367130196e-04
1.874694220553718401e-03
3.790737741570130142e-03
1.478937447080753758e-03
1.284799714358758225e-03
1.867711519352755443e-03
8.995817933562587181e-04
8.573874965509893815e-04
1.330532215192189527e-03
8.727991713513548206e-04
1.286465350429763640e-03
2.468260426862088110e-03
1.603343045471717016e-03
1.488861201173540894e-03
1.437105254516806872e-03
1.065068016203980826e-03
1.277084704748146071e-03
8.490094494416806654e-04
9.373662451495995375e-04
9.798737118463809147e-04
2.364886947069172723e-03
1.345405322182654942e-03
1.713730212868021501e-03
2.658099751466902298e-03
1.050662602166109244e-03
1.398105071043403763e-03
3.419574904637199229e-03
1.465177387999982202e-03
1.221743013018669003e-03
2.291792211333774660e-03
1.375489289001500821e-03
1.034107619421768256e-03
1.168740975401111803e-03
1.298187984770998379e-03
1.403880758059936583e-03
9.710424327477346507e-04
8.858208990161735167e-04
5.911646483090171817e-04
1.041491977434596010e-03
7.138590741556366656e-04
1.064142785448802045e-03
1.707875293023937121e-03
7.535966416324304954e-04
1.195322502492754402e-03
3.604212522578378007e-03
1.631544392893548821e-03
7.184156658246778617e-04
7.671694894850761151e-04
9.968541401193667731e-04
1.750458641519881146e-03
1.507856249018877260e-03
1.131831760745443229e-03
1.145226314008293165e-03
1.518495342901156602e-03
4.887500598986925949e-04
9.993250686379743369e-04
1.416021134114216640e-03
1.015423667444428826e-03
1.154310939511154826e-03
1.360371382555296662e-03
8.891857242937958568e-04
1.331222212228320165e-03
2.332362163433882030e-03
1.736592683705469103e-03
1.118711422628390715e-03
7.370623810301242529e-04
1.289293720622647441e-03
3.435708592312567040e-03
1.710940470671371656e-03
7.881827391633195378e-04
8.007909205858341345e-04
1.407626278316350147e-03
6.133440435722926258e-04
1.589691723485817327e-03
1.575653894896291178e-03
1.729626975221999242e-03
1.943844296978682658e-03
1.333522102259680070e-03
9.833881068063486750e-04
1.322118944671243088e-03
1.207545846196781672e-03
1.328480136427008518e-03
1.818292206008414753e-03
9.308430525049563205e-04
9.221874458031212914e-04
2.174189026901290640e-03
1.545891546608644607e-03
9.317123214208234555e-04
8.875012602371942739e-04
9.407403676451475292e-04
1.072558309039152490e-03
8.538699277053797944e-04
8.279164001667882076e-04
1.505756054624183887e-03
1.744603707766826436e-03
8.104474005150056563e-04
5.370148101553547408e-04
7.153174086058359431e-04
5.124883214997507210e-04
4.570853993841424894e-04
7.638476463806111519e-04
5.701913640933114385e-04
4.408811640048336490e-04
9.068295553387073667e-04
1.495515511317590694e-03
1.377182751355834119e-03
1.134436756764236080e-03
9.988464519531932515e-04
7.039589989576695937e-04
5.904894497846645144e-04
1.345383591340594022e-03
1.556379665767852836e-03
1.227258815207343421e-03
8.588622378749428922e-04
5.736757955829263058e-04
5.310841061648188246e-04
3.879498228845352603e-04
2.923032649885666219e-04
5.029481550402722023e-04
8.461052112824368494e-04
6.236590388503803102e-04
5.811455000294098389e-04
1.015858137695975190e-03
1.000744345187692909e-03
7.403008409923744239e-04
1.193400488771441132e-03
7.551997935844902404e-04
1.481395413150349153e-03
9.415374100812202995e-03
3.366574914222961439e-03
1.548077440688589270e-03
2.181409197895394121e-03
9.797614035087238299e-04
3.643793128757285963e-04
3.394452994349204489e-04
3.688266988481852626e-04
6.894691445051622392e-04
1.873599536495950627e-03
1.148403661896211765e-03
5.225499585890250797e-04
1.051517691988031406e-03
1.213980512365197282e-03
6.029271335488735209e-04
1.322896965200940711e-03
1.548900010788869987e-03
2.466539261018715987e-03
4.863052427441146713e-02
1.141976325293294139e-02
2.787188700911778609e-03
3.562367533583589083e-03
1.103359976873431476e-03
3.687196800802209707e-04
5.416586503048524855e-04
5.541855952801286915e-04
7.208535288799418263e-04
2.256523653736972838e-03
1.469132220500227182e-03
6.314678003868306284e-04
1.915380276104965010e-03
2.561181945756216011e-03
7.680115292225874954e-04
1.163889916748661341e-03
1.272748108989083145e-03
1.701875177470357032e-03
1.115229960524963121e-01
3.237053257239300846e-02
2.798763852534064296e-03
1.680635607021681603e-03
8.535995365187141375e-04
8.466993423408288814e-04
1.751817588130965718e-03
8.495662482389472513e-04
5.475858207073059985e-04
1.841764910337352450e-03
1.765571040567295250e-03
8.503424417796482618e-04
2.031581533817374170e-03
2.233863081242567789e-03
8.213601136623700262e-04
9.689193029525053650e-04
1.027713892669960280e-03
1.852694711846232349e-03
7.049670408938624178e-02
2.006127808943525617e-02
1.350774915903029750e-03
6.702418512974451029e-04
5.115395972758110402e-04
6.573071184969106213e-04
1.398775508642890715e-03
8.159403271283273808e-04
4.767318764543334664e-04
1.087760283867778574e-03
1.283070379340174377e-03
9.337532547276938561e-04
1.543838894166728575e-03
1.353701986428397855e-03
1.099536280802278047e-03
1.560260856186568637e-03
1.336651947258846130e-03
2.037384527423301370e-03
8.179015620294653732e-03
3.579292114339142298e-03
1.064093295909430753e-03
8.541072489817898294e-04
4.478243025933584514e-04
2.558228060742437078e-04
5.244467255877058309e-04
1.042215588114171710e-03
1.021683013277607755e-03
1.009541223733471937e-03
8.751799715080662862e-04
8.638793867069870843e-04
1.126442321605755983e-03
9.900591912270324205e-04
1.429975739538842270e-03
1.955566990850667302e-03
1.135625436798199956e-03
1.463827177087526511e-03
1.734129661353551836e-03
2.008818639840188967e-03
1.920547403052787639e-03
1.319876677235290409e-03
5.523713603814668161e-04
3.175125891160484161e-04
6.042866602000825310e-04
1.697403834392492488e-03
1.912135079259939677e-03
1.166499900376402870e-03
8.837494242320837867e-04
8.589880130260572118e-04
8.248626947219051030e-04
8.786035871793656127e-04
1.481732561633296004e-03
1.243628662867352248e-03
1.043510793980789199e-03
1.309511585450024362e-03
2.010449160979005390e-03
3.361431844281940161e-03
2.492864085853991468e-03
9.273704050371775779e-04
4.880610646797428728e-04
5.301358694453354352e-04
9.728541101877943202e-04
2.498273106077396073e-03
2.998272073954449946e-03
1.395191662491136655e-03
9.341788903515678899e-04
9.987538701896659949e-04
9.986469271039317714e-04
1.155419391415106684e-03
1.454212520148585094e-03
8.919841457658560539e-04
9.434592117581877069e-04
9.061091870345358568e-04
2.137118121341336201e-03
2.826269345331904308e-03
1.662441825411517743e-03
7.221463910639340641e-04
4.542779663826181894e-04
5.188236952022142259e-04
1.059871084038616984e-03
4.460717136724506177e-03
7.387367073242150778e-03
1.945729514888813651e-03
7.337259212264731021e-04
8.907179852633919943e-04
1.178038342020209421e-03
1.205941868858316545e-03
1.018037289880795431e-03
8.529904930428964171e-04
6.366602020798882433e-04
7.936688823252998227e-04
2.559096974908117630e-03
2.146923988217871917e-03
1.204217707290526976e-03
1.040073630718833146e-03
9.260614521636078211e-04
9.671962768753457037e-04
1.632257038364140879e-03
4.467054819631483160e-03
4.913559266737829376e-03
1.264181978760863445e-03
6.894254366953510163e-04
1.036938747147637865e-03
1.057704235268042700e-03
8.258660025438529020e-04
7.223369000520605144e-04
9.632227694637857801e-04
8.067384047964803930e-04
2.324689922779841697e-03
6.402692527398611520e-03
2.628177970522867137e-03
1.291376918648545801e-03
2.178924517890227282e-03
2.896784908439738269e-03
2.614049720711572253e-03
2.490508061174265524e-03
2.195681038035008845e-03
1.378259046906225600e-03
8.545696096051969524e-04
1.442316342095923982e-03
2.171130058904957583e-03
1.064132854483003637e-03
6.846043396285417682e-04
7.908297529655286323e-04
9.463283449603599427e-04
9.879039805456427733e-04
3.519296589496020023e-03
5.918081628692222797e-03
2.013134925637643981e-03
1.621541221578782447e-03
4.733380319955009241e-03
4.751980627159383720e-03
2.048922321627654093e-03
1.469668401797390644e-03
1.532418919757993093e-03
1.754802849758080926e-03
2.163284195863500892e-03
3.220418204801042510e-03
2.566130119142319942e-03
1.032349936173123078e-03
8.737303442338173118e-04
1.127914792234609121e-03
8.758927552834927261e-04
6.345950788684995725e-04
1.392279113584134892e-03
2.646422349853646324e-03
1.512785811881686444e-03
1.873215637857657224e-03
4.461909376299498520e-03
2.621256878211952572e-03
8.496336444688598177e-04
7.686265930776820269e-04
1.535192448295488515e-03
3.379468591866672915e-03
3.956385444246884701e-03
2.595568504694222532e-03
1.519579871255274375e-03
1.082739814765358577e-03
1.238794091990153218e-03
1.424696529679611839e-03
1.047418649431797666e-03
7.495742941320134804e-04
1.115147165905356437e-03
2.995546274691550728e-03
1.764569861633022213e-03
1.330812888081755498e-03
1.610235804173103550e-03
1.231306564524858654e-03
8.895215551871671778e-04
8.036038290712139813e-04
9.506689975564412047e-04
1.453130907511354436e-03
1.396085339508256829e-03
1.034522207842747095e-03
1.141083989782650790e-03
1.260932967326296953e-03
1.045152870721139217e-03
9.409960431992845774e-04
7.368952725204246275e-04
1.296264701342389426e-03
2.535167843199532828e-03
4.421052423133183841e-03
1.570615893782414214e-03
1.062092939137345739e-03
1.245195320754487796e-03
1.459086511043551724e-03
1.749192226094361006e-03
1.130420539961869740e-03
7.110238167142049178e-04
8.178386525908259812e-04
8.286389346382895364e-04
9.607920097651316549e-04
1.684112644376648156e-03
1.588525611311891001e-03
9.259960207902851858e-04
9.256694344483333775e-04
6.057464427724843642e-04
8.619419706703989508e-04
4.688439853730620895e-03
3.263039028506416542e-03
1.034215101940119978e-03
2.034243556706195281e-03
3.040891431061821214e-03
1.373457907307509308e-03
7.798257931544328066e-04
6.885900875031329867e-04
9.071370486962118023e-04
1.221553287439591665e-03
8.052332938933175937e-04
6.490003807794983729e-04
9.533061166816913373e-04
8.014443568515993831e-04
6.540599925195689397e-04
1.260729983504546613e-03
1.085710252417073068e-03
