1.172341791150209936e-03
1.444478073026113493e-03
1.246880507316692685e-03
1.049728345388215196e-03
9.601260858096802731e-04
1.159152857021849420e-03
9.753508873698602541e-04
8.260135464806270342e-04
1.193046408722799436e-03
1.248591144585112830e-03
1.094222890829306969e-03
1.313519043703079321e-03
1.367629164315951450e-03
1.146049630548639457e-03
1.053299151645125439e-03
8.840084870454182481e-04
1.034295866131086736e-03
1.128854895979136252e-03
1.093264262542300441e-03
1.688038524334727758e-03
9.338633177194845649e-04
9.264234631495025856e-04
1.285792367096508584e-03
1.179656844805074701e-03
9.625544227881115003e-04
1.097769225032947313e-03
1.083044170622784368e-03
8.869373540340199508e-04
9.260355352901459419e-04
8.115461609620235614e-04
7.580240228411042709e-04
1.173918408532740763e-03
1.565923151856648448e-03
1.169144078818600517e-03
1.227367575237028625e-03
1.127770926108713750e-03
1.159522118573763508e-03
1.527756593788433476e-03
1.118782641779796213e-03
1.441562877536384886e-03
1.222342368209035487e-03
7.592404216256081265e-04
9.266662675645740473e-04
1.447169955556952894e-03
1.550303938325284280e-03
1.842818018906676545e-03
2.240646957475604228e-03
1.468643164219597935e-03
9.736070923065696459e-04
9.958180441078780341e-04
1.139744268675428086e-03
1.169591683828959160e-03
1.276526061430704757e-03
1.005458453412250326e-03
1.218847912442421648e-03
1.324625535204228223e-03
1.583698313985327675e-03
2.215780454500704093e-03
1.356545380048350879e-03
8.415612581410066191e-04
1.086229157888380509e-03
1.035539014733723390e-03
8.387056830060391236e-04
1.214114832767482872e-03
1.877483435169643913e-03
2.169256848009006814e-03
1.959730675163621431e-03
1.144464407850984524e-03
9.100534883819411938e-04
1.202165941623315176e-03
1.321885154495650071e-03
1.136211891915593934e-03
1.090555898210184178e-03
1.965320126853038491e-03
2.679671112155212857e-03
1.832775289324501886e-03
1.065697898610297716e-03
1.027084825993175923e-03
1.577210488804230279e-03
1.340997713490745891e-03
8.949862150395513369e-04
8.952979149961296217e-04
1.171753041548397089e-03
2.008104043656760204e-03
2.366099244501182301e-03
1.310105456942329237e-03
9.766460998005693523e-04
1.148715856409006451e-03
1.345498219003539789e-03
1.466336945284582105e-03
1.048774278379589709e-03
1.993788710517016127e-03
2.879508446994773468e-03
1.614639616054254663e-03
1.069476581565777934e-03
9.596182352086392135e-04
1.141215034769190459e-03
1.094244026594501200e-03
1.043635332762566856e-03
9.259300604886283679e-04
7.855448311136901300e-04
1.164214669980859641e-03
1.559033767239772616e-03
1.350824632660669548e-03
1.243153323917845984e-03
9.995272028261003704e-04
1.155756549596308322e-03
1.218588682294105595e-03
7.299996808935449444e-04
9.563186745063846118e-04
1.343044016489406247e-03
1.098471232152434165e-03
1.022356039573829546e-03
9.195139484009200300e-04
1.041311036904278521e-03
9.014444214389085623e-04
9.881341259030641203e-04
1.115568215463853298e-03
6.943937556505055649e-04
7.041459738046654737e-04
1.066870242352080823e-03
1.503331204000496945e-03
1.725763350233655178e-03
1.015116677036642396e-03
1.218933841362183218e-03
1.120847510856328713e-03
7.687663377349202628e-04
1.370413692553818126e-03
1.746596769402964083e-03
1.342144384261938217e-03
1.110816355444359206e-03
8.075970729019855141e-04
1.117911497546795726e-03
9.525454125992638453e-04
8.077713055917563152e-04
1.388658683227046416e-03
1.125205833365338975e-03
7.539063490831957688e-04
8.605420369596868862e-04
1.466493739026398591e-03
2.145726390315107635e-03
9.901956915068811909e-04
1.139111335579696136e-03
1.088447678851962690e-03
9.254649381078978694e-04
1.498233146200487987e-03
1.877863483565709842e-03
1.691048609599737993e-03
1.607223936511117859e-03
8.270957884229260346e-04
1.051490320129468701e-03
1.040543827250058496e-03
6.563355237475054045e-04
1.201714776825838675e-03
1.555243220847223745e-03
9.377657745925193754e-04
7.793771608959944872e-04
1.563259042479145638e-03
2.907591299345936228e-03
9.493537913622346423e-04
8.191271021586654308e-04
8.847013515146609107e-04
7.231910012870262396e-04
6.733293112103245093e-04
9.969766906661762726e-04
9.462321929768733892e-04
1.454429145848898418e-03
1.101637526223592407e-03
1.155728333209846831e-03
1.100381542902336036e-03
6.722687039626882265e-04
7.498255667713156145e-04
9.169615591576636303e-04
7.908712057959315766e-04
7.659774669795386308e-04
1.622488103634492102e-03
3.015923549043394731e-03
1.105182632285628061e-03
1.090467091327274214e-03
1.147032488389470445e-03
9.933943388463395332e-04
1.171059102710043280e-03
4.001980625029085380e-03
1.087096916863888050e-03
7.811977443636143343e-04
1.053506412189011716e-03
1.007185539193294248e-03
7.291679175310285515e-04
6.324538022483733616e-04
5.043107267970375939e-04
5.237461908714479428e-04
8.274452842160498955e-04
8.222958929984144861e-04
1.072716173981460349e-03
1.757780916580448929e-03
1.130033221557124982e-03
1.354174137244591649e-03
1.189653986115943394e-03
1.095667929085610351e-03
1.842863909117452900e-03
4.520376327044745707e-02
4.566675845372952271e-03
8.299337071320810099e-04
1.366479178175100413e-03
1.427789236978971440e-03
8.324702792569545597e-04
8.436067664668859449e-04
5.315127111709877028e-04
5.477314394515175790e-04
1.401499886458470274e-03
1.120659587115146625e-03
8.966645984894624491e-04
1.655661489601589200e-03
1.443064730210885009e-03
1.100525538201981447e-03
9.794187061838732257e-04
7.636215923272145385e-04
1.565772722809292234e-03
1.948404104656670244e-01
3.103859055524017113e-02
3.122634913171815074e-03
3.107699308952207792e-03
2.406299831620726474e-03
1.211418675372031867e-03
1.123996293905885025e-03
7.001517228665093658e-04
8.901670960912124375e-04
2.090311280533416888e-03
1.123620568271405714e-03
9.278040029556268008e-04
2.459819692056253691e-03
2.202889311642679086e-03
1.220482215419842502e-03
1.308210576201253349e-03
9.817102765896960296e-04
2.195127508852461311e-03
1.045049558123992278e-01
2.998001764932303054e-02
3.785576950474113609e-03
2.139634366226850562e-03
1.183180642070533715e-03
6.141453872082385315e-04
5.834200373200134748e-04
5.807577574420718421e-04
1.247346621738462669e-03
1.922497520309237326e-03
7.626155422187150387e-04
1.065165300245645916e-03
3.182648642412850507e-03
1.820779643997339631e-03
1.150658892735895340e-03
1.196219339153141220e-03
8.984702910644556950e-04
1.070609300078718311e-03
7.437489557157919012e-03
4.616289620472330615e-03
1.598899462878027337e-03
1.312497233709102127e-03
9.685623926852397541e-04
5.905010016195152891e-04
4.602044521207317228e-04
4.257161296534297851e-04
8.830741156988762292e-04
1.115935724877788193e-03
7.430924259966201336e-04
2.195490221004966526e-03
4.770235002652781914e-03
1.335020929049135496e-03
1.012859992345002897e-03
9.893186749627283852e-04
7.498589707841088643e-04
5.696767431312893320e-04
2.430452755941407608e-03
3.229070755326371445e-03
1.910761636501776169e-03
1.763542281106718953e-03
1.459997387056813020e-03
1.223693006511347324e-03
1.103667062044266225e-03
7.872190446666639486e-04
8.570413044405433139e-04
7.882340603682540855e-04
7.999097884142008022e-04
2.293321064195576447e-03
3.293217518401645155e-03
1.191059371156875371e-03
1.235992203648763645e-03
1.100168838271608921e-03
1.147899321068145129e-03
1.237051280048256799e-03
4.171973472544755757e-03
3.836960841554300575e-03
1.761885895342184651e-03
1.192823825448559739e-03
8.763879961319155166e-04
8.636370264508827152e-04
1.234733454343741026e-03
1.673686490491269312e-03
1.524136059897265253e-03
8.155976416422244238e-04
7.658911279338008037e-04
1.239427709512178804e-03
1.191393396095054551e-03
1.030825182439019157e-03
1.300655150452075231e-03
9.331725719115432048e-04
1.142109748413030427e-03
1.240993227762967254e-03
2.127617142657026866e-03
1.288467360182115424e-03
9.660775350902752303e-04
9.271654024759089143e-04
7.981662680353819768e-04
6.512654665414345468e-04
8.009794010823519583e-04
1.793571351393521149e-03
1.671276244418566951e-03
7.428498580508263163e-04
1.198962370043119658e-03
2.134795330951178016e-03
1.299171612051167784e-03
1.237333549690321655e-03
1.114806079411448207e-03
8.710213984383923403e-04
1.217077741233813263e-03
1.256474875747670174e-03
2.286964086782490319e-03
1.325020602595272396e-03
1.455506603981817542e-03
1.248645686770162924e-03
8.726645340984819045e-04
8.574102524263090951e-04
9.587351535626152622e-04
1.454581862118161295e-03
1.081393243275980895e-03
6.717022811895705841e-04
2.022811087975184222e-03
3.875037203983615168e-03
1.658306930934998593e-03
1.302128376190477476e-03
8.659215508132127141e-04
9.103377089991033459e-04
8.936115230774359592e-04
1.475195820144863806e-03
5.012397046085737690e-03
2.174631582397870602e-03
1.916174574554388530e-03
1.232445547418860874e-03
7.061167600980511371e-04
1.188163714281428168e-03
1.429204599429917920e-03
1.093608973054016522e-03
9.226783693843130857e-04
9.727072895674796502e-04
1.997149870087280149e-03
2.119498995324172949e-03
1.049207579622033230e-03
1.261051448712292161e-03
9.971098417312165580e-04
9.576498825901465619e-04
8.288508980752961035e-04
9.665802186488616898e-04
2.939731446529291088e-03
1.092973154956558123e-03
1.118653313852073072e-03
1.280699827416117553e-03
9.434169498980345602e-04
1.402393156535246179e-03
1.258065601493486363e-03
8.566963919449270331e-04
1.315385616756554110e-03
1.803840999050670231e-03
1.731823799385236130e-03
1.267454316212262644e-03
9.252750391300048260e-04
1.441194968449239448e-03
1.442998063490737214e-03
1.222250216244989826e-03
2.485903104264189541e-03
1.135164917842899912e-03
2.123313026587679044e-03
1.083764338390018128e-03
9.677154192010475322e-04
1.294379641991529615e-03
1.074327338614470368e-03
9.280907838462911646e-04
7.739645186812352555e-04
8.600110291213895882e-04
1.583747162820019769e-03
1.775400426021616967e-03
1.404084905054192069e-03
1.293398776061162455e-03
1.051857488344603480e-03
1.016579353235142402e-03
1.009915647477309733e-03
1.188433562706949420e-03
1.520801881111012071e-03
8.917405399772108639e-04
1.475473985955916452e-03
1.501000467700723800e-03
1.081294804559929752e-03
1.029133880590921363e-03
1.134137847010608692e-03
1.034503217591993670e-03
9.888749055230474337e-04
1.152309082648626890e-03
1.281285113272773602e-03
1.141756851111865511e-03
1.114068618821163542e-03
1.240425139984050037e-03
1.028223611779746421e-03
8.229180043722519747e-04
8.746348576136180357e-04
1.164716789504814491e-03
1.160139968854551626e-03
2.138301690099879589e-03
1.857391268843333783e-03
2.326002510223417526e-03
1.990912568700449643e-03
1.263236265408620475e-03
1.452052717566320716e-03
1.567707486697422162e-03
1.293064155623299205e-03
1.273602616753076542e-03
1.319711725133706007e-03
1.326930115855097471e-03
1.365014424583036595e-03
1.199740979788309651e-03
9.522271927565798379e-04
1.085626638562275882e-03
1.398356942550828741e-03
1.306915853624117645e-03
2.305352994526858965e-03
4.490129739797267538e-03
1.339492552171412830e-03
1.482072984952043614e-03
1.872345489659935081e-03
9.954841801962199636e-04
9.153960536706543622e-04
1.218022995402354104e-03
1.124875114958221118e-03
1.293215723585153069e-03
1.526318084073758621e-03
1.119562262649391113e-03
9.299124042893148860e-04
1.079512941557557318e-03
1.149352093528023620e-03
1.145996388826091587e-03
9.989755575114441649e-04
1.051779541963618596e-03
