5.385491690828660182e-04
8.567335408714066639e-03
4.417865219877263952e-03
9.276404001280478574e-04
9.578505839912545509e-04
9.148099093358124214e-04
6.419772784416479493e-04
1.181767189039683880e-03
1.561466419882009873e-03
8.308983163199682104e-04
4.798143044132486342e-04
5.144923887182684770e-04
5.924928808167926773e-04
5.427133612581384273e-04
6.566495864175242751e-04
8.585078216926888238e-04
1.074209426611493325e-03
3.713910430738431531e-04
1.261628207124467632e-03
6.290022730226670078e-04
7.187744319645287486e-04
6.250937224081362003e-04
9.593008202543164623e-04
8.311828820362212678e-04
4.925142489674593817e-04
7.176641131685264352e-04
8.288468787965931660e-04
7.799678187528531759e-04
1.099682825813028033e-03
1.010934251469894829e-03
6.204310962816910174e-04
6.703412788801017081e-04
8.381611603068977751e-04
4.580595422428017393e-04
3.267447435112236860e-04
4.837634170164204286e-04
7.501535302654734972e-04
7.079896725287834367e-04
2.708433153115379424e-03
1.560570277032497693e-03
1.775063078452487680e-03
1.691488461325675900e-03
6.944448789730058242e-04
7.209912181782258478e-04
8.693394116198084479e-04
8.543111238997823202e-04
1.072243772499256037e-03
7.408379876713600031e-04
4.442756325050658986e-04
7.541551865005015169e-04
1.019434558695395555e-03
5.503123475781793042e-04
6.662507067592772546e-04
8.044509401247440690e-04
2.995706418613030197e-04
7.953876554219972131e-04
8.535022898196324356e-03
3.468744428812709467e-03
2.803402921043638904e-03
3.122570242261539248e-03
1.717545837630828640e-03
1.534326593212527847e-03
7.958669983142191602e-04
3.047824714091043217e-04
3.455454791224516192e-04
5.194584416893544563e-04
6.358401255991426694e-04
1.251881762775353991e-03
1.377028396325711375e-03
8.479564080037040345e-04
1.230174535492188029e-03
4.190247987026851444e-04
7.882775726563831303e-04
6.489625049747019172e-04
5.013562784593765011e-03
2.692474415331962221e-03
1.358067641203991940e-03
1.137936186846866954e-03
2.069287198653848095e-03
4.296199279906278388e-03
1.841066061569064227e-03
6.141506941034424131e-04
6.496261261461581255e-04
8.041655981362186376e-04
8.061024722074010577e-04
1.523079906036614540e-03
1.734121556392857061e-03
7.235101395682588766e-04
5.271493828941964692e-04
2.991027709906214269e-04
1.710962851633165364e-03
4.323537098552058784e-04
1.662530763861645548e-03
2.368291017298642786e-03
9.628297300032400471e-04
3.815891035686767418e-04
1.101179006928073006e-03
3.595053494866545709e-03
2.870700174345826305e-03
2.317693904907830536e-03
1.670681036117709333e-03
6.049321295563343847e-04
3.228581286160049223e-04
8.640780572057972855e-04
1.955320059680582066e-03
7.501563026024710536e-04
3.215498310239344208e-04
5.322631210654427689e-04
7.175256339417003483e-04
4.801590690852091466e-04
1.493521645939514591e-03
3.803983360683686407e-03
2.016483993433512874e-03
6.222459016720355415e-04
8.264974616777724398e-04
1.505584956677427514e-03
3.085490035724444430e-03
6.339149809243190339e-03
3.276431953352330027e-03
7.633297026817914251e-04
3.006111254701900092e-04
6.047048959330697743e-04
1.445170543086326522e-03
7.628246993428044239e-04
5.003535201542906640e-04
8.083706622796518965e-04
4.880826317538072335e-04
1.095569999354829805e-03
2.928312155319964544e-03
3.854904909454906926e-03
2.425946318852594940e-03
1.355380875325988554e-03
9.082030789320957821e-04
1.115950789859808737e-03
4.330887627863517532e-03
6.887027142334117141e-03
3.504210380868082522e-03
2.272445819813862736e-03
7.768046086184846825e-04
4.901149704165466432e-04
6.631361915986469296e-04
4.890012344445835140e-04
7.304870675652911857e-04
7.307486403030417389e-04
5.685353560451463862e-04
1.199680609453208880e-03
4.276328697872296657e-03
2.695219564382450930e-03
1.333036354364031291e-03
1.288845890881652788e-03
6.748188310145802719e-04
6.155203629447823441e-04
1.345812447896016983e-03
5.616558095274641485e-04
4.566374213498851299e-04
2.217223814526121401e-03
1.381299364353051314e-03
5.445453178404505851e-04
6.287657631638326810e-04
4.715177466845020624e-04
7.940237394844880045e-04
5.258390407225906147e-04
3.718574158134305228e-04
6.139002273538081032e-04
5.915916717906423775e-03
4.661721207853911780e-03
1.839988369480532624e-03
1.729975619117716861e-03
7.095103237541481667e-04
3.356752962801678401e-04
3.407640472182603538e-04
1.317498633900698760e-04
1.998301736865377705e-04
1.364780589647255835e-03
1.143341750663396219e-03
8.161813970323077714e-04
1.259354799382066473e-03
6.345662200701480135e-04
6.115194659640342143e-04
4.886980382853027462e-04
3.547434616374823928e-04
8.114648634938116320e-04
1.137260358935070909e-02
7.920102303316876868e-03
2.910086274714132615e-03
2.478828260708494050e-03
1.009938306647361304e-03
2.696896897051398283e-04
1.769040021474150301e-04
2.307776312699575207e-04
6.664811890592972068e-04
1.103246655966827082e-03
4.535663428323420785e-04
5.380940290638428327e-04
1.063344149009618584e-03
5.216386571059247355e-04
4.371955326568453121e-04
6.446771003831176924e-04
5.716196737772498036e-04
5.809331492421458687e-03
7.859877535894981004e-02
1.643557755124623945e-02
3.483552420341713696e-03
2.111398255452520255e-03
1.063642122785955074e-03
3.704085882668539794e-04
1.680997733127851767e-04
2.310104052792815962e-04
8.356479149836701197e-04
1.018929017915675252e-03
3.684388316834011964e-04
3.876299046684809273e-04
6.925332086652447559e-04
6.697900442562995486e-04
9.793875300889015589e-04
9.989341262447947161e-04
6.907908803295939896e-04
1.491068551826646611e-02
2.134662482558704055e-01
3.508129323383111370e-02
5.063549185775706105e-03
1.318677188325322221e-03
6.417155168188966568e-04
7.011411857489197865e-04
5.770109139775421751e-04
3.822161147061404747e-04
7.548110890756536259e-04
1.545972655095391403e-03
8.314084465856876527e-04
5.895092164839706118e-04
7.026906036706689635e-04
7.279218800497255564e-04
1.525453720030159810e-03
1.070369688715217286e-03
8.191924264525762139e-04
3.781777487253295059e-03
4.032876685735367617e-02
2.661841790530969018e-02
5.612169830544968055e-03
9.550060727856441540e-04
3.540911258853509801e-04
4.720552682707982416e-04
7.114660389136092137e-04
4.284196006750405020e-04
5.532596081845899934e-04
1.395014811119664900e-03
7.352935730589416985e-04
5.626082989981979771e-04
8.786043697671383013e-04
4.251977959792301075e-04
5.062501938472583132e-04
6.074476754786826450e-04
7.303017042517804137e-04
1.060126963727463061e-03
7.933042815086166488e-03
1.312332719869098094e-02
4.636469511914119435e-03
1.966397820900963461e-03
8.337359966660602825e-04
4.175890004634272052e-04
4.629752050098351899e-04
2.569976290952542082e-04
3.214615159939468881e-04
1.143249104818884086e-03
4.622840869157523536e-04
3.212298794890912248e-04
9.733782938857554702e-04
4.783299780607814470e-04
3.837837081881374270e-04
5.114111480593052945e-04
4.821250585533432952e-04
7.198221470713316288e-04
2.582217169762512140e-03
3.321840126788907881e-03
1.772177858499932382e-03
1.745808640435814359e-03
1.059755021586829878e-03
8.676575702119268063e-04
2.263888219712161583e-03
9.373875851421633763e-04
5.207715824051478226e-04
1.987568297983563059e-03
9.306316836182654175e-04
3.579519833463229504e-04
7.190274419332392565e-04
6.091560813968711430e-04
7.129406429796662694e-04
5.476933260765563024e-04
7.035611528934414055e-04
8.084023229584148427e-04
1.035789187602455122e-03
1.071372265477523768e-03
7.557013608426180543e-04
4.747456535330525943e-04
2.507632408502676654e-04
8.327879942405201890e-04
9.231336408019173712e-03
3.803223695992175024e-03
6.544351234797858357e-04
1.040758606198308048e-03
9.530109725867605972e-04
6.344693575674359735e-04
7.041454035078385668e-04
5.731572353131370598e-04
7.795085040429831783e-04
5.242252723149068601e-04
1.173511910273165133e-03
1.164346121957962523e-03
9.394876688991844402e-04
8.839811321850631802e-04
9.331442118775649811e-04
8.507987781172041825e-04
4.759272186713307297e-04
9.371055887840536646e-04
5.275966161565283710e-03
3.377949871065012970e-03
8.037767339743010116e-04
5.515248087365042656e-04
5.809473874503579905e-04
8.435315285008254714e-04
8.026581217664054829e-04
5.899771727348506129e-04
7.874115754038370045e-04
6.673791878223458464e-04
9.025934789924044792e-04
1.389984317295390841e-03
1.427107829250367100e-03
6.101617534899424385e-04
6.064227039669117976e-04
1.987395141949269920e-03
2.379745654288684380e-03
1.639238132966348979e-03
2.337241215609541824e-03
2.383697520663837725e-03
1.714845189841379160e-03
1.484820157602470547e-03
1.597434455788917899e-03
1.516107146769827890e-03
7.950465847335001085e-04
7.489336248734265690e-04
1.186841655620022142e-03
7.429786102873275509e-04
6.299802991903953684e-04
1.304949635321611201e-03
4.383688768378814736e-03
1.100276747074784055e-03
4.705570040993873617e-04
1.089350486434122580e-03
1.284940066000247625e-03
1.027496595994023152e-03
1.778815661807077453e-03
2.288664308637830287e-03
1.300691267625490649e-03
1.106783379334843991e-03
2.015703495032468342e-03
1.608529313713859613e-03
5.875314172087437586e-04
6.511351329714164899e-04
1.164317253305834641e-03
6.674496933738738053e-04
4.505159041963506246e-04
5.854064749962251991e-04
5.466843910576110917e-03
2.113765144440205544e-03
1.019180594913267910e-03
1.288853999327349564e-03
7.800468261702051161e-04
6.118108124761250733e-04
1.393460744354098769e-03
2.256232117766940239e-03
7.848611099010708615e-04
3.305217586379402442e-04
6.515957301063594149e-04
8.785178764876648821e-04
4.841901276212766760e-04
3.827455709506806503e-04
5.436348810143220222e-04
5.814971933424952725e-04
3.722675787387536082e-04
4.045704273582624230e-04
2.539729509130381636e-03
9.031897787411340660e-04
7.859525987402528249e-04
1.414425564136747053e-03
1.091485800326991639e-03
7.473191075072823514e-04
6.733950840045842398e-04
8.526940086485564584e-04
6.744636456994403508e-04
4.136431808414631119e-04
6.077710800856255284e-04
9.386377553975646824e-04
9.246958781074774737e-04
6.563637311009951503e-04
6.434906916521813090e-04
5.752305924988354016e-04
5.131531264521752532e-04
1.117524110118617731e-03
3.167953014725488452e-03
7.483083674043737891e-04
5.731485834728578064e-04
6.815490294622810743e-04
6.152900101988948963e-04
7.284091417162413470e-04
4.266777474549598862e-04
2.914170779451587148e-04
4.518205183137549469e-04
6.890178861302744028e-04
8.965050282263209349e-04
8.285644487715994756e-04
7.525956710163833000e-04
8.346484499076903220e-04
1.262607269889195636e-03
7.791205306094676130e-04
7.435086594184813370e-04
1.495641210999454265e-03
2.653821088271703967e-03
1.187724463783311046e-03
1.362255577708984099e-03
8.199762962153763759e-04
3.663659930009353373e-04
6.795816175662266296e-04
1.068350944489061642e-03
7.469077446838219819e-04
5.988165521262636074e-04
6.228908268212847996e-04
8.111730673928185332e-04
7.695840645689857066e-04
4.648816591469721350e-04
4.684804942854977456e-04
1.066455998600272358e-03
6.696630055068969424e-04
1.147882820097812168e-03
1.355227941346413877e-03
1.504111987396160744e-03
6.404296155439366534e-04
9.171445833837588895e-04
1.200768885625673986e-03
6.977871511606982763e-04
6.502534833347091122e-04
8.588495277057465755e-04
9.211760026938475366e-04
8.672934315084546110e-04
5.358539417943976573e-04
3.933076876964441905e-04
5.685921004060859318e-04
5.961485233230466932e-04
6.881361695740920723e-04
1.264000252431377817e-03
3.227039232657580390e-04
