8.914142974220086663e-04
7.113189741525553431e-03
3.473617326166079239e-02
7.968278619370817301e-03
2.131160283186258296e-03
1.269414336806968776e-03
6.370459459362490728e-04
1.328642904642123469e-03
2.434752004827104958e-03
9.496974578676747620e-04
7.103318130006710434e-04
8.544373746643677730e-04
6.933334530146480082e-04
8.589546786071932142e-04
9.380525278327506893e-04
6.367471568082230977e-04
7.982437487661918655e-04
8.581755947069611692e-04
9.039381999924471544e-04
8.225061186151137998e-04
2.325895353895868038e-03
1.266406616320112869e-03
9.989527260096803252e-04
1.079957936919705326e-03
6.232718568687861064e-04
9.552368549476299847e-04
1.300124184913836137e-03
7.025389893551798682e-04
7.021715490556325800e-04
1.067137511560395076e-03
1.154948339355662970e-03
9.253563862663581000e-04
8.254472033406718692e-04
8.074704481545267459e-04
6.414388183263180923e-04
4.380399954643742193e-04
1.290156763542008684e-03
8.403884608459035030e-04
1.648441351210275978e-03
9.221950240174803899e-04
8.538191962075173747e-04
1.019118073308494538e-03
6.892149688706706006e-04
8.653774275345322642e-04
9.591371530414900598e-04
9.228816547668217780e-04
1.395715522695814862e-03
1.700107448120503125e-03
1.470253160998455594e-03
8.012207662846731419e-04
5.851897372883239912e-04
9.356655647152405195e-04
1.079720809325844565e-03
5.591028661582822653e-04
1.198966315932086142e-03
1.229709093034551688e-03
2.478011772573985270e-03
1.272891338259219633e-03
9.992822956169369539e-04
1.284146751234579433e-03
9.636696182812139926e-04
7.993269273264774852e-04
6.014849773752946327e-04
6.440179608716241127e-04
1.321269003437505621e-03
2.369712622304063696e-03
2.398925899832554491e-03
1.095478854157474558e-03
6.784174630159217796e-04
1.004926045641920318e-03
1.267630144549244378e-03
8.880811681562323029e-04
9.978771048176286306e-04
8.194546513367549894e-04
1.409476122994820927e-03
9.945730889350194032e-04
7.977402775968012475e-04
1.078598182353335396e-03
1.070391467435436242e-03
1.060095967831269602e-03
8.599531960520644461e-04
6.584227657137976851e-04
8.675876985174855657e-04
1.803914388095693381e-03
2.554565257159489410e-03
1.411038209929082240e-03
1.113916649357343022e-03
1.636047226467174723e-03
1.393320116599314597e-03
8.742393563841675819e-04
8.408239388840821164e-04
4.986389101320654483e-04
7.391617682240433050e-04
1.078058049552376319e-03
1.185668210736080678e-03
1.260827043858559968e-03
1.117077388262192536e-03
1.123931711941394615e-03
1.068500754538057908e-03
9.701216994047204495e-04
8.316857635974273443e-04
8.540913342280299827e-04
1.633354897442730429e-03
1.788012745659691826e-03
1.128900693524370700e-03
1.074982306293863037e-03
9.482585921290660486e-04
8.826830909931763103e-04
5.575529718875132891e-04
4.634443571110006860e-04
6.478982225312368689e-04
1.343963728487614084e-03
1.472935971534728187e-03
1.005471848511574774e-03
7.477292165511648407e-04
6.432881661206483765e-04
6.449882643615838240e-04
1.305497199482264772e-03
1.427839645334872537e-03
5.719855647064091362e-04
1.099759286576908321e-03
2.772209806656179224e-03
1.213256373533226715e-03
6.064699749157968518e-04
6.720263904075959470e-04
9.849559924325487163e-04
6.683527788921877133e-04
7.335259822443079792e-04
1.044887437324157559e-03
2.154469365456175307e-03
1.353303491877693018e-03
5.263563289540459282e-04
4.519673005793943326e-04
5.264240367567291166e-04
5.416626595156248843e-04
1.047333175298950170e-03
1.280546665715077276e-03
4.684053344222507682e-04
7.430230032067418290e-04
2.378700841417043330e-03
1.316490302573450040e-03
6.718759866305872887e-04
7.636372655932222812e-04
7.852368660377372122e-04
9.757810839899861907e-04
7.172463073572930966e-04
1.222357025866182764e-03
2.620734130221914846e-03
1.163818563533385378e-03
5.065779226501755791e-04
6.517453708216228809e-04
7.891563911438105421e-04
5.876160506473513366e-04
6.243868543569607151e-04
9.876226914311992539e-04
7.163653174877782038e-04
6.174395382389850744e-04
1.232564893337846634e-03
1.261126572853682026e-03
8.661639211162405544e-04
1.048720682328926164e-03
7.243197572538759938e-04
7.888967401406474234e-04
6.223423974858458994e-04
1.860200195467211865e-03
2.609478315206589273e-03
7.792613785818353197e-04
6.153264071278130402e-04
1.278412602809795608e-03
9.973264005073288925e-04
4.954447054177661333e-04
5.292108294520294232e-04
1.411191559068498969e-03
1.427846786890347780e-03
5.809145519374960074e-04
1.036017493635827715e-03
1.963707103787556973e-03
9.256624041932739588e-04
1.017878223818562047e-03
8.653878744338301546e-04
8.067280992181415609e-04
1.420269971781104850e-03
1.082315554523143215e-02
6.563461603766842546e-03
1.078284567584295636e-03
8.334250212029262932e-04
1.302546770941567875e-03
7.247964293293494061e-04
4.131389696482179073e-04
4.305891525122737453e-04
8.405202263553971905e-04
9.005706222964111841e-04
3.860603737790356364e-04
8.542646268698101623e-04
2.221233450004412181e-03
7.108148998333430795e-04
6.290282725815735327e-04
9.883332907659851674e-04
7.144078455121030593e-04
1.572233066460820491e-03
4.801957479773758669e-02
3.011574240083519927e-02
7.411722500533505197e-03
4.473231834079347512e-03
1.494071058540309563e-03
3.804298413084695584e-04
3.312624024287039951e-04
3.388610582828448388e-04
4.606063592348500521e-04
1.032056174877423252e-03
7.928431460763644360e-04
8.605760672728236457e-04
1.919673884697441386e-03
1.155741149625226982e-03
6.551575850891878895e-04
1.006746388201387905e-03
4.176632928095856353e-04
7.292315494491139177e-04
7.896539924643304620e-02
6.756787643139378075e-02
2.486647514374618409e-02
1.326230649635024191e-02
1.915127781359314248e-03
3.984802388076931772e-04
4.375024320508470168e-04
4.766332904472104061e-04
7.211689944724485133e-04
2.808572949425803232e-03
2.831854035119325819e-03
1.344869687239873138e-03
2.211195748849632044e-03
2.998606334755909639e-03
9.402969950583662953e-04
9.498556220072322791e-04
5.820967531453109193e-04
1.020584235882026529e-03
7.021526657681337324e-02
3.636977446892421945e-02
8.537302702339573737e-03
3.107044712075219747e-03
1.080768467456108724e-03
9.185278426267403382e-04
9.008294429807963766e-04
5.847133715461171662e-04
7.253862685279158966e-04
1.536758136649107008e-03
1.464691578722214201e-03
1.048317726575287347e-03
1.388443425884855215e-03
2.063643918209739133e-03
9.040888039187366422e-04
1.238895247529534904e-03
1.027921734662276109e-03
1.179049921352765722e-03
1.086853589225826588e-02
6.071424202664614869e-03
3.000108757808081505e-03
1.034396608683553357e-03
6.202127698694715353e-04
1.326815017543381964e-03
1.087688886843259919e-03
5.796770070707971947e-04
7.137399851250377696e-04
7.096279701091164115e-04
7.056082559198623800e-04
1.345069966140074796e-03
1.245487095028954307e-03
1.015854261093757571e-03
9.979216325624550282e-04
1.652298453407687875e-03
9.309819630255249893e-04
6.954321850666100998e-04
1.448869734478015715e-03
1.643263697944383987e-03
2.473910548740593934e-03
1.280084573958754132e-03
6.663451491665028708e-04
1.084181700944291142e-03
8.881593430002747945e-04
6.072494410545752671e-04
8.866901548370607986e-04
7.092051283472174811e-04
7.679051631463035829e-04
2.650697295384365441e-03
1.945040980878412224e-03
7.917076658706853056e-04
9.916648485764898487e-04
1.087281314639359760e-03
8.574799588366221548e-04
1.203311816889207631e-03
1.880881415559701713e-03
2.254128431151458927e-03
1.725253062188489761e-03
9.785369462105742051e-04
7.501098296700419756e-04
9.245819328729408450e-04
6.831954439979184487e-04
4.965501854236186331e-04
9.821278285772540740e-04
9.236982192410652217e-04
5.757597029145813733e-04
1.444388572341231925e-03
1.338120677984571414e-03
5.977153017893104122e-04
9.223241133098887892e-04
7.235109905609948995e-04
8.814973107914499421e-04
1.411332752331419770e-03
2.040042983297894654e-03
3.146878380808390552e-03
1.186731558573669637e-03
6.363816948495850875e-04
6.817051119235644982e-04
6.467216888683041459e-04
5.124024795700516570e-04
5.155960026237016046e-04
1.484960931538347340e-03
1.749286317949300422e-03
6.040533348544643725e-04
7.649578787651268837e-04
8.960373328291553223e-04
6.488570400582259132e-04
1.382832604310023751e-03
9.028483576046594664e-04
9.040486135361924065e-04
5.853174579593970958e-04
7.640339899456542131e-04
2.332622278388956760e-03
1.361270358754239785e-03
8.912803479282752116e-04
7.932812327883665554e-04
6.676041304224647390e-04
8.903979636110171715e-04
8.951162701912020398e-04
1.113849638888460454e-03
1.195126661362656394e-03
7.724840626654862295e-04
1.001680023294371658e-03
1.021448614691398147e-03
7.280833341618774511e-04
1.385189065411841520e-03
8.683454349831232731e-04
8.116449606146814788e-04
6.000880128840155011e-04
8.378252957670443693e-04
1.678716130593594985e-03
9.474382997696547282e-04
6.322325887926729705e-04
5.399807621965304087e-04
7.621976851675370127e-04
1.693811764545670624e-03
1.200666216304041491e-03
6.343147795980412593e-04
6.479064207382301309e-04
7.353769835076871169e-04
8.555956399258597082e-04
8.049172950282942668e-04
6.503269244962074603e-04
9.364734492610704607e-04
6.398965180019750140e-04
7.244342688256271605e-04
1.041442378602190676e-03
1.708070588036925477e-03
1.626073426245503968e-03
7.695876174981237765e-04
5.230330229340101646e-04
4.895453258280727232e-04
7.866693601726275483e-04
1.142932986782690214e-03
7.553508614471230636e-04
7.297386573575390199e-04
1.067562171827615269e-03
8.862249347460172608e-04
5.987985176423791514e-04
6.638392599203958057e-04
7.460549340632798574e-04
8.488859620638850067e-04
6.310575582040790690e-04
7.089611418781782909e-04
7.268870831093058498e-04
1.572196428177863271e-03
1.301830202047763200e-03
8.656732067940435494e-04
9.142235315644438613e-04
9.496336353803455253e-04
1.000876390893391810e-03
7.646115119375745820e-04
5.437690030954838750e-04
7.886517403142795195e-04
1.320646335357763233e-03
1.228986553950151429e-03
9.736182045551012524e-04
1.091247787126175053e-03
1.016537930878801642e-03
9.663122026696481948e-04
8.685092286175232976e-04
8.781691010495071281e-04
8.548722381660910259e-04
2.905882749014953182e-03
1.047194785880714877e-03
4.202022728159618241e-04
5.638880161228172934e-04
7.282426519356940530e-04
8.963491676514683979e-04
1.045181121196089033e-03
8.727210484463268332e-04
7.842090905424001961e-04
9.338199879820341951e-04
1.022595676567431260e-03
9.577545536142173001e-04
9.541013854973243342e-04
9.430962272536996208e-04
1.137120383675087722e-03
9.168979487216034072e-04
1.841749352998338406e-03
5.316209790798933840e-03
3.066872010356398726e-02
4.285974772524053962e-03
8.423070554236993055e-04
1.125081284841266457e-03
1.273653845169382638e-03
1.340889895419156413e-03
1.737577193541818554e-03
1.241652009886004115e-03
8.944872938570446168e-04
1.038989838648580197e-03
9.020487505591848112e-04
6.094550285679353014e-04
5.509171209842179213e-04
7.376059744592626402e-04
1.044213478467277949e-03
4.107911872181483509e-04
5.095750559031886123e-04
4.061754547358434504e-03
2.915779488743099751e-02
5.818283568565459085e-03
1.419645138430876115e-03
1.661982916484690655e-03
1.239281927802132061e-03
8.136460932218156925e-04
9.149498562747191777e-04
6.648968755198954046e-04
5.316599760515418631e-04
7.729910009679328729e-04
9.573723176624650798e-04
1.041545995221090275e-03
9.554970845512063445e-04
9.156875887418363053e-04
1.242527231174306041e-03
6.316555307457227169e-04
