1.010155075562731413e-03
2.029126238758676912e-03
1.047649822477651760e-02
4.019675997010208231e-03
1.443611548383626512e-03
1.767516164159960374e-03
9.616177703600594946e-04
6.730805773543615308e-04
1.276588448974832514e-03
1.150845153213992441e-03
9.694174210527822452e-04
1.221569060385530600e-03
8.987749942268159721e-04
7.842173454401809391e-04
1.009847443121472807e-03
9.905572018425255320e-04
1.148252802529330530e-03
1.504544803007031983e-03
1.450651412489005693e-03
8.269912478598987404e-04
1.085802583181250548e-03
1.726118976678630342e-03
1.160178639127118190e-03
7.780839687031088818e-04
9.291438996907067050e-04
1.827707217587472375e-03
2.710817809630575604e-03
1.498277294520912331e-03
1.078691809231695003e-03
1.175456861902301336e-03
9.335826611622537099e-04
8.536315170528514752e-04
9.459009437666259998e-04
1.069037934861990450e-03
1.061607783849475781e-03
1.578005862897546765e-03
1.072830278096757522e-03
1.107489876932592427e-03
6.903775181741875254e-04
1.167531256232931872e-03
1.298859511026842451e-03
9.786722627070766709e-04
9.751548018524339471e-04
1.000044331539947469e-03
1.044649979658929858e-03
1.256599813623328170e-03
1.869070858705802014e-03
1.345311171244852793e-03
6.767286861802017731e-04
7.474326133261712315e-04
1.003860079010729248e-03
1.117211170977534113e-03
7.489018857060605276e-04
1.211077245479474712e-03
6.285612942310429873e-04
9.507801526888907473e-04
7.455349987237458020e-04
8.684937402579252915e-04
9.747363734924458737e-04
8.715268827071783646e-04
7.780261419910914321e-04
7.887155594223366336e-04
9.436096616121827756e-04
1.033907120814204269e-03
1.724635775394194786e-03
1.785238807264718152e-03
9.728128020774709376e-04
8.553889430900203606e-04
8.542649408969379228e-04
1.105416527903623717e-03
1.043126620206794898e-03
1.049366709444471196e-03
8.671679768017359190e-04
9.713135349339980466e-04
1.193920565897846819e-03
1.075704730707229126e-03
9.498317107825772661e-04
1.122462337298045683e-03
1.255394233289528058e-03
1.316305740533949518e-03
1.463244457566789626e-03
8.743739630937200210e-04
8.593583102090177148e-04
1.337848171841184933e-03
1.794473042311433425e-03
2.349303285036302789e-03
1.268040373490027326e-03
9.474935995674621829e-04
1.365890376473388951e-03
7.546875374125068363e-04
1.321025001112617137e-03
1.599591634585254170e-03
1.599315354394994929e-03
1.244424871011225653e-03
8.544561474678508302e-04
1.258880020518361080e-03
1.809165594174492976e-03
1.179899839667405363e-03
1.106422597688864031e-03
1.110579346380223325e-03
1.091905206668856076e-03
1.080080557061711619e-03
1.569538482539387016e-03
3.335073821409381082e-03
1.835395073903886348e-03
8.493533591663547091e-04
1.346213088134202811e-03
8.564014635071641977e-04
8.188518636544237991e-04
1.587524621376700841e-03
8.849914245692775327e-04
9.511740135654297556e-04
7.276819448147261180e-04
8.021850560582389610e-04
1.126426654927044054e-03
7.081604460883418259e-04
6.211765995469386561e-04
9.182292871821371274e-04
1.239569361988982887e-03
1.196333286827882137e-03
1.357238880462690147e-03
2.321324257490486442e-03
1.901763727872496975e-03
1.142619305817816483e-03
1.470995692235748439e-03
1.231650081591206163e-03
7.756600851761559067e-04
1.675287205009813075e-03
9.871498971030442937e-04
1.454947787046326170e-03
1.225160618209760605e-03
7.622996104206712859e-04
6.996578131776197635e-04
6.267357023130568951e-04
5.580036698680858635e-04
5.324653718783067726e-04
7.065276787844248065e-04
1.177891258732206804e-03
1.462459512613923469e-03
1.427625843957470173e-03
1.373260003793064232e-03
1.338700686645977666e-03
1.496292518889007477e-03
1.181302955231145445e-03
9.847637930521676002e-04
1.197996470736547399e-03
1.707136790055326222e-03
1.941609024531979920e-03
1.582803365268450717e-03
1.156052798450509346e-03
7.272079929562713565e-04
6.942211511254148823e-04
7.367717129552953841e-04
5.379141913319154941e-04
5.536488114269513556e-04
8.995784352574926444e-04
1.029301089296914959e-03
1.032129889781025888e-03
1.258221804863059569e-03
1.015998425871680747e-03
1.028968775465092210e-03
1.086310343370785851e-03
7.670826293242099169e-04
8.181435866066853356e-04
4.004369764057904429e-03
2.350154534752416525e-03
1.276536448306995033e-03
1.353564043020676457e-03
7.406107492480490731e-04
6.049707387003027802e-04
6.453813649097081290e-04
4.163186980478756271e-04
4.445584328068824640e-04
6.843345852647921262e-04
6.176738315921773961e-04
1.135525759394129686e-03
2.632005800674390699e-03
9.428285893577331277e-04
6.832555044508945930e-04
1.178276375210809490e-03
7.401383510188485303e-04
1.353421890857289464e-03
2.019289896070355222e-02
7.291235657784138000e-03
1.505842170060426753e-03
1.044385376044546301e-03
6.173474370563774953e-04
5.721672065899225225e-04
4.982689642694928742e-04
2.646317698171543392e-04
4.074610043100662681e-04
8.579489266136390959e-04
5.203225505884629884e-04
1.141560827937835492e-03
4.729507062558449722e-03
9.503713885976609790e-04
6.202015600753366066e-04
1.120865061856095735e-03
9.942517516066651760e-04
1.702861208722919331e-03
6.085627536678853144e-02
3.532919637344384550e-02
4.341921580577084994e-03
1.406595964685418637e-03
7.868481688941403578e-04
7.182156635578632996e-04
4.910492876981539497e-04
2.533428494614090791e-04
4.277812502222146009e-04
1.108931402135960014e-03
6.657283172859605053e-04
1.292313838629542124e-03
5.686223691377839326e-03
1.017585022159489408e-03
9.572302213043817161e-04
1.134744314778885930e-03
1.358949864703037826e-03
1.991348585424219941e-03
1.083603461002916463e-01
1.085221108244804611e-01
1.073124322046327232e-02
1.978941082775601164e-03
8.900397035591022746e-04
5.795790112418516219e-04
4.017714323184996697e-04
3.167439209496038222e-04
4.218151582132477592e-04
8.948763993965209171e-04
7.016949018669375697e-04
1.247914047276014841e-03
5.131668425394717535e-03
1.179133915736501779e-03
1.167933524958857106e-03
9.077219856183160263e-04
1.420380173554724578e-03
2.270943025765452799e-03
4.326923927773503042e-02
2.886316683052923826e-02
3.174594116089747391e-03
9.234945136797701251e-04
7.117537658666503453e-04
4.824996223830401820e-04
4.477741356618226629e-04
6.202960278169354939e-04
6.497787389169093746e-04
8.573363846217443851e-04
6.829301162820243694e-04
1.259365443281633759e-03
6.270013958712386017e-03
1.856104196196988040e-03
8.723749685914522489e-04
7.401422277852981674e-04
1.239006465399644782e-03
1.225820785270759954e-03
3.187586617054047680e-03
2.442727385469113666e-03
8.958842544518693003e-04
6.637103012710553846e-04
1.002996273764813475e-03
7.762638362994941921e-04
5.908777236970362860e-04
8.279656086328224772e-04
9.771904203282246598e-04
1.017004097040227805e-03
7.214221427493960632e-04
1.723041468752269231e-03
1.010402900970179541e-02
3.579272515570859105e-03
1.042026001605267935e-03
1.140260436325403253e-03
1.416899206700991936e-03
9.333255687365128945e-04
9.969552809469780282e-04
2.250991046009355977e-03
1.714746370086756878e-03
8.113002206726998818e-04
1.079188453429675123e-03
1.000169088084189653e-03
5.018277660022880124e-04
5.266606318672977178e-04
9.865758627541040045e-04
8.951651128990795831e-04
4.826226036729284736e-04
1.454897832704994502e-03
6.363123538055081435e-03
2.666088500390250554e-03
1.258494018386474393e-03
1.237365342019434294e-03
1.420327907337979364e-03
1.126824054661458964e-03
1.511726573313350048e-03
3.896279272078375776e-03
1.862399874485410776e-03
5.487335948274297496e-04
7.369472065998838514e-04
9.795939649185499663e-04
5.480470839207488964e-04
5.139791045926168141e-04
9.571488753969257428e-04
7.495200697083203266e-04
7.362183792874421292e-04
3.878857243438612896e-03
5.526081119477199363e-03
1.255972928354237182e-03
9.728586717156395471e-04
8.832817289982539902e-04
9.210719809234534441e-04
9.227316856875262749e-04
1.617382244623888094e-03
1.638665598591442342e-03
7.130482178788626101e-04
5.538812276649244474e-04
7.389470921233963659e-04
7.088713660013962062e-04
6.705508785692122905e-04
8.685097958059766199e-04
9.236626890049453361e-04
6.015432815134110628e-04
1.694836150799982006e-03
1.176724113138612020e-02
5.072889540118185117e-03
9.420146786108320484e-04
1.091177774709866603e-03
1.038361950467477091e-03
8.148767853135055993e-04
8.996599105782650523e-04
1.682713887703003080e-03
9.041971328528167770e-04
6.102583669174073975e-04
1.054019109989696610e-03
8.213276238765164798e-04
4.449953085749345431e-04
6.787243098173053983e-04
1.240852543391123735e-03
9.743221031285456473e-04
5.404716384399563343e-04
1.374402354094585730e-03
4.230009308621583870e-03
1.373392031194853747e-03
8.377966034252643185e-04
1.466696238703078109e-03
1.116568318461755088e-03
8.975607518050459982e-04
9.375868108528868060e-04
1.690651046318762240e-03
9.700278686171639152e-04
8.417674992507734192e-04
1.445071507270007712e-03
1.110679307869846420e-03
7.261843510783045014e-04
8.848970088825937113e-04
1.072525759412245715e-03
1.145628900691080627e-03
1.048194854378215867e-03
1.970738634732936007e-03
2.946525532185812098e-03
1.043575908803873881e-03
1.064002922890588260e-03
1.288220789976617835e-03
9.171844381281698448e-04
9.652041512932875737e-04
7.552968329135830751e-04
1.371937471896661443e-03
1.102066416116523253e-03
8.670365909762429426e-04
1.036689564061359830e-03
1.097734414686109619e-03
1.058001458485411132e-03
8.184337505557313106e-04
7.857633156101422739e-04
1.479343621478748823e-03
1.655507229953970868e-03
2.028210530481395265e-03
2.499385236685360782e-03
1.174776507795698274e-03
1.064135816384824450e-03
8.973872844854531312e-04
1.082903712465109556e-03
1.332112793348825749e-03
7.972746917254134365e-04
1.233476823754468777e-03
1.257517732263117210e-03
9.515264057276167156e-04
7.635931422279964350e-04
7.509800765153628894e-04
7.999657884168271879e-04
6.174409298718617177e-04
1.050227903816504643e-03
3.117513206226685176e-03
1.636555505779872235e-03
7.256521825698135668e-04
8.358883640109749172e-04
7.206241977715355891e-04
8.240547917772088555e-04
7.606483992725804376e-04
1.088071629527015503e-03
9.173036398130936285e-04
1.041748229041716042e-03
8.985645864621256322e-04
8.918603958528979487e-04
1.018169185904338773e-03
8.667686085955457779e-04
9.285731544773412121e-04
1.295898828735192639e-03
1.084484256918655546e-03
1.912570358971771951e-03
5.012005592315506471e-03
1.903645627623669866e-03
7.495915784866439766e-04
1.001071833552576217e-03
9.203954061888743781e-04
8.815449402649491815e-04
8.150171321420631538e-04
8.203934912924322909e-04
6.139244797769610653e-04
2.757738907117026489e-03
1.217257612155633927e-03
8.935069809211227234e-04
1.235048194247425311e-03
1.047580220964355316e-03
1.111019269262051874e-03
1.734763306699418309e-03
1.499111710915213003e-03
1.402735377865803757e-03
1.643178668169052552e-03
9.022875096638979884e-04
7.880264846612989888e-04
1.249788668497735841e-03
1.050938040424868923e-03
9.276303281290471884e-04
9.597068980402794587e-04
9.237779988790065016e-04
1.251957991331992997e-03
4.536649381477936283e-03
1.556397337075168938e-03
1.614031377330908635e-03
2.018616913380409921e-03
1.067622625286695527e-03
6.930682024772207798e-04
7.511817322814159145e-04
9.359542625633709111e-04
1.080251195403913707e-03
1.039818981122303488e-03
9.944361414523030136e-04
1.073161163213145032e-03
1.135155773512384891e-03
1.194060677676403101e-03
1.200760526711919457e-03
9.287502123273732365e-04
8.002757504493881015e-04
