3.961829457267899263e-05
3.179951868210691146e-02
1.913161437131810194e+00
1.093904848464238855e+00
9.175109595206315527e-01
3.066848917381661405e-02
7.648149992202897345e-05
1.760812676531139093e-05
1.526359488313529559e-04
5.589122469568353572e-04
2.642654895961865278e-04
3.676727707993007423e-05
5.527029276593502944e-06
2.768141911614861965e-06
6.149696694114629646e-06
2.879885955113710585e-05
1.089606760652154073e-04
2.724900886606019873e-04
4.151492979722168458e-06
1.903422969017219593e-04
3.828846864798810586e-03
2.772452598521210360e-03
2.658392882713354107e-03
2.768698225836736565e-04
1.855165571989076967e-06
4.019393429808614596e-07
7.663233398989209951e-06
1.280931020116862296e-04
9.771520411402901882e-05
1.603481990200060454e-05
1.057584592826867481e-05
1.682257291158717528e-05
1.484922083932146081e-05
1.630656574932334808e-05
4.238484166970807695e-05
1.495066094316099554e-04
3.135452578500197430e-07
1.218847528810707216e-06
7.913402553507403313e-05
3.482504129599546245e-04
1.487462373038896482e-04
1.867605767267135872e-05
7.657678778180344920e-08
5.934929788373885745e-10
5.929790978734234035e-09
2.758357287037954584e-06
1.975357584697195581e-05
1.659566403502919243e-05
1.026211552779027376e-03
3.245269267088067566e-02
2.582106378598583718e-03
6.687046469365005722e-05
3.557138357004269381e-05
1.190161766990961104e-04
6.157789761807003611e-08
7.568227220775398817e-07
9.668555863660565925e-04
2.164999109192408677e-02
5.174897742504136651e-03
1.990797792850774496e-03
7.806288088790002327e-06
1.530256190566496693e-10
2.363220494355896898e-11
1.688946459330586331e-07
1.136373138128092986e-05
1.012542147014799596e-05
8.638339118746877002e-03
9.014329874922841768e-01
6.581502892236785682e-03
3.228600864418049355e-05
1.739064552803236933e-05
8.674996343610025934e-05
1.573457480850554460e-07
8.720421592106592608e-05
1.135167881606774232e-01
6.812063340856033822e-01
2.564925217729566720e-01
7.614542507027360907e-01
1.739882666084223706e-01
3.930245955961222328e-06
1.813782312204898053e-08
3.340380666190324096e-05
1.619227465070039113e-03
2.722003323488231610e-04
1.744503702154259067e-02
7.360975774020589446e-02
2.317496180924249322e-04
5.182154881361740914e-06
5.682867584784357150e-06
3.470901757051218648e-05
1.016415932781910413e-06
1.962216517977350208e-02
1.769255954906622241e+00
1.588446600396934638e+00
1.558683151162380209e+00
4.877875111178427425e-01
1.428625848646632779e+00
1.208081799611234325e-01
1.067316229017730746e-02
1.480110696282422311e-01
6.572708955729991143e-01
4.377167919213900693e-01
6.582329455765421056e-01
9.214056436402673356e-02
4.199964012728378722e-03
1.853201783320396678e-04
6.899563847171932245e-06
7.279038500265395329e-06
1.187671708668311267e-06
5.777285007769421277e-02
1.031121933724542306e+00
6.319437733882979913e-01
1.906631199336525251e+00
1.203308030623922581e-01
2.567578294992717280e-01
1.251951705803554971e+00
1.531016109600646269e+00
1.687196682306422169e-01
5.452799466222974650e-02
7.607953693393316730e-01
1.316883891646909999e-01
3.374326243225166111e-02
8.826970842871388889e-01
2.622611090085479393e-02
5.585611666227686805e-06
9.064728507266916994e-07
4.674069023492150740e-07
1.263920865390361602e-02
1.666476770058698431e+00
1.084002657638690525e+00
5.335778917817007860e-01
1.332230360546849957e-01
3.925463499316411142e-01
1.246553858762800976e-01
1.641575355429909788e-01
7.483752977676939866e-02
1.305123772675421262e-02
5.721307583216273668e-02
1.526097418640568089e-03
3.329444220162252124e-03
2.033991757127891820e+00
1.836996131194943566e-02
1.003643408009645092e-06
2.320731763364318445e-07
3.172010178554152297e-07
1.941798815463153388e-03
2.392602641955603904e+00
4.599311594174547047e+00
1.461169145120202240e+00
4.180677877293913491e-01
8.427314104798228067e-02
2.528988390887810644e-03
1.406464552075034277e-02
1.473597830299267608e+00
2.353564880203538046e+00
7.817894006510180960e-01
2.102122838348130171e-02
7.149268654232945885e-02
8.967041832089283071e-01
2.959671723459959564e-03
3.590336319516811530e-06
1.336149619142884828e-06
3.305769254419215910e-06
1.708633652247634142e-03
5.664422437083460604e-01
1.610073937503461394e+00
5.484771467582670645e+00
3.307633982198267208e+00
1.598595289338340386e-01
2.354568245172442356e-02
5.328300100567665704e-02
1.370220522575265498e+00
1.944148752267236269e+00
6.951073946258299330e-01
4.606581180267033115e-01
6.007793368994893690e-01
1.764462204889078734e-01
2.380473329192586696e-02
2.283853284542788822e-03
8.453145762549818607e-05
6.378077190836960175e-04
8.974877729343067045e-02
4.234523023256624441e+00
3.513186752452881922e+00
3.544715498927544672e+00
1.487146519159005864e+00
2.337531808908972220e-01
3.300306857980078168e-01
3.960557579208866530e-01
4.200161319296112361e-01
1.515579228651845189e-01
3.098668392350775735e-01
6.722168913512356347e-01
1.234055793023763892e-01
1.431208445857920508e-01
7.958675332617074494e-01
2.624816650598056286e-02
4.415015225114829608e-05
5.649636164721574469e-03
2.765347760281921641e+00
3.717830801172971178e+01
1.184344150371611626e+01
8.097100324900216251e+00
3.959563835798093567e+00
4.346727524289403233e-01
8.450160685730200016e-02
1.300743562955803678e-01
9.944362724147400023e-02
6.583662904493345347e-02
7.227346949901237716e-01
1.450570672222823987e-01
2.259796239917578886e-02
8.665281743318754559e-01
1.126597252878034222e-01
3.361821667837551765e-06
8.888830958156863688e-09
3.195130650423313318e-04
4.231746317809276015e+00
9.166753000401223517e+01
1.548527821554292494e+01
1.266134033708968687e+01
7.149825772762962828e+00
2.134780945742977387e+00
4.304342772913891668e-01
5.770023917748005049e-01
7.432939478346682616e-02
6.470584934619436242e-03
8.857635259278930778e-03
9.572154172507307953e-04
7.883917923435714015e-03
1.943111310660710744e+00
4.412659205281356349e-03
5.211430180421526732e-09
5.781677872839564226e-11
5.129457431914787654e-05
9.346322745531007170e-01
2.903930913631248600e+01
3.879415031746298315e+00
3.618661734600499003e+00
1.893695087089328322e+00
1.377794099485064594e-01
4.372545107721508180e-03
9.474599526979767330e-03
6.026673531060301736e-02
2.082363567505960897e-02
1.326247860233330765e-03
1.159145376619729424e-03
1.396909638413438848e-01
2.919133029591689965e+00
1.089062132774618191e-01
1.799951790440467670e-05
3.010941624225428371e-08
1.749753456438169104e-05
1.504149351354384413e-02
1.881779792931879136e+00
1.408687996909379958e+00
1.290858974667405290e+00
8.349311712828986209e-01
1.706169296676369887e-03
5.862740061926386332e-07
3.897654279294166736e-06
2.597830411669328418e-02
8.607016783169404439e-01
3.553059994822454354e-02
4.700021955467455909e-02
6.189215720640479645e-01
2.928292427501730244e-01
6.849266275046594910e-01
4.250700594850671116e-02
2.165629090184860377e-05
4.691185701383847999e-06
3.890031545454748492e-04
2.255352966509615309e-01
1.175903289437308930e+00
1.062217316544130874e+00
1.124372112062457019e+00
2.896184048449510461e-03
4.688490592858942919e-06
1.684706847932623700e-04
1.436742135440709500e-01
8.163919818698375241e-01
1.553641648923314300e-01
4.119779631601615255e-02
6.762536805960929487e-02
1.393939703162278276e-01
9.817385659531727149e-02
9.555466553785285080e-04
3.253506756428630230e-06
6.557953308742354591e-05
6.644854804613592285e-03
8.150536518557377486e-01
9.611307112443426837e-01
8.231560697617983369e-01
8.427157419201810606e-01
5.290940963603305708e-03
2.298867839977137824e-04
2.673100913069380302e-02
5.997913566924636397e-01
5.896994653816860499e-01
5.853504665634015058e-01
2.441692388293516952e-02
5.989620363673436171e-02
3.642298793763520948e+00
2.904821239846195127e-02
1.866295550225951313e-06
1.028153152361747050e-07
2.845784809318675844e-04
6.284726806110705992e-03
4.117976606924537986e-02
3.827715518770554576e-02
1.974498167133365290e-01
1.318326360249238438e-01
2.802164356752763616e-04
1.164666649179563363e-05
1.834598074785643391e-03
2.643465340195585989e-01
6.533552830929927335e-01
1.401927396408178261e-01
1.051340407901485939e-02
7.942616939691067579e-02
1.647855447277421781e-01
3.709824126024860517e-05
2.481412384392280362e-08
1.415275768111554827e-07
1.988724551372150623e-05
8.322401184163862961e-06
1.910306946899964785e-05
1.642874520292399122e-03
8.195960101123361818e-01
9.182119107545974046e-01
1.518882551034732428e-03
1.034301695377113614e-04
1.484666024815962590e-02
8.943326268658819966e-01
8.554742896462777524e-02
5.556916624654464724e-03
9.132677815820218481e-02
7.739509408223067544e-01
4.985621009696760081e-04
2.415343887866996395e-08
8.613718515919643286e-09
2.344225750187451313e-06
5.006961708751288675e-06
5.355675599408076044e-07
2.756413794130856263e-06
7.830752545662044263e-04
7.273129739770260727e-02
2.694999217869487734e-02
1.236126021489679112e-03
6.193171599370863624e-03
9.694034471979116052e-01
1.007959783570089529e+00
5.521177084523277642e-03
4.533163025902739798e-03
9.005252984058489396e-01
1.160161633410358578e-01
2.309509787529675649e-06
5.470406677244477362e-09
1.973341785081621660e-07
6.278267059182002533e-05
9.014373412734371789e-06
6.278555458072575803e-06
4.096226640581005028e-04
1.736307158253072927e-02
1.228016941459886789e-03
6.744552317177964495e-06
3.109003618241579304e-06
2.174252801357591124e-04
1.172251090719537980e-02
3.334291589119404379e-03
1.887542484107196362e-04
1.537544021560677786e-03
9.157719491561720077e-03
1.785829777634210491e-05
1.236473338663272285e-08
2.666480637296961565e-08
7.619528025348095786e-06
4.437416156444234537e-04
8.883644258426566837e-06
2.975301578934126448e-05
1.851195053991366857e-02
9.215338129400068024e-01
4.925623764732776737e-03
2.784814546917148680e-06
4.796797973359229133e-07
4.802115023375082403e-06
2.470036475633426496e-05
1.438948688359271554e-05
1.367769366368708424e-05
9.128751130837454151e-05
4.489564139371019370e-05
3.525911519790282114e-07
3.665997775386284485e-08
9.502820863518499223e-07
6.726004570006679443e-05
5.880640584154568379e-04
5.124172945165899457e-06
1.846714753149077546e-05
2.745127616008404860e-03
3.018204542309688848e-02
8.541975582420330108e-04
1.148525387774772198e-05
4.430859600397205292e-06
8.800845183237314683e-06
1.101542268819538059e-05
9.277252853019547893e-06
1.363476291388793440e-05
3.097905845462949271e-05
2.101091085908412517e-05
5.064765829619872064e-06
5.187988202492936229e-06
2.882694444707241629e-05
1.371845110981637300e-04
3.333146545233850087e-04
1.006411767028315365e-05
1.671421072188680409e-04
4.209708345418412129e-03
7.507548827814575958e-04
1.515942276368243979e-05
6.127035944759989197e-06
2.427464404341898681e-05
6.436375912660427631e-05
7.031212802654868632e-05
5.664610274820471248e-05
4.954611637793103772e-05
5.436120121157180142e-05
6.630955069176687770e-05
8.078354385039934174e-05
1.011884928278386590e-04
1.145388013060443384e-04
1.273580991447129703e-04
2.065345816668692910e-04
7.710768454485983521e-05
1.985255433620323334e-02
9.552177759531669254e-01
1.508425363204769602e-02
3.793962970399455893e-05
1.406584615246501663e-05
8.477022247364038397e-05
2.620714766771246981e-04
3.078195831864977117e-04
2.372435674608353658e-04
1.587085094057107278e-04
1.331766461515914205e-04
1.757439470980036889e-04
2.632925798282588514e-04
2.685702937337641847e-04
1.882772843170184285e-04
1.612014283253508586e-04
2.502601782856083150e-04
