1.892906651943249073e-05
9.371569850621905870e-06
7.408072267255209908e-06
9.474475220848352610e-06
1.729833121367054736e-05
3.210766687940415235e-05
4.246552067578335298e-05
3.898477875678541498e-05
3.058362968211287013e-05
2.601956414059556223e-05
2.651674004622103532e-05
2.932091970701905607e-05
3.170944901927447770e-05
3.287705371216142466e-05
3.186969771313062058e-05
3.025488681722886210e-05
3.194645418422662755e-05
3.950165910697417897e-05
5.780684101262428819e-06
4.810028375722014928e-06
7.157302651865231921e-06
7.244165113737172777e-06
8.214857790019898808e-06
1.706516578217055375e-05
3.365933593955645724e-05
3.871920890221456415e-05
3.042964223136561202e-05
2.332221244944519017e-05
2.187148141506301392e-05
2.368948228595986615e-05
2.506645870667250983e-05
2.437848192542687835e-05
2.231681685456761021e-05
2.158521894223206154e-05
2.497113378738566886e-05
3.400170382578446672e-05
7.161565144685839982e-06
1.109106854955878719e-04
1.257091240643667214e-03
2.170369115574331202e-04
9.206633356023918892e-06
5.067101128741221604e-06
1.594313494187471429e-05
3.448975759068675250e-05
3.294829002652740861e-05
2.316922331513668486e-05
1.932026757788540431e-05
2.037877921948526234e-05
2.201699035743609484e-05
2.111907851927817203e-05
1.855791005591805705e-05
1.789854428828210217e-05
2.197463423098088144e-05
3.224904678883072650e-05
2.161232808675649886e-05
1.081550063321110727e-02
1.013620176650199545e+00
9.509095625667025528e-03
2.454956671993324698e-06
1.709432027869276372e-07
1.654246309233195090e-06
1.630213594513115331e-05
3.003157656794580628e-05
2.243196917517070954e-05
1.703506942717442348e-05
1.750856649023930264e-05
1.998318799040346488e-05
2.022700302092002940e-05
1.801992401393689617e-05
1.729733194144794840e-05
2.135481979825033731e-05
3.202940932944307000e-05
8.675744710919732497e-06
5.571452205115424820e-03
8.670029593344269481e-01
2.544178425059569811e-03
5.893949594436116038e-08
2.432208656056712195e-09
1.307050554971870244e-07
7.037314273496170669e-06
2.736279544569498575e-05
2.431052080710456473e-05
1.808185374293404330e-05
1.781250382173824715e-05
2.021185675406577721e-05
2.087201519777742991e-05
1.912281678849292788e-05
1.846164143291654548e-05
2.195558919513115987e-05
3.169186328922404095e-05
1.514828094286432808e-06
5.127804521415875233e-04
2.175970906858470943e-01
8.541672252640051394e-03
2.114121547535834877e-06
1.401871676514100067e-07
1.988934124338014255e-06
2.158977859853600248e-05
3.902735848827726211e-05
3.139730394613188534e-05
2.426525548185027388e-05
2.310291208191392527e-05
2.412324413064863868e-05
2.334641432400773984e-05
2.110843342192807303e-05
2.008814642949326769e-05
2.231359231271904899e-05
3.013307199098100793e-05
6.163310748276676488e-07
6.233442028045253032e-04
7.187480040812196380e-01
9.185887925516416086e-01
9.671473271352111489e-02
1.958500103829969100e-02
1.413726644851728571e-03
1.105678165176382115e-04
3.869529516818166629e-05
3.021045532741558666e-05
2.719684222058406782e-05
2.709962286404022437e-05
2.801530081793861837e-05
2.678023574566457804e-05
2.407258444768089055e-05
2.198251603778723969e-05
2.244997889631994794e-05
2.857352875618659693e-05
7.562149136720164066e-07
4.018037191303517643e-03
3.371044584699872670e-01
8.395377126662559308e-02
8.355977253798502202e-01
8.893156399932801159e-01
9.848042590325312498e-04
6.651827662155613680e-06
4.933268538472583253e-06
1.012967943381356330e-05
1.250840872637049058e-05
1.472000525657885649e-05
2.012770188817247674e-05
2.572997213622060027e-05
2.691591026088127386e-05
2.440085031467323321e-05
2.319742408091459243e-05
2.835297195528623304e-05
2.029631616579573753e-06
4.499411546349207230e-02
5.401109700891312260e-01
8.896796801324956261e-03
1.667852033468315842e-01
2.037286882274449706e-01
3.080777320725685929e-05
1.339475550028492367e-07
3.808597365992969651e-07
2.290256808894087252e-06
3.528247073752182544e-06
3.801059194926420593e-06
6.747741990200924536e-06
1.560422315563614277e-05
2.542137545581941866e-05
2.619102129785072782e-05
2.450313879598766528e-05
2.939284462579592851e-05
3.937001467401190575e-07
3.991680625258476993e-03
1.227911801371477818e+00
3.418229991825274539e-01
1.542901709920532660e+00
8.450446368159045818e-01
2.003052678617174944e-04
3.055919564674641166e-07
4.355291689033329334e-07
7.412828387460693753e-06
2.006046618610753379e-05
5.710313448129798335e-06
2.634782737886332856e-06
6.384471453105283784e-06
1.864659810642235098e-05
2.594901207853835641e-05
2.594944146443298774e-05
3.135975369016879709e-05
1.982399980513567190e-07
2.287623798899756538e-04
8.231944545565806903e-01
2.604289660406433171e+00
1.457648971401884097e+00
1.151407865296033117e+00
4.587389924485670185e-03
6.148224937936689686e-06
4.787005935412444171e-06
8.844608930193570287e-04
1.669548290647728667e-02
4.479294953132871441e-04
5.252966364886733275e-06
3.336361494639962421e-06
1.279868385834910257e-05
2.478360605591039929e-05
2.767091326827377789e-05
3.401477434264626104e-05
2.197909475123139785e-05
1.698856765303747782e-02
5.277928940426735771e+00
4.030793501537368151e+00
2.946186410594817229e+00
2.713152378691968014e+00
2.045009978872168455e-02
7.317942834449572235e-05
3.086925631071575334e-05
7.604214755633301355e-03
9.434930903203458952e-01
1.788102778427422268e-02
2.134412069581438377e-05
3.490284075890514327e-06
1.137872495290969971e-05
2.462198049006112451e-05
2.867027556933382623e-05
3.467147570030071146e-05
3.313517083664807268e-04
1.959543738419657899e+00
1.316317883262069870e+02
1.234279350687001120e+01
6.759702335597245870e+00
1.208327563715545949e+00
1.938456270210944105e-02
3.915884347252418345e-03
3.623319119870645590e-04
2.398553726642264363e-04
5.092633928027764066e-03
1.441490083742455377e-03
2.045585915685970685e-05
5.779528687298359607e-06
1.449398985333291274e-05
2.600900195897996972e-05
2.777632593585186536e-05
3.155329844459239092e-05
5.389291294796743100e-06
5.992300237762047954e-02
1.030044592482560262e+01
1.499561527851089870e+00
2.299521837411494740e+00
9.431434799167107697e-01
8.804587313034965834e-02
8.306183893421058562e-01
1.017535206530036374e-01
1.241368467493794670e-04
1.313116959650134608e-05
1.488207766175707165e-05
8.941650744271178788e-06
1.063360055351766326e-05
2.116225451771886997e-05
2.816854277356128363e-05
2.677106974086071182e-05
2.887878514274466992e-05
2.391360500239511014e-07
8.985899734544470271e-04
6.941436510081135935e-01
6.340165077672749172e-01
1.755723603199939031e+00
7.549194036117783391e-01
9.916816691593428532e-03
7.496843847087515667e-02
9.146143417010937915e-01
5.744736978493563372e-03
2.134869384247107711e-05
5.183116327643625625e-06
8.852999866575844259e-06
1.759802651317814103e-05
2.676576227291932125e-05
2.896950900664025278e-05
2.666562841727212053e-05
2.905901546610087054e-05
4.380206071590741960e-08
1.712669867169903576e-05
1.370060969867001877e-01
1.500259699025232596e+00
1.073895319539506676e+00
4.264608464593301340e-01
8.913381837747449705e-04
7.606719417257193057e-05
4.562177428488007822e-03
5.206700857139692426e-03
9.700567936178557419e-05
1.245677431471304811e-05
1.482828683631443819e-05
2.351946881719643175e-05
2.830438463584772059e-05
2.809688037626596776e-05
2.654091457932701223e-05
2.987040824937085314e-05
4.448634542354046971e-09
1.115493422402139364e-07
3.990657542994791376e-03
2.657609083313046683e-01
1.260031993969601694e-01
1.430563196239002188e+00
2.177918461063422378e-02
7.477634089953876499e-06
6.110160550938956991e-06
6.206097530133453837e-05
4.010112284420627786e-05
1.945136040581071563e-05
2.171657350203374872e-05
2.659892099743653730e-05
2.805429770226270937e-05
2.722870934965354755e-05
2.619754449143730620e-05
2.960089745694537589e-05
2.631798346705872078e-08
6.243136976273594263e-07
2.402169657257688731e-02
7.225826290727268564e-01
4.326237686116457537e-02
3.518996569495629889e-01
1.500056543635474790e-02
1.428107525906418020e-06
1.449707679945543330e-07
2.957876087912432210e-06
1.748279740157682258e-05
2.477242175803132722e-05
2.675708037203723341e-05
2.738403022015715747e-05
2.751586218718174659e-05
2.705630344919853495e-05
2.639010552746654935e-05
2.963798678547801421e-05
1.030660658069508315e-06
8.298664305840285757e-06
5.958545860993268856e-03
5.961316943800281515e-02
4.697043576951080712e-02
7.409582974413879697e-01
1.739444655114255958e-02
2.136280738026321541e-06
1.823180344032814084e-07
2.960411300247828263e-06
2.208356671084361553e-05
3.292691518756846576e-05
2.954872274405025194e-05
2.715785448944228845e-05
2.740252867354686813e-05
2.778317381655067233e-05
2.785088729576977909e-05
3.170214883548504273e-05
7.151241670146770475e-06
1.697177269561071290e-06
1.166052261169371952e-06
1.785305949967666916e-06
1.389278593629738549e-04
5.489312924971091745e-02
7.441516293087732485e-03
9.384092476606168003e-06
1.481786871255323538e-06
9.927293375283141109e-06
3.584980016319783477e-05
3.816625994780014253e-05
2.950179574613205391e-05
2.627988448427934955e-05
2.703053826192851878e-05
2.815260293219076418e-05
2.919813103925400957e-05
3.409054944263276957e-05
2.758798577968524896e-05
1.977265771298467023e-06
5.572238779763275680e-08
7.347974155164745232e-09
8.894960640857810716e-08
6.778149455430412054e-06
1.244782950941041781e-05
3.065804816007917684e-06
5.365816779011509832e-06
2.461023554177872179e-05
4.482101810244449387e-05
3.608293043468535025e-05
2.652578532445491166e-05
2.402485763750263412e-05
2.500122234772923806e-05
2.618842162443421910e-05
2.741194031020881223e-05
3.234843472816541530e-05
7.436289860201552844e-05
1.943332544700082884e-05
1.903724070358997283e-06
2.092150682923583645e-07
1.094953304848157134e-07
2.323810943339798947e-07
6.703582347088362147e-07
2.625638659043217372e-06
1.304889013655470019e-05
3.571636879257652982e-05
3.994778747729265918e-05
2.898936347248563984e-05
2.282309193604984242e-05
2.205700884159207613e-05
2.304448379078561548e-05
2.354742819330194877e-05
2.403214961154398523e-05
2.819502519788316829e-05
7.339273972015987284e-05
5.666962098731182705e-05
3.276948542869731088e-05
1.421065323205091083e-05
5.931121451585208972e-06
3.774182629857257686e-06
5.205765903373431278e-06
1.242829697650711706e-05
2.646178618928127872e-05
3.394843829435069057e-05
2.896113406588531863e-05
2.271427880262215281e-05
2.105044205177696834e-05
2.221399325700439763e-05
2.315417210175529385e-05
2.311193901026624406e-05
2.344388722085942835e-05
2.769883778732693756e-05
4.469432520458477411e-05
4.446117559055089521e-05
5.145832200734649475e-05
5.472651704084329692e-05
4.513619992897038180e-05
3.441248717094726178e-05
3.216164932319631173e-05
3.436922012780772151e-05
3.332399757298098005e-05
2.837219419896326825e-05
2.353966749205648644e-05
2.157719482491197128e-05
2.293973578424780810e-05
2.511978548408113718e-05
2.581414389221672892e-05
2.597031363350892788e-05
2.747875875703230543e-05
3.331864224610489226e-05
3.730749762500546590e-05
3.554581242249454589e-05
4.278294567886441814e-05
5.390405574310449291e-05
5.884204417505391101e-05
5.643678920499969794e-05
5.238347799046075965e-05
4.563201991871453832e-05
3.692643169058818875e-05
3.054557468129159468e-05
2.780157474414036246e-05
2.844962490656397638e-05
3.128681566996264872e-05
3.326801358989040343e-05
3.350463768634813299e-05
3.429677145533189240e-05
3.765353618537097149e-05
4.559696674188475491e-05
