1.265465501124736448e-04
6.608879763004375514e-05
3.654273769923096262e-05
3.055062099211630790e-05
4.127000004838565555e-05
6.469684572976671440e-05
8.243988997862585801e-05
8.209487146811108422e-05
7.764927979714782743e-05
7.724254360209774665e-05
7.583073111125702244e-05
6.909536990967717746e-05
6.037426261437190073e-05
5.342598824149949509e-05
4.924924143941640845e-05
5.089789055542815897e-05
6.505998014329783812e-05
1.014478605106103922e-04
1.077646527989458878e-05
2.440622913058257211e-06
1.702501041895929270e-06
3.867140268235911127e-06
7.726017789008130947e-06
1.134210727901597678e-05
1.965001061521546991e-05
2.780119780545705250e-05
2.888014535196910281e-05
3.489057288181662397e-05
5.059127859568676667e-05
6.164781847801033027e-05
5.614299540158767220e-05
4.419471979318771759e-05
3.565874616715236081e-05
3.433242569539145613e-05
4.398534351379894885e-05
7.341094642062066919e-05
7.799268561954588349e-07
2.019755079425317760e-07
1.156338691855364687e-06
3.364483541250181563e-05
2.250509505532359312e-05
2.915026760560368752e-06
7.008461855969310747e-06
2.803220726350848539e-05
1.623831491723829899e-05
9.556563607482890016e-06
2.007016185500777909e-05
4.952229937774211768e-05
6.242581392829692579e-05
4.833872015132400802e-05
3.451861158242101521e-05
3.027620720559716553e-05
3.769076856971552669e-05
6.442619422814414355e-05
8.435465066471766089e-06
9.345920710484598257e-06
2.240338261331730754e-04
3.197164126913838722e-02
5.415594396962971095e-04
8.227716909737763840e-07
1.724797145132863667e-05
1.480366108333583527e-03
9.924467206528035364e-05
1.884411369276285803e-06
2.281772719132348627e-06
1.722332455485789090e-05
5.106558334376819420e-05
5.226142472809073739e-05
3.692298014106929599e-05
2.983790481797222465e-05
3.541706771082025747e-05
6.077802963146703222e-05
9.695112294342477996e-03
2.674815607621192082e-02
3.632363733881043694e-02
1.858920796535421527e+00
3.987016138866898360e-03
5.772590677790462970e-07
2.894273201673762050e-04
1.006979027176721386e+00
5.050059252781543065e-03
8.574405259207769912e-07
2.269638683012740196e-07
3.732648616982574542e-06
2.858570585402098272e-05
4.959292629320873725e-05
4.159039005369904969e-05
3.241484476431437313e-05
3.498656558501291952e-05
5.687687744194396130e-05
3.900905492363189453e-02
7.542452852916577966e-01
1.637368541921683518e-01
2.980241800489310311e+00
1.568068307688972596e-01
7.690421495265552276e-05
2.467425832600305628e-03
1.921581405618186134e+00
2.506352428576074168e-02
1.077682206713539271e-05
1.540161644581959151e-06
5.887042369023546229e-06
2.088841852428293913e-05
4.011312686741389996e-05
4.451201373022321996e-05
3.758345145162489219e-05
3.690493644601541509e-05
5.381382115007835514e-05
3.841217801987839732e-05
1.236187468541258966e-01
1.144099577410734092e+00
1.830315022330104346e+00
1.770411818287300321e+00
6.783300821317256313e-02
4.621453771803745239e-03
5.400199781989128457e-03
9.327231260825519232e-03
1.457130744896872193e-02
5.058588876156252731e-03
2.519279196612616840e-04
3.252794089987346473e-05
2.751651598436953195e-05
3.886988945217319258e-05
4.177824530890906254e-05
4.097177750335455684e-05
5.353407884037225228e-05
1.421233476592432708e-08
4.884469330195362162e-04
1.460152431440594700e+00
4.926417873034749095e-01
1.316947920062257193e-01
8.502333453701185206e-01
9.216222743869036116e-02
1.148679383778239112e-03
8.309711168528242584e-03
1.941213146523464328e+00
9.964035828983324183e-01
2.460741796505300748e-03
3.289830505731420327e-05
1.453796235567024563e-05
2.730348392157202337e-05
4.368711387692807331e-05
4.746967971603486327e-05
5.617371287403575457e-05
8.655966864187968410e-10
2.956583903079687952e-06
5.822417670705755111e-01
1.485668558040001308e+00
7.270023807830260608e-03
7.607557704455263081e-02
8.922503733135987991e-01
1.009625085817686223e-02
1.979672718911606923e-03
1.675942155800901057e-02
3.280375600868489384e-03
9.490357142640490123e-05
1.223047236894324464e-05
6.684820867880345405e-06
1.430620208738725328e-05
3.932220045417096974e-05
5.478939152086494330e-05
6.074240149583502767e-05
1.750798813763615690e-08
9.195853958218707690e-06
5.893765713657485028e-01
2.201557367712675406e-01
1.858787864334548957e-05
6.490020822981424264e-05
1.462184637448546431e-02
2.346000730653170774e-03
5.357894185454596322e-04
1.409254863503235633e-04
4.110010603748033495e-06
1.165460972476209957e-05
5.661428935093016236e-05
8.531189616707464125e-06
5.663491437627586435e-06
2.592966307395895510e-05
5.927771505408088292e-05
6.838930811249714387e-05
7.713130981744388958e-08
3.601149133329049131e-05
2.223189425407146036e-01
2.626429808460728835e-02
1.545555205293665244e-05
1.190806313243630453e-04
7.041916798860004684e-03
1.889386805112100096e-03
1.390506565937714781e-02
1.540444376549397407e-02
2.109376544442404075e-04
3.130419973736124021e-03
1.185309602478324884e-02
3.164260820267697581e-05
2.182681430880751694e-06
1.512973455906136570e-05
6.420044559095650929e-05
8.258528039523113195e-05
1.068194948234257590e-07
2.942971573034108617e-04
9.680599025931694301e-01
1.636910585552035391e+00
2.649978710948749372e-01
8.281229923972319718e-01
1.035882733185749638e+00
1.853300672908522045e-02
2.693207902420121508e-02
7.100329347827912807e-01
3.249028393474800436e-01
7.814657571180453344e-01
4.124168132264413589e-02
1.002259902613738370e-05
7.535455741949473921e-07
1.175522799892537147e-05
7.428588247303687640e-05
9.883994880838977283e-05
1.946542402781121280e-06
4.001144608054473667e-02
1.092232923291636837e+01
6.508390214780896521e+00
5.577076441282593500e+00
1.277848601816932383e+00
8.094039774888721617e-01
6.615885336600003941e-02
4.195899203606142693e-03
1.851173555393236525e-01
1.809354847398783050e+00
9.244192543020977870e-02
1.133776685797211495e-04
2.677392865871677832e-07
4.140799554318655798e-07
1.444983101185765820e-05
8.245172830452988488e-05
1.019556277678045861e-04
1.775522001915493815e-06
1.656443637819140710e-02
2.791648814176194815e+00
9.936170607053478321e-01
8.773127741387988232e-01
1.491968247351775356e-01
1.301583260151738808e-01
7.036053624923576111e-01
2.931644316532452943e-01
7.908897454890764234e-01
1.056034497098310210e+00
1.584884413689526331e-02
2.405762998199423465e-05
4.173952905819764124e-07
1.394844853025272224e-06
2.441516481258860434e-05
7.905186281096896492e-05
8.995340198869512273e-05
8.128450128412038660e-08
6.281488790041254858e-05
2.175437608198278194e-01
9.168033161835708045e-01
1.271665514717918333e+00
1.655014275409327107e+00
9.898497212947621193e-02
1.007312077942705275e-01
8.227079606226662678e-01
9.345861103984971496e-01
1.152998705853483852e+00
9.077915144037509432e-01
8.551686182022765967e-03
2.999121448761720647e-05
9.595529039354369638e-06
3.658147039067180881e-05
6.770132669910545271e-05
7.457390591652754994e-05
1.963075560162824787e-07
5.919970354271624554e-05
9.107807859668393125e-01
1.846257171774478678e+00
3.470207141224539854e-02
1.105274598856710068e-02
1.903964275453183335e-04
5.979806586325119911e-05
1.205735895220868929e-02
2.717963086077960222e-01
8.230407516037492321e-01
1.016531801488749887e+00
1.057628156727789120e-02
4.229264039098617160e-05
1.324705969658114940e-05
3.801121657837536368e-05
5.751245797065438815e-05
6.326871493092886154e-05
2.273556125064373349e-06
2.053804552545451779e-04
1.029693104713272467e+00
2.176182414369735696e+00
1.522250850261929822e-03
5.287555863534931458e-06
2.144322214851738332e-07
1.682570310286568687e-06
5.815990949365996456e-03
7.462298738268002829e-01
8.974484604636082108e-02
5.030105181816228515e-04
4.591799366922447943e-06
1.223237594159447382e-06
7.304943387182673754e-06
3.927392736246829922e-05
5.438883043657822869e-05
5.794912316369638133e-05
1.794042631541215359e-06
1.392908445434663797e-05
1.213754810969122286e-02
1.697407640847296451e+00
8.520392067372760392e-02
8.086879995741491102e-05
1.717745494664866176e-06
4.148410424967999917e-06
5.452642288995896607e-04
1.019729402978356847e-01
4.805231545553918099e-02
5.448284926098679584e-05
2.888349353129961253e-07
4.861631995214718281e-07
9.894276162576409311e-06
5.248467039698803232e-05
5.796802210445423093e-05
5.674200398278019707e-05
8.570932518167811602e-07
1.866517174566833772e-05
9.981663956909754554e-03
1.389784089293481184e+00
7.834579212649956936e-01
1.917856374153136326e-02
3.460225820946486938e-03
1.898252223937335755e-04
2.308837589621827585e-05
4.973639351249849704e-03
8.768392171016858860e-01
1.371019690812939548e-02
1.545573078587503106e-05
3.832326830780131586e-06
2.391652980488685086e-05
6.712411243058735840e-05
5.967849006096824629e-05
5.591251151491254888e-05
8.190508344004375521e-07
1.208519814626647952e-03
9.145519268178013972e-01
7.417663543013193195e-01
5.838372252783528144e-02
1.425866440742938057e-01
1.906543659239272825e+00
2.278595494425672552e-02
1.874218760866281836e-05
1.497043070548907521e-04
3.562824410511866019e-02
6.002715578222499876e-03
4.377553263396650747e-05
1.282784019092501643e-05
3.798986002740951609e-05
6.254258789354437778e-05
5.201953806792533001e-05
5.334452114510232891e-05
7.665261826923926939e-06
5.295533586907695545e-02
3.053823453474341143e+00
1.199742457050179401e-01
7.084371990248300444e-02
8.750631215901301108e-01
1.007927498902962959e+00
4.435340188457460864e-03
4.976538177978497136e-06
1.606341457853020108e-06
1.106494295496747203e-05
1.081627839364955480e-05
6.565881093294958918e-06
1.625987379116025129e-05
4.308391822572264410e-05
4.891912411412972371e-05
4.175336215198980494e-05
5.070147719944644293e-05
5.256396929147325904e-04
9.725515809007854173e-01
1.865727486857386541e+00
1.150289566752385612e-01
7.894728537601677365e-01
1.162509356657532716e-01
1.190178839821809007e-04
1.904227418494480950e-06
6.895682886834428108e-07
7.929637485505145239e-07
1.150312413576767445e-06
2.130476384046394180e-06
7.791445023889266019e-06
2.900110841295674538e-05
4.661461382991956282e-05
4.058083082698686720e-05
3.747893394590923926e-05
5.224673524294398902e-05
3.227580205440803009e-04
2.340461461784171596e-02
1.697298091782916893e-02
5.846402140278052738e-03
1.904774094362110537e-02
8.449702263801486314e-05
3.555378564827812489e-08
3.202084980444191465e-08
1.550257487468739618e-06
1.162074997030267809e-05
1.361024686742887185e-05
1.566164440411119238e-05
2.931471425148403869e-05
4.652114218516578556e-05
4.505109959250745818e-05
3.762090083703070541e-05
3.980439624075356745e-05
6.062779404458395127e-05
5.729380111725083180e-06
7.659273978372369162e-06
5.202637447127147225e-06
7.992935022402139418e-06
2.073240521954315595e-05
1.069351914203015730e-06
5.799677853271407042e-08
5.802763005045616222e-07
2.618431398617798522e-05
1.128039451450662124e-04
8.432008187982562518e-05
5.480945951472201218e-05
5.098164586366259231e-05
5.016455541485536626e-05
4.359910559682285126e-05
4.004864791158120477e-05
4.793035822728997113e-05
7.684643192622833381e-05
3.318374073104404579e-06
9.081492718901557569e-07
6.504306990004347688e-07
1.508462837310632621e-06
4.935304383532751867e-06
5.138932865251198780e-06
6.940698597250689762e-06
4.211974584042881334e-05
2.135431520812696002e-04
2.699265882908180006e-04
1.474537587243342543e-04
8.228748408942281056e-05
6.514195230952919951e-05
6.204699775687209983e-05
5.805877325333249765e-05
5.690279006181120548e-05
6.978422292770550554e-05
1.077953342726413667e-04
