2.745136715646865502e-05
3.532596836039397781e-02
1.887649921379263684e+00
2.156710220260088740e+00
8.156224222029218041e-01
1.453972838901228803e-01
8.837914748649371433e-01
7.570237401977870928e-02
1.106753587663213047e-04
2.077252757379885071e-04
1.722745787016883873e-04
9.316417361955406203e-07
2.164801195844492645e-07
3.434822488540684391e-06
3.089298104080395404e-05
6.241587530397868955e-05
8.688892865313530554e-05
1.347163504849964693e-04
6.798736435696968298e-06
6.357536938168102886e-04
5.417671950793069915e-03
1.473703754164828929e-03
1.007549396568989804e-04
6.522618751519486120e-05
6.697688139021808207e-02
8.282324598471015875e-01
6.272883890886712943e-02
9.828283204551615526e-01
9.641152076254521849e-03
3.501059373672472758e-08
8.458243807582937882e-10
1.240703898352991919e-07
6.256594512057313583e-06
1.366072004285637995e-05
2.254604498591161987e-05
6.324809251342235303e-05
6.050566258340332260e-06
2.157807034114776830e-05
2.786579475822700813e-05
4.304979297250043322e-06
2.552042276986730516e-07
1.221140894041816907e-06
1.509025974570656591e-02
1.043748226858227879e+00
1.703083957712223651e-01
1.791658081204524411e+00
4.816186855092592645e-02
7.509019992810252354e-07
1.226890362358520187e-08
1.637431530128565635e-06
3.106666850265099193e-05
5.474068899239775305e-06
3.843096527980393517e-06
2.540912070525399257e-05
1.641699480813286338e-05
1.341987143527442838e-05
1.004675264011677136e-05
2.497249390564082659e-06
2.854471293857647112e-07
1.708730093559738478e-06
8.823647841046680651e-03
8.324680422787148482e-01
1.330579019475900890e-02
2.611298278562440654e-03
7.945210322111415091e-02
4.576032220845775017e-02
1.482778723943755554e-03
1.001226524509806967e-02
4.843115580225909253e-03
6.479785176045457506e-06
6.389956676472384119e-07
9.764922943530576562e-06
5.350599045011905273e-05
4.225452365457337662e-05
4.025783432018861070e-05
1.587461614660269987e-05
1.111297833434349740e-06
2.725627817460663849e-07
5.434495828965088592e-05
1.013021354081355963e-01
2.444081057434679960e-02
3.048747410584239440e-04
4.994068343629511769e-02
2.600923075275759722e+00
2.156957137229423282e-01
8.218640426919063824e-01
4.543212607264075775e-02
3.692417959660254592e-06
1.804985128368405043e-07
5.642786789422967422e-06
1.109413721996226380e-04
9.161275685996120885e-05
8.805249365034160903e-05
4.374453883044211798e-05
2.707773416539860959e-06
8.495152990809640346e-08
1.361257195549588054e-06
2.011967770511054535e-02
8.376682454141191059e-01
4.738663058393582928e-02
1.042967805001225740e-01
1.376902741931741725e-01
1.279679353895454841e-01
9.980226003928918121e-01
5.123608496277779270e-03
6.903299565731277053e-07
1.694942576460530473e-07
7.146879212931488594e-06
6.764918465077426034e-05
2.106235346610518339e-05
9.243154350147529075e-06
6.586957736131328854e-06
2.435697871530477927e-06
4.672716163592808965e-07
2.126442053224288459e-06
4.921526547116617705e-04
1.545295910601053938e-02
1.186771093689702461e-01
6.161318963124758907e-01
1.695770307391276932e-01
7.102107821263634602e-01
1.032434867697758385e+00
9.233934090437190354e-04
1.621204154124440435e-06
1.427142297285804667e-06
1.894815987719232830e-05
4.469899891657166169e-06
1.752049617762147761e-07
5.229935850659445006e-08
1.702302764352153270e-07
4.708722025342582767e-07
5.903309594558662012e-07
1.213317262649570332e-06
1.710074687250925591e-06
3.615071452833587263e-06
1.228968788145724453e-03
1.800570790459113946e-01
1.764589560646295102e-02
8.431717627808964569e-03
4.649935458483501344e-02
9.081355344301629898e-03
3.626468649360524107e-04
5.408347284195765616e-05
5.473672001121387119e-05
1.397529637866628632e-07
2.718646289862721242e-09
1.762745794095975220e-08
2.663143742593623167e-06
3.075882523389526608e-06
1.145630674118205597e-07
5.305457240055876741e-08
7.989105894850439320e-08
3.094768772880760009e-07
5.032489469374018401e-04
8.282558378451360115e-01
6.804644055973695094e-02
2.234406396761594912e-03
1.069628800873358987e-01
9.064518313452840648e-01
9.488903838172800184e-03
8.780950270525373898e-05
4.173266107246457096e-05
4.290623646912665573e-07
1.608478602111240015e-07
5.466347359309035089e-05
6.666284144992988547e-02
2.135260175618700941e-03
7.328355063266697901e-08
1.439596496490870912e-09
9.395247488373397698e-09
5.658875116263955859e-08
1.456070373271513358e-05
1.169696002853339439e-01
8.457061887327621541e-01
9.789143968818309061e-02
7.268430282182571922e-01
8.729894523452350064e-02
2.899088419658857479e-05
8.855101502250689438e-07
7.976861897317479781e-06
2.361904551469121030e-04
4.399875611423955009e-03
1.511485238926684460e-01
2.623031264555943931e+00
7.880491201677761182e-02
5.840353137858859817e-06
4.264559922777827491e-08
4.515621610566865076e-08
5.023596436450597527e-09
3.140755482749067707e-09
2.170389239036760423e-06
1.137603457969712985e-03
2.441306534299697226e-02
2.060983450858906996e-01
9.135523361127512220e-04
1.117472021242763758e-07
3.631873996033843565e-08
3.381669642743125242e-06
5.447130564245544933e-03
9.720476737121945821e-01
1.696202429971446435e+00
6.625043325926056603e-01
7.870977414163369268e-01
1.024626375434064679e-01
7.119568424707066988e-03
1.082653255417031536e-04
3.105212994797115421e-08
2.001853545603528027e-10
1.270863374677838602e-08
2.406465916103072247e-05
1.465945746290578389e-02
7.793621954429077459e-01
5.677932507116292653e-03
5.735060975279370889e-07
7.313062719368020294e-08
3.356674676950313390e-06
1.312874226043023607e-03
1.053448196371103540e+00
1.123369346940897273e+01
3.518709901910917370e+00
3.003755975136593204e+00
2.917948599818649846e+00
9.408743435164128588e-01
3.801256562078547587e-03
5.361341910440595633e-07
4.892126538506933074e-08
2.831074021588143660e-05
5.624548455608447718e-03
1.922332997505429852e-02
8.634489127802022490e-02
6.815247403361719865e-03
2.883167012621138540e-06
6.465495725275449426e-08
9.980323579462837922e-07
6.803334067391947132e-04
9.342846386765625288e-01
8.931906328229974434e+00
1.063948937395444938e+00
3.250437824733685144e-01
5.749582702720661131e-02
1.240086503366760393e-02
8.940258878173989229e-04
1.784410711309260340e-05
4.148825756648960041e-04
1.062796159461315337e+00
9.051889931581662552e-01
2.304435743874209703e-03
2.112095533085841127e-03
1.644821280001424260e-02
7.796108692312366830e-05
1.517556006603828092e-07
3.547846215859452968e-07
5.071176307959239618e-05
6.028226245797793648e-02
8.861516839912833010e-01
3.495737409917427096e-01
3.739261127546020802e-01
3.007096906681872364e-02
1.206506679417914708e-02
4.078046477355462551e-02
4.371737916214900495e-03
1.353164858468108855e-02
8.876526251761061026e-01
8.813822097196152838e-02
5.433039867286903720e-04
2.743422289091280563e-03
8.616450602188354679e-01
7.174291304405693015e-02
1.869948294120865907e-05
1.647012539051713613e-06
1.801211671965269952e-07
5.050020452803211194e-05
2.618570792236521103e-02
7.439699826960375351e-01
4.642194421615039035e-01
3.669796851350667390e-03
6.006119335671689964e-03
8.254762876992420839e-01
2.279567739614828462e-02
1.334045934933687067e-04
6.498911768034917576e-04
8.245168279366592995e-03
1.179786334692756351e-02
1.568194382181755178e-02
1.119126868176846035e+00
9.159324807947143432e-01
3.798901791995771843e-04
6.113138905667679608e-06
1.053689382053778078e-08
6.864171122619871656e-08
4.334660597876251816e-05
1.057627603015205836e-01
7.497729624089112255e-01
9.716452015507526891e-04
1.682208308992592667e-04
1.493018955867068953e-01
6.113988789302553933e-02
3.413970838498174543e-04
3.159982547745278370e-03
1.874274096055225935e-01
6.257549968421474151e-01
2.363663952736128060e-01
8.095206402022016023e-01
8.256894535153737336e-02
2.907863843497553548e-05
1.191678799374712366e-06
1.123052082017612273e-06
1.043804928054831988e-06
3.659927708611126676e-06
8.734602180034866303e-04
4.584957367191037914e-02
1.643076546954294181e-04
2.390345390693141798e-06
3.103582171871312450e-03
5.886461387980860271e-01
3.777956451283517869e-01
5.947488697984369965e-01
1.111633448771911920e-01
8.851438657766587392e-02
1.029912257413932553e+00
9.908306867248439787e-01
1.515535983023785348e-03
5.959296950846058019e-07
2.728150354174233613e-07
3.083014097443242084e-03
3.130953773740426799e-02
5.869509229721913334e-04
1.435657358789985806e-05
4.637240787934510362e-06
3.113442465103594439e-08
1.073876932052301058e-09
5.054414402144569666e-06
2.769064407799842753e-01
2.900019410544598220e+00
1.100167368538234602e-01
3.858181242913195658e-03
3.082383885524886055e-02
8.486180931543214623e-01
2.238262735315007038e-02
6.356102663526171822e-06
9.032839580352769737e-08
7.529977420909531218e-07
1.037330558568942511e-02
8.556104321174955452e-01
5.024830896837017939e-03
9.535402797227708385e-07
6.554524271509045466e-09
2.496917113870254056e-10
6.359666180862309695e-10
1.999012211057958927e-05
8.726949390988253397e-01
8.988222545008760500e-01
2.333045611815789608e-02
7.043463624636372988e-02
1.817048151501572395e+00
1.199690933205129761e+00
1.073347044383202078e-03
4.729820821840413330e-07
1.495664710282380853e-07
4.768924171380211808e-06
3.183708177528352199e-03
1.924357550926511506e-01
9.198618628653673808e-04
1.683907920708554992e-07
4.289916576177620800e-09
2.630824767817236555e-08
2.395049581295537536e-05
1.034915899663886585e-01
9.813436981938038484e-01
5.190367729131250413e-02
1.192002801505265830e-01
1.752639990285707050e+00
1.255762774705006635e+00
7.986709474486790583e-01
1.412587909829229882e-02
1.203263015559809675e-05
1.426615726757230203e-06
1.487679083387607655e-05
1.155183798150757370e-02
7.884638011166567040e-01
4.669477858478438513e-03
7.884414225837880853e-07
3.249457278869149832e-08
2.870782143660318748e-06
1.678045466069424257e-02
7.892946925666485258e-01
4.306570897957584521e-02
5.510078414024362908e-02
1.921594844326272034e+00
5.299739079564420169e-02
1.811144535192733384e-04
2.882556387632840850e-03
1.612338118745397855e-02
1.216142897629976044e-04
6.426128430569838219e-06
2.011257375792176828e-05
2.336997960552491985e-04
8.296419442808580791e-02
5.697724659383433116e-02
8.756903406104345644e-05
6.772909828427531683e-07
5.768309062133974725e-06
5.459979603431354585e-03
1.322852238460394680e-01
1.008777327991854517e-01
1.837829194854078807e+00
1.036186512752760303e+00
4.340455850110208906e-05
3.690005705016417752e-08
2.208901425015900206e-06
1.419809067512471049e-04
3.084612508624600367e-05
8.362094489931699577e-06
2.266040981891025608e-05
2.385682251058209770e-05
3.602917944545863671e-02
8.911114851756923860e-01
6.859755458665886020e-03
1.335725402523051703e-05
1.329773705179389223e-05
6.053563055966309364e-03
8.921114167951109675e-01
9.440929499092768351e-01
6.940480473240384640e-02
1.821957836098671117e-04
7.874731606357352032e-08
8.041862418479725379e-09
4.437065288293129112e-07
1.197875482235429207e-05
1.498044346638156768e-05
1.537611891359888061e-05
3.680534793119794918e-05
8.149942278636057233e-03
1.946650526782401691e+00
1.055342103171431400e+00
1.597442191849048282e-03
7.508997863768615480e-06
8.160861205127281799e-06
8.256677205396166681e-04
3.909111005428464458e-02
4.719544237873228923e-03
7.437858478498871823e-06
4.105734212059720738e-08
1.570653846363024465e-08
2.060619544900988230e-07
5.616750144712779647e-06
3.045975854400034529e-05
4.013214065436367968e-05
4.789670744870043435e-05
7.996275386652854653e-05
