4.104255797747608736e-08
1.780248457485035349e-07
8.338835320086462484e-06
2.795136361388994765e-05
1.291138476536838422e-05
1.871375186724437268e-05
6.843820788682846324e-05
1.557330667762536021e-04
1.845935518953354889e-04
1.640474405008932317e-04
1.286531563622811446e-04
9.446178399411080389e-05
7.622201344207204350e-05
7.346879376711930320e-05
7.014607197786166149e-05
6.129850499080795410e-05
6.509709642952178773e-05
1.049892864577007341e-04
1.905580584499873683e-07
8.163449698113599783e-05
4.005574899959905844e-02
8.729493227205590775e-03
3.701932078715814095e-05
4.858365380288015902e-06
1.901788926678594862e-05
7.454295254643916518e-05
1.264536135275430367e-04
1.580189315131316080e-04
1.420468435912305093e-04
9.191980974206373706e-05
6.173468255592711807e-05
5.514163360005631140e-05
5.233506600095312220e-05
4.239971781413762972e-05
3.933844755835458925e-05
6.166804497821694472e-05
1.267043334436660147e-04
7.994275760908167716e-02
8.048562502006582076e-01
3.712905487177564634e-03
2.903596670872975049e-06
3.821153477222453458e-07
3.072291978335769915e-06
7.980568079054354335e-06
7.415907799979955744e-06
1.689816101039871542e-05
3.277501508851000120e-05
2.998308220944355840e-05
2.362676592277379291e-05
2.707973583350808421e-05
3.917282591140313524e-05
4.242556880972566736e-05
3.905570064379134835e-05
5.407140954906767134e-05
9.846375178608476192e-03
8.573637783704580739e-01
2.682956030874830144e-01
1.504877947821056400e-03
6.738482816622581363e-06
1.709797608300815839e-06
1.074941773516347864e-05
8.626248345403010256e-07
2.067969510049352339e-08
5.045006653120061227e-08
6.086850949227839748e-07
3.629008099780277171e-06
6.418456398785889933e-06
6.841023531259944393e-06
1.554341486729118277e-05
3.630614299725825483e-05
4.780759596241284710e-05
6.517178868785055931e-05
4.897407115755499042e-04
7.135249384613326362e-02
8.328076008126387153e-01
9.759218096439409296e-01
3.808232483493336623e-02
3.424369586474971475e-03
9.820136995974745528e-03
1.971194227120775413e-05
3.832150338404225611e-09
2.620546442517927316e-09
1.586038242197060053e-07
2.434555326564542013e-05
8.506666564825976701e-05
7.607074470781072280e-06
5.229258881927462410e-06
2.314340402917254347e-05
5.674731394275077400e-05
8.901053596053606020e-05
7.905011994297219424e-07
4.894466081413469214e-05
6.514031669717966835e-03
1.050766269956175059e+00
1.768414074157580451e+00
2.029271882856006348e-01
2.754454374994237398e+00
1.347007742660426000e-01
7.947355523164026283e-05
1.268887626097745192e-05
1.196220618919737112e-04
2.397899183611208046e-02
1.968060174428147915e-02
2.468474665553867283e-05
1.917978859593295933e-06
1.362329690837117987e-05
6.746117982203440259e-05
1.267827068156707508e-04
1.499414327354091037e-07
1.105788743472362828e-05
1.001736674463651628e-03
1.652650741529625156e-01
1.085043648942519923e+00
2.433402715955784723e-02
1.052048028750288966e-01
1.842163219650722716e+00
1.133534884225910533e+00
7.794060124652781862e-01
2.985551696164763791e-01
6.960641368137312490e-01
2.170393754403773801e-02
5.820624688334097319e-06
4.830814464482441311e-07
8.207439227929405704e-06
7.875151976527838946e-05
1.758714849466742045e-04
2.048429093610201819e-06
8.488684299475844977e-03
9.627872458235322561e-01
1.876051991927382145e+00
7.074252615456795290e-01
4.494625539067571320e-04
5.144925667133301498e-06
8.847980361075265363e-05
1.085155527184624054e-02
9.794889676375174714e-01
1.793729661526930030e+00
3.606039089620292626e-01
4.862740863647003683e-03
6.329775942864005921e-06
6.070507828479108480e-07
6.105490097148897594e-06
6.775988963772566949e-05
1.971744774389672604e-04
3.994976018263658392e-06
3.922461771954702248e-02
8.998919905733692159e-01
1.929736674615736003e-01
3.710540196174323957e-01
4.251859595585194638e-04
6.458224356306169431e-08
1.751415303732334314e-07
1.837637294133259453e-04
1.572956383869568708e-01
1.211441721925964110e+00
4.546223999310595176e-01
7.270111292441037987e-02
4.230355404037850799e-04
2.920506107635600451e-06
2.447038246421980873e-06
2.611191774179742785e-05
1.476386698219089963e-04
1.590536597392334588e-06
8.013797360734545338e-04
1.506474073253785901e-03
2.558915658755094892e-03
1.442976167941859122e+00
4.556164112473817807e-02
9.196619806665003261e-06
9.563206303511993843e-05
5.955588008633343894e-02
7.125440251143163595e-01
7.028456286744625414e-01
8.353358026281416659e-01
7.481474351979792159e-01
6.327489637577489445e-03
5.329612535308984934e-06
5.810684869335789241e-07
6.264995962809893637e-06
8.251103510586959677e-05
2.105744416903156278e-06
4.756683935366085199e-04
6.691259246936607412e-04
1.134704447609062496e-03
4.479724489087995032e-01
2.319034639090395561e-02
2.943684511223213543e-05
2.517549174674158386e-03
8.472535635741096360e-01
4.009339128909453764e-01
2.584587718213939289e-01
1.105226360699344212e+00
1.248767823428252433e+00
7.535291525377874056e-02
2.008032437508428826e-04
2.694638810667422117e-06
4.687145339968980935e-06
5.532554867353797583e-05
1.294156675746063294e-05
4.020751946560397611e-02
8.209593364573800622e-01
3.172237467551568546e-01
4.397059926537771335e-01
2.547118674585169859e-04
5.111581277464576193e-08
6.887705054368484794e-06
7.053540887464590514e-02
7.584761355776505898e-01
7.000903327937315623e-01
8.971405329808140872e-01
7.489432960990417554e-01
8.557241183123570627e-01
2.113725108742615238e-02
5.066412481804389580e-05
9.020558131011071918e-06
5.380727490701359779e-05
2.136700849202769251e-04
2.972447624581875392e+00
5.025647242362963141e+01
4.430878725753012226e+00
1.606998555763782477e+00
3.664328067131009201e-04
3.846160925526128154e-08
3.175545883424219959e-06
4.798893549889044624e-02
1.988877050057468843e+00
2.383418959653897495e+00
3.009507663766062713e+00
3.490247330850346774e+00
9.893665464886644001e-01
5.292988683866506165e-03
1.846306908716227339e-05
7.983774445584406205e-06
6.267658503751006248e-05
2.010790476992786670e-04
1.040510492674864729e+00
6.629766093012659844e+00
7.835693157505265738e-01
2.338019614566948068e+00
4.391656263025558310e-02
9.423328290171652894e-04
5.546043373410131788e-02
8.992815729266119273e-01
1.020304145114426575e+00
1.929102227831257066e+00
2.632520709542793380e+00
2.581856681065659131e+00
4.927083578120015905e-02
2.939107865192414288e-05
8.770048160272167880e-07
5.670335969201248338e-06
8.831473903065235713e-05
6.197577011873657631e-07
4.065569690171182572e-04
1.534809587886999116e-01
6.087378549632954661e-01
2.619680375908693404e-01
1.414086964591190418e-02
3.253264453587190880e-02
8.422409098039512765e-01
9.205494156928813176e-02
7.726475645326287556e-02
1.589603221489925833e+00
9.944225189636650697e-01
5.465864769007512669e-02
1.265060797499117505e-04
2.588648052161241520e-07
2.218736516500269506e-07
8.936619051351716759e-06
1.358158562122075655e-04
5.271981667647468168e-09
1.136545925361868606e-07
1.689300270824278772e-04
1.966119006743715161e-02
4.018257658759821771e-02
9.475851097982709165e-03
4.936857870662781679e-03
5.073774770916803997e-03
2.558753098048306869e-03
6.016993857790395306e-02
2.397848458626550716e+00
2.811694437523591716e+00
1.317397823929379042e-01
9.599014709513648035e-05
3.557317047704352387e-07
7.823109869188623456e-07
2.191032481367861422e-05
1.611333258916301597e-04
4.084193859393460319e-07
8.287069619886112763e-07
2.176017001272460588e-06
6.028077090731329227e-05
3.549047462810941272e-02
7.676214269430606807e-01
1.408637772477002448e-01
3.594869580510823281e-02
6.481143865570268559e-02
6.313025632393001185e-01
9.382956852494446220e-01
1.014963571725878921e+00
8.590581278331390624e-01
5.593786390387789700e-03
2.201530171981861238e-05
9.386910575995318558e-06
4.497181599675614068e-05
1.421999209354545760e-04
4.002003207754175479e-03
1.810563226330214048e-02
6.749319524007916203e-05
1.851170484718506277e-05
4.005680430864651427e-03
3.615192175914774125e-02
7.305587892337088440e-02
5.753523491107012111e-01
3.345062214755358809e-01
6.894158902926419974e-02
6.305937678943501767e-02
1.193026887050596813e-01
4.356908448772971870e-02
9.603312478329396407e-04
3.379234087560567361e-05
2.106499761653233876e-05
5.238075353304236340e-05
1.165603007182484073e-04
1.881659146046103445e-02
8.944842226870302060e-01
7.013887314547682938e-03
3.154311995854779636e-03
5.994022761522563303e-02
1.245281504944457593e-02
2.651085764396930028e-02
3.891344963425294456e-01
5.048367563032132299e-01
2.839088830719794787e-01
7.926736839205065221e-01
9.071050379655128948e-01
9.156224528218648642e-03
3.773738856724423207e-05
6.251194258322066168e-06
1.482932203691922593e-05
4.487008808558214535e-05
9.820546698872431428e-05
3.290221006071433117e-05
5.028528996714015653e-02
6.418006637002932058e-02
8.422746258705496314e-02
5.817607369256644345e-01
3.112307272964918159e-01
5.425684877021593744e-01
1.058375179669002325e-01
1.172728413262692504e-01
8.264856803731008839e-01
1.450957767005286725e-01
9.742334597162489659e-03
4.020236008296843955e-04
1.848934825471769194e-05
9.203984923924441526e-06
2.046897131315459668e-05
4.367796915080164572e-05
8.620754304206695807e-05
9.666295781228832239e-07
3.782549112273895370e-02
1.763534207970260281e+00
1.825788292211451558e-01
9.798600451880359885e-02
1.266201843169722507e-01
5.268152371454207922e-02
2.261338431694953491e-04
5.394420084231489680e-05
4.121343556389154335e-04
6.842063955094041731e-06
2.205600329129907093e-07
1.293890309822948528e-06
1.278714619688810834e-05
3.237260894357118037e-05
4.186283312196437437e-05
4.967878026602144567e-05
8.373939519829613168e-05
1.046550810791727768e-06
6.641886573623015030e-03
1.041214801286363789e+00
9.877748133476282888e-01
2.852862617708621151e+00
9.099231266381215821e-01
2.916639691690612289e-03
1.946887445543077750e-06
3.964886704550136237e-07
2.269926781674907509e-06
1.704501425815644901e-07
3.077686531074817641e-08
7.463838503013020405e-07
2.340885472996881938e-05
6.971659591529888553e-05
5.946572448486991724e-05
5.340527836478558237e-05
8.547263102598338989e-05
1.442446509651167581e-06
2.094546937407022042e-05
2.693990889587135240e-04
2.296259369023813824e-03
5.389621155573574851e-02
3.101285829693753091e-02
1.959100242046815394e-04
2.405672439907905580e-06
2.090362937359508363e-06
9.287549676254458660e-06
5.228732896020536651e-06
3.437827284278331865e-06
1.558763073725680140e-05
6.287519449801756916e-05
7.255268634308245786e-05
4.955269630203730529e-05
4.611020547327076012e-05
7.962867201800922373e-05
8.374054971060457221e-06
2.360103350341356971e-06
5.604466415208889035e-07
1.761474191676350798e-07
2.534696458287640764e-07
6.771196644049863737e-07
1.669190248011387544e-06
5.933131178516589528e-06
2.861024893038663109e-05
7.821795068288424921e-05
7.778458370120781005e-05
6.641314894858574064e-05
7.701308657074483824e-05
7.368441594040452288e-05
5.097960491747796007e-05
3.746934894984441236e-05
4.185329148463140845e-05
7.934051538351693318e-05
1.102247134506492335e-04
2.774740579343684774e-05
2.482144871882593248e-06
1.041555433059505435e-07
1.542953146358835092e-08
4.444391944790451900e-08
1.101362260175650548e-06
2.328477944292125674e-05
1.167722352659612259e-04
1.798751401039478607e-04
1.656963199436045219e-04
1.371283355732609436e-04
1.080710440123980445e-04
7.678101363885956850e-05
5.538183711812982380e-05
4.996042228006773446e-05
6.412179349096205558e-05
1.162444046473577562e-04
