3.659848943262911623e-04
3.708464168511849243e-05
1.785579153457985524e-05
9.480822166644349222e-05
7.345114283376185228e-05
3.457700081787681483e-06
1.234857586093218000e-06
3.861062351078402730e-06
1.367635698302896383e-05
5.418245965956306804e-05
1.339714812039580910e-04
1.947897903439655472e-04
2.587061917700586404e-04
2.594115309128242563e-04
1.899859788559613385e-04
1.382949841478984436e-04
1.315171195553313413e-04
2.038868148988415134e-04
1.023293049754664191e-05
7.334948976346628233e-08
1.302067053131972196e-07
2.334933984575039256e-04
6.593488431593155959e-03
1.053425265116840595e-04
5.429045276373923061e-06
1.276260682078450769e-06
6.149740165263924533e-07
3.240318981013564230e-06
7.142781189331188914e-06
6.150035118699035226e-06
2.118130807010906461e-05
8.602933398222434899e-05
1.126775458956327260e-04
8.133910811866242149e-05
7.091843400393115599e-05
1.157186683681953081e-04
6.502048410232212727e-08
2.258274116649230045e-10
1.967780578434710267e-08
4.779799221721149627e-03
9.669106213134490702e-01
5.456462284826643638e-02
7.972374105068949154e-03
1.902569690716528412e-04
4.900745963074385918e-06
1.332196391937481692e-05
2.136306765789674908e-06
5.569263714133285493e-08
2.978915344121759021e-07
1.560016025816867368e-05
8.736283895446703563e-05
8.186246562798322915e-05
6.538847040611945748e-05
1.001417302770544879e-04
1.198151484021812543e-09
4.447363710953558940e-10
8.986162624479790360e-06
2.039489483799721559e-01
6.529499271707469576e-01
1.965135348368987067e-01
7.551077829985916035e-01
1.051904592486649082e-01
3.032993915122973380e-03
1.012528071599889598e-02
1.831492069272153979e-04
2.839451480172124507e-08
1.604351148511726655e-08
2.921728099873058336e-06
6.454256631182942784e-05
9.368131020283138478e-05
7.412616056841408931e-05
1.038675790319655367e-04
5.698131824161585046e-10
3.777095915388748013e-07
7.047727548630644545e-02
2.479527780884264399e+00
7.241593448209041606e-01
8.165164829773313704e-01
1.182330407181249043e+00
8.869887147361953383e-01
9.622440123685507829e-02
7.453874647975750056e-01
1.573708203642555925e-01
4.789456281373531117e-06
3.670134990794521826e-08
1.115539789062305809e-06
3.219525325434881318e-05
7.451526107290027811e-05
7.369026096815394118e-05
1.092048157972285647e-04
2.490986733231543366e-08
8.391550636127441528e-04
2.045530602912437601e+00
3.054891097991173643e-01
6.625584031019433606e-01
3.274742643413858012e+00
7.906180150311478139e-01
1.327393382786627107e+00
4.002681328617865852e-01
1.157267922681277650e+00
1.765760033968454934e+00
2.067837946171829412e-04
1.619955763464559711e-07
8.279187984167082862e-07
1.575111986035358151e-05
4.164561119947328085e-05
6.072772372398333352e-05
1.183925799053782755e-04
2.840689926222475251e-05
1.169229221589823120e-01
5.862948175447080246e-01
3.791071669581672077e-02
2.654809507749036901e-01
7.482587078138377423e-01
3.527591931147237569e-01
1.414663953514798900e+00
2.817803177101794176e+00
2.652533534215964384e+00
1.356725580196295411e+00
1.241580309426445344e-03
5.818679012637504496e-06
2.401579085295090285e-05
5.289885710660683325e-05
3.092764172682542354e-05
4.828344478350185049e-05
1.386638712115988452e-04
5.565016677586947375e-03
8.694970432554779416e-01
4.252268677298378097e-01
1.992405350506820383e-01
1.105768050822039772e+00
1.098912560202155220e+00
6.445339015230294732e-01
6.292854899634900967e-01
1.279741587593851371e+00
9.922212916038833930e-01
1.261356184580105788e+00
9.764324273358561401e-02
1.371159751621719124e-02
1.041385840922739309e-02
2.678714700355778263e-04
1.663156316289510897e-05
3.320336982635343386e-05
1.645067542444206634e-04
2.893690368448296915e-04
6.608297976445104416e-02
6.583144871425511413e-01
7.489185106757207944e-01
8.183841767518421628e-01
1.026431931042287804e+00
1.181323276450705562e+00
5.478699506845747802e-01
5.160217090698907549e-01
3.002595478770243020e-01
1.331163196683909700e+00
2.361591610075638670e+00
6.999855321412428166e-01
1.563983256362936475e-02
2.102007686086810549e-05
1.888482278093015744e-06
1.677567316654475868e-05
1.800973071123991175e-04
4.287498025505364963e-08
5.664103531864093786e-05
1.090089493443610891e-01
2.439726808948719849e+00
3.315829706966703316e+00
2.808772308425720787e+00
1.979364346336482283e+00
3.491729493131945916e-01
5.115845378646740604e-01
1.685857612633143487e+00
2.836112161724751779e+00
1.347249393284842389e+00
4.420275540614557186e-01
4.065394454319326903e-03
2.747693739967321598e-06
5.282658076736191922e-07
1.222662872520412804e-05
1.920633105140944928e-04
1.033219824742859720e-08
7.057323190668741975e-05
1.152878817439704634e-01
1.308872083508779038e+00
3.517940145894868031e+00
3.393270336490784800e+00
1.722661001544849135e+00
4.850398484075227334e-02
4.462820338490856853e-02
1.632269574051318894e+00
2.872376638808397775e+00
9.181599238569654320e-01
1.460253378042586814e+00
2.745805867284911370e-02
1.085819364822330447e-05
1.123438793470560388e-06
1.708098272957869540e-05
2.127114909751534404e-04
4.609896111242850785e-06
1.079327262627396422e-01
1.145991896492323470e+01
5.300323863361632526e+00
8.121987227440451207e+00
6.101436097961760119e+00
2.850483109223239886e+00
1.216383292292622514e-01
4.016814048066622705e-02
4.084393346840303196e-01
1.856197298574027599e+00
3.442967409706297666e+00
1.229156403684146914e+00
2.762534437205572176e-03
2.697902312971491264e-06
1.203850986517978964e-06
2.300199870756547139e-05
2.324190936255389744e-04
3.594692661180312675e-05
8.983684275640061445e-01
1.274433338902323527e+02
3.292647199111980427e+01
1.731001589398616503e+01
7.260883125964918250e+00
5.858190990278884236e+00
3.200123092217333820e+00
1.610789193733816571e+00
1.663728163605701083e+00
3.454523527323517307e+00
8.119954165490943510e+00
1.088174637069108552e+00
1.545973525384636586e-03
3.783393869751439513e-06
2.528093276695435384e-06
3.330240837594829260e-05
2.516221550352394859e-04
1.435197877895206955e-06
7.161492534949083499e-02
1.979716830454497511e+01
5.625974349863742674e+00
5.395458776351473418e+00
4.254629332822100984e+00
4.508888199746693637e+00
2.526238876741083494e+00
1.594393555833267584e+00
2.303947970452774108e+00
2.337898563212401637e+00
3.106772855301965119e+00
1.732353468796065554e+00
1.067682433845977552e-02
1.821184339899292669e-05
4.080992160369394368e-06
2.991476519792870739e-05
2.197040388871335942e-04
5.221174143041394706e-08
1.404247571969963020e-02
2.827634706895919781e+00
8.648160238585984594e-01
4.052941040748226698e+00
3.057786317720160074e+00
2.287621837988851325e+00
5.599260296736811027e-01
2.609459392669205569e-01
9.208966444994309830e-01
1.431132449444344701e+00
1.171127355157652206e+00
1.133467015795197874e-01
9.740026965638772329e-05
2.237441105019464805e-07
3.198535817104437117e-07
8.078033045042560766e-06
1.115441660663489060e-04
4.687551856259420224e-08
3.756944514005074870e-02
3.146501415349113540e+00
3.903556008518924147e-01
1.439778304054101676e+00
6.429889673375419612e-01
2.016279122165009596e+00
2.106868823050179085e+00
4.451771489588541852e-01
9.489618310410974367e-01
2.914203482119959165e+00
2.407712837693374297e+00
1.383335300995779393e-01
1.006003606114217244e-04
5.983637964875582243e-07
1.118529403843444495e-06
6.930974817146166362e-06
4.470860891338819651e-05
1.693522168780473591e-07
3.759548241296856164e-02
3.546828393278187885e+00
1.847733304313209812e+00
3.530575057953913465e+00
3.283078622822326875e-01
9.889890141015124092e-01
1.741325945740891390e+00
5.001698524388588085e-01
1.400433959644013626e+00
2.638098816711274441e+00
9.830274254533568623e-01
5.667820397214045069e-01
8.107797163077253011e-02
1.565760362329017899e-02
2.260042454188109732e-03
5.277301363396425557e-05
2.154713132741963426e-05
3.969480165997195169e-07
3.637730505796990272e-03
3.369821463345852863e-01
1.523551000866458782e+00
1.813652930706197042e+00
1.537118778756548232e-01
8.334788621544954035e-01
5.176476008664301354e-01
1.925843734234311544e-01
1.898754257021882719e+00
4.950079568891336379e+00
5.612504418824596497e-01
6.814628450056704756e-02
1.206193565633648934e-01
8.292075807695646894e-01
3.639235474696250056e-02
4.538609128161707356e-05
8.687718286468688216e-06
5.604335848000363677e-06
1.510765592002557937e-02
6.932105291879545605e-01
2.397914242143802888e+00
1.326901689083030744e+00
1.058499467053943544e-01
1.401155254327615118e+00
2.191827359215837490e+00
4.570208686872829218e-01
1.194077765267360203e+00
2.169863661049687753e+00
1.143272768157180819e-01
6.585690442209384508e-03
3.244248832681680128e-02
5.207296363987919119e-02
2.068975119881739108e-04
1.263608235237576198e-06
3.788345474815951713e-06
1.362232421817740552e-05
2.578642201695596770e-02
1.067077954136056661e+00
1.972490656155430733e+00
3.011387495541216541e+00
4.519694932308433999e-01
4.828420633832566922e-01
6.995677090229573958e-01
4.893227095685397376e-01
8.745452436302753041e-01
7.920983772114414956e-01
3.229990128296649637e-02
2.355526623004776388e-02
8.537116309264429770e-01
2.581752579541950199e-02
3.765738435490412155e-06
1.974028642346274321e-07
6.347597853707964275e-06
1.823018034264019684e-06
3.948371015867179097e-03
1.873782406921539856e+00
2.289060083910136267e+00
1.921397463917347226e+00
2.391712224235684303e+00
6.694098944224637915e-01
2.927647754680601788e-01
6.065724894055873895e-01
1.767771274865122533e-01
1.112093060169595977e-02
6.576381667144738175e-04
1.725007270934183047e-03
4.065154906602399393e-02
1.066677953253788655e-03
1.628097550245243494e-06
9.665339971164458082e-07
3.461436737398721972e-05
9.572582537461225233e-07
2.204110911456827991e-03
2.175369888806928831e+00
1.288386422464702807e+00
4.655253932230477010e-01
5.484155203883246399e-01
2.899285031839311452e-02
6.789183433763777351e-03
2.230383324058109532e-02
4.296383854873596798e-04
1.696352384784005476e-06
3.636401453743855871e-07
1.320228298059424474e-06
7.202049464050110153e-06
4.016633474183473150e-06
1.816447472600189896e-06
1.015590099501741833e-05
1.440805732580468428e-04
1.065326901084699923e-05
2.022249810422828073e-02
7.967479986327293817e-01
4.068215334580534137e-02
1.119506953485555067e-01
7.395481312632794513e-01
4.222874909843059126e-03
4.377803601509462020e-05
3.984776593915096424e-05
2.416729239533479940e-06
7.104477268837845376e-08
8.869177952649616192e-08
3.424580368916373647e-07
7.544226040690307215e-07
1.781431762335116539e-06
7.916523148643385093e-06
5.120554800478185426e-05
2.527315309514105673e-04
4.205071800136329918e-05
1.515940336219920651e-02
2.671007829786269799e-02
1.059536329517775453e-04
3.768489807403871709e-04
5.182944625212512757e-02
4.419614725179900165e-03
2.894780543257386934e-05
7.601739223891685217e-06
4.531189390333141204e-06
2.963802981984711817e-06
7.088966086574798490e-06
1.546692367285583319e-05
1.812656030150883228e-05
2.645529347535512528e-05
5.765150138083206219e-05
1.318449172510465948e-04
3.005933663154543019e-04
1.965178298364001326e-05
1.389974018826331266e-04
5.576707610043500499e-05
4.050940101461170719e-07
2.341650822426428174e-07
1.501989546496846828e-05
8.014865663357331282e-05
3.877227888777214331e-05
4.470386790049282906e-05
8.877676690435336814e-05
1.554491163992154296e-04
2.634497688416977362e-04
3.152154458642933313e-04
2.678126805696752445e-04
2.374991334023861809e-04
2.447434861893489915e-04
2.876615644863121136e-04
4.393325849826767342e-04
