2.865076463298934953e-05
9.844617380184074332e-06
3.482311299627424944e-06
2.538767147284647465e-05
1.558591647843362085e-02
9.588313875952418908e-01
1.539003119624732414e-02
1.870800245327679996e-05
1.243823220762062001e-06
2.428914147632359558e-06
1.695674519616324511e-05
6.547243917164517573e-05
3.634252899539592777e-05
1.161280523972832897e-05
1.079817432564541978e-05
2.075185741102087013e-05
4.079191106430038688e-05
6.572556309650351924e-05
2.520642281775795372e-05
8.481530710080451018e-06
2.489395170955503873e-06
5.903994598381700812e-06
3.975937710228040468e-04
6.864814268567598181e-03
3.757396532390913342e-04
2.923352420402514741e-06
3.972143395442719900e-07
2.736154979998794155e-06
4.823360573262395513e-04
1.298034067374537713e-02
7.236612947923214221e-04
7.532447428761332451e-06
2.411211351986771447e-06
8.142096683617627072e-06
2.884448717321547214e-05
5.999924475483639264e-05
2.981454166702714593e-05
1.333260668882556295e-05
5.092094107429053350e-06
4.615092536487539568e-06
2.042724142530948517e-05
6.382592477531586080e-05
1.772569402085136158e-05
1.417916577885394756e-06
3.235359286097511689e-07
4.377791010155094312e-06
9.661758960280516020e-03
9.502754311610183136e-01
4.633533905431854935e-03
2.312905184472265420e-06
3.642919732451930081e-07
2.431001140298184400e-06
1.630625462841081035e-05
4.688321670326177853e-05
3.793997042589441077e-05
2.439029899432054905e-05
1.478588647944002847e-05
1.117814109196040137e-05
1.400242701435654827e-05
1.888885994444094933e-05
1.281257247237285462e-05
3.224679656104878048e-06
7.034043167542776496e-07
5.739536986337658647e-06
1.252174627805265235e-02
2.008092707899696183e+00
1.817153042910879188e-02
9.170646402904567975e-06
5.110717398238802991e-07
1.037959832153045762e-06
4.501221645007984821e-06
1.647168449916513159e-05
3.684425707456985127e-05
2.794190814113070806e-05
2.022261588576781426e-05
1.498756855412009862e-05
1.493854107227320805e-05
2.066676935090679880e-05
2.444728629857741026e-05
1.166501051762539497e-05
2.869540134238134752e-06
7.538789766323889380e-06
2.446926115614124052e-03
9.592320596828447510e-01
1.012240026828109318e+00
9.398952580110650837e-03
5.383995577167368269e-05
1.874810647969143131e-06
5.542838585683579726e-07
1.101136323907008043e-06
1.999680229504346304e-05
1.172085009169180928e-05
4.837083407795125369e-06
1.896507729478659537e-06
1.773641467942869875e-06
4.511954210601580459e-06
1.407057959151432835e-05
1.976447576748779030e-05
8.784661105233602138e-06
5.882151132424534988e-06
8.451870321387153922e-05
2.367415968154261072e-02
1.990343244798880695e+00
9.568010448671319113e-01
8.782355584170727786e-03
4.007489640011777175e-05
2.717838027959236576e-07
3.410231862736132369e-08
7.360109556223000473e-06
3.835035725128792649e-06
5.831000596257502244e-07
7.770269938498582931e-08
9.050385424794196306e-08
4.020625208660744838e-07
2.027511116365045948e-06
9.208253282696925301e-06
1.358120274882899273e-05
4.981181450154206688e-06
3.290903406894884784e-06
3.274721791573747382e-05
1.091534215900396426e-03
6.641119656926529682e-03
1.942678461888925484e-02
1.000810477642310667e-02
2.542416119414892288e-05
5.171132091874136200e-08
5.276135229987445572e-06
2.264638272015894629e-05
5.408591307591187595e-06
6.887420751721580915e-07
2.766377658453883400e-06
3.399879662333281597e-06
6.022323312104139942e-07
1.293324773526065422e-06
9.529478405930760779e-06
9.806049090917543138e-06
1.863311638294055627e-06
5.601603716828426816e-07
8.563334242310800893e-07
1.385287446990622318e-05
5.472042740768556617e-03
8.795424669619202884e-01
7.691238789983859125e-02
5.191810132452815416e-05
6.191893421715548574e-06
3.203632534505863709e-03
1.052835238654706122e-02
2.854119590443642777e-03
4.701425912772252275e-02
3.328782932008567293e-03
7.620366091698433350e-07
7.630034630272792042e-08
2.193608944228540813e-06
1.690434995824165876e-05
5.834555621660901546e-06
8.984917408989937130e-07
2.206631919703730252e-06
3.071261151292593297e-04
6.425411076979402336e-02
1.087854363006868885e+00
8.937126391236163148e-01
1.272923498553341949e-02
2.140654590513636460e-06
2.530926366090921475e-02
8.813490489852066068e-01
1.259689293856598447e-01
7.486626298975088689e-01
4.223469944798184661e-02
1.226891107321022405e-06
1.033577262586164404e-08
3.270491864586235199e-07
1.211565187835838814e-05
1.171164182975289946e-05
2.623870299050646564e-06
2.224156490497184956e-05
2.089837338294158256e-02
8.242814225327276256e-01
5.740116769837066285e-02
3.464250257556587050e-03
4.189587155448311058e-04
9.262609012320253125e-06
2.757634173918332987e-02
1.909506622451845992e+00
1.899945336862118583e-01
6.237545049107170309e-02
5.884645819336403044e-02
8.877730696958720789e-05
9.279142763501763661e-08
1.840406842453793223e-07
6.202883853681926871e-06
9.659016495921324925e-06
1.041417385664847973e-06
1.127863027778464636e-06
3.046463774246348905e-04
5.678197976048616341e-02
1.816047524763702778e-02
2.274364119496280511e-04
5.214530159006090626e-06
6.382180463991012596e-03
1.022292960582498189e+00
2.317601196699925126e+01
5.559426965329170578e+00
2.002246118283276255e-01
7.845726073532947042e-01
4.412295086629647312e-02
8.211622117490819961e-06
4.896744112891134975e-07
4.977335394823144964e-06
8.724824943312978933e-06
9.439923190939601663e-07
5.571614107154528643e-07
9.072945043683293864e-05
7.852375554951933345e-02
8.564044789652672796e-01
5.909995180947490850e-02
1.659476641779222437e-04
1.958124476282488077e-02
1.734056161527993689e+00
3.412825213868263319e+01
1.211538470378821764e+01
4.164020049083947544e-02
1.619973958729819391e-02
5.601534285877804095e-03
1.593702650881157452e-05
1.445878549984509364e-06
7.618166286051431057e-06
1.314441907624498908e-05
5.357454036595636615e-06
3.722168660291764336e-05
1.580847432069786701e-02
8.667992886381228335e-01
1.167310312675537753e+00
8.899547405798905464e-01
1.873713926845004332e-02
4.655021868101348148e-04
2.647845482163283526e-01
2.088700955097111489e+01
3.897952247704523199e+00
1.236827385066822851e-03
1.152532837956640175e-05
6.778465651657004919e-06
2.644563989574756088e-06
3.898061507668386307e-06
1.609616469061999738e-05
1.539230588272873034e-05
6.141284370336498048e-06
4.071828337323097995e-05
3.751755474457989237e-03
5.712285259412273886e-03
5.586435023267824354e-04
2.478076794848978800e-03
3.562613759574893933e-03
5.113588115271374551e-03
1.815169667723821822e+00
3.066454946830782013e+00
2.905692956671638433e-02
3.060661129806447304e-05
6.741534857726116539e-07
8.291380992910213148e-07
3.378266377167479823e-06
1.508361869152707983e-05
3.077277898410486474e-05
9.113138666695029828e-06
7.386528412286437815e-07
6.392619491537732174e-07
2.598672839993860308e-05
1.571665550576156257e-04
2.581667863500289705e-05
2.665882960800372808e-05
6.998485448375123849e-05
7.151239684003041046e-03
3.792775780158134241e-02
3.391282040727616287e-04
1.404978187212908997e-06
2.338204132905215290e-07
6.231173636919748845e-07
3.872984833440739570e-06
1.934147809514280051e-05
5.155474000057983706e-05
3.939080034562658558e-05
4.239624010343715478e-06
2.070767670639781427e-07
4.464139787763648455e-07
3.106530015914617531e-04
4.343590833813180258e-02
4.048999819489092211e-03
5.548211844528344280e-05
1.297794934740946107e-05
1.712906250720832741e-05
3.916765231165497643e-06
8.122666012926207255e-08
1.333035446727557999e-08
1.110367339943526641e-07
2.746602160732949353e-06
2.370442250181309550e-05
6.757938384423855063e-05
7.664902492248917973e-05
2.243612861119347919e-05
1.676210625984391029e-06
4.463049925795761226e-07
2.643325493481494992e-05
6.241476375093714390e-02
8.100268588330119535e-01
3.104740985392481951e-03
8.188955336826604680e-06
2.599851214221348913e-06
1.161413672868755161e-06
2.540497944923743981e-07
1.096235484834307579e-07
2.830267751320629862e-07
2.883361212205956175e-06
2.293842066506267572e-05
6.414518124571167964e-05
6.874664514569868597e-05
2.738337487931101979e-05
2.982456715583078034e-06
3.105507746178293126e-07
1.649967072731570780e-06
1.700793507770876917e-03
9.014389231539310376e-01
2.624753637418402175e-01
1.735445958608716613e-04
7.812766229900923061e-07
8.131665166967930023e-07
6.729043347014851962e-06
3.689928458287276861e-06
4.820198528722269849e-06
1.277890158275982813e-05
3.710816909310276490e-05
6.664788654146288184e-05
4.919390758960870029e-05
1.236375270091495657e-05
1.400763250841390743e-06
1.153088682716571127e-07
6.842990155940928753e-08
1.590550227022940319e-05
5.275603180754605270e-02
1.984651158567810825e+00
8.076009559857877385e-01
9.101876261709244617e-03
3.581351134602376912e-05
4.762263383095605421e-06
3.005695135320920824e-05
2.433853158836732242e-05
2.895877563264934832e-05
4.325316535441317317e-05
6.136212499663011154e-05
5.166547934288411866e-05
1.035882895590524606e-05
4.300230035769462445e-07
3.771728284867392477e-08
4.019591166928072035e-08
6.804309224912104153e-07
2.072049163444072365e-03
1.899306593537450016e+00
1.625365993097757922e-01
7.634910728646272619e-03
5.220164356827745530e-03
3.671083244436050075e-04
3.064972465603413065e-05
2.876291497442759731e-05
2.149207963644334790e-05
2.090949402927438756e-05
2.489707139391167249e-05
3.189795757198762827e-05
2.177835421786071844e-05
1.982428819355162081e-06
4.663508383513576436e-08
5.168323829693898357e-08
1.275217285768226700e-05
1.319967405583204840e-03
1.227441892959822839e-01
2.866103417669767950e+00
3.975959953472296173e-03
3.115764384583539913e-06
4.828440860103951059e-06
2.337748586919824773e-05
2.829074964886884460e-05
1.191546803568255765e-05
9.651398474485510613e-06
1.053363776223081543e-05
1.024575577978379263e-05
1.137264559058923652e-05
1.011117069032861834e-05
2.173942401941735914e-06
4.939517752216923775e-07
2.510158964687045962e-05
9.251995345360089495e-02
8.074723303289685905e-01
4.776021423734728294e-02
1.161086536173367399e-02
8.666808264416415379e-05
2.947739301062976062e-07
3.459887159845066466e-07
4.870014098377659870e-06
2.396177546602487271e-05
5.672783015480488793e-06
1.665212126689318697e-05
4.555953380253355641e-05
1.804585307342363909e-05
5.512486945460218967e-06
5.699267103783870970e-06
9.076270379994830928e-06
4.828184010918360250e-05
5.803193242519775856e-03
9.138589210259535633e-01
1.103917227347745778e+00
4.066793800904641015e-02
8.769748540502519431e-04
8.507353831627829273e-06
5.318789610126533605e-07
1.384487870018246447e-06
1.093053238480591156e-05
3.762746309132319325e-05
8.195798391248909249e-06
4.121510534150885194e-04
6.653141706751114666e-03
4.362897917156792049e-04
7.603540758243671011e-06
3.510986758321305816e-06
1.658130529443972180e-05
1.869574978176364167e-04
1.526071530816641448e-03
3.532422881247104709e-03
4.169690818108286873e-02
8.589728302429854301e-01
2.584613670819958797e-02
1.748373673611813511e-05
1.082670996720608680e-06
4.834901731069176018e-06
2.716871286871008477e-05
5.878310177183181627e-05
3.163919365702823881e-05
1.606251723820775745e-02
9.588253934797013045e-01
1.596873815148979261e-02
2.691553219759525734e-05
3.889254111257484734e-06
1.296233103138302405e-05
4.200231650116368552e-05
2.008004729444840130e-05
4.924808345522670088e-06
1.306850707257558859e-04
2.923162598177005134e-02
4.621651234890583604e-03
1.098869642526709700e-05
1.856395794114881083e-06
1.019592548239101664e-05
4.349341590183329593e-05
7.280952972019811252e-05
