2.327667188024970177e-02
9.260272683564789720e-01
1.076452179655817964e+00
9.241625202820736851e-01
2.212008972843964097e-02
1.046278455011823724e-04
1.727078316147264279e-05
9.778948049011552474e-06
2.923897011539321899e-06
1.724247025984763210e-06
2.936283610518818478e-06
7.015039988718558766e-06
6.508050777007360775e-06
2.262371773958357774e-06
1.954347367272884427e-06
7.931982442167051920e-06
3.846877112949699979e-05
8.725734668240002685e-05
8.624705299291962558e-06
5.779597336152224579e-04
5.959867728681234045e-03
6.709435382755014020e-03
1.102114759784259988e-03
1.777486353795626039e-03
1.317789081117648996e-02
7.437975511348666200e-04
2.630492608730684425e-06
3.112153983810848733e-07
2.732784532516269670e-06
4.558662841335267270e-05
2.127176802694353292e-05
5.228867463519634654e-07
9.377501075189991168e-08
6.252826898870649535e-07
1.012185200924996991e-05
5.155964562779163164e-05
1.492373705851863108e-07
2.264331698229866518e-04
3.101843539145446652e-02
4.963310482904368694e-03
2.969592115684898466e-04
1.177712239751090538e-02
9.422045993590254520e-01
1.194305928451733570e-02
3.261486137492212573e-06
4.215837822005276404e-07
8.223892603164219045e-05
1.608917749138915818e-02
5.748860100764370540e-03
3.826200633656758309e-05
1.145273467180427826e-06
9.909356086463872608e-07
5.770671646202835941e-06
3.026150757562678651e-05
3.457744623470966296e-05
8.723952439562436545e-02
8.308191182836840438e-01
1.003242562444319093e-02
8.898998312212659295e-05
3.058731806526973000e-04
1.159507118937051079e-02
2.636730184122171392e-03
2.139140135674257867e-05
1.132049209518962112e-05
4.506432376476688685e-03
9.937251208812540870e-01
8.809463300079609649e-01
9.519949493453444544e-02
2.705752670228846451e-03
4.172513069311348119e-05
8.999715274968448899e-06
2.006030458896433869e-05
2.128896951229047527e-02
8.510838381015550791e-01
1.835913286345279005e-01
2.517893567082203285e-02
4.291409209178469186e-04
6.540020258921286890e-06
2.759712433124847614e-05
2.701782857879251806e-03
1.013655399410820328e-02
2.290341130952185285e-03
1.836202392664697605e-02
9.004501049740436525e-01
2.323811239934709505e+00
7.321448860567306705e-01
8.724247117004410579e-03
2.578268406659249285e-05
3.258220853602613688e-06
1.062265750800299551e-05
5.555458926856433714e-03
1.083169941180946172e-02
2.059175759184531801e-02
8.558954767171063072e-01
3.006864991816223312e-02
4.617542060668416511e-06
2.911621485253478536e-06
1.118757139640811499e-02
9.415378797521535281e-01
1.339266477638548399e-02
9.091450559589403730e-04
4.756898544586445760e-02
1.735742897356801429e+00
2.274819746258908704e-01
3.369991700595201668e-04
1.659801886537319200e-06
9.837954788091086512e-07
7.462576343208723927e-06
2.985823652647229837e-05
1.972273593994104270e-05
2.965411219358869439e-04
3.268342870068064593e-02
1.297425397641834444e-03
4.218615537307794378e-07
2.497755774173931668e-07
3.110875577935799186e-04
1.252647259089583430e-02
7.503018878093980582e-05
5.120099198430736117e-07
2.250864327571174602e-05
9.589111842846927136e-02
2.911600616466156310e+00
4.018818772316164883e-02
9.007792896752771087e-05
7.280678600261012250e-06
1.331388536636271410e-05
2.381726552626022747e-06
4.665483642225416016e-07
5.248862907502551704e-07
1.021426010636067944e-06
9.817655029187209701e-08
6.350828379529496668e-09
2.730286948934096663e-08
1.876405745693667390e-06
1.117199550646507904e-05
3.709588752690447458e-07
3.757123124944356503e-09
1.570558306888941251e-08
1.458973833213060686e-04
9.519508268106482429e-01
8.982478537193810952e-01
1.890021860360482486e-03
2.411297522764338020e-05
1.518316749001724239e-05
2.762275569246453556e-06
5.886549162772426838e-07
4.544039001812698202e-08
1.431763404459757171e-09
5.171092592039229272e-10
1.941764067816487219e-08
2.325714805295846001e-06
1.348638064747034041e-05
5.560298233183880466e-06
7.029243625017852209e-07
5.655338772225851351e-08
7.625453862589009678e-08
4.537711306561794685e-05
9.481512576624044619e-02
1.328341158823153345e-01
4.117519895412666037e-04
7.004358862235201008e-06
7.236735353169212956e-06
7.623653394700329045e-06
3.010324288900712448e-05
2.602944127302717904e-06
4.871249154337247348e-09
5.610139437261667606e-09
4.210528937513141205e-05
2.896187762432638271e-02
5.170736527078492392e-03
7.780651681315578147e-05
1.151261782872273466e-05
6.356614939853770596e-06
1.499219342366379746e-05
1.839226746995140452e-03
8.874634906839988790e-01
8.799731672055712828e-01
1.181211565132033988e-03
5.681349120639696665e-06
3.939301916193438911e-06
1.422749538342931656e-05
6.257331019605114932e-03
1.348749538914459367e-02
1.244216622323179061e-05
9.853485150629692234e-06
6.063610976707193428e-02
8.516963490322279062e-01
1.670248685324269167e-03
1.116964405104669395e-05
8.277881348025851947e-06
1.278792674640561721e-05
9.105442318694929207e-06
1.078752678178654932e-04
6.594052722157558999e-02
1.075618173008252132e+00
3.845844037996481567e-03
5.495999232212459739e-06
1.995920851465285532e-06
2.437292327283141256e-06
1.899335600298150684e-02
6.860492229973321088e+00
9.322850238945731838e-02
1.011516995509474659e-02
8.466212325460636956e-01
2.337255591796960075e-01
6.580534355919680906e-05
6.572875339603679963e-07
1.737382739983116036e-06
3.722785906816012984e-06
6.704492560139733165e-07
1.545503343728691240e-06
2.662215598331953322e-03
9.365910760460945950e-01
1.138639029113779066e-02
6.829960784338284505e-06
1.392368990622900574e-06
4.583948361227960441e-07
3.076682573241581228e-03
1.913058177560387207e+01
1.893949851446151467e+00
9.212392089584579141e-03
9.341598443160795129e-02
8.236803913343668793e-01
3.716348371341758085e-03
9.588162709870007118e-06
3.491496080647146425e-06
4.560595708438872443e-06
1.239586928514087137e-06
4.041881555872478990e-06
5.177416024485051796e-03
9.784206048730134109e-01
9.441749793159818355e-03
6.728712190569830419e-06
1.596194218002617811e-06
3.314270665637223701e-06
5.276088675353463216e-03
3.905713601599944518e+00
4.318911185336223729e-02
8.724559006113460937e-06
3.737255489994084379e-05
2.527423912644750220e-02
1.264477244862050390e-02
8.113072502509785120e-05
1.086630612618704608e-05
9.826777381890456609e-06
4.162949115833143258e-06
8.648225400365414540e-06
7.251982684936863002e-04
8.753663914029635035e-03
1.348333358805002265e-04
1.187198282899508284e-06
1.432306075355986926e-06
2.343502838000537201e-05
1.960677233782285277e-03
1.889876390829740502e-02
5.814034841248476494e-05
2.881826106341496209e-08
4.547903649568173987e-08
1.129126761445067261e-05
6.967179277695696022e-05
1.674383134882513407e-05
9.969204857887933974e-06
8.477719569010239251e-06
2.650761263443230613e-06
4.046567754866062451e-06
2.720975954392111824e-04
3.429622519692783825e-03
7.771466431404804769e-05
1.122981364366724436e-06
1.739088029828252414e-06
1.202924666197868698e-05
3.040175836922264695e-05
2.152810896311230745e-05
7.911658918549110753e-07
4.168538318212987007e-08
9.896035597236911199e-08
1.643982965531574998e-06
6.065955241401092737e-06
4.881688953792296243e-06
4.214624731434883112e-06
3.050979961031599555e-06
6.804905309953451780e-07
2.007457429444337703e-06
3.630940024343740167e-03
1.003113888844216817e+00
1.366505011731087779e-02
1.650091360885547710e-05
4.532685001194789563e-06
4.850981533557010184e-06
3.340261595159031855e-06
1.933560290670428858e-06
7.058125246522013825e-07
7.952396108930360815e-07
4.550412720774064514e-06
2.086905959440740462e-05
1.278875744103555881e-05
1.604900948866385667e-06
8.847732130602138875e-07
4.326872370344868154e-06
2.339713668745438806e-06
3.530588608472462158e-06
9.895284764819050824e-03
1.907496283433703699e+00
6.676061868490934179e-03
8.654378487194162067e-06
5.103319301169109644e-06
2.267810497961025350e-06
9.781140624915514101e-06
3.347393980552049761e-05
1.069571676078126990e-05
5.045485718093283192e-06
2.399348081566850157e-05
8.418987749335230268e-05
1.046324534445400139e-05
1.555939636334112726e-07
3.421857877752898780e-07
3.890637400547868594e-04
2.085323125240746631e-03
4.020249238273190719e-04
6.899494478621728821e-02
5.668941947372449497e-02
4.252395840389695598e-06
6.264485622101978428e-08
1.599534699413676574e-06
2.978736583506471700e-07
7.485979420106824193e-05
1.026056387914403741e-02
9.984645744879104903e-04
1.656783789666437732e-05
1.928715742626427863e-05
5.948436432730527823e-05
3.356153063763748260e-06
2.355641991983892029e-08
4.843890446355186937e-07
4.626655159229357828e-02
9.331527565615319597e-01
5.560804933044122961e-02
2.782800068910729507e+00
5.355711723111872269e-02
1.742223171057455999e-07
8.053275593048165239e-09
1.567943704004150448e-06
1.752930779587545761e-07
9.724121271447133501e-04
9.494874787859922671e-01
2.205735776105156865e-02
2.924240901894093508e-05
9.799940032605710218e-06
2.051419506119298779e-05
1.175777121737849920e-06
2.432082177813394966e-08
1.259317845836995601e-06
3.159922567077821237e-02
7.300794759556143987e-01
4.197625177110606010e-01
2.902819755303725380e+00
3.887094153479725249e-03
9.606251523095472208e-08
5.137214003612700406e-08
9.029133159123285842e-06
4.587089829807650088e-05
8.982921139813572486e-02
9.703698490207827154e-01
1.558527628290789493e-03
3.224185853945164903e-06
1.609167183499542182e-06
2.046171807484447684e-06
2.257364095501634157e-07
1.063819722721325453e-07
4.228449713850863332e-05
3.721572446081077706e-02
2.208757124929838778e-01
1.584866121076436096e+00
1.323447380329132450e-01
3.167553661415425936e-06
7.733339632936247053e-09
3.077566150234230556e-07
4.873818140201454399e-05
8.248823342972250172e-03
8.578399299136425515e-01
4.019160526347839019e-02
9.975578236374894322e-06
9.001293085431153869e-08
8.847162110681706314e-08
1.174304129631649220e-07
1.124132168770861310e-07
1.952566186972833118e-06
7.894692910069504160e-03
1.807419715882705669e+00
1.371362821859478387e-01
2.206288386126864856e-02
1.856706399711036744e-04
2.516004364864794002e-08
6.246115155974083300e-09
1.606823183224685167e-06
1.076904814066412697e-04
4.006967386610564476e-04
6.470018363710072773e-02
3.974635828467405763e-02
4.196880922529902243e-05
1.901622254969216207e-07
1.074453073867955925e-07
5.327833359014414845e-07
2.661853115349682803e-05
2.581596739464470797e-03
1.509597568149164959e-01
9.120760456145745598e-01
4.450171593034108093e-03
1.086239074371667834e-05
4.013715242156855278e-07
4.443800391455895139e-08
2.491185239143908459e-07
1.249853963986245844e-05
1.190606267345826769e-04
4.637527323848392620e-06
7.126342691184493240e-03
9.021816784011236212e-01
8.077316433314996047e-03
2.063972767758650876e-05
4.768435174374903581e-05
1.194350388122562357e-03
9.090004712667924813e-02
1.777896211893177369e+00
6.630675981482676840e-02
1.213345614442610512e-03
3.162773352237251563e-05
8.864697584696574207e-07
5.068301250015723806e-07
2.058227164092953724e-06
1.245273327486557663e-05
4.882165832269219603e-05
8.978885271902546465e-05
2.200430099826299016e-06
4.486675341332437982e-04
2.907460722660563587e-02
1.260179011471276346e-03
1.563808444238057717e-04
4.288935837665481393e-02
8.783269263913817682e-01
8.935167910340507946e-02
1.377714145575453103e-02
1.612174113097859655e-04
2.737990391769767300e-06
2.054276128043653304e-06
4.021500047278552942e-06
1.236905467685829446e-05
4.659589942908680908e-05
8.281070024935260475e-05
7.842870902775531952e-05
7.479916980185007081e-05
