2.893643479678615726e-04
1.024678025906308881e-01
2.893365867136297176e+00
1.204938409812567612e-01
1.093679715495317903e-03
1.266291178027636501e-02
9.549703645655763795e-01
2.406777039518357558e-02
3.018521601431860141e-05
2.141179198038046671e-06
2.903214941101600641e-06
1.889862636665416262e-05
2.283399741841667227e-04
6.168940280089352246e-04
3.828039816733935894e-04
2.716040752445497372e-04
3.527763022078190028e-04
6.946883890298984109e-04
1.837420824060827587e-02
8.118166303728043820e-01
3.105384025870886688e+00
1.730801847127844129e+00
2.097187253701779386e-02
5.441744982176450075e-04
8.046528335788403867e-04
2.796542782150661681e-04
3.636415098837284398e-06
1.772741302216986629e-08
1.748370832482453399e-09
1.116134367602620997e-07
6.375047184321318739e-05
4.921694965185572637e-04
1.251087007334054598e-04
5.866178372825666955e-05
1.133998001071823613e-04
3.822653572323761809e-04
7.092535579661418980e-04
3.705168482134443136e-02
2.497002074803895688e-01
1.174095229094259452e+00
4.568567777170981503e-02
1.175700556398212560e-05
4.508630289831447636e-07
1.226027839168788078e-05
1.849290317237622797e-05
1.853836909336944644e-08
9.804040065359530092e-10
2.218423229632288597e-06
2.227725810864633962e-03
6.641355096783096990e-04
1.611030481312671796e-05
6.559516646792067364e-06
3.344104856963258960e-05
2.874409365425248191e-04
5.307804598554572177e-04
1.086412652311248561e-01
4.496946173655513301e-01
1.858403637717754409e+00
9.336741538188322309e-01
4.797074769791170173e-04
3.500959402463480261e-06
2.267375074911016811e-04
8.346798802887585300e-03
4.647595473095616987e-05
2.700708391790951788e-05
1.417752109208383349e-01
9.129096911798684211e-01
2.132676607004417666e-03
1.393466182240870564e-05
2.909549977969639881e-06
1.160805996959173111e-05
1.840264688844579289e-04
9.130484402194903593e-03
8.576881655322027287e-01
5.483915005066419823e-01
3.876285653496965300e-01
8.107940303341981680e-01
1.487921654983285491e-01
1.721354975650307359e-02
4.755932172604711988e-02
8.436761251636566428e-01
7.851089935488887728e-02
5.689691185675891522e-02
2.589850043652401013e+00
1.136223888730639509e+00
6.704513267709849567e-02
4.953528898640889577e-03
8.346668031883134329e-05
1.008905527443012318e-05
6.668233861358057119e-05
3.651576915658931075e-04
6.578613930212313943e-02
2.531093846414198101e+00
6.449429342811904275e-01
2.182521172498514198e-02
9.552340676651245588e-02
5.447455093055735276e-01
2.380002224303861269e-01
1.126405616398254983e+00
7.659406932543544322e-01
2.476910040953806125e-01
1.403607902727652679e-01
2.455593208486623602e-01
1.657690262633364275e+00
1.042287589098896072e+00
3.620563907170163461e-03
8.766343322492372266e-06
1.015890813448399411e-05
3.431538972029523239e-07
6.445035658697458286e-05
3.104502748353024089e-01
3.092210828102697207e-01
4.104725683244557326e-03
1.285344309608832114e-01
1.190987111106251550e+00
1.662801613626812003e-01
3.889781735346046765e-01
7.609351529841774653e-01
1.091590602810877941e+00
4.337762392234587594e-01
3.665919116662789690e-01
5.035438351107391908e-01
9.046595796709149262e-01
1.356307628691969490e-02
3.423837556177682539e-06
8.853803637546020098e-07
7.161443839816457227e-07
1.622580958538850275e-04
8.789963981104226276e-01
6.681692619586374615e-01
3.539069827193267598e-02
1.723668132229481120e+00
8.403515213827676966e-01
2.095807342600024617e-02
1.140011462803848241e-01
9.230388207291539970e-01
1.346892971223051072e+00
7.997213098375557938e-02
7.912840207758784980e-03
3.015220614726218940e-02
1.857800472329956154e+00
4.823649461871747091e-02
1.514890249123180175e-06
1.912911362717900616e-07
1.481052744539519788e-05
1.499319299533064410e-03
9.953016521541225847e-01
1.194191246867949419e+00
1.270068141642072823e-01
2.369414376434015868e-01
1.517065121784254809e-02
1.914622645918695422e-03
9.369160175236906918e-02
1.776868912243339427e+00
7.259415044442583120e-01
4.448989627761579246e-03
1.078053013979134921e-04
3.746444417448997928e-03
1.000857058089941187e+00
1.276328151636417843e-02
1.066070481261356900e-06
4.272071857414981258e-07
2.871176958520693799e-06
6.690057107101884232e-05
1.729337859989232146e-02
9.189117514108877671e-01
1.901373145555806499e+00
6.779579389436874992e-01
2.070683744968062068e-01
1.148564462121953733e-01
5.237115719405002201e-01
6.608850145633279327e-01
4.833608657597934094e-02
5.610607307610068805e-04
2.150551098200058657e-05
1.408127677210732165e-04
2.948623713635912559e-03
1.773364026644205218e-04
2.431842303529548044e-06
7.316172824910464736e-06
1.280346982678692360e-06
6.379567561694756295e-04
1.179084028476450746e-01
8.919897595839579862e-01
1.006049537250077508e+00
4.294898217842154642e-01
1.486223455233020685e+00
9.460890218367055127e-01
5.450685183804940825e-01
2.292429796374181039e-01
4.157833570161004015e-03
2.361031307109488591e-04
5.484177039239864334e-05
1.976258995709125106e-05
2.156082744205263687e-05
1.722866815677261094e-05
2.026998046921245375e-05
1.355212458047673474e-04
1.292523200863594979e-06
2.910183509953382514e-02
1.359831797317295354e+01
3.592984811844666559e+00
5.786798195799144340e-01
1.432012430549525761e-01
2.260869551733562244e-01
2.274432971522223901e-01
4.110118480617332426e-01
7.208569328982166180e-01
4.127670389052705280e-02
1.769415861898003192e-02
6.059214217576503088e-03
6.493009567790178913e-05
4.921891628936794682e-06
1.133042487927557466e-05
7.705524555684982403e-05
5.134735250533397494e-04
1.149478052652285514e-05
8.987987944275224739e-02
3.319004635066868047e+01
9.617552680570431889e+00
3.184915095027516241e+00
8.329536692281778176e-01
6.240449016806672855e-01
2.006543917695995383e+00
1.456528033027722380e+00
2.337566960263699034e+00
2.026842815486790350e+00
8.414559495619874374e-01
2.309456983732390348e-02
4.094145087880468300e-05
1.987899518475967511e-06
4.988283239509406495e-06
4.054746843587863839e-05
3.446888549826504370e-04
2.190261433158669294e-03
1.856973927714094419e+00
2.807401743325777943e+01
1.963301079362828938e+00
1.273688371698211474e+00
9.264093375756491389e-01
7.851975260330141815e-01
1.379760251443272079e+00
6.805616991124090187e-02
1.099634680513931068e-01
1.304368184991150148e+00
6.444990823752047571e-02
1.710551929996481722e-04
8.054689024459637489e-06
1.300922478396495572e-05
1.540399385630451340e-05
1.660308776706263014e-05
1.023509926992836904e-04
2.035899417892451197e-04
9.098760906111161284e-02
2.828327413576297023e+00
1.239648527854859905e+00
1.680338235313973083e+00
1.632514811835676038e+00
1.781622806809131987e+00
1.288669152634323911e+00
8.961403864027514543e-02
1.691646458542475084e-01
4.347471509910827425e-01
3.355323117029417306e-03
2.100389562245404712e-05
2.123237318278129696e-04
2.008132536846828076e-02
2.596166129302594251e-03
3.607052119720342956e-05
4.195307748718192324e-05
3.307477781290460586e-07
8.909816536590267264e-05
2.995587602658134063e-02
7.693925964870177436e-01
3.332443447475324394e+00
7.043711138996723298e-01
6.881545417284576915e-01
1.988997290851258537e+00
1.791342269073543658e+00
1.634276431401034513e+00
6.461276293248175984e-01
2.667318621192343517e-02
8.922754037330906784e-04
1.278848818955568081e-02
9.220973000470583658e-01
2.181463545430899556e-02
4.379155966300241916e-05
2.752745583840848542e-05
1.983303761887760531e-06
2.772987009902464026e-03
1.443045037787315521e-01
2.400423993348055340e-01
1.350644601660926147e+00
5.059487074444193322e-01
3.305917422301322128e-01
1.102579558659920078e+00
1.173472608406284090e+00
1.385004727448293727e+00
3.531719735753541922e+00
8.353014068915750601e-01
2.338118856060126052e-02
1.237747054419673781e-02
8.482245520015052956e-03
8.329856484607769452e-05
2.485280608346373066e-06
1.505618856722461585e-05
3.816799171569539966e-06
3.324785237004532906e-02
1.457244277064009719e+00
1.749679172218741863e-01
4.819685670210702710e-01
6.105695530702380802e-01
4.216295926432357954e-01
9.880487681722768256e-01
7.299924129139758744e-01
1.723693101264360594e+00
3.336918951009389733e+00
8.344497930974195676e-02
1.689920220077360119e-02
5.496843693341930265e-02
1.780213799971501259e-03
3.565197043414145479e-06
5.194804404178030758e-07
1.275139797432229356e-05
1.163435726631555761e-07
8.791743690119592633e-04
6.064419359320148972e-01
7.512563096739344193e-01
1.540813574717851298e+00
1.372696825848155777e+00
7.900351523925873698e-01
8.594467957635427702e-01
3.821889956558460200e-01
1.172278624436745798e+00
2.708438403543267370e+00
5.769533722969108491e-02
4.457248274477391969e-02
6.918720504887688749e-01
1.120544879326288157e-01
5.550085455898231667e-04
1.492989305743601158e-05
3.933658702136233682e-05
7.786660953063332278e-06
3.126286306193782477e-02
1.419673010860453388e+00
2.749854030863339016e-01
3.495655855285352276e-01
5.880787767142023892e-01
1.103456054177201606e+00
1.349489908461881438e+00
3.335577745369133207e-01
3.087974641144599075e-01
1.701437681555964865e+00
1.381256004614328736e+00
5.560053702760895389e-01
6.398063999803597079e-01
7.216465800363625060e-01
2.689493074204023226e-02
1.910938989503758166e-04
8.261143296677451954e-05
2.327278140021257508e-03
1.050653688903062211e+00
2.102856719931762430e-01
1.345599470861671802e-02
4.670699144010730386e-01
1.011743790960496936e+00
2.289369586649501465e-01
1.849647855743531966e-01
1.103330859726754792e-01
6.436803472937366322e-02
9.872109648237722968e-02
7.791561451993562759e-01
1.236420594131261375e+00
6.161190818694476379e-01
1.409761893899620921e-01
8.404853496453586464e-04
1.223101885931578510e-05
3.494977511228512725e-05
1.294499800061838131e-03
8.321084816103431203e-01
8.894057830588790459e-02
3.369270213945504706e-03
2.647683238292710683e-01
7.677876710390272308e-01
2.092316745030077807e-01
4.726321088831622608e-01
4.199871720076102655e-01
4.220928818871603760e-01
3.982124407534901045e-01
8.155456113639237836e-01
1.410903514708458928e-01
8.833701974110638733e-03
3.891106772050337151e-04
2.455415082787136813e-06
6.904722260821464626e-07
2.482571717693534186e-05
5.348279252215099554e-04
1.269963058435918279e+00
6.444348143847357102e-01
1.668775814330602028e-02
6.795974555978813447e-02
2.901677782121869081e-02
6.127920076867703417e-03
2.234537462165000696e-02
2.603065173911966665e-02
8.029276260793666298e-02
9.622379877763574951e-01
1.924952616284030915e+00
6.722983467544106813e-03
1.185082288515844938e-05
1.279555620240410553e-06
5.608266271626978967e-07
2.759104428910967787e-06
9.365043069064558196e-05
7.601701647220533015e-03
7.956960618298529742e-01
2.315569822031841862e-01
1.797674331431095285e-01
1.633336893577724824e+00
1.373373485189260390e-01
3.669116143726244275e-04
8.598468392815740284e-05
7.593793190507171827e-04
3.400621885630112154e-03
1.179102364266747249e-02
2.225616152688535479e-02
3.263710102454015285e-04
2.581508104182065434e-06
1.942838399105408923e-06
1.027807803849072776e-05
6.524265595184078738e-05
4.201250547219927047e-04
3.001949281190828545e-02
9.745885614501533789e-01
1.096473493966466872e+00
6.561711225046615859e-01
4.394628256672971633e-01
7.438540359245863209e-01
5.747574994768920448e-02
2.750115870925238723e-02
1.940547970675293943e+00
1.001361695371775218e+00
3.373637352731907128e-03
1.323142832261530550e-04
3.673663097803481757e-05
2.312435429016413893e-05
7.078362510864711309e-05
2.697783107632039388e-04
5.606752104230765948e-04
1.010023138048791016e-03
