2.429939624652752530e-05
1.669654046815459620e-05
1.436945222876459224e-05
1.554654391236537294e-05
1.712292461713241733e-05
1.655195631137977030e-05
1.468886807148150180e-05
1.343870434033347416e-05
1.368883429839517880e-05
1.553272191139666545e-05
1.805947609308881230e-05
1.927901848204885464e-05
1.822893997402049695e-05
1.721426343313733570e-05
1.838477923227179231e-05
2.061002408862872985e-05
2.205947292568443674e-05
2.427147631949120606e-05
2.180760780057459637e-05
1.485904859569459809e-05
1.303460668349850038e-05
1.417826040493672632e-05
1.513643364400558206e-05
1.400314305806056703e-05
1.205779045421151036e-05
1.081003364772025035e-05
1.086583107554778846e-05
1.216858793803478079e-05
1.387681524391951714e-05
1.477509538231952008e-05
1.437433537948012651e-05
1.401196364655264866e-05
1.492867261579956117e-05
1.607220428543003801e-05
1.666910213817385364e-05
1.894277265978821091e-05
1.975607532966860822e-05
1.343067867690426373e-05
1.163581789057675907e-05
1.244224922650876157e-05
1.361075325152117357e-05
1.383046587529870782e-05
1.344509208794278496e-05
1.285726847270083813e-05
1.223678215534868540e-05
1.175794213371189896e-05
1.172490706245018844e-05
1.240382999406308691e-05
1.337848088047553700e-05
1.399849574178408697e-05
1.413639717557535168e-05
1.372897606877835486e-05
1.374541038557926340e-05
1.631025173540911720e-05
1.550188361597920327e-05
9.266952979265632247e-06
7.186842793737346487e-06
7.498516757482180264e-06
8.875272421229963706e-06
1.159560887179444246e-05
1.619733285101556652e-05
1.951536675901535477e-05
1.777326163253044029e-05
1.355712213770908465e-05
1.097968370845346742e-05
1.108843310779858047e-05
1.313810348634096526e-05
1.498418357987423909e-05
1.474341813638769448e-05
1.326977825171400851e-05
1.289285710269435809e-05
1.548284798655398032e-05
9.408901164724182907e-06
3.918737239966149860e-06
3.301842984383854953e-06
4.873471682662907033e-06
4.521604416851248598e-06
4.563215679511419445e-06
1.043303561859339330e-05
2.417566287652014859e-05
2.718048096218719537e-05
1.815904836873311149e-05
1.188583279225953442e-05
1.028004776574300225e-05
1.173998126668707401e-05
1.422086069110149011e-05
1.508756682303948847e-05
1.401877651795101109e-05
1.330330235393900434e-05
1.523214133641757819e-05
7.793101807511207537e-06
1.621530075383327721e-06
3.714632573247274196e-06
3.642800099036303538e-05
1.004506717375621493e-05
7.287157348825372992e-07
1.408745584339698679e-06
1.272261577664655254e-05
3.379069744335082753e-05
2.745548041939695625e-05
1.587549540961649393e-05
1.062964394696192006e-05
9.971991351829980537e-06
1.181517342967492437e-05
1.390437177932243879e-05
1.417534007425935210e-05
1.341562190937047918e-05
1.456810775125355610e-05
6.835468759859443901e-05
6.525033311431495971e-06
4.718493675717387950e-05
1.127859763142753831e-02
4.854788031040992982e-04
1.475475957119241301e-07
4.817085972433817318e-08
1.788684344815901186e-06
1.703362787347284985e-05
2.813617659166328563e-05
2.267277337924747263e-05
1.421610120736128578e-05
1.056533069668121339e-05
1.071211064169500605e-05
1.235846204651736697e-05
1.323202322983951467e-05
1.302534349671821942e-05
1.428126432756377480e-05
6.768374746870587690e-03
2.427110703383618395e-03
4.905708754134783210e-03
9.522776476096435072e-01
2.454028138161859149e-02
3.241753330974773917e-07
1.053786037113191275e-08
1.714569948772845729e-07
1.117226854965937185e-06
4.685879457152248049e-06
1.676828626747172226e-05
2.182031621646976497e-05
1.566576988623495024e-05
1.209859053131826262e-05
1.169084900861709553e-05
1.244219881322492187e-05
1.343952948447202567e-05
1.585500477454371255e-05
1.010453637540935888e-02
8.344699106755694151e-01
3.729812677695111822e-01
6.714595883528575726e-01
1.117912114140438007e-01
4.489389290310515145e-05
9.003538062962581653e-07
2.556886452266467369e-07
2.361596849457024689e-08
7.877798168254148118e-08
3.225197640020548136e-06
2.381886862930575300e-05
2.412518785357290062e-05
1.455471506215220713e-05
1.142770246146902439e-05
1.207018163837804580e-05
1.460830785127004783e-05
1.889536863406692058e-05
2.389791415090796109e-05
1.827930650639484345e-01
1.368665746604535327e+00
6.686952566717742075e-01
7.446938522940622640e-01
2.682275233897735145e-02
3.746125414907850587e-03
9.070678687168556202e-05
4.787936823468041708e-08
7.856427318608670199e-09
5.582805978352752187e-07
1.678787232647783713e-05
2.891470209988555897e-05
1.603630549284947929e-05
1.102957671761842845e-05
1.145837956221932948e-05
1.485131035101829546e-05
2.080327573514441077e-05
8.576354946596447990e-06
1.972626788978083454e-02
1.254018129932445991e+00
1.851487858471536629e+00
1.628206400270363563e+00
4.787236440827342121e-01
6.214773479607799134e-01
1.769264273535086085e-01
8.923164069822860198e-05
1.813630684164789692e-07
4.830235442051005957e-07
1.089837480971120456e-05
2.852430158433080155e-05
1.736568399699757145e-05
1.113679098605836476e-05
1.078570489249944820e-05
1.385233404386677332e-05
2.050034630626399655e-05
2.655811042740228566e-03
8.234170278923595987e-01
8.131251778500324434e+00
1.711727937828997126e+00
1.616657240354751224e+00
2.499282130191967877e+00
4.480468882380591045e-01
6.977730909322860109e-01
1.703250292434229166e-02
3.813034019216601583e-06
3.512302043330211160e-07
5.361832594796738172e-06
2.576649410810651856e-05
2.025736977428190279e-05
1.259751258923961028e-05
1.100719719552351415e-05
1.339440357858918181e-05
2.027092192043749682e-05
1.122754877892532047e-02
5.139071625252276121e+00
4.182528523239368923e+01
5.156898088217966247e+00
6.940715191454299493e+00
3.759766420990358071e+00
3.771349939208514662e-02
1.272527148422465393e-01
2.042327388037326608e-02
1.583668999091913730e-06
6.385960055374401299e-08
2.060188736004905586e-06
2.217273172079037765e-05
2.368239133623414061e-05
1.499876098105389680e-05
1.227171111211527296e-05
1.434753710978174883e-05
2.173980141142276847e-05
1.133164475435703700e-03
8.875272488606477106e-01
2.323312831214574459e+01
4.831112210045622746e+00
1.891729267196933018e+00
3.036650767105138482e-01
3.196670814592288828e-02
7.921975987980396372e-01
3.892379994912638363e-02
1.079473230775493055e-06
4.776498788345293907e-08
1.810145909449915343e-06
2.109529292449085350e-05
2.453292062980025001e-05
1.597734281704933130e-05
1.286315673748211423e-05
1.511897569993647586e-05
2.344390021445438092e-05
5.619244841538030766e-05
4.676413454994375607e-02
2.771879472865807159e+00
1.133767441017860422e+00
1.211541014543587647e+00
7.017361446925587387e-01
5.218233123619461789e-02
4.103365250404399783e-02
1.022903649674378017e-03
1.056646299398155563e-06
2.948102374423721056e-07
4.694126410294526446e-06
2.262882146004325840e-05
2.168758143805284670e-05
1.438455566749727833e-05
1.172360665128398427e-05
1.427484126731888163e-05
2.329794966512161721e-05
5.251424762051154926e-06
6.731860371015153596e-03
1.194998289678959713e+00
8.543203163472768980e-01
8.678576593911012660e-01
9.336073370366768098e-02
7.536729724608505780e-05
9.148368479726138955e-07
4.680012862716490396e-07
5.564255557996079260e-07
2.512471420192293169e-06
1.370380472017534191e-05
2.250112109863253593e-05
1.759108789405076304e-05
1.267985498956878307e-05
1.095023258816732188e-05
1.356805232833844941e-05
2.215020958096483293e-05
6.900195383541234043e-06
9.940285912824742970e-03
3.777182390743738516e+00
1.219406412798928363e+00
1.313568818517074979e-02
1.821558996451083217e-05
1.423148245389835924e-08
2.145578697635710133e-09
4.986883343433450491e-08
1.734485361510351349e-06
1.302581326220615926e-05
2.310794532839387325e-05
1.923406257183758267e-05
1.485719337309743020e-05
1.260988121687442494e-05
1.191705578057489810e-05
1.444259371487766449e-05
2.175044903101546495e-05
1.357269712360621251e-06
1.062892217092217264e-04
1.028916265559881443e-01
8.641619547362400233e-01
4.292195131172951358e-03
1.181663440815917185e-06
1.233606812848905052e-08
3.821565647233137851e-08
1.240748013342700883e-06
1.432253890134416734e-05
2.954860749935461255e-05
2.254355829262443898e-05
1.537601837086268884e-05
1.366626480411289990e-05
1.357724129854801750e-05
1.365523600662702598e-05
1.589534792954615900e-05
2.196307431953698454e-05
7.632396955780398762e-08
5.704966872361668470e-08
2.206878818967264387e-05
1.420521596396296000e-02
5.267383073051512370e-03
1.844342317534539822e-05
1.178345883686487495e-06
3.593703380417233585e-06
2.047607814363728763e-05
3.977755593499479164e-05
2.989507007447314154e-05
1.670571349999173491e-05
1.237485162984413998e-05
1.297813610553198443e-05
1.407277943562658099e-05
1.414299197776889327e-05
1.574987419882082360e-05
2.112860054981153868e-05
2.217549365103432226e-07
2.074874214141961819e-08
2.690029597999246543e-07
4.656206592773351347e-05
1.973313733900910615e-04
2.897453096157963918e-05
1.117774928343293536e-05
2.074583807771954307e-05
3.749885167702013330e-05
3.498948708650364506e-05
2.073352409159876254e-05
1.235068184073202827e-05
1.069715259761042672e-05
1.229528521571477139e-05
1.331955930785160884e-05
1.280172335993940475e-05
1.382866838580619180e-05
1.900785000643967433e-05
5.784263454621177148e-06
1.056518274371274419e-06
1.054574712352281207e-06
4.929578953446193645e-06
1.210033860670553151e-05
1.129622179495610921e-05
1.238737113067563865e-05
1.811319215085373146e-05
2.240949860882738808e-05
1.971993028652797579e-05
1.395522927096004017e-05
1.069449976807811916e-05
1.070187245459605052e-05
1.206406267368655816e-05
1.205215520566026856e-05
1.108671876334439562e-05
1.209785605496081136e-05
1.735178959831099090e-05
3.409937892026209717e-05
1.629598455033958693e-05
8.654839154587235306e-06
7.323598766729353426e-06
8.137932542386085383e-06
9.434299475013348745e-06
1.075801807833084926e-05
1.192988969842272325e-05
1.262806950997791785e-05
1.204212693599425178e-05
1.098390208017843841e-05
1.112884212484265039e-05
1.233207855692366294e-05
1.279500747619187997e-05
1.157575390852056472e-05
1.043264373394141952e-05
1.165162039425933230e-05
1.691685678870110879e-05
3.642724566234258906e-05
2.378888131469813385e-05
1.423800646375166480e-05
1.038307494992273337e-05
1.032743965732759653e-05
1.164430729059375360e-05
1.193871861417835942e-05
1.140443450957093510e-05
1.106910215719435904e-05
1.065507177249182158e-05
1.090110860382774483e-05
1.265648098736631679e-05
1.429343525517798948e-05
1.386783947382890555e-05
1.221706493265461898e-05
1.121553587079274694e-05
1.247200557306446257e-05
1.737788287990045058e-05
2.437648446551391116e-05
1.653963027100543225e-05
1.203347092311377574e-05
1.090832085993955921e-05
1.247795754677791649e-05
1.504213449146479008e-05
1.606400254118777075e-05
1.570058897546023577e-05
1.492136687095628948e-05
1.361178673950899493e-05
1.331334429781585805e-05
1.475290242664232619e-05
1.560822890474317627e-05
1.489825499436435053e-05
1.413315999858554414e-05
1.398012304477129840e-05
1.530639892327721621e-05
1.965808136894337961e-05
2.163693711799245936e-05
1.624152524521500348e-05
1.404421674805152366e-05
1.457738528330695505e-05
1.735363879978791936e-05
2.087845494992118987e-05
2.305836104313441353e-05
2.383097509464197374e-05
2.307503129877903057e-05
2.052338672283851920e-05
1.889933207524419116e-05
1.905046742842509362e-05
1.870719067050422563e-05
1.811873640748235846e-05
1.893399954245228228e-05
2.043561210124177307e-05
2.209307056865817280e-05
2.551263513426642413e-05
