2.472720833984095104e-02
1.962982040911813719e+00
3.943666710876541526e+00
4.208372926661296809e+00
2.638196412730463347e+00
1.537524216584831516e+00
1.433258521037515276e+00
1.534757781571621571e+00
1.616147170069010430e+00
1.283485582764926081e-01
5.684577660863808377e-05
9.064131266519050232e-08
4.792952145951067274e-07
3.963208674207810233e-05
2.098968756915461833e-04
2.803979802535559989e-04
4.177020196783132254e-04
7.979434524230059195e-04
3.939914623396377144e-03
9.449386899548088969e-01
7.258271362049410591e+00
1.548746942439181540e+00
1.528907941454070940e+00
2.218192042193737112e+00
7.628793323208775679e-01
3.252059382122094000e+00
2.599070539893896914e+00
1.767423607304411837e+00
5.032328722467510618e-02
1.628723748323318755e-05
7.422475094016165783e-06
1.596205260460991976e-04
9.139329596285343819e-05
4.730014042551163679e-05
1.282977357793384796e-04
4.541648836534143948e-04
1.526509408484070466e-04
3.357978763509691239e-02
8.240062002207543257e-01
1.194611263776337445e-01
1.627544841815787013e-01
4.578134042780025725e-02
9.847210304660132096e-04
4.768519702234896851e-02
8.301727998349135440e-01
5.063785399858389269e+00
3.919434982984079774e+00
6.774426407985910739e-03
3.261933839876515837e-03
5.776995793910211924e-03
5.684737011934299018e-05
6.851661281127176517e-06
4.833324390814300417e-05
4.166615249089837656e-04
1.151558486195452730e-06
7.361713878538884471e-05
4.177545039768229551e-02
1.671926261248670997e-01
4.391244957535760940e-01
1.121694400621088411e-01
2.122745716351844697e-03
3.408485263371070079e-02
5.677072883754165356e-02
5.536147226554791884e-02
1.871636175892124498e+00
1.312663338157092463e+00
8.041710740866729878e-01
3.432427766761706606e-02
2.120830626524846361e-05
1.406847790806887773e-06
2.221282222576020170e-05
4.474373558466469814e-04
1.435219615771047464e-07
3.143392825161500770e-06
1.618058243744725788e-02
6.720258368703185825e-01
8.859135032405501819e-01
6.036699166710670639e-01
1.797941817679938048e-01
8.205911977900003373e-01
1.921361670417984224e-02
3.716030328950280367e-04
5.205859062177557728e-02
3.737380474629086624e+00
3.062676998444296306e+00
4.730709567840442331e-02
3.348036603853953068e-05
1.054760891509462742e-06
1.077429651224366127e-05
3.688201873225942944e-04
5.306199824657692613e-06
1.362687249249260133e-04
1.100609745486062219e-01
9.651532431602926065e-01
4.811428259082990988e-01
1.226529661265851612e-01
1.004319753013359351e-02
1.572077713534777987e-02
2.967382559519225835e-03
1.034391662229162604e-04
6.932615826601002101e-04
6.210850249090490299e-02
2.197911856245038820e+00
8.475875403618162718e-01
1.090564700900446002e-03
4.529566597770731020e-06
7.132472458037272564e-06
2.150193325389392518e-04
8.786915769167550846e-05
5.386264872238223471e-03
7.912825710955344594e-01
4.286471349137390141e-01
8.886834857845178626e-02
6.227136073462858495e-02
1.349243449244036689e-03
1.930223413889225526e-04
3.040977579193488572e-03
1.725917074307708673e-02
6.013627354432937548e-03
1.380793547539840675e-02
7.542252780615728014e-01
3.062695111419530658e+00
7.576331084620507861e-02
2.137954752741195888e-04
1.139686477707156551e-05
6.872117575765220130e-05
4.825453232580947260e-06
1.876726131477664749e-04
1.242942623976137223e-01
3.943760135213968954e-01
2.190675134978096461e-01
7.837503214865081391e-01
2.085312591191007536e-02
3.537774991000006922e-04
9.943836812838105152e-03
9.552532862238146683e-01
9.087340551630994634e-01
1.445877832448105305e-01
2.835740673047959168e-02
8.646660356485852406e-02
8.744427476750109562e-01
5.648108530442408522e-03
3.135008106594105545e-06
3.363578711909561167e-06
1.668578008531938653e-06
1.196240871605903417e-04
1.205125210388256346e-01
1.399060274695748562e+00
9.224946677775102133e-01
7.828828186891434449e-02
2.409440371397976281e-04
3.334945162299341278e-05
9.444068760169618349e-04
7.862275433935295849e-03
1.028472441456399489e-01
8.419080451867734238e-01
1.797265562490857338e-02
1.436356435770107069e-02
1.988994521666567872e+00
9.496415504984525788e-03
3.799731897040174770e-07
2.597533806270023869e-07
5.657883104097597023e-06
1.287429809750930895e-02
2.662184757716322459e+00
1.811608053997298740e+00
9.298875678007755274e-01
2.573747220159437049e-03
1.054096346956887273e-06
2.049604334657929118e-05
5.368096180227760819e-03
1.767249978420584765e-04
4.651883310456680296e-05
3.794352432795176401e-03
2.280964612984189791e-03
7.601587837565895907e-03
2.926874975665793688e+00
1.350774378986095425e-01
1.941957052515871712e-05
3.323832176867059437e-06
9.358810907581710086e-08
9.145688470715451768e-03
1.404366497119599932e+00
1.154022630869690896e-01
1.027602212632512391e+00
1.026819529105413159e-01
1.494535135135343143e-04
3.927798469613994099e-03
9.754274591383608195e-01
2.878390596808010765e-03
4.473235372602951608e-07
2.062197168236549224e-07
4.747133171768423194e-06
1.343769129304552825e-03
1.083410245233078717e+00
7.531991282113651431e-01
1.805084176914336248e-03
8.825573261415784387e-05
2.069450241592465737e-09
2.779251261333230607e-03
2.413556983895129626e+00
1.512340136639872268e-01
9.681956126214507075e-01
1.631806333831562483e+00
9.503723091043850268e-02
9.556672789895745423e-02
7.354432730635620530e-01
1.517082401702628536e-01
3.098151879267471357e-05
1.791586395271889493e-07
2.324732748882745118e-05
5.470294440530553554e-02
1.895426793557900558e+00
2.950141251947923093e-01
1.839746645242390293e-03
6.441112048352230562e-05
1.926251299439807598e-06
1.934206219106436864e-01
2.332645153138417271e+01
2.090641344685680636e+00
1.608580269450001765e+00
1.916322479229880527e+00
1.605770503930384008e+00
9.309988710321767114e-01
5.939400142567975438e-01
1.613314575313188781e+00
5.295391691050096300e-02
1.605420651558816430e-03
2.448164634991641456e-02
8.575660612421158735e-01
2.122322972803433405e+00
7.089178938309671496e-01
5.251370754708771169e-03
3.237066672628926656e-05
2.511360482061039331e-02
4.721232547023246795e+00
1.865395389066415177e+01
5.054900446491322974e+00
3.307955770650587546e+00
3.077440236615347047e+00
4.898905825281570370e-01
7.286103327210281533e-01
6.962143391953864446e-01
7.502401188350410477e-02
1.160892547994610419e-01
9.310261885247179681e-01
6.182127634168343988e-02
1.264850718448603650e-03
1.844218570242943389e-02
1.154419061466625873e+00
2.168605749276862268e-02
2.479519570101369882e-05
4.218192959689549999e-03
5.669441159069874003e-02
1.767748426322536703e+00
1.404041032099099917e+00
2.303197333734975649e-01
2.836241071660040025e-01
2.442550737709141273e-02
1.514380539191491071e-01
2.592481258942775368e-01
4.637089179928380626e-04
2.440759179521947899e-03
8.855261995016618926e-01
1.281357214699573553e-02
1.806880211996075012e-04
3.103305063485929660e-02
1.855928815584996006e+00
1.165544631901918766e-02
1.991230423470286522e-05
5.706636774551149087e-05
3.754245745920421155e-03
1.300866425341808963e+00
1.291977121176577148e+00
2.587628958446486216e-01
4.405674321049790065e-01
6.863480268032705334e-02
8.231045598133464036e-01
7.413325595208942742e-01
2.036596476159586045e-04
1.791323675522542356e-04
3.400938794386700048e-02
1.956422078961233407e-02
1.120556137592022550e-01
2.887851007071426501e+00
4.974851891689190814e-02
3.676684803669694320e-05
3.354425178705672551e-06
5.596091721479535950e-05
5.025380809146176575e-03
6.186208453742091384e-01
8.159643735405123222e-01
1.570927235473158712e+00
1.569244500441983270e+00
1.876004107554033601e-02
3.023305891374768531e-02
2.589656313401480503e-01
3.400723978359971623e-03
1.234886532651127775e-03
3.258884146273154786e-02
3.729412017660472395e-02
6.114824047505885707e-01
2.253083427144791706e+00
5.259508675082973659e-04
2.115205605445600996e-07
6.154340499273040588e-07
1.379897865105483701e-05
6.159427869485975060e-04
2.590455936899666578e-01
4.539360896191546035e-01
2.389081031306606040e-01
5.071510510143137918e-01
5.617899415301043538e-03
1.292967236198555407e-03
8.145645454057832691e-01
1.995375072610280576e+00
1.022612155552324320e-01
6.283948470313445167e-01
3.436108897510461446e-01
2.780610451128564531e-01
2.753464490343740856e+00
9.770956518172769362e-03
2.870429338691178451e-06
2.785098203233057056e-06
2.547884883274456145e-06
1.742132094649733549e-04
8.951511160064159478e-01
1.229271136579055179e+00
4.487907358034110700e-02
3.142809178807838277e-01
1.457963787872598206e-02
3.173158783409169600e-04
1.388364440621356055e-01
1.837147227472577971e+00
5.311058919561480185e-02
4.545544276885999380e-01
2.244869306508120221e+00
1.124470459369994790e+00
3.003684153360954401e+00
2.643488290106070504e-02
2.109183000743625704e-05
1.464341192756606960e-05
4.509545084578228993e-06
5.040941513344392990e-04
1.143479608049216001e+00
1.593258560533542534e+00
1.970498962885091909e-01
5.804863441995994355e-01
7.964465438699998637e-03
6.638149880360954148e-05
4.809240347007701219e-04
2.616838021393879526e-03
1.173002024135224274e-02
6.110849952753483194e-01
2.800510819967056531e+00
7.766501502013584135e-01
3.045394161164137817e-02
7.321537282940680195e-05
2.342895813844692596e-06
2.323965310999572415e-05
6.162039318114390259e-06
1.836818109177869264e-03
7.324873140989954790e-01
6.535450889363570992e-01
6.223018014611934046e-01
3.979589525062154909e-01
4.032458881696106799e-03
2.195336041785591035e-03
7.255754075835774836e-03
4.559815579541330773e-03
1.703963529080625983e-01
2.966099006881246503e+00
1.544204899582079626e+00
1.010093332399212285e-01
1.883829487843323360e-04
8.880112771024473071e-07
1.467937983035476906e-06
7.516045052120337024e-05
1.281894892506385836e-05
2.128827350973047303e-02
1.427407640721611859e+00
1.292861169640969476e-01
4.202219175546404450e-01
6.989892394375941675e-01
1.163351902224761363e-02
5.102162537570294892e-02
6.749198502432142144e-01
4.092786978634050388e-01
1.345875208963131842e+00
5.590147575878039454e-01
3.905896342724578946e-02
9.267161476400498799e-04
4.301676487150343033e-06
7.143054195465391690e-07
1.178355240767511657e-05
3.395711234526090755e-04
1.191777392398681627e-05
9.695798377616736755e-03
2.698016961368704392e-01
7.195872949992254686e-02
7.395491472303007408e-01
1.009554840050111091e+00
2.841179398137671369e-02
8.739527301476869570e-02
1.156898142697800003e+00
1.809177135513313939e+00
1.396403453356512836e+00
5.919767693634108152e-01
3.069116004146272766e-02
8.126139060970807826e-05
1.347929015105731471e-06
4.036055032385784255e-06
8.668839793671516273e-05
6.680685402023659814e-04
8.752298611659279476e-05
2.159306529573925756e-02
8.443104963992849044e-01
1.002396722149781594e+00
9.868879743102165758e-01
1.546185019815780048e-01
5.340887000326991624e-02
6.846511954749927575e-01
4.203829533580825562e+00
1.777615309961459999e+00
7.439303684746043088e-02
3.534220654733161854e-02
1.519566830892386811e-02
1.145956060359672559e-04
7.621076894448891897e-06
3.651302589938072447e-05
2.584421240729084177e-04
6.993102948826885506e-04
1.098136241793799817e-02
9.560481848815008954e-01
6.095953027897032861e+00
1.910076585135528360e+00
1.156920899157409810e+00
7.711663103233820094e-01
1.080904162917547540e-01
2.032687635991600045e-02
1.835195247905686833e-02
1.100444465483995694e-02
1.374656310553804223e-04
1.250714200577315037e-05
3.922436153559596473e-05
4.027353658747408492e-05
5.868760619197713765e-05
2.466317766000015142e-04
5.850608236127793080e-04
9.025980650323498465e-04
