8.380285660022663757e-07
3.235921413063554526e-05
8.534234985237729165e-02
1.904079853079249096e+00
2.338931948976382194e-02
5.357505482518464267e-05
5.376622169799538371e-05
3.511279753507845491e-03
4.398185539204601743e-03
4.910694991671608499e-04
1.689191030386033793e-05
8.222522416153327199e-07
2.248867656442595216e-06
4.001238205848464419e-05
2.340525165189048513e-04
3.620870670022754501e-04
3.182164135326403316e-04
3.519399790871309834e-04
4.114226002342746394e-06
5.229641446271859895e-03
8.771590737135903648e-01
7.283183622428920923e-02
1.170762117599973180e-02
6.071684908384499500e-03
1.753887880145220401e-02
9.727648187925561629e-01
1.991074400301272362e+00
1.024134792459066023e+00
9.523333866758902644e-03
5.488394475361582497e-06
4.780226497169296550e-07
2.009763674157050025e-06
1.713104182176031790e-05
8.693866890675257903e-05
1.722776396084295652e-04
2.624488374880234076e-04
3.380152570463825449e-06
2.213900361103194811e-02
1.042992591366103339e+00
1.386820417069354813e-02
5.577157693110775666e-02
7.491076404571181957e-01
3.304207105895200502e-01
6.285365301874225041e-01
3.639083953529835824e-01
1.705728342034408707e+00
1.071823290380046645e+00
5.858997498600818955e-03
2.443267900649313766e-05
6.303727230049676137e-07
9.311449609330335835e-07
1.382618980663037499e-05
9.367301522452508688e-05
2.546728430788086465e-04
4.348569128201438829e-06
1.786956302308690889e-02
9.102748948794605610e-01
9.513649920820876904e-03
4.863789273341157307e-03
1.073017134812784268e-02
1.465998740056028002e-03
3.193813102299597603e-04
1.971129802042646042e-05
1.215940133013618718e-04
1.056807736233084105e-01
3.909561491114314613e+00
3.198424789344721242e-02
1.423558042742004529e-05
1.795273774215641181e-06
1.162478726093221144e-05
6.906343453874228195e-05
2.430697160730692483e-04
6.138820212318085055e-06
7.376215352953133285e-04
1.866241148468088598e-02
2.581466750635313164e-03
5.042931773103743413e-04
6.595457065879207028e-05
4.085986804200447299e-06
6.564857171055774147e-07
2.730535453403484675e-08
7.593639671391514814e-08
5.866713862310373676e-04
1.956727604486827810e+00
9.927896652509397013e-01
1.756884120106638400e-02
1.711031333813154863e-03
1.832215030348871684e-04
5.549759969881637705e-05
1.311610967731054254e-04
2.019743019279171258e-06
4.000934151364868756e-06
6.280735270780259073e-05
3.640990551022081894e-03
6.236458305379975753e-02
1.605857410655007859e-03
3.450668099769181998e-06
2.261806502508013270e-07
4.779420642973846383e-08
6.465286815234508364e-08
5.620870465089559922e-06
9.349515483002409852e-04
6.190349338607632756e-02
3.962507612709060822e+00
1.005651260484607512e+00
8.469707055205592415e-04
1.169967133458211192e-05
2.860105722878876461e-05
1.063287415134555664e-06
2.519385401674093651e-06
2.949850227401889998e-05
4.828685408099972314e-03
7.830813606257782666e-01
1.689766617444306632e-02
6.849059885825628696e-06
1.658089701137265574e-06
8.953205827782830559e-06
4.640658797864048809e-06
8.142702109715778320e-07
1.066001765670782742e-06
3.210702671541048963e-04
9.520441713882235035e-01
9.610924219556830073e-01
6.948467485294185101e-04
7.438676556293970099e-06
1.564796163166940271e-05
3.720668760887634604e-06
1.343230637899767892e-03
2.191052257610354853e-02
2.563041277311032401e-02
2.874616476788193209e-01
6.758454234132017270e-03
8.745396006289090932e-06
1.174804677055977685e-04
2.681986361971742255e-02
3.042541378769516355e-03
4.462311545116643517e-06
1.788032458341581574e-07
8.248322549617692669e-06
2.513578234658432262e-02
1.122226322084641792e+00
4.598186449672873877e-02
3.938394964661430389e-04
6.810962973984441271e-05
6.665526381097282421e-06
4.692786308991296618e-02
8.348999390784466179e-01
1.021918418055284827e-01
5.459400934979159459e-01
1.138980680620217505e-02
3.580414267462575360e-05
4.528531181922360559e-03
9.092890837421659933e-01
9.615609696548994487e-03
6.923980462560213795e-06
3.080924392420172791e-07
1.277020664692665014e-06
7.993133614730908894e-04
8.319008742097668829e-01
8.482030056823061104e-01
3.549479620862399168e-03
8.711832910274492205e-05
2.544797175709453402e-06
2.095300202303471311e-03
1.294227976043172551e-02
1.316820096977518000e-02
4.551564784764464133e-01
1.249347957501210048e-02
3.609753599173820635e-04
5.740080881073049424e-02
4.742725847279231216e-02
2.352510347692041457e-05
1.692040490619532583e-06
7.574911727272371038e-06
3.724639199585179791e-06
7.625210780412645310e-05
1.114501811027689276e-01
2.792907728174742754e-01
9.993401229027819559e-04
2.726691005424637058e-05
2.375804134429362847e-06
1.478206565593633264e-03
4.364615291792850460e-02
1.024275000987263928e-01
3.619623309475185069e-01
1.209392418227813251e-02
1.254404383683923284e-02
8.639704343421025223e-01
7.720088751755916148e-03
4.017710869956033406e-06
6.962986524912121908e-05
1.525609295568106441e-02
1.334836188539426311e-03
2.101398397678841228e-03
1.018127339101000173e+00
5.703428877964407118e-01
1.323721849477032262e-03
5.805732127125130490e-05
2.505017140569827514e-06
8.536549921700154614e-03
6.792088630851187858e+00
5.039943068972215556e+00
4.431203973841569277e-01
2.084383907090881505e-01
1.012690510810016375e+00
1.018846203852748156e+00
3.171365006278878407e-02
4.204099833427042861e-03
6.851640892772041525e-02
8.558609448142118215e-01
4.013490631902537353e-02
2.345795422308729478e-02
8.002530313288257480e-01
5.295921640124627849e-01
2.839545446546808127e-02
2.566836967795480765e-03
4.515019333191843336e-05
6.173478366904921327e-02
4.716298139677257240e+01
1.996795601689533939e+01
6.790949262131706909e-01
2.637419228304494379e+00
1.967553587837934881e+00
1.939466600832882512e-02
3.903898983026742736e-02
8.582114524768748032e-01
6.724997817616705509e-02
7.651504178945634296e-03
2.805650763873949322e-02
6.764045935271897902e-02
8.262374412003263557e-02
6.178542089672336424e-01
8.723839069376287947e-01
9.346766975878740072e-03
1.003919272823687071e-02
8.917070310657835286e-01
1.496692887488150348e+01
4.862406546510436911e+00
4.018723158176790156e-01
3.289448119869551879e-01
9.448471682867470856e-03
4.507709295288792918e-05
9.731224232608179803e-04
1.761461272728487640e-02
2.302880479808477646e-05
4.055003431274472118e-06
2.263759678580519116e-02
7.705266852668800626e-01
1.161314813250329675e-01
1.258338203367638908e+00
1.074279072178665057e-01
9.853324834536087413e-06
2.655318664845684410e-03
2.562498908171655446e-02
4.212527041164768060e-02
7.780121321849023386e-02
7.104514598134042958e-01
6.965489123878749744e-01
1.247046655326204678e-03
6.968946134925058396e-06
1.438783679740324368e-04
2.227437885645168448e-04
6.309693057400853611e-08
3.266438558558683876e-08
1.692687499998825557e-03
7.110655405721433286e-02
1.396486175947452175e-02
6.447276975834750345e-01
7.237223855222301057e-03
4.678608621110575722e-08
2.987374449382001036e-05
1.747792279104243155e-03
9.350871331340186374e-03
4.138736463745852114e-03
1.026122774141477872e-01
1.254691659395184011e+00
4.638403854031495840e-03
5.003264276653810616e-05
2.517936770362137928e-03
1.062941459483587349e-02
5.631203031193466623e-06
4.834838705462719244e-07
2.252924226802925298e-03
2.911745096502900421e-02
2.827712827808499287e-03
2.128358782198911947e-01
1.369940295880655960e-02
3.017226186261410998e-07
1.389455391284498696e-05
2.439572810829127025e-02
8.971705184436754577e-01
1.202573321964049875e-02
1.438858144025051411e-02
7.921133428393911657e-01
1.731344996360816360e-02
9.556244997098618929e-05
3.341373417641322913e-03
9.069311106423660895e-01
7.063044867107681757e-02
6.625447961517161050e-04
4.020760206150215260e-02
1.707513241390680170e+00
2.854087517303530164e-01
7.353723719011133753e-01
2.211601907557269805e-02
3.580959469263521199e-06
4.013167925029446650e-06
1.449272535308028954e-03
2.787558212187040210e-02
6.778181736208744668e-04
1.020310533609495533e-03
4.802024043349219229e-02
4.522854844502304655e-03
7.202266844141747470e-05
3.035492411721762681e-04
1.011239876915627084e-01
8.757242920788909091e-01
7.156249550632802318e-03
9.501577482317126108e-03
2.220898687723376064e+00
1.744812382244480098e+00
1.086910997475923346e-01
6.258252616172981300e-04
1.108775382280236758e-06
7.799230308888262326e-07
2.521661049960037036e-05
9.223692042460676004e-05
1.263451776653073324e-05
7.010759589006451719e-05
4.469358478697925798e-04
2.818371634525081528e-04
2.975442521554738217e-03
1.233963946039845321e-02
5.469819011166000312e-03
1.152640494524269019e-02
2.357497826962886255e-03
9.907143707866271007e-03
2.905762729665139599e+00
1.142719259605964099e+00
2.544233099900568632e-02
2.574286117916993076e-04
1.060173592325035291e-06
2.481118997101096386e-06
1.597052534323923712e-03
1.696880261396805159e-02
2.835214450863918212e-03
1.332410525614709761e-02
1.791004698648245063e-03
6.474689505276841252e-05
1.893513148972896659e-02
8.813501271756754019e-01
7.615001933884338499e-03
2.232847863212657647e-03
1.375302949474681985e-02
8.607608078264160356e-02
1.730425595197195410e+00
1.167800613393055631e+00
8.080573897150222784e-01
3.493319570145014125e-02
2.492037916520477953e-05
2.654384405196551051e-06
4.261437503934844412e-02
1.837337461276524087e+00
1.534964897607438428e-01
8.411489719275847543e-01
1.980580315393286328e-02
1.841500117169876448e-06
1.536646155699750163e-05
4.524604168354778161e-02
8.169293137455303777e-02
8.888265777176522497e-02
6.897031794836148144e-01
2.862777108438800400e-01
2.364280053662385847e-02
4.086000853012567054e-03
2.401582815986964478e-02
9.072363473129096620e-03
3.814975609870989746e-05
8.512337895730461510e-08
6.747064349724355261e-04
2.519302646564142850e-02
1.141476484111723791e-03
2.861152956531994376e-02
6.371846906306508074e-02
4.015304247357058444e-06
2.634031325807675268e-07
2.447268586447712713e-03
7.907499014915139179e-01
1.065592975862284186e+00
1.143768596525070791e+00
7.624747950568546706e-01
1.639803123099149371e-02
5.511534745195565825e-05
1.282333832264693200e-05
1.710555990481463012e-05
8.079335238833028118e-06
4.331627337206374169e-08
2.667301040548127966e-04
1.719444816461573530e-02
3.608093878412668818e-04
2.519261826494248110e-03
8.796125912853930418e-01
2.921912392344381409e-02
9.298610595348793390e-04
6.743593977044037846e-02
1.105601137218594987e+00
8.973202271395754881e-01
9.148735542228182693e-02
1.757798792666620535e-02
4.014728856803951966e-03
5.457894823942119257e-05
3.458130475232940505e-06
4.909741179381747755e-06
1.954627898571586889e-05
1.955815099685356178e-05
7.187775917374597534e-02
2.844232826988695173e+00
6.709494175827011853e-02
4.385719205686958513e-03
1.140785965383064177e-01
8.190537528448338378e-01
2.251374849403070311e+00
3.579333310125037748e+00
3.296361586845559799e-01
7.707500987716915386e-01
4.086689814138314697e-02
5.286020990773357506e-05
1.281735758732288375e-05
2.598668258447047776e-05
3.102890870760705396e-05
5.771613968520213366e-05
1.631389533745429489e-04
2.822765804237841944e-02
8.683926378808027868e-01
1.211697871949020566e+00
8.580440827848525576e-01
2.192968404978436897e-02
5.992645837324401658e-04
6.987281793029334175e-04
1.628680322508628542e-02
2.310143969858420229e-02
1.135976581117297424e-03
1.300459760236127166e-02
6.816072595519024994e-03
8.068225591376775792e-06
1.557780333904233142e-06
2.573746865969592183e-05
1.859365223754727830e-04
3.784485244275780026e-04
5.774443571725868451e-04
