1.754295450522810190e-02
8.834429531653180678e-01
3.197319590778495257e+00
1.841585787479245173e+00
3.344046888634806536e-02
5.644834702461080808e-05
1.181696493727311886e-05
3.910597717955662835e-03
5.975276621708031782e-02
4.049215272935467519e-04
1.651660199465483842e-05
1.463450332883441769e-05
9.915400120117039181e-06
2.708222723797627842e-05
1.635213669507693804e-04
3.369951844018878378e-04
3.315748374185599587e-04
4.422232007882953846e-04
5.218161578742444318e-06
8.854385668965653045e-02
3.818094387671271850e+00
1.058474098153097953e-01
3.447761167228447637e-02
7.000713460272332822e-03
4.056199064188846862e-04
2.448230844475823495e-02
7.476678569531193252e-01
3.392227433806075526e-02
2.258626273078263511e-02
3.915136397655579088e-03
1.067449884192556938e-05
2.009919957162048722e-06
2.351803587212385196e-05
1.372593452338267234e-04
1.969312612920105863e-04
2.761976126429065647e-04
3.651308976422220475e-08
8.681158370966239948e-03
1.020356775068539390e+00
4.204905015974992610e-02
9.049511014941045151e-01
9.520503275326692716e-01
2.643149657525966853e-03
9.141922642975128244e-03
2.804571718106587674e-01
1.470195813357368653e-01
8.099711423017628142e-01
4.523221004677740326e-02
8.410965504588696195e-06
3.432748805080037715e-07
3.369244167251732780e-06
4.434408829977635265e-05
1.563257811674572089e-04
3.084107085919145924e-04
4.473770410384130761e-08
9.740604262607963082e-03
8.524989260757618315e-01
1.046621466016027097e-01
2.076746201337217101e+00
9.457902617131912493e-01
3.301754651880327990e-02
1.371467163109708898e-01
3.961625621064421843e-01
4.780281111964509999e-02
2.197236665736837166e-02
1.614918272070492346e-03
2.577192446132905304e-05
2.460528025313961133e-06
1.005292948375404973e-06
4.645698330783762894e-06
5.966101211195774838e-05
3.279632328560824154e-04
5.742344728712427870e-07
5.179556549766510531e-02
2.062111452799708200e+00
1.449069143419064176e-01
4.114428512777043578e-01
6.195309224161080763e-01
1.650926770875699612e+00
3.016596224342417809e+00
5.062706754605882375e-01
5.171004623859668664e-02
1.205228257710628560e-02
5.385106622784338604e-03
2.196206527085020274e-02
1.646616186137754134e-03
1.653129355323306517e-06
3.461781396001732607e-07
9.189813287977238116e-06
1.830485806328238305e-04
1.550203202071258095e-06
1.085106715098781323e-02
6.624375815465054496e-01
1.707943718265996780e-01
3.497528505273579391e-01
6.691248900325111881e-01
8.770317376945799825e-01
2.275832335205230095e+00
4.447273372719160456e+00
2.000871506208930839e+00
7.589438407607955739e-01
2.296181953752007843e-01
7.676995179904272382e-01
6.458680900586868945e-02
2.611102236033464088e-05
7.007899177038787483e-07
3.465715696375912684e-06
6.291395583471678119e-05
1.283251297636072086e-06
6.694478303518590920e-04
3.158642439518443146e-01
9.541760986584244542e-01
1.434393478723182014e+00
5.431727615137316167e-01
1.342212274644478433e-02
4.278733454883156678e-02
2.988690376368112744e+00
2.457818238905618902e+00
9.107864102159256570e-01
6.258677795242748032e-02
8.697904585853576814e-03
1.850203789342440286e-02
8.224849793497074693e-03
2.373138879230238534e-04
1.185550439995133045e-05
2.477563129379428092e-05
1.064748586217853663e-05
2.570465972285141364e-03
7.933738239469806386e-01
8.706646894665145409e-01
6.998086108835468444e-01
3.146250854179406531e-01
3.248216593440871047e-03
9.523304063104479772e-03
1.863371857222003047e+00
1.957443089291291516e+00
6.928750039119506710e-01
1.119664788784665577e-01
4.790249214823228546e-03
2.642105944417030491e-02
9.122871894487615263e-01
2.746847422795850938e-02
4.523227810307252936e-05
1.721438527198417470e-05
4.396488794677509606e-05
4.600635412086759302e-03
8.173846248216318222e-02
6.766731015948260208e-02
6.237997781313293633e-01
4.515993657941002049e-01
1.654118674460156035e-02
9.075426860813140539e-02
1.130618179754844688e+00
7.441566484633432843e-01
1.613847856887725918e+00
1.701359916448843324e+00
2.256238147575571201e-02
2.579300439999325685e-03
1.630419536189986821e-02
1.891996722434712485e-03
2.520229197045741428e-05
2.561610259279014233e-05
1.272362933645563780e-05
3.449202848717434176e-03
3.562224957226058086e-02
3.373987683154122674e-02
1.005800193987756552e+00
7.703541275965769541e-01
1.374637018047525083e-01
6.151690288791419325e-01
1.287205555875384766e-01
5.246635048833319520e-02
6.548600448052394052e-01
1.431209888299403987e-01
5.721583363566380915e-05
2.886489874249011726e-07
1.009599876358461817e-06
4.975068402874710980e-06
8.125638009276353702e-06
5.677786762868821649e-05
3.683444179116267156e-06
7.108853807163574741e-03
7.031792877102370776e-01
1.871632863169339633e-01
4.485163120739926040e-02
5.023847277679274227e-03
5.740999785641432221e-03
1.225945390738921031e-01
1.037934388789277795e-01
2.123067564078831918e-02
1.330125921870875354e-02
2.068619274527185112e-03
2.152458942346918509e-06
4.005264971053489674e-09
1.021481564317249832e-08
4.629475286760436031e-07
6.337396087711116747e-06
6.515465761377575097e-05
1.630513770103152952e-04
9.297436921642730778e-02
1.034802377084328029e+01
2.671100785302363168e+00
5.196153362495283673e-02
4.166571228165318226e-03
8.710349820795510595e-03
1.165776392769508896e-01
5.262160145528066435e-01
1.348599382074704145e-01
1.019008043788561385e-02
7.352675403871383741e-02
3.910285250348638844e-03
6.371317939246640801e-07
2.468633963732857379e-07
1.178203398004710354e-05
3.077077163188202591e-05
3.773477611242966902e-05
1.342788146423373741e-02
8.416514406665325243e-01
3.856315653559880730e+01
1.258705622382331057e+01
2.493025418582815789e+00
4.510819142541381055e+00
2.538344393283241462e+00
2.047068770331238685e+00
1.629259176306519175e+00
1.554577693875646371e+00
4.317002189897659048e-01
2.496458200175401654e+00
6.320019743783926447e-02
8.226220508834963967e-06
5.482641287834948352e-05
1.557248535209134442e-02
1.747998240790848588e-03
3.899631832710173603e-05
3.924502003416832641e-04
3.898141678790690429e-02
2.969837064541345839e+01
1.304633658583850497e+01
4.061690395809444354e+00
9.853406364247812022e+00
1.040543433158959585e+00
2.262079740954784590e+00
1.101011563271947269e+00
8.066935979784993771e-01
8.278997760437025732e-01
4.813623152453500587e-01
3.404951841964981487e-03
7.859321596135249418e-06
1.389297431012114078e-03
9.400496504592060765e-01
1.915295680702251702e-02
5.482990040417657859e-05
2.924125663365203453e-06
9.955300831961781411e-04
3.486769211184345352e+00
5.305091294611902875e+00
1.992809384278635632e+00
2.680643823163744610e+00
6.621762338753256483e-01
1.461478343628797250e+00
6.529330564710479345e-01
8.045909334522129974e-01
1.545410120686961930e+00
1.232132073934685046e+00
1.132204738670941624e-01
1.071621047017007940e-03
1.745645551982238875e-03
1.629453703046079491e-02
9.433506186190647458e-04
3.863754870273218594e-05
1.172911903933056879e-06
7.153599764372699536e-04
3.223077390804802156e-01
2.978114914816705650e+00
3.772862558478772943e+00
1.620278704923498347e+00
1.992967296647442321e+00
6.040919478507276175e-01
3.674734130181312453e-01
2.213313635942791180e+00
1.332082346243783411e+00
8.399906187870600505e-01
8.011931036241985993e-01
1.764253511512767214e-02
1.395453889495768983e-04
1.595474897712175760e-05
1.138418363444836918e-05
3.363387497534507480e-05
2.256471941254377634e-06
2.751726744439646904e-02
1.759726292117671287e+00
3.169585999733396608e+00
1.699226162698746601e+00
7.076139164084684074e-02
1.944208470342655148e-01
1.873805472810702033e-01
2.493356191778233477e-01
8.248140702723255613e-01
5.962883953554996008e-01
4.170559433430645058e-01
6.509966888248390482e-02
2.494686179785023539e-03
2.229814291636707723e-05
7.417661517922344335e-07
2.020504943725096841e-06
5.778910397215266325e-05
2.676837992643191612e-07
3.491901101567956162e-02
8.656818897766860310e-01
2.087073178586598410e-01
9.553213997148453096e-01
3.124923969824807690e-01
6.499045337748281526e-01
9.269213556548140387e-01
1.384479010182308567e+00
2.664999768611412190e+00
4.285356724028516417e+00
1.366840669762988014e+00
3.479913803561538593e-02
1.477608412847195712e-02
7.755584725376972076e-04
2.834243234000517780e-06
1.936978830763755965e-06
7.767315178299856384e-05
1.888686516200831480e-07
5.896116770960134999e-03
1.046751401728087116e-01
4.087241982228725229e-02
6.903916100282588841e-01
1.011305589579041930e+00
8.658464450915638322e-01
4.124920953330706852e-01
5.859961392350655496e-01
2.096550204885897717e+00
2.764191884492104734e+00
6.556326123960150021e-01
1.176634038276991590e-01
8.374695317773382941e-01
4.683912506765965794e-02
1.613928383661516024e-05
2.453299987909380432e-06
8.144051670492823993e-05
2.824966827334190350e-04
1.483391916251610987e-01
5.559605248441816805e-01
2.815042544773870281e-01
9.237498627222469338e-02
3.276950007572077689e-02
3.274301683184089873e-01
4.432051047208506178e-01
5.322857536072128637e-01
1.855405939850792496e+00
4.842761831894487612e-01
6.992623568578905380e-02
1.990274622601511875e-02
2.420712506967399869e-02
1.295151496635324690e-03
6.597333599238223717e-06
4.618941099714454559e-06
1.281247237749724049e-04
1.958372547404374150e-02
6.929610806855484029e-01
6.610143679982163345e-01
4.968203518498319204e-01
4.167243320578100513e-02
1.162905745566708386e-02
5.380749715263735133e-01
6.055550756779247701e-01
2.744572658800149001e-01
1.365717149372328798e+00
2.525010913620701625e-01
4.592399530976718630e-02
5.013260072455170621e-03
9.794187712814927678e-05
5.606227774468543005e-06
2.780238639073737771e-06
1.736675907976450208e-05
2.565272253214488825e-04
1.337452764143159977e-04
1.663416861933929292e-01
7.054342995472369093e-01
1.554720635992824507e-01
8.892210320500409937e-02
2.840967411714513668e-02
2.635311909009046549e-01
5.686451603903911467e-01
2.674882001709956089e-02
3.322195739816877907e-02
2.716234298396832392e-01
7.411045092382499977e-01
2.051720370832084764e-02
3.531349798425529175e-05
2.969278875644666419e-06
1.055707758244309850e-05
7.320139467571832844e-05
3.504524026387962851e-04
3.968156106765124955e-07
2.002504892078261350e-02
1.804443349959630627e+00
3.540855850353127887e-01
6.404123737661774340e-01
2.058694429536325060e-02
1.083928946235074298e-02
9.906227461298963144e-01
1.388114381082326820e-01
2.817112621367895073e-02
7.456720191682585375e-01
1.545837493320143530e-01
1.063883369693025438e-04
1.370055152255363457e-06
4.733423067473976130e-06
5.441330921263064777e-05
1.679179835435407856e-04
3.150298816337589267e-04
1.514142922454603102e-07
1.004980936078168690e-03
1.102292873836001608e+00
1.854833062803991961e+00
1.290465837702796936e-01
4.674638046626324034e-05
7.163629013065926702e-06
4.371300008715910124e-02
8.468342046840345860e-01
6.838167109673358446e-02
1.513996643825902405e-02
2.516018508605770285e-05
1.845143016763509185e-08
4.142841013965496461e-08
7.409391605072035588e-06
1.574795289177276778e-04
2.666152995370141103e-04
3.273983390010022491e-04
5.951518344699642597e-06
1.702886553301214984e-03
2.978299226652574294e+00
4.994917328896194775e+00
1.528795042271190781e-03
5.220607474474992197e-08
2.408158100565873161e-08
2.218873556662542183e-04
2.237240940829757219e-02
8.678119006689660742e-04
1.107333340284763113e-05
9.973889549979392819e-08
1.295745805009756868e-08
5.168492776169239504e-07
6.521378582628715331e-05
4.896487588905112757e-04
5.321889502103232476e-04
5.834431682723942867e-04
