1.097946802813324520e-05
1.158981250556169381e-04
6.159504117745681628e-02
9.664828625962201825e-01
9.252703884167906567e-01
4.395933972992551592e-02
4.908247762062671778e-04
2.476599699255118987e-03
1.813027261437097706e-03
1.028861688873352832e-05
2.321660031172870906e-07
8.564365497605768896e-08
1.155959344498369766e-06
6.101209420635039403e-05
4.887890123319023165e-04
5.185105754176384720e-04
3.092461700281555633e-04
3.236600717924810596e-04
1.744802369810649764e-04
7.358445054977018514e-03
9.565182729541416018e-01
8.299237435913314753e-01
5.750124567040963974e-01
1.358117000073566727e+00
5.827845648927577615e-01
5.932981217377083505e-01
1.617848828114923365e-01
1.548187669591080153e-02
5.841005619142368422e-05
1.890892982566386240e-08
3.326633415554339360e-09
3.417345213411407910e-07
3.494255879976017901e-05
2.177196977275920456e-04
2.241432310864694300e-04
2.381756202098898770e-04
1.177946687449750771e-05
1.287785313530051365e-05
1.376956782772886367e-03
1.452334834059749447e-01
5.136485041785442407e-01
4.599571576427829434e-01
5.991655628833522096e-01
1.720710801649487920e-01
5.884963621933122363e-02
7.182223265734954953e-01
1.043014765448033593e-01
6.180399668636193960e-06
2.987003974225446427e-09
3.989431164067067721e-09
4.965428500289332028e-07
2.995221620768272227e-05
1.571412129755260143e-04
2.841182036339796120e-04
1.105231439346145615e-08
4.058067219970404771e-10
8.910990740861302885e-07
2.747503309165510998e-02
8.897048931511294945e-02
3.707913371576119013e-03
3.408651034116248410e-03
1.836637064265717392e-02
6.019512355398717873e-02
2.130104000313563228e-01
8.884400297573283867e-01
4.912878739763140018e-02
1.319893315613519276e-05
2.440966381241009170e-08
3.242264280789009587e-08
1.687920688803350026e-06
5.031570027002800840e-05
3.027188211617836420e-04
5.971346340764015130e-10
3.207641109660679016e-10
4.393430123851569579e-05
9.671483983287081365e-01
9.636490874284875385e-01
4.751976352717390828e-02
4.018261973341740075e-03
4.688084084918064248e-02
6.307660891694176764e-01
3.345119097598642233e-02
4.346659412932106503e-02
7.985123324153007296e-01
9.996260192883624218e-02
1.792199835022681984e-04
7.448057606623815468e-07
4.096125115390584673e-07
9.554651913293039228e-06
2.031016819790899190e-04
1.075880823120910794e-07
1.009256682291386795e-05
1.850862371050795430e-01
3.676847131900839560e+00
2.307804870911390527e+00
1.628778569272365084e+00
5.222543777159426720e-02
1.235033782431200627e-01
2.219399118291867090e-01
9.228112483108105724e-03
2.566833678273744423e-02
2.761377248753268954e-01
1.761860390158975331e+00
1.053374810541126250e+00
9.141091580270392343e-04
1.645448603469323772e-06
3.349183651713799045e-06
1.142231281595579246e-04
3.504770390827179093e-05
1.521018874518367467e-02
7.518422244182568770e-01
2.306864898288157051e-01
1.150680607588862259e+00
1.969603404855136963e+00
3.189954933745361987e-01
5.442426870632915969e-01
1.010699982021089072e-02
1.874133544978243355e-03
6.697729366453856192e-01
9.782420471411180651e-01
2.087865466612747467e-01
1.878607132037928951e+00
3.259970305604936724e-02
1.609457893762331732e-05
4.684791124968800721e-06
1.012888873135381524e-04
3.301994324913420567e-05
7.968430791356520548e-03
8.230857597440532913e-02
9.548167581835141637e-02
1.372759799448314499e+00
1.157632253246176468e+00
8.816894138400852565e-01
2.198060930125707302e-01
1.096996432437388671e-04
1.299213861172796882e-04
1.553918777287412345e+00
6.897852012778765696e-01
7.536109516127692054e-04
1.444613563131509930e-03
1.813201927455874649e-03
3.809279452784769608e-05
1.607167630003168560e-05
1.576574957911329325e-04
1.623485673124785544e-05
1.416615566054022293e-02
9.737729404584268833e-01
9.718352260214092597e-01
5.053500511551637375e-01
1.746024051861363724e-01
6.356662114496276494e-01
9.896249529576751913e-02
1.451569907747852844e-04
3.539158922561968265e-04
1.319753622578719865e+00
4.309349478681384626e-01
3.634901191179402746e-05
2.078920799955035018e-06
1.259550560193152812e-05
1.760972485383352148e-05
3.290029659255722935e-05
1.928654333709879849e-04
3.358744975602182903e-05
1.906053793561456738e-02
8.714478850494917772e-01
1.967310257341794211e+00
1.650250939234246816e+00
6.269834801488934906e-01
1.659856025758257303e+00
6.826725767841836934e-01
2.456137838578319882e-02
7.069527972687393233e-03
6.825949203790814268e-01
1.557872505744613889e+00
1.840290615435718840e-04
1.749401133271687157e-07
3.162893451337789956e-07
4.630963091985136852e-06
2.232293823976518128e-05
8.477218841451915593e-05
7.179932498169817661e-05
1.475532987546494638e-02
8.259166988032626278e-02
2.673207803009375327e-01
2.041131659124735709e+00
1.606244047852130263e+00
1.068202360371079074e+00
5.737344694383985644e-01
7.775224967229523720e-01
1.331968637808561007e-01
2.962541587710038615e-01
1.382628267328358529e+00
1.359652619759920073e-03
3.020820478506767008e-07
2.844080461255079385e-07
2.012638974212129720e-05
4.810100354168995741e-05
2.512837901709451475e-05
2.580351180794455729e-04
9.424076135770428353e-01
1.196328598919259179e+01
2.861047995453420256e+00
2.583460554460200509e+00
1.051734481578835201e+00
1.926165267690188865e-01
7.123159906418619070e-02
7.063773194135908318e-01
1.237316575451765877e+00
4.680068544055250301e-01
7.127230832362138058e-01
6.289290451947479599e-02
1.655106334163449888e-04
1.320353003592377719e-04
1.370542996348380130e-02
2.280673853413088016e-03
1.923413531040340428e-05
1.107789812269312441e-03
5.189788120374068114e+00
1.226501384515031532e+02
1.445991063854361336e+01
6.182155344465722457e+00
3.055820050239208108e+00
7.309097336339706041e-01
1.478603203084396800e-01
1.044561319052779158e-01
7.337900655269200545e-01
6.774600704819807584e-01
2.162238967073871754e-01
7.895712393101125270e-01
5.494639969698962567e-02
2.047250728189677071e-02
9.164268410851270641e-01
2.960737884083764621e-02
2.421204162057262753e-05
6.847717110894135581e-03
2.774563615508442105e+00
3.053219494036658688e+01
8.380641317560675319e+00
5.060923000228105373e+00
2.702806422659063568e+00
1.419862725326560549e+00
5.729546204652989916e-01
8.985630524261827012e-02
4.492283093375030179e-01
8.142817703374108929e-01
2.911935118565661118e-01
1.004944842543078476e+00
2.678455327317678589e-02
1.141001862180101396e-03
1.176183311375785315e-02
1.749876698687946727e-03
1.774862390257456900e-05
3.285493106409141163e-04
1.124509456162318399e-01
5.613390706677763298e+00
3.453269398819440283e+00
1.936483807936243418e+00
2.228683372143582364e+00
9.561919937284710791e-01
1.079074643800471273e-01
5.452895803197215646e-02
5.428266592623189890e-01
1.161217410535719363e+00
1.801792299058612823e+00
8.468139869438517930e-01
3.161965775145431871e-03
6.384538590883138953e-05
9.884757711550491851e-05
5.572398027255634652e-05
1.998654224716575972e-05
7.118364062925292202e-07
2.072851166822165469e-04
1.082236873012093342e-01
7.546237433842767350e-01
1.224528074999709393e+00
2.556712342252427383e+00
9.361033905566437108e-01
1.091349796164447702e-02
1.691698788924946798e-03
3.603904394236639996e-02
3.377607177968381391e-01
7.625873456984528787e-01
3.196293166869745295e-01
2.512251438441437737e-02
2.035866650434636597e-03
1.979738555294470600e-04
4.236373457505973654e-05
5.421093202047888549e-05
1.718166815602559889e-06
4.795504978633324572e-04
6.961770209911589957e-02
1.548687309171476734e-01
4.218589173523799030e-01
9.654728923793987061e-01
7.505119311141852378e-01
1.693312789386761108e-01
2.189401162040259877e-02
5.711752630078260895e-02
6.670577504819292791e-01
1.176518888816886044e+00
1.931842850004584999e+00
7.827531307887436451e-01
6.115582393968040965e-03
5.866682288708258163e-05
2.349273973477032047e-05
9.492450900570539732e-05
2.246755698258707669e-05
1.390821419883668704e-02
6.930567255101802715e-01
1.618021140793637902e-01
4.559723607167718851e-01
1.041207109002177278e+00
2.667090875342140177e-01
1.690476153905176693e+00
9.243687678274853381e-01
2.973616101797747074e-02
3.115278265285351122e-02
8.198331312240152158e-02
7.768975501472434875e-01
3.175951080505424184e-01
2.482872469641853519e-04
2.362819138429486601e-06
7.453713342960067593e-06
1.091305677753964619e-04
2.902998124636641357e-06
2.995920637474050983e-03
1.352822540108385541e+00
1.597554093253308327e+00
1.986954042274888366e+00
1.375086286598948604e+00
2.075612438996142228e-01
1.205213071309817918e+00
1.100384781827157710e+00
1.586416835300099790e-02
4.011593367007026262e-03
5.090734508359565785e-03
1.396979101235996668e-01
7.983206186879583388e-01
2.573297480185897119e-03
1.635191397202977274e-05
2.313552774952575970e-05
2.056613903476912312e-04
2.210254517645161606e-06
7.550533774321249378e-03
3.716830058640030021e+00
4.445185889253685296e+00
1.738620808999879364e+00
9.867191296817506840e-01
1.521601170392769875e+00
1.961388205744657665e+00
2.557411868142009492e+00
3.411801091052720114e+00
6.707451691377066538e-01
7.506334400427354392e-02
9.605690782058703414e-01
2.026032973358812495e+00
3.265853655039735546e-03
2.449177701094824503e-05
4.043285373211999396e-05
3.281322196899901802e-04
6.078412408432858630e-06
3.341290337159909946e-02
2.052095732383975246e+00
1.727837642476919511e+00
1.188186723444786264e+00
2.196453862955699832e-01
1.014395341578389953e+00
5.181334882812007603e-01
1.553479116122694070e-01
1.690830101475373493e+00
1.796408602661931087e-01
3.663906144772820228e-02
1.938358742959308323e+00
5.946429379272605981e-02
3.556724964683803030e-06
2.368169967174299524e-07
8.871477888121136659e-06
2.693602878478387817e-04
3.422847586671661240e-06
1.507741200830742950e-02
8.746010102761053728e-01
1.551766720776990072e+00
1.381330957082542277e+00
9.251743810661451628e-02
9.657836401850333763e-01
1.420795621894504812e+00
5.184825811069037477e-02
9.395892186455964690e-02
6.210748424257789800e-03
5.349906186936085294e-03
9.408642832976268355e-01
6.709654823019804877e-03
2.409949218066917852e-07
6.471691316011638351e-08
6.585565960052007265e-06
2.345587394272527710e-04
3.239244457976956427e-06
1.187665086945704183e-02
9.748110575382146203e-01
6.983889344738669624e-01
3.439339983776008025e-01
4.978194492596179493e-02
6.915034355516096187e-02
1.632281345896760272e-01
2.507462993413344665e-01
7.687300946240539501e-01
1.254535098228135026e-02
1.036571169230623242e-03
1.743335911494812637e-02
1.095254010248978031e-03
2.737921051451274904e-06
1.610209924910466880e-06
2.960619179442196901e-05
2.904139210006878775e-04
5.040657308704715582e-05
1.775584508168697243e-02
5.173453651319762786e-02
4.593531071412193523e-02
1.016190651248426224e+00
7.661557408013117687e-01
8.743915889296143343e-03
1.094142198969308075e-02
7.664456826658829769e-01
1.353556046438548488e-01
4.114849465297642958e-05
1.166297843789295230e-06
1.666938994367134948e-05
5.469536313407173959e-05
2.401191285496779852e-05
3.708571347270244215e-05
1.339112590379088657e-04
4.051916916471121457e-04
2.741553288197316751e-02
9.222775901850773783e-01
2.416945264220928674e-02
1.247639306268247261e-02
9.259072086392828860e-01
1.188378698034389391e-01
2.046137681362587564e-04
9.549948624814549869e-04
3.387412641614827996e-02
5.591761660407248172e-05
8.586163776611126579e-09
7.042356399055253611e-09
1.039118126467841954e-06
3.491603997178121784e-05
1.347866914200592479e-04
2.578570806379121001e-04
4.005756536762394046e-04
6.660940839866651662e-04
