4.744323221154607699e-04
3.151838343009658594e+00
3.732334048513113345e+00
3.407934887374331479e-01
1.595368655221688359e+00
3.251553172158562433e+00
8.871297307380063835e-01
3.489811855101814658e-02
1.061793287205519201e-02
4.867802325448990740e-03
1.523602220828461297e-04
1.490420947843387128e-06
2.818376464430589252e-07
2.816484343716545520e-06
2.680546809293145601e-05
7.269468468793471828e-05
1.519405211844170338e-04
3.799592628568271508e-04
6.984374882275786074e-03
7.765733185605584454e-01
1.081159783432993071e-01
1.610258537299359000e-02
1.903590953331225216e-02
2.629516056335572394e-01
6.074804076412636533e-01
2.371234126294462508e-01
3.943906963437339819e+00
2.956827653018735624e+00
3.501649557327923129e-02
4.936975480193255976e-05
2.393901313877072190e-06
1.776485931327476060e-05
2.861892923077209431e-05
1.467128893597213021e-05
2.473006939344584598e-05
1.053341816348835844e-04
1.345842294439379520e-02
2.037348852309791569e-01
1.324090152851526703e-01
6.879244196815788026e-01
1.649327593520018564e-01
6.300650991563182535e-01
1.346719255759528888e+00
1.563819162222390702e-01
4.035035603488695277e-01
4.916066469379785642e-01
7.151006077751023149e-01
7.691566651752063111e-02
1.514614403734699730e-02
8.960151601097074425e-03
2.354183937060243671e-04
1.384380774303803532e-05
1.068131862306751193e-05
4.242268277758573947e-05
3.642746693522304346e-02
6.168160478914422873e-01
1.269203165780636577e-01
1.878532849811502148e+00
2.874955649888616405e-01
1.025907049155226208e-01
1.520856601914164052e+00
1.175979873509862328e+00
2.852043928065730594e-01
1.002865639711247731e-01
6.504406312521736622e-01
5.421386091979968569e+00
3.702817092598080340e+00
2.426349224408711966e-02
2.700370856294089352e-04
1.370097723352295730e-04
4.807264711510523137e-05
3.868386268688517343e-05
1.112447194290734458e-02
2.254266019634104112e-01
5.271950602363283458e-03
1.190551396646213067e-01
6.139784012253725054e-01
1.072528359700843509e-01
4.110410774165909054e-01
7.590875326182943139e-01
1.575388326904827885e+00
9.999876231520872238e-01
2.171714420165043735e-01
1.689193634473401318e+00
3.224573589681638985e+00
1.061875837362962621e-02
2.216482051994741499e-03
1.119934103701949839e-02
4.812289029722571819e-04
3.988967898186760754e-05
1.952701514950486855e-02
8.086404167428044021e-01
2.805456597359499548e-03
1.112161945128339923e-03
6.070009402381959518e-02
1.108286147112708120e+00
1.544076816330495205e+00
2.131567415620302108e-01
7.045558247657288664e-01
1.623611558167377122e+00
1.879275478292116164e-01
1.771039451697662692e-01
2.523728471355802139e+00
3.445453700066197555e+00
7.451532633144366535e-01
2.241739692928020403e-02
9.935430069715369794e-05
1.350631742889817159e-05
2.588732133343783770e-03
5.458076892977343358e-02
3.845940155002860973e-04
2.387169067510505816e-06
6.899643846863487405e-06
9.898984003324138269e-04
2.700539720077908823e-02
2.055743663629396034e-01
1.064527986354190103e+00
4.865710203972460901e-01
5.344780607695880370e-01
1.372038015208154049e-01
2.981619773827735020e-01
5.506222087861718961e+00
2.289166782792864396e-01
3.384105484342494921e-04
8.959883699274841674e-06
9.851670239744783562e-06
3.206044961372568107e-06
1.351233339565896570e-05
3.477276968887859629e-05
5.469374455328239534e-06
9.116007072231628545e-08
4.339176378778946902e-09
1.296577250251547481e-08
5.787176513849652223e-05
2.022665423713808919e-01
4.466398275960818953e-01
9.136827892001768703e-01
8.759450043101649763e-01
1.386827748180958497e-01
3.916666370314321466e-02
1.197341387787746216e-02
2.150027472615623821e-03
2.122268515919065678e-04
3.891727308332347844e-05
6.884181587200333880e-08
2.756852594310508414e-07
3.958658443721334297e-04
1.116505557870578307e-02
3.941227800795290777e-06
1.763789098606160990e-11
1.827489658386729978e-13
2.555584522529157096e-09
7.836935132895767042e-03
1.353619702688513504e+00
1.212587446256321588e-01
2.134721551272699136e-01
5.608987760932883093e-01
2.321286084788619919e-01
2.027367679200144046e+00
8.453270385705812240e-01
5.416585199233103776e-03
9.385458031485549525e-05
3.763726133144691248e-08
5.072547224585306674e-07
4.929763226048315683e-03
9.265263061901440889e-01
6.426240037887968101e-04
3.195096660690980847e-10
1.009480002835001209e-13
3.623221494730884663e-11
6.787768529912234115e-05
3.989467807081663042e-01
3.368731615246590289e-02
2.352132433654169699e-03
8.034607380164419943e-03
1.854632781291805366e-01
4.551153889002796937e+00
3.336452524372860995e-01
3.061599990524540432e-02
3.185176208312848374e-03
1.376818476705707082e-07
5.094396035942086307e-05
6.070346412278495446e-02
9.983520151056090031e-01
1.320326439253641237e-01
7.633518773936970133e-06
3.000905410630576485e-10
5.160631369388966537e-10
2.159882158725554672e-05
8.436288264002669290e-01
8.336373098020318784e-01
2.108255818128681840e-03
5.508529866901829041e-04
1.789375659672607158e-02
9.702169366451551813e-02
4.979550458683359992e-02
7.187642188843892388e-01
5.801709664887688689e-02
8.078074283459165752e-07
3.136875509160731712e-02
2.868422503868932161e+00
1.200762878344823481e-01
5.845201765893025536e-01
1.039956720419189379e-01
1.414009885347354681e-05
3.339789905120301651e-07
6.340843580810597946e-05
5.332020036562480636e-02
5.065121709371780967e-02
7.264377559682829409e-03
9.457949814725337412e-02
8.361693461812470529e-01
1.038514048145234181e+00
1.030258251652395041e+00
1.135474119498340317e-01
5.235512684574643365e-05
1.701958207382657440e-07
3.664897435976660622e-02
2.085314611404966101e+01
2.433337060447610389e-01
3.300631978604591787e-01
9.092677168146710009e-01
1.702271714079051090e-03
8.858011529533189811e-06
3.501926442166791584e-05
1.936714074588539091e-03
1.035833838849940965e-02
1.435958554911964113e-01
1.720277851850388950e+00
2.440903996850753710e-01
8.778471003307843912e-01
2.860120028922149338e+00
4.729470533547552218e-04
1.135372213120421836e-08
5.289534805896331665e-08
1.285544197241711472e-03
9.140465149804930078e+00
4.677877533438186575e+00
7.088075057709285476e-01
4.399502088968126196e-02
6.244712434193451511e-05
6.827678222845390192e-07
5.747883867121703899e-06
6.207294882953916064e-03
8.861434912927179663e-01
9.796463506772311591e-01
3.261011349243565782e-02
1.288985496400982689e-03
6.628349436145186679e-02
1.173534815379884133e+00
1.710448298084673256e-04
1.389153552594066732e-08
3.354598302930658833e-06
5.371662725262875068e-03
1.930053175032663715e+00
1.228552506857103044e+00
2.766285699178603896e-01
3.072798171683674504e-03
8.296299283370463757e-07
6.370486500203465453e-09
5.399163831720375549e-08
1.406103716528207934e-04
5.284140948533356391e-02
8.174778904724984765e-03
1.627718086682084907e-03
3.617012343350840820e-02
9.010651959864428573e-01
7.975757250245143481e-01
5.691900035502544001e-04
2.010273004617232914e-07
4.925149181955914532e-05
1.351607345688987834e-02
9.162331885167246392e-01
1.004897574648698777e+00
6.855930353800981925e-01
1.080607843550084393e-02
2.724205585712932741e-06
4.799281736837109132e-08
4.792373926094346049e-07
1.073172180902905805e-04
1.582279475304858643e-02
6.371211960234898428e-03
1.402027591688334227e-02
1.919823119464757921e+00
1.053254743040148877e+00
2.228782737657608592e-01
2.097602653788660856e-03
5.005771677481100803e-07
1.855767262892202800e-06
3.929648720873535583e-05
3.538748179587618281e-02
1.024029312108843293e+00
1.289752860649553967e-01
2.880428138185108303e-03
1.020010373276579880e-04
2.300375030332053340e-04
1.749842384546998475e-02
1.320820234487941891e-01
1.774796341941697886e+00
2.011452017670523507e+00
2.247403005730321257e-01
6.272929345787835453e-01
3.888076671391595962e-01
1.596104739498165115e+00
7.090672901362411740e-02
3.066935075734406881e-06
2.546171645598893613e-06
1.084529097664585800e-05
1.111852464282124357e-02
9.691621775884772250e-01
2.927490171139757180e-02
1.869896119363890314e-03
1.182856322251976157e-02
8.784856063812929161e-02
7.571723983936882174e-01
8.186002598934938312e-01
1.493757922118102321e+00
1.561836221510370271e+00
1.818293699678060205e-01
1.090992441150503200e+00
9.022219466348022632e-01
8.945615549246672960e-02
1.089280281854368383e-03
1.521204275676524248e-06
1.052558698200070121e-03
1.997079816148741860e-02
1.247083630921671654e-01
6.464018452338322618e-01
1.265340899881712000e-01
1.821536607297026544e-02
6.574342671283007755e-01
1.248772388414179035e+00
2.177539447522995608e-01
1.051825353773454319e+00
9.336771539678221377e-01
3.303538744986449921e-02
3.492931009747943932e-02
5.806739047287669209e+00
7.025071926132614442e-02
7.960089003088390906e-07
9.042839493471537003e-09
7.104983952369033800e-08
1.321208264934691521e-03
8.851894986429711398e-01
7.921609747836844129e-01
7.452902720126396430e-01
6.203992835112879245e-01
5.515197809343752589e-02
1.609221105254107220e+00
3.274807805333671329e+00
1.535250673668915322e-01
7.276222285367996978e-01
9.190652815022594124e-01
7.884846736793287014e-02
1.297537807938055066e-01
2.988334266923718285e+00
2.604191912192829576e-03
3.836021906743680045e-09
2.303459005931575653e-10
1.369290181194073005e-07
2.437293288431556515e-04
2.538772606294119605e-01
9.646628154601091243e-01
1.507642174794066703e+00
1.034012112685988027e+00
1.044684676389923128e-01
4.784594436711892551e-01
4.957697886936304754e-01
1.415533520508211740e-01
9.341659451352897492e-02
1.796655809498608480e-01
2.988398025519017231e+00
1.706361616579877838e+00
1.074082899106080458e+00
4.060092511639962209e-02
6.501561544140420257e-06
1.960096952987496040e-07
6.922600494516306287e-06
8.931718544713976304e-02
5.831275226210586027e-01
3.097690863068260358e-01
1.420782256138416744e-01
1.943473586569524902e-01
3.617871283421171535e-02
4.827026516550825437e-03
1.040837245597445518e-02
6.158393313045401607e-01
1.744999043374085179e+00
1.437325561410729868e+00
5.247343210298190286e+00
8.127302717070141735e-01
7.274969272259936837e-01
9.592886335241100904e-01
7.177801940290221699e-03
9.826768015837833534e-05
1.235631849193860468e-04
8.756707276015812669e-01
3.534961201421670252e-01
6.618055753775522465e-01
1.240741351423268746e-01
5.402233360308997812e-01
1.404657440689816850e-01
7.794753973817888926e-04
3.228453211943064279e-03
3.130781141258919820e-01
2.184768393095240402e+00
4.574192427380078030e+00
6.979147566380620171e-01
3.360417412635670065e-01
2.257928085765844861e-01
3.849602866795768987e-03
9.152454104054480390e-05
5.282728290568320154e-05
1.964791433391592816e-04
2.809028582712857006e-03
1.308371801109238682e-02
9.394464935615234324e-01
6.671791363470572223e-02
3.036144991657536707e-01
8.213772046828992091e-01
5.184191969682349493e-02
2.006035412778816251e+00
3.631633228764044929e+00
2.834623899846376860e-01
7.513594266619540996e-01
7.171307595948565872e-02
3.023888511530340578e-02
1.703229792618898147e-03
6.502333530341807506e-07
9.475758058189403799e-08
5.002172597877891795e-06
1.678810485075927052e-04
1.472661287874091048e-04
1.346508569012134539e-02
3.963872342298061735e+00
1.045631810706937559e+00
2.850291392265554169e+00
1.040264843534715489e+00
3.696783719854569716e-02
1.994916817538276765e+00
1.050904083266350098e+00
6.529763334736419199e-03
9.422427305699148867e-03
1.682446861103617432e-03
1.504799748933173802e-04
8.481908466557263037e-06
1.025333263431671007e-07
2.017913466751720745e-07
1.600666298416124540e-05
3.670297494026915396e-04
