2.741648725752027227e-02
1.900238544467004465e+00
1.259049223142673091e+00
7.274197451046923169e-01
1.178430348111837889e+00
8.111902845775061932e-01
1.068968895942027653e-01
3.138782595106340279e-02
3.356796432119743198e-03
1.693314183411056623e-05
3.016949392395820843e-08
2.233976935715208345e-09
9.508006247949513573e-08
2.746378245656431140e-05
4.424123662775219222e-04
3.242183683786990507e-04
1.050852711586106080e-04
9.145099201284472663e-05
1.073436731048314644e-03
1.966978994836723560e+00
1.800408522483639251e+00
1.406542631447597336e-01
7.492217062804014394e-02
1.438650206715537047e-02
2.677786290005744127e-02
7.778892469817110245e-01
9.778800547481734107e-01
6.918197915331801562e-02
1.733833511902304237e-05
1.189771845479460525e-09
7.706002837238681794e-10
3.140836006740596610e-07
3.665521031221454358e-05
1.436352440705246174e-04
1.023236265176351512e-04
1.026342897562341501e-04
6.222324737077598823e-04
1.804799591604913100e-01
3.088509625466662190e-02
4.643535293384064983e-02
7.804646132731285491e-01
1.959835076828302797e-02
9.433023606120079924e-03
2.145609504542642376e-01
2.279815034162467613e-01
1.681186998976709646e+00
1.059017550065096541e-01
1.839411984404088393e-05
1.310767853415707383e-07
7.745986933971352996e-08
6.470316943644401557e-07
1.444633043361426134e-05
9.916142821825112271e-05
2.217966112773159173e-04
1.888261193593753981e-02
7.442143794392368505e-01
6.687225631152708856e-03
1.626291860542356752e-03
3.582110116747494466e-02
2.311716545667231656e-02
1.837555428589977002e-01
4.219703705155206652e-01
2.038537455293337047e-02
2.259629257318932494e-01
2.803200331349547714e+00
2.095810622940109891e+00
2.097614366411833589e-02
1.026113085528756441e-06
7.924529532313915246e-09
2.673391355110120084e-07
3.630242387127699142e-05
3.920407552371247043e-04
2.297287281825527829e-04
1.208268922360115766e-01
1.207757610520509145e-01
1.549031353633884521e-03
1.403781319097682952e-04
1.928848637859427971e-03
7.913316780608075085e-01
5.244164211722276425e-01
4.487103888951572694e-02
7.564718766825493379e-01
1.416507290183836698e+00
5.648600489494444155e+00
1.973255738833211259e+00
7.514095853180339786e-05
1.388829434433646678e-08
3.259875516195110894e-08
6.875331367019311523e-06
2.879324058150520478e-04
8.196970769298006879e-08
5.616510766442635609e-04
7.388646318105481781e-01
1.078398461165820839e-02
3.550082580017635674e-06
1.909604076445624483e-05
1.257253056614571207e-01
5.952303399267581119e-01
1.188247694276747257e-01
1.775040966531525433e+00
8.644899410844106846e-01
3.358877796597593557e-01
1.973592681380122116e+00
1.576750746059816521e-01
5.256951426802272936e-05
2.063479427574717239e-07
1.130061051426478809e-06
7.179674420131874912e-05
6.310111968672662692e-08
1.446414288972488387e-04
2.251438111064623382e-01
2.422277805480683478e-03
7.587618136638664780e-08
1.747289323232402405e-08
1.395244470189611820e-04
6.977775706475006223e-02
7.539702020123684179e-02
2.558634304541827498e-01
1.046420583736424881e+00
7.005494395530662555e-01
1.155431095093727434e+00
3.572766798660732324e+00
1.384903984808033214e-02
1.696719838865393614e-06
2.790934556696703155e-07
1.284757250355379811e-05
9.533059332263506562e-06
7.271868172765916932e-03
8.368955344818562736e-01
5.216030946748157274e-03
1.383272018003270539e-07
3.704862348386087999e-10
4.554214446303519086e-08
1.753414928093901658e-03
9.275427275954418738e-01
7.601925524571148118e-01
8.427820071756124409e-02
1.157983199979619598e-02
9.834771513461309025e-03
3.514044129201463473e-01
1.365748634169739184e-01
6.797225514891748921e-05
1.190613471241840966e-06
8.235357994891906049e-06
9.170028259914418225e-06
1.201742307003310795e-03
4.013763997753828222e-02
6.548557827954770705e-03
1.557950518184682260e-05
3.261914876778735959e-09
2.991785057869106726e-10
1.485179161956582143e-06
2.212427472023156469e-02
7.962308721376526455e-02
1.509447516113121123e-03
1.566789826565195972e-04
2.270129077343177940e-03
7.850650127702557546e-01
1.677680548927711346e+00
5.522077922822354358e-03
5.615089332224000915e-05
3.769663289228341419e-05
7.604328111173959540e-08
3.641833592238324897e-06
2.074426907252227700e-04
2.928662783667791963e-03
8.157460776348879339e-03
9.966264412177922504e-06
1.384121869728919089e-09
1.933377276574908622e-09
3.840532834399672711e-06
4.064713310001543713e-03
2.230742272824013869e-02
1.437625011053148731e-03
8.321669077606771341e-04
3.677293746283936265e-02
3.596985866417767297e-01
6.846542474774094944e-02
2.789706838594178343e-03
3.023629126923725553e-04
1.614856079246146782e-07
1.071425420604293509e-04
1.959133854980601996e-02
8.455548255965668336e-02
7.905642461190935943e-01
1.447777678761431597e-01
2.064931034667689692e-05
2.024060127844353694e-08
1.972063223074166347e-07
1.976880320969985269e-03
8.709089756403584071e-01
1.077682978532026360e-02
2.733848532364349800e-05
9.165250923054048130e-04
8.757332030938895784e-01
7.511702259815707938e-01
2.942885680038487446e-03
7.526180912037674757e-05
2.170255007556064989e-04
1.357539189859539308e-01
7.651326546671766593e+00
1.155460464581683278e+00
1.676312433413461589e-01
7.500868084151762760e-01
9.560671849458631660e-03
5.008543135973626969e-07
1.294499563105608386e-08
9.621494558578910672e-06
9.476599720507976332e-02
6.436756416813334269e-02
1.166428675044668472e-04
1.499477140113180968e-03
1.850348767757824753e+00
3.527053490776252964e-01
2.235187547879248396e-04
7.579183920579919739e-06
2.004583497853327026e-02
7.365547519019060019e-01
1.459819273341053503e+01
3.560894949420729816e+00
6.835067279116825711e-02
1.851421351425448225e-01
5.913939717076798983e-03
1.361765846922291153e-07
4.450054675725439666e-10
6.460150527986584272e-08
5.489610363965723681e-03
8.112497701157873609e-01
3.625150889985100794e-02
7.883333816727446097e-02
3.185781814654647714e+00
7.297049213216206809e-01
4.106177628968461432e-03
1.325199070634381911e-04
1.155040159753268529e-03
1.042533128161408917e-01
7.738693022717328063e+00
2.097195955003912538e+00
1.187380836519394828e-01
7.398568950264813315e-01
2.309354830490299368e-02
2.459681667027642522e-06
1.499928609152963518e-08
2.041328563882429241e-07
7.100988387192224815e-04
5.638762478265699207e-02
6.356263615677357204e-02
7.923431397284990130e-01
1.912446630835294759e+00
7.594216714439387672e-02
2.295382881203465123e-03
3.179986476144128346e-04
5.932910385474375997e-06
8.474877688133019334e-04
2.974403793697810716e-02
7.622160441510427613e-04
9.352456061433823075e-05
7.849070161315904737e-03
7.918037196426645774e-02
1.287990323412281993e-02
1.783458831846927251e-04
6.062938831071612681e-05
9.856690230475586081e-03
3.801298582595123016e-02
4.524661300531890307e-03
6.222315798790433589e-02
1.330742274958249816e-01
5.298990427268785840e-04
7.186887580898120057e-06
1.059658958603247146e-05
1.500986400454187444e-06
7.014548822199729307e-06
9.238897597580860715e-06
2.466467516288933975e-07
1.908868596011811301e-07
4.315100098660809412e-05
2.769184778896015275e-02
8.622394348744643056e-01
2.533355697355764088e-02
3.709280867472496308e-03
9.535275844616690755e-01
8.831851141811122297e-01
1.863230357559914627e-03
2.210976899863301148e-02
1.876224312446637565e+00
8.234992548360379680e-03
7.995580556892228433e-06
5.353552006930147680e-06
1.363968096990330212e-05
4.059326235577832980e-06
9.109718475577754181e-07
6.432368880508506919e-07
4.040821729316256553e-05
4.523869251265973980e-03
1.610135294186956431e-02
2.270849464107651053e-02
1.905463819738829542e-02
4.200912320061227917e-02
1.076848457323692498e+00
7.105561102519247774e-02
4.310992523948648419e-05
1.792565212996326610e-03
9.495731797684727749e-01
4.724942505915830267e-03
5.999065296001964461e-06
7.780894538569720076e-06
8.790170652512670397e-05
1.772469908758632771e-05
3.891165202814957386e-06
2.242217332305340894e-05
2.038870776775746421e-02
9.341900372830120869e-01
8.752471225131380067e-03
4.105287800929554123e-04
3.948589543726384321e-02
9.516849376210440026e-01
7.957085075291290277e-01
4.149027836494673105e-02
1.961764077044520676e-04
6.619116462392421636e-03
1.500506525002926750e-01
8.278544374721352240e-05
5.291313360430498173e-07
6.174517249296802168e-06
6.264477312534940377e-05
2.405454165977050380e-05
5.780770254452859895e-06
5.845927567759699568e-06
3.565724832370234087e-04
1.342324052299473554e-02
1.232844467104745592e-03
1.358039315185766984e-04
1.412048782739832274e-02
6.395553697557780914e-01
8.433580400137327127e-01
1.331623061346200565e+00
5.009253505344953838e-01
3.649827111674634583e+00
9.456435696308863603e-01
1.601460599305000508e-04
2.179039066144806486e-06
2.205886149371710382e-05
1.640664495196875229e-05
3.673169868323057229e-05
1.214423430331104251e-05
3.572111905199661393e-07
1.133581802960638292e-07
1.046229691425351464e-05
3.009310152497847533e-03
7.599782162814281393e-03
1.971991297487739325e-02
3.930901914967054323e-01
2.984455613274448194e-01
3.283566365578933777e-01
2.754915467257968764e+00
2.248904408348482598e+00
8.572049443995836612e-03
1.244768802208773929e-05
4.654990383390402417e-06
6.509953805724319096e-05
5.557272706335726273e-05
2.510824525656923847e-03
1.958802608652666834e-03
1.180717661275939773e-05
7.889244277065388659e-08
2.001563519514393730e-06
3.719386939472023312e-02
8.593372438444025763e-01
1.339187398423437314e-01
5.466243667796800709e-01
3.753289141837556353e-01
2.802254825907815050e-01
3.739512780683503124e+00
1.027584927165148931e+00
6.131412054679619703e-04
1.446179967325099169e-06
2.180901525147562113e-06
5.325932396517041767e-05
4.850847838236270471e-03
1.042320451029154382e+00
9.250610495363441599e-01
6.471241643421460354e-02
1.964803247799393139e-04
8.869683245863096150e-06
7.010179042701832151e-04
8.758321091164443517e-03
1.035366731822897832e-02
2.570279246327385470e-01
2.882096363075494772e+00
3.536138708104983763e+00
1.390691600025018015e+00
8.265506442671454179e-01
2.567758924386110558e-02
4.917765896854081988e-05
5.959454385456300343e-06
4.330232905268423612e-05
2.915250860693016643e-02
8.422599891339449529e-01
1.806770091513477117e-01
8.208158333013020336e-01
2.441419154310707496e-02
7.887519458318449173e-06
1.346774944980776826e-06
1.981843863345252960e-05
7.132219705366796628e-03
1.772826510018909119e+00
2.576511520700707769e-01
6.708916091859586876e-04
1.347244336381769578e-05
3.055029561357387020e-04
7.580038303673904479e-03
2.951173062128175945e-04
1.810550645086189331e-05
4.742852627229120866e-05
5.445121864777502894e-03
3.827397250605221735e-02
4.799073013616569731e-03
5.564826551983475394e-02
5.511422809551304661e-03
6.569193068931351247e-06
7.925000048630341274e-06
4.060524594592338507e-04
9.616673531290975685e-02
1.905754420751828437e+00
5.754091470066156812e-04
1.051994356691973486e-08
9.099848823609744931e-10
4.357760526009717561e-07
1.261100818745434647e-04
1.001533136343872479e-04
2.987015525280012828e-05
7.043072484681893463e-05
2.130849832164589605e-02
1.936247459845152008e+00
2.039278888010835011e+00
1.930968193089407814e+00
1.651113058432528494e-02
2.659422065538899005e-04
3.566870187525697511e-02
8.925251226451822451e-01
6.099038981395631803e-02
4.787854834113700227e-03
1.455276064511846782e-05
2.205714789769467352e-08
2.326355964984841599e-08
2.682419933849170147e-06
8.070392321940641697e-05
1.068524824898066389e-04
8.490191902182251608e-05
1.670128028119251663e-04
