2.462936580752021141e-05
1.865134995170319651e-02
9.675669190739066838e-01
1.048058079033041157e+00
9.762648163846235905e-01
4.625180250305485977e-03
1.246808693895613752e-05
2.103956023588347888e-04
4.013157552197447325e-03
4.075912532078483733e-05
3.868398459979982616e-07
7.769608620894573140e-07
1.268486562673624773e-05
6.677428551088581570e-05
9.533396643735626624e-05
8.613584799143613184e-05
9.108409183115796380e-05
1.386259188425143581e-04
1.628273598938034572e-05
1.476943506462145839e-02
9.307273116570150551e-01
1.059880511771633005e+00
9.301614510093166865e-01
1.726267194650120060e-02
1.441218098426090598e-03
8.381804587376114057e-02
8.515548674656753247e-01
1.002738534792061015e-01
3.473780553784683572e-03
1.602868379328298016e-04
4.360620775737763551e-05
5.795889156664749836e-05
7.739323853764284035e-05
6.612218383845409127e-05
6.167576037336973166e-05
9.445206060993204076e-05
1.263463880240891368e-05
1.161356615987374497e-03
7.421025181694085489e-03
7.711647535858988335e-04
2.267869241240931739e-04
5.819183201468882283e-04
4.303347051328362816e-02
8.249473813814046652e-01
2.214941260776571996e-01
8.511336068239158115e-01
9.768723242451441413e-01
3.237360676898147233e-03
3.682696240451636689e-05
3.204245207547882704e-05
7.353861572825673779e-05
7.443849186194610506e-05
6.083289597824111339e-05
8.486453693863699112e-05
4.707871993128683920e-05
5.188933140311426280e-03
4.344789886414662100e-02
1.814743496858723987e-04
4.422263001657401893e-07
2.689278400861872353e-06
1.907619267823409005e-03
2.624101052895454287e-03
7.582111163936649785e-05
2.440701981300416774e-03
3.110454048426132198e-02
1.429157391627114762e-04
2.205409920612294787e-06
6.938175238379426799e-06
5.480826122313059098e-05
9.003878114627313436e-05
6.997505206589045134e-05
8.495780131702566635e-05
7.386567013030118180e-06
1.908323595663811642e-03
1.865398650981607620e+00
6.655330177029769589e-02
1.238272797871004114e-05
1.044237698504880012e-05
2.415810621047494199e-04
1.090768455732180939e-05
1.577408919984320667e-06
1.007933850770843884e-03
4.632486664114243008e-02
1.407599537962777561e-04
5.508222302068102354e-07
1.289618116206159532e-06
2.584253571203227816e-05
9.122536883110044881e-05
8.091570109695541411e-05
8.693393217320619505e-05
5.474667460579704648e-08
2.979012929006374322e-06
1.124753161818405484e-01
8.717288776160276864e-01
6.071127849337957551e-03
2.155950618722417625e-02
1.472872792864925867e-02
1.584448979318658549e-05
4.731051876346215219e-06
8.565595121914888407e-03
8.724080111157280770e-01
3.901957138325641040e-03
1.817070557871288755e-06
4.658625693324446746e-07
9.007905606067870190e-06
7.244778994646611551e-05
9.312087067620413805e-05
9.706758114545488989e-05
1.785034281525341277e-07
9.394885947446483338e-06
1.163444237677767473e-01
1.906214276713261047e+00
2.560005470539287731e-01
7.546468754124278089e-01
3.207960777009701697e-02
5.501823609360801624e-05
2.115164736586367866e-05
7.719045130659711249e-04
6.692120154380751251e-02
5.969900375471049597e-02
1.414817885046041083e-04
1.952095210735833726e-06
6.080885425598865475e-06
5.983343115936483791e-05
1.196672349537294098e-04
1.322180711854433637e-04
1.047974631147995235e-05
1.660509116893806817e-03
7.323152946470563585e-01
2.001922158213365943e+00
9.467143771584808354e-01
1.250327558083815516e-01
6.038863723124176424e-04
3.506480126079141780e-04
6.170090986751234144e-03
2.126004894434901926e-03
1.321069279553122901e-02
8.751383009814858172e-01
2.206192354599348024e-02
2.133007831483686519e-05
5.614206441164291713e-06
4.429284767411864436e-05
1.471320960097047574e-04
1.975016647527659812e-04
1.692872086780930420e-05
5.909912827926444220e-03
1.321989877278069159e+00
1.235419095596281380e+00
6.411916343011448971e-01
1.041411081194651006e-01
1.181116718917049006e-03
9.699597575715859440e-03
9.332334638799949511e-01
2.301202743351602950e-02
1.635515963193574307e-03
3.115125635024187933e-02
2.910662822777472080e-03
3.776335075607470034e-06
6.540112046364064436e-07
8.632245384394908366e-06
8.011509139721470821e-05
2.052902107630427686e-04
4.151039627523993818e-05
1.184779808456010684e-02
3.527179354118172405e+00
4.819389906859747441e+00
1.513458612746158449e+00
7.375594976778067080e-01
2.209773719427853347e-02
1.945529200794756134e-03
1.507437412277834411e-03
4.128635432248229471e-05
4.586246725897056392e-06
9.671676599904770698e-05
5.802291336544006478e-05
2.267500634958350671e-07
3.792463064285900868e-08
8.227916630088147759e-07
1.877294647642767784e-05
1.093914277368746301e-04
3.901216967439626558e-04
6.235581823368398224e-02
5.538915174547303089e-01
7.547118897518456659e-01
1.928703781977949561e+00
9.879956938476395223e-01
1.014898082109588900e-01
3.312432189342858478e-04
2.545983029475156169e-07
9.310228209685878269e-09
2.525599778907226972e-07
6.026200914548919454e-04
4.527202911220259973e-03
2.049015339911360742e-05
1.583599476447032832e-06
6.160293305322443294e-06
1.574210596051017137e-05
4.407094817976059463e-05
2.824779372620894724e-05
7.223450471220660418e-01
6.708798744186054819e+00
4.775266005839904904e-01
6.045466638273333526e-01
3.222701446916650392e-01
1.700515896204696897e+00
9.331843875409658040e-02
2.148856970233033858e-06
8.857054623914551225e-09
1.498703338011786442e-06
2.604827915271407807e-02
9.096341182970059114e-01
6.395473440883885086e-02
2.825858480916344784e-02
3.864399158539567891e-03
4.576448309198539842e-05
1.429811208711759852e-05
1.930531731734398736e-06
5.447818306172319547e-01
5.956947746736277338e+01
3.118855985126816499e+00
1.933066387676725340e+00
1.210078902807804946e+00
4.985094935419099649e+00
9.614959757507258731e-01
2.029035953477777686e-04
9.696185932414653775e-07
8.440931574256012657e-06
1.035704852495190030e-03
6.329970075839776167e-03
3.484613377144851754e-02
8.079787976318049125e-01
2.168924246409571766e-02
1.264115068772385798e-05
2.693828244538456632e-06
2.522488228660817958e-03
1.573568679165243012e+00
5.500321844528551551e+00
8.779893377065692839e-01
9.933327629301909045e-01
6.860205969951937988e-01
8.988181586344570762e-02
1.856539431842130997e-03
2.917103465306399346e-05
6.716719573479088778e-06
6.325510836629340996e-06
2.046969018649527419e-06
1.347588725270950692e-06
3.228236574039040148e-04
2.010423789521438576e-01
6.277640811296037425e-03
3.831093701612649151e-06
1.732247502295610959e-06
6.282680173885282597e-03
1.198186670048781988e-01
7.007748460159064496e-01
9.584412989125615789e-01
2.589245095993150114e-01
1.177304967378086792e-01
3.772104597706687351e-02
4.647481120489384493e-04
8.347156842062872960e-06
4.205712796894088661e-06
1.946868566746280974e-06
1.663296600410090922e-07
4.098194312486230168e-07
1.248176124392202414e-03
7.769352619227269940e-01
1.330268487058766311e-02
1.511659508488884735e-05
7.821630665817593851e-06
4.184903341417686871e-06
1.301190827444561465e-03
3.542321873268017840e-01
2.860562729323879338e+00
1.824614492771666319e+00
9.448115829968820600e-01
8.777295725366159873e-01
2.235621695823387586e-02
6.361449583124013842e-05
3.553589998240537966e-06
1.054760539960529380e-06
9.393816331805796217e-07
7.880754639538906385e-05
6.299997938127667452e-02
1.017575035669719546e-01
2.403884252518212949e-04
4.984759217915197799e-06
1.832691892681088250e-05
8.080229776564753038e-06
2.768150127137130462e-02
5.742826912990275368e-01
2.521417735951702599e-01
1.011630557725363921e+00
1.554174379904037506e-01
5.053415420144711026e-03
5.874944801885920512e-04
8.648713416082661365e-05
2.967088892861649221e-05
6.903633522765747123e-06
2.019183888989176337e-05
1.474843444804073422e-02
8.861535337401278412e-01
3.293915618358125245e-03
1.738870452231447257e-06
7.711710328412856972e-07
2.242745875791636026e-05
1.390615494698215904e-05
6.925921029792829475e-03
1.041982267128176848e-01
1.945748192187229941e-01
7.048022552088706316e-01
8.090298716948709709e-03
2.184522491333931772e-05
1.069662874323237499e-05
5.466779763998551442e-04
1.516377271345282704e-02
8.413248016298384207e-04
4.365320889193114085e-05
1.712625567309414894e-03
3.108524372020794735e-02
3.577883253284737928e-04
2.322721007916766082e-06
3.521562158157837426e-06
6.038925802489929218e-05
1.013150046350679341e-07
2.733702981756403692e-06
5.950586281669782880e-03
7.760370225889358098e-01
1.852848194032910289e-01
1.101026165106702703e-02
4.122452237390379463e-03
1.333477529671794719e-03
1.803264355089566340e-02
9.363374079654649407e-01
1.718852236087016483e-02
1.535191537567995136e-05
3.958488875274266589e-06
1.777329538719750102e-05
1.504041551370315664e-05
1.085248068447902221e-05
3.541477723066533583e-05
1.569167386611822147e-04
2.386383223993999957e-08
3.808825009173706388e-07
2.038327299093016347e-03
2.134427997182049980e-02
2.164279963880991371e-04
2.710382676700570474e-03
9.101126969515774823e-01
3.500040349540906731e-02
7.676899792295883681e-04
3.543898517844894756e-03
1.660786660696905422e-03
4.950593334130933763e-05
4.488053906034194447e-06
2.290583665280013496e-06
5.476293876392624125e-06
2.763773254140923876e-05
9.733708405014324908e-05
1.931391098501604572e-04
1.170140903605000762e-06
2.121603102904473092e-04
7.826618946659717746e-02
2.284369656926214451e-03
2.089059765592004126e-06
4.829465515189389918e-05
1.925373281453570534e-02
2.500885455435718869e-04
4.446255218018114298e-07
2.113007723305799744e-06
4.943353196950574712e-04
1.002749638712132491e-02
1.427567262297460690e-03
4.388800977539563232e-05
1.987526759976856889e-05
5.520267100108216239e-05
1.119271751547188819e-04
1.559478067802706855e-04
1.296443833187520796e-05
1.446741751586971478e-02
8.105413402894792174e-01
5.012100729491522980e-03
7.477386681479873010e-06
9.238170588949394708e-06
1.973453058939377859e-04
9.848179431819428599e-06
1.756248785980343181e-07
1.294885384944474016e-05
5.642538315030790064e-02
9.244399485270968775e-01
1.072740481249012667e-02
8.145682136391689076e-05
2.994984548426117603e-05
6.462868653916420121e-05
9.480996948118792188e-05
1.216910327918808212e-04
8.099517839143327436e-06
5.589085845250674721e-03
1.641391594336265580e-01
2.909339351632214687e-02
3.112284741133804385e-03
1.631847917783105662e-03
1.044857422491018289e-02
1.042223204843033485e-03
2.748785873852342560e-05
2.823192240181498797e-03
9.292284877724523717e-01
5.490112416466162715e-02
5.941281502274235602e-05
4.224724373192110224e-06
1.650156956028646339e-05
6.616568023015065032e-05
8.994681391943268832e-05
1.125071298348937165e-04
3.320721795312890878e-05
2.398810761558327342e-02
7.950399540307977464e-01
1.141866250793190707e+00
7.632370231119316450e-01
2.104656592967480422e-01
8.308961282161276829e-01
5.145232856308687430e-02
1.867090550660318302e-04
1.085605396726290828e-03
9.771708610434264378e-03
6.658155908990222793e-05
4.398076248194096436e-07
9.898210875886209606e-07
2.236508606652220219e-05
1.032523684897329288e-04
1.170119864136134511e-04
1.338081482020026078e-04
7.611710668347297204e-05
6.119090593423878385e-03
3.086771206639845125e-02
1.782595794863938224e-02
7.833854748739202054e-03
2.416258327970854589e-03
1.166203477356494121e-02
2.494286607124443673e-03
2.136218832762245138e-05
2.038253153099242352e-05
5.319094872280222025e-05
4.411268705706461789e-06
1.004496416216403786e-06
7.515979102667807887e-06
9.055895326684653183e-05
2.151575412655329638e-04
1.960025737959783401e-04
2.047395281462664729e-04
