5.503590854600332385e-03
1.042767026574514144e+00
2.989599165343981735e+00
1.029194879085164605e+00
1.043659058711263077e+00
9.736265703824190654e-01
1.493295635221787189e-02
2.375072372374476947e-03
2.912268102351525320e-02
2.376947886810798754e-03
1.380425060235236176e-05
4.530703472907492022e-06
7.893028852604383117e-06
1.816309346754480219e-05
9.001939440764972135e-05
2.565728164684946428e-04
3.671535596943066885e-04
6.716880431263933362e-04
2.078374010259448693e-02
1.834952435547581917e+00
2.065195535023471862e+00
1.789989888928519957e+00
1.062316540621137895e+00
8.869260529968582274e-01
4.813026522584994138e-02
1.052453390306124122e-02
8.710213646887126071e-01
1.036552596489221489e+00
1.145254585710701184e-02
1.453652159168630905e-03
4.890554166373836502e-05
3.425968007152255855e-06
1.967303844931698553e-05
1.199994570363970237e-04
1.797281123764957070e-04
3.652653442576745931e-04
8.072699174075322753e-03
1.112233220207700934e-01
1.079103457263066584e-01
2.020851696572757705e-01
2.129831920334424381e-02
2.612752291302405244e-02
3.734689847214035796e-02
2.421513085318833733e-03
3.120748331905715336e-02
1.064408843683581241e+00
8.863801573744031215e-01
1.052651788119389309e+00
3.164098798510869576e-03
1.098830563058256109e-05
4.576141619442016602e-05
1.317996041263242324e-04
8.759932624090020661e-05
2.159555810776030420e-04
2.683855988628082445e-02
8.245531946987917360e-01
9.253872533882040452e-01
5.752978286148209275e-01
6.087903421395100129e-02
1.116027633407887937e-01
6.903640101853254496e-01
1.391035151490815913e-01
1.380031000597153334e-01
6.444080070786414316e-01
4.333548721663245118e-01
1.677333264270054469e+00
6.182529487920531558e-02
1.270762661656241015e-03
1.027673552488792994e-03
7.666731437648638067e-05
1.431200657452149348e-05
8.823102746658703166e-05
8.140405845899572040e-04
9.951681529041037644e-01
3.475131063588929425e+00
1.173299587601673716e-01
1.866096090505416916e-01
1.630364087622535818e+00
6.654044081714400871e-01
3.765579961387179875e-01
3.979013984037810259e-01
6.904713300305078683e-01
3.113807622000659969e-01
6.547741204707591134e-01
1.480152958234609795e+00
7.874510382604277270e-01
1.846624432069761054e-02
2.529172809135696930e-05
3.223615550024771704e-06
5.434669857739497773e-05
1.313634317909189159e-06
4.184613451126577982e-02
1.289484942021873248e+00
3.179547971482463500e-03
1.153655381876186360e-02
8.471818066825974602e-01
1.766276039063196732e-02
3.698462934393654806e-04
6.168887485541419639e-04
5.392513004426229689e-02
7.674963599497548472e-01
3.432590025088260721e-01
5.271756539654490759e-01
2.031130492891865646e+00
1.058577821410792569e-01
2.056836405828869354e-04
1.813394278852007815e-05
1.291832205713678379e-04
2.156493508494620673e-05
1.264277411128104378e-01
6.104275241785112049e-01
3.621493340668472966e-04
1.611328386566340495e-04
7.006821161688994715e-02
4.829979826442829666e-02
8.893590764018645921e-04
2.948204191578871099e-03
2.017949560519452790e-01
8.438363475661498914e-01
1.020217445330540429e-01
2.045020787166080406e-02
3.210216608030381780e-01
7.684840522691028797e-01
3.548989025069072909e-03
5.228226704844673610e-05
1.259448593361997320e-04
9.180459803704014987e-03
1.752703148869764860e+00
3.447126709270725176e+00
5.983233566876133142e-02
3.036969440624601516e-03
6.600247151081445329e-02
7.158291226455730794e-01
2.027266890930989052e-01
1.868239904181629329e+00
2.716758008079009024e+00
3.111323220473269924e-01
5.786002389303291915e-01
4.638829059421147871e-01
1.446148932129629916e+00
1.227468876368887685e+00
8.447626592979367612e-04
2.218017813264845933e-06
1.071751736158015919e-05
5.276283657492723128e-03
1.914385061770594587e-01
1.527033750962749847e+00
4.948139598756609914e+00
7.952049728035071041e-01
1.695109320288183674e-01
3.689098915644932475e-02
8.721954264361265162e-04
6.207741514879291239e-03
1.396159624580203540e-01
1.456289347649570298e-01
1.014556776812034489e+00
6.306614968225375817e-01
3.289071366113703876e-01
9.427838610325954827e-01
2.367131396580032018e-03
1.021535840557500646e-06
1.751271996952305086e-06
5.026212462837845694e-03
8.664173956802893040e-01
1.781199682149098962e+00
2.677859215705694851e+00
3.533616430284318266e+00
6.809449747963399746e-01
2.113787290240028843e-02
1.185014276221818484e-05
8.720835744307946097e-06
1.334665118586333792e-02
5.096616143202570282e-01
1.352268002389097612e+00
1.676093482956939884e-01
5.276562215724347332e-02
1.814869176169273235e+00
4.838786882564784231e-02
5.342088053823597906e-06
1.264272712154996463e-06
1.060233199366292231e-05
4.602752981748174654e-02
7.374877753736220898e-01
9.162595331779151975e-01
2.071346152491925441e+00
1.396653081659886997e+00
1.003869185405950937e+00
2.297935900833627827e-03
3.391296074474094559e-04
3.746283088764852665e-02
3.044840924151487882e-01
1.854842305792956836e+00
5.675429708015393704e-01
3.849561788100344661e-02
3.568283098418458671e-02
5.269477525398531814e-04
7.085159004717753793e-07
5.909359124342885788e-07
9.112470140350365036e-09
5.618434887487960133e-03
5.616457818949408320e+00
2.894281287165849204e+00
1.723593721342779661e+00
1.109645919835615890e+00
1.540226999022299426e+00
6.578357169795159831e-02
1.434108681845916444e-01
6.410853422013467195e-01
2.096525788601470430e-01
8.016616881105467218e-01
5.151874775086063840e-01
7.188370883698488867e-02
3.219098621896000073e-03
4.202590422143736822e-05
1.331946092675547974e-06
9.036464525415844648e-07
1.219152344448054635e-06
2.167952431591072315e+00
1.778274737688779794e+02
3.578482766329713627e+00
2.885563504747594710e+00
7.274677688408008436e+00
3.101928470075796973e+00
3.788602536153153344e-01
2.614577074507316023e+00
1.405797306517421186e+00
7.128730891304840833e-01
2.073800267109624063e+00
8.591054686701765641e-01
5.540986161449431568e-01
6.008490475100209532e-02
2.598087685032166028e-02
2.393268045880832164e-03
1.167788778945480004e-05
4.019883445200458341e-04
8.382108216932466771e-01
2.923151401096220958e+00
1.005546069804395426e+00
1.565961860490167723e+00
2.073086278208847055e+00
2.435444263979166912e+00
1.175459930783311346e+00
7.276917807062944776e-01
1.543888133871972601e-01
1.114266414357480750e+00
9.343458874983445739e-01
1.201569371738587383e-01
3.397153055247332798e-01
1.883939010072801234e-01
7.634314328454764320e-01
5.723690742138665827e-02
1.667125499346088635e-05
7.219969739129990412e-03
1.261315891804733191e-01
3.909347878201102078e-01
2.570757694042923980e+00
1.560797147036658172e+00
2.608127483687041615e-01
1.606826622868315069e-01
1.178368519491470312e-01
1.837969672828154710e-02
1.156454507367556984e-02
7.092771568919618019e-01
9.993583672274417018e-02
7.810553108327293777e-03
5.497085173944230574e-01
1.006711777335313807e+00
5.608918803726166413e-02
2.773613055330249356e-04
1.060203120394662845e-06
1.832994189217622416e-02
8.051597482345692613e-01
1.538772119490787293e+00
5.362024413115676902e-01
4.036752234117340632e-01
5.297631072990740542e-01
1.681093009227662693e-01
6.745530139788371571e-01
2.012889678657421022e-01
4.930957021737411052e-03
1.143551379152982217e-01
8.156656950021028141e-02
2.458950190777392693e-03
1.629266611033848844e-01
2.074983876431862662e+00
7.784214064495033683e-03
6.191205583880950411e-06
6.901409577945085286e-07
2.396392461067909123e-04
9.351921271039864703e-02
7.482829256306364751e-01
7.588593867887241662e-02
8.372366806875954082e-02
3.769708411781165502e-02
1.252877093697949253e-03
1.698968294413017721e-01
1.729007828063085395e+00
2.608878190686228331e-03
2.681550244363777730e-02
7.159136771052387882e-01
2.914395556572178456e-02
1.836590034528122473e-01
7.183437924617159798e-01
1.370449011190616722e-03
4.348410122325501875e-06
6.219138036334719261e-06
5.436696175913434368e-07
1.070290087709631035e-04
8.765915670128269707e-03
1.093948097387018176e-01
2.817504520411672431e+00
1.016993304670825715e-01
9.141260077479231212e-05
3.384592805649494236e-03
1.590964142635523937e-01
3.116675373616076619e-03
3.981740874185895479e-02
2.144232435667450531e-01
1.994585462174499474e-02
6.125296296512274807e-01
3.615167078855722194e-01
1.540263201584606749e-04
3.616515793246994834e-06
3.625575676441224806e-05
6.727785024402141785e-08
1.781000141624244391e-06
5.785501933853943091e-05
3.826925095760008548e-03
9.587700985297916700e-01
8.658811099618656248e-01
1.611058718437372722e-02
3.131916555072652986e-02
5.626367248893141548e-01
5.081385179686269682e-01
5.190912361226833749e-01
7.274685233497423138e-03
5.085349073195040816e-04
2.907521472236135884e-01
7.454089521026812104e-01
5.993205252355453521e-04
2.423214673113156608e-05
1.801901011263007683e-04
3.861555924555585217e-06
3.551588928867368817e-04
1.102401582698551118e-03
1.349280561533713202e-03
4.090443143509353563e-02
4.250928881148132166e-01
5.608965886713362936e-01
3.909150122166554775e-01
1.102831909138072719e+00
1.649651415886791872e+00
3.427953739453140081e-01
2.422273878325644988e-02
2.384715668854743217e-02
8.102130392961247596e-01
1.209787058240562180e-01
2.099192872879257423e-04
3.372105153679247737e-05
3.049882780877018066e-04
1.981481872815339749e-03
1.066971615703084852e+00
8.724795724616190018e-01
1.574958436549336593e-01
7.160567643373251245e-01
8.173535663258922890e-01
1.275687389105107927e+00
1.659905990563586231e+00
1.090941017964264653e-01
4.694620160344767888e-03
1.312749023054910619e-02
8.070923203128511636e-01
1.045464606620046366e+00
1.312954422484756585e-02
2.236655863538962780e-05
4.944471119679729329e-07
3.441941980146621672e-06
1.780528526882713049e-04
8.160844040388939152e-03
9.021051678238075633e-01
1.018089530435038359e+00
1.040993470104337959e+00
1.767597957297708244e-01
8.999070553588273602e-04
9.037721273602001377e-04
2.686700686329128798e-02
1.329283637555625378e-03
3.262950282935505323e-05
4.607709870735523378e-03
2.079644552807514035e+00
2.772200114722768796e-02
2.709482735327789688e-06
2.404897594400887369e-08
6.763551741179531691e-08
4.843108299531313260e-06
2.375330342026119924e-04
3.190509251062290108e-03
6.704865167041770824e-02
1.170532103153876236e-01
7.682893506642398673e-01
1.101981344272864524e-02
1.248618591020705711e-06
1.748270672499607058e-07
5.909778946366419053e-06
5.570349889044838405e-06
7.899980030076560284e-06
8.446419791603296950e-03
9.192654906641686274e-01
2.170075731647550313e-03
6.277640961809669346e-07
1.388405787326038751e-07
2.484221260741947827e-06
6.012125996085882477e-05
4.950698663550110595e-04
2.382692501897164944e-02
8.655929654405730700e-01
4.871998888737229944e-02
3.229725914037404749e-02
1.859890814690318486e-02
2.560248792535551503e-04
4.269033499156940580e-06
8.470285764693566306e-07
8.574990226964681771e-07
8.560687481439458325e-06
1.507482698254028475e-03
2.544583629516159254e-02
1.024824140516483783e-03
2.006290097313019727e-05
1.726125680591768664e-05
9.070681541751928183e-05
2.992877734067869873e-04
6.604720574127943009e-04
2.096248118114349759e-02
9.998704220595517889e-01
2.509333677757766019e-03
9.929786326268989652e-05
1.732402793285912901e-02
9.501959647361688521e-01
2.080888612841373664e-02
4.764775868096701494e-05
6.459556345412284277e-06
1.825984416441437167e-05
9.295908881692877587e-05
2.294228431012920006e-04
1.801240404830265027e-04
1.549833366139171363e-04
2.871595047580090916e-04
5.110664565697101147e-04
6.264207709732336421e-04
8.962326624149029395e-04
