5.904122346794964284e-05
4.482717415723349620e-03
3.108706701278033530e-02
2.982447133057635619e-02
1.694559274629831025e-02
1.762240583847083893e-04
2.264282227839572363e-06
1.483634090119888055e-06
3.724153405389784785e-06
1.361267467726493207e-05
4.427549810790877305e-05
5.495496210839282851e-05
3.572928334957464823e-05
2.725516201314375473e-05
3.033222042182690930e-05
3.786341241443501348e-05
5.012494707333329402e-05
8.213311374234836583e-05
3.485680372792085972e-05
2.070330204627313098e-02
8.092288345135673078e-01
1.055628622051874244e+00
8.334284212244627010e-01
7.304920359674697827e-02
6.783618572818749838e-03
4.146567187055474500e-04
1.126869172804971390e-05
7.057121107145799958e-06
4.212521455797814905e-05
9.183964368464775103e-05
5.394883594514004028e-05
2.918944245281072556e-05
2.508298508060694432e-05
2.771041942395480317e-05
3.594433001374812685e-05
6.279177198868695427e-05
1.178838912015085318e-05
4.203787152709352604e-03
2.055824277201102612e-01
8.086934357345816615e-02
1.359681986689905905e-02
4.760660807194476429e-02
8.973033831402308369e-01
3.016672196352421925e-02
1.815912971682848560e-05
2.185859735983281008e-06
1.756954408816924728e-05
5.775060239920806575e-05
3.866920362243703900e-05
2.028534419182312067e-05
1.543229888487991329e-05
1.761162577842158883e-05
2.941081421430947430e-05
6.414836922678361110e-05
2.034596547027484270e-05
3.357003273052186661e-03
7.043858169425427640e-01
9.665822984954823838e-01
8.524174341116994708e-03
1.362528147874151295e-03
1.332971048175349456e-02
8.202280595400910593e-04
1.792589063196870179e-06
3.380469923138594628e-07
1.014122825433048620e-06
1.519648500644868408e-06
2.266921455291280929e-06
4.737344393772632050e-06
4.918711500691629313e-06
5.206463207596424786e-06
1.614700496620285694e-05
7.179711031710625687e-05
2.554385720952805213e-04
8.641402821747013602e-03
3.119331871453761562e-01
9.218697647754728886e-01
7.878396023716992963e-03
3.963192165662648650e-05
1.453400066536601339e-05
9.914717510926004699e-06
5.284793524657271741e-06
2.569776010695444495e-06
1.609552948957185569e-07
1.781651702701980331e-08
2.299334922883040315e-07
1.861468764984971575e-05
1.799228833108288281e-05
2.121088683237759220e-06
4.921761175683438190e-06
5.831923846756991814e-05
1.426564041032990331e-02
9.308286031842190056e-01
8.630541098465415173e-01
3.719037961048881485e-02
1.857034303429609538e-04
2.019276271815580800e-06
1.837460337686317547e-06
1.329913195345409720e-04
2.171731043525538390e-02
1.119439993916687172e-02
1.672436171827143569e-05
3.189300261818007456e-07
2.300687237865337863e-05
2.407610578389243750e-02
3.905377404010985497e-03
4.335665798410493841e-06
1.411002877090158057e-06
2.977328426835708806e-05
6.509177373886669343e-04
2.794705520136506888e-02
2.085870509127580111e-02
3.577776821480844246e-04
2.819326912757236499e-06
2.579088847832921161e-07
2.608659928977797064e-06
1.884233390709550348e-03
9.810348423012424934e-01
9.181901537068338781e-01
3.433024270508090031e-02
1.236129686068198653e-02
7.465930492732687773e-02
1.846792159018485924e+00
3.992008351439770009e-02
6.836552573329636973e-06
7.426162232189373429e-07
1.623456270511723030e-05
4.265078259517388030e-08
2.982517552452608921e-08
2.449832596641998042e-07
1.238964903003934438e-06
2.911173226654112979e-07
1.217946627354250054e-07
4.993836679738894910e-06
5.377935390723174438e-04
4.988881577542916834e-03
1.075931098541392690e-02
1.054158685796850736e-01
7.728748755535758130e-01
9.957155804152058309e-02
2.326276880080786411e-02
1.330609416355453328e-03
5.216172647150903699e-06
1.404534628009258809e-06
1.867923943073868887e-05
2.667071338282270274e-09
3.025084844950103260e-09
6.475574756751107316e-07
6.819771632409018407e-05
1.426914814653379280e-05
2.627705211740189278e-06
5.871376482795068446e-04
2.504144158107289922e-02
8.058219158091343981e-03
1.425348176374326842e-02
1.438074556771475575e-02
3.585270101985819306e-03
2.364880708130148463e-03
5.495145788398610176e-03
1.160349827054598390e-03
2.434470282745078185e-05
8.434361169695903787e-06
4.281739284453343349e-05
2.511614279576324962e-07
1.543728791323532650e-04
1.373729317603205879e-01
9.168547624166584198e-01
3.816179881549936620e-02
9.672979028563903365e-04
4.385287288824372964e-02
8.133865575630093714e-01
2.110966306714703034e-01
1.722784689274766912e+00
1.212538811250347959e-01
1.690166208191905880e-03
7.941173787714207732e-02
9.085555286272635200e-01
5.450462782328905319e-03
3.309806946867056946e-05
2.041444263749502821e-05
9.191962615484741217e-05
6.269803218310927068e-07
1.436606079201992528e-02
6.077563266856562674e-01
1.635638719589177503e-01
8.911634849607972253e-01
4.139579918916671403e-02
5.899615261897174067e-04
6.000591254225586327e-05
6.287914065062739455e-05
1.013197603404021735e-01
8.939933525622102417e-01
5.228546659066318075e-02
8.310535431808050433e-01
9.938312655701411757e-02
1.557234239146127562e-05
6.215422666429417417e-07
9.800514423433898483e-06
1.372041085151276118e-04
1.296656618487463417e-07
3.701180913336588052e-02
4.841896350921534586e-01
1.067079432495235750e-02
9.182353182056073315e-01
5.977305522271791210e-02
4.148454544878487972e-07
4.211279719100524994e-10
9.092043109909762831e-09
1.947832966234412395e-03
1.052086140517430435e+00
4.122973603278167615e-02
3.176141618000962851e-03
9.092416521076600232e-06
8.076265234641350450e-09
2.476936004842022211e-08
6.377946670996650786e-06
1.784243328888035160e-04
1.992187330835644883e-08
3.750755233109396430e-02
6.010290482976434845e+01
1.425859105933815929e+00
7.724260218593378413e-01
7.459052968041415127e-03
5.892573606804888950e-08
1.665406122208239993e-10
4.339836295110147862e-08
3.993191008204091154e-03
7.648328162900004390e-01
1.196329462745682193e-01
3.322660747737470315e-03
2.738081376361101878e-06
9.552707414788982454e-09
6.327851970761581994e-08
8.177630404738188394e-06
1.445141067621337125e-04
4.577300055476110933e-09
2.469327416134547829e-04
2.846174985111154854e+00
1.531341941108858684e+00
2.791071704231993800e-01
1.334524361646127408e-02
4.346609763420541664e-06
8.641917606497738397e-08
4.662964989592906825e-05
6.378124734747682434e-02
2.148631354054698905e-01
8.754252835278497624e-01
9.586320212763010939e-01
2.239533445366875472e-03
9.589993461012100265e-06
4.129528269072531399e-06
1.183807958327160403e-05
5.204406027784671797e-05
1.815608420392093327e-06
3.470481191687023546e-03
4.340063759116528086e-01
1.873494107761013161e-01
8.994515097367937750e-01
9.226219767036085706e-01
5.527509614769871840e-04
1.033868320657691760e-05
9.588448881824437539e-03
7.889621595952810429e-01
1.019673479913660481e-02
2.512572807006323988e-03
1.827287491216391876e-02
3.041963811606419529e-02
2.976169005438291520e-02
1.246074234517021264e-03
1.556370120797741122e-05
9.627041560282329944e-06
6.162607143770504467e-05
1.013254681420745242e-02
1.550956955679481941e-01
2.072494864187914843e-01
8.973180203270979538e-01
6.568735640902623185e-02
8.801336724621519462e-05
9.657308391995423616e-05
1.117621585091875397e-01
6.794729687049474998e-02
1.845444817074019023e-06
3.345825630930649727e-09
5.898839359649871480e-08
4.889307833503982702e-04
8.626207017591567272e-01
1.739778101495276577e-02
4.235517470068931110e-06
1.003904230889135701e-06
1.273986505294451591e-06
1.090026194756085162e-05
4.734075910334548110e-03
7.719851813691567255e-01
6.043283051341632323e-02
7.165624672180430066e-06
1.558592934134383932e-07
2.506383401922703176e-04
8.356660278439845824e-01
4.695561118634031424e-03
2.570839967475123263e-09
2.624443861461378494e-12
6.273192341565982361e-10
1.511704150597428732e-04
1.148176443617882958e+00
1.121905103648841197e-02
7.383364609696896732e-07
1.488496538826660597e-07
2.288042333658417753e-07
2.561960961529538785e-07
1.050581338070001033e-04
5.424963292985776619e-02
2.705328585084408339e-03
9.645679094844838133e-08
1.443717490708747623e-09
3.217645160376287858e-06
8.608972846542338464e-02
3.734744069577904113e-02
1.233027329249344711e-06
3.142069906860188058e-08
3.309474105545584906e-05
9.125515873907465159e-02
1.746025640915277899e+00
9.684549396208847610e-03
1.626149490438801119e-06
1.219976225798399611e-07
1.262909230739023789e-06
1.395981689989190298e-06
1.807804181256626272e-05
1.993876661164714886e-03
1.706360725151607333e-02
3.097632589060192861e-05
1.343166467019874197e-08
1.327667443656727638e-07
2.457678652123837602e-03
8.130851146820965436e-01
9.286887639575690245e-02
2.962232858957627654e-02
9.017533953575046501e-01
9.591915803875112889e-01
1.676978449512647185e-01
4.284527862695057532e-02
1.737654259520564370e-04
1.092247221976309002e-06
1.429543198624277505e-05
7.562866891133750895e-04
7.254070974268426834e-03
4.188478023679712697e-02
9.021834438888677310e-01
1.483998780141820156e-02
7.849052626572049465e-06
5.437970955506307057e-05
5.096594494823494109e-02
1.195192248757159570e+00
7.986280570294830294e-01
7.681784916646691719e-02
9.396837835307685766e-03
1.066414703196426990e-03
7.269696962844218388e-03
8.551643273702791426e-01
2.971439950198578872e-02
1.449098656073742116e-05
2.318312816938375507e-05
2.994305985148681265e-02
8.939060292699567700e-01
5.668624275223636128e-02
6.432999791473091068e-03
2.536474430348584393e-04
5.635159914256446934e-05
2.483057513735432986e-02
7.678095850357854468e-01
5.182825155133830713e-02
1.002396062926010252e-02
1.671943250139434510e-04
6.710843057524474750e-07
4.168310649583909950e-07
1.287922387960480628e-04
3.906068316428640275e-02
2.954532257699486481e-03
8.260658952712022379e-06
8.276663657246830566e-07
1.551946902928379645e-04
1.691657664200632918e-02
1.166416423987983375e-03
6.364374465668689753e-06
1.581932035278683476e-06
1.466280051763212784e-04
1.048868320233795476e-01
4.564247813628204836e-02
2.505373943053348929e-03
2.223695839670433022e-02
6.272285834700037227e-04
1.595195503593356992e-07
2.959036863997862233e-08
1.331411355158246375e-06
1.730525440218876268e-05
5.389296508344703283e-06
1.560417178738498566e-06
2.472735026737224901e-08
3.225421137359497281e-07
1.130360071252164934e-03
1.190962219423789478e-02
8.527377263285216918e-05
2.443450846169380690e-05
5.103390839287013335e-03
7.904972285037147328e-01
1.216354349362616244e-01
2.240161094245722573e-02
8.704155976916017057e-01
3.537476389906690777e-02
4.113456245301356614e-06
1.942151017789982466e-07
9.328307029217187816e-07
1.879247037394422792e-06
1.575270984087156904e-06
3.585467961674610443e-06
8.813690832665599375e-08
2.028197409572584255e-06
5.831463548346296766e-02
2.886983186006729429e+00
3.699893440237681658e-02
6.191498830248417032e-03
1.236780214459076536e-02
1.568449003251859708e-01
8.060824596719483592e-01
7.891635441824756958e-02
1.562761121097808875e-02
6.823718088254931025e-04
5.829345426987035279e-06
2.530243940391256459e-06
1.250234624468514141e-05
2.185085741569050600e-05
1.907443371702264806e-05
2.787984380570824390e-05
1.311166291313672955e-05
9.201202271810405469e-04
9.838576094395766747e-01
9.752754905224160220e-01
1.247808862769009958e-01
8.598302968314475159e-01
2.875506459299085119e-02
1.036957165414842223e-03
7.868314781163825850e-03
7.160337253665797694e-04
6.233245863784609076e-06
1.433517048324826044e-06
2.622228231142532019e-06
1.539709914994716889e-05
8.320676642081470072e-05
1.379272550973895649e-04
1.126409910811694630e-04
1.040235215085316071e-04
