2.814423077595479266e-06
5.922951452401236522e-02
1.828311644062692753e+00
2.206408926256144265e-01
8.007763126283813371e-01
8.278450587513415393e-02
5.331068503607943113e-03
4.145668864615370541e-03
5.730485133757313825e-03
4.350340814657868010e-02
1.706543974791213713e-03
3.031338686076179807e-05
6.478145632382584164e-05
9.650441663980388466e-05
5.612916437547674870e-05
6.767320201399271997e-05
1.214980130976962348e-04
2.671482945358586857e-04
3.059410230783241875e-07
2.632046566061892428e-04
7.877929766185167923e-03
1.952678669605406722e-03
1.562616381037993871e-03
1.435385939366585996e-03
5.386326382154021236e-02
7.801168381896121939e-01
2.717162460358700238e-01
6.555580593378551590e-01
7.217552377017640020e-02
9.315507853095554916e-03
7.368924318180297868e-03
3.292264248229985653e-04
2.746299708249662103e-05
3.213109801789894044e-05
8.187146297592885085e-05
2.209125106779944955e-04
2.832703141574432505e-07
1.203179626067395376e-05
3.154536151070369641e-03
1.192764569849126370e-02
3.895855542308925890e-04
1.527651723578330148e-05
3.747032527232521497e-04
1.345272049743877034e-02
6.724747452748958652e-03
2.429998370603095662e-02
3.286029158058985100e-01
7.662291819444961849e-01
1.883327513852979182e-02
8.673129605994052698e-05
1.727206065265847343e-05
3.343751574763527141e-05
8.086201557469230555e-05
2.314483360754059863e-04
1.668241428282465060e-06
2.068443849549947341e-05
2.320767794231147485e-02
9.151406353598302568e-01
4.485039307889273491e-02
6.302071175954624804e-04
6.235080260618562804e-04
1.383548904919582045e-02
2.639256306923741524e-02
1.839894280336003621e-02
5.508345917395611746e-01
1.252364391694727797e+00
2.043730128491466277e-03
5.520275476758856864e-05
9.315788096399148352e-05
3.459271714925294972e-05
2.387864269116967290e-05
1.080039345831137684e-04
1.672088825989075355e-05
3.676829927581743676e-05
1.138078763244088857e-03
7.623772186985503484e-03
3.711093490752338797e-02
8.568194053395554732e-01
1.182554516855986559e+00
8.862709875431826756e-01
8.917693971019694521e-01
6.910096564376602690e-02
3.580640632002034529e-01
1.795841757920770831e+00
2.040990007039617318e-02
8.902398309426851064e-03
1.619799318910718688e-03
1.868183284725189473e-06
2.414838809425090271e-07
7.041542025810765248e-06
1.018938328847021060e-04
2.453924254780628548e-05
2.173155590061593539e-06
9.136613112954151096e-08
3.098795648858624775e-06
9.750066241891837404e-02
1.773755176947017898e+00
1.610039735887585644e-01
1.069225753925635125e+00
8.850629753298078217e-01
9.736966526097962094e-01
1.847602247882600635e+00
2.268625222150510434e-01
8.203309042406713436e-01
6.617794177632869111e-03
5.427249651700818895e-08
2.586400223427258910e-09
4.843649875006829906e-07
1.390943570133974219e-04
8.946292435890421349e-06
4.028917239909190757e-08
9.898288777350341140e-11
1.137494413873246301e-09
8.509685730953969729e-05
1.378781788045623131e-02
1.497517418195714115e-02
1.007525345716330012e+00
9.332275481584817456e-01
3.087512919803402783e-02
3.678057706539374083e-03
3.856462898493251325e-03
9.748960233025273370e-01
1.821743907364247739e-01
3.520064284696259824e-06
7.417892170364811985e-08
7.375732399281501935e-06
5.963238273047816363e-05
4.187618856896281288e-06
2.204224783080570091e-08
2.092513883259815925e-10
1.156319000225075851e-08
3.494506268337642125e-04
3.853910170315861389e-02
7.145521205597119008e-02
6.762853708805818265e-01
3.130335977964474048e-01
1.170224974016328273e-02
1.623600347270651742e-04
3.503489331011152826e-05
2.713089360566060815e-02
7.075426756042410004e-01
1.860951685117431548e-03
1.842914667969537126e-04
1.676169942639210361e-02
1.188186016205361852e-04
1.626895869618432658e-04
4.667270165610556872e-06
7.770716181657046342e-08
1.455209778807180806e-05
1.076192605934095381e-01
6.620400120999239135e-01
2.026593559301704539e-01
2.230655901177913958e-01
7.223674640669269786e-01
9.260590339105829738e-01
3.239467481906602511e-03
1.903691990385860818e-05
2.308880619907510440e-03
2.957358827770109611e-01
9.915266458004725128e-03
3.971989582511448354e-03
9.584001871555449803e-01
9.082227215143064234e-05
1.408838453988494471e-02
4.303561599005535643e-02
2.926222766434470601e-04
1.372437955385883909e-03
7.024869759706912076e-01
7.575762930939476947e-01
2.721763807053979023e-01
1.877326573577614843e-01
7.916938307754434190e-02
4.409948079853207720e-02
4.091826409710700167e-04
1.914338392194836008e-05
1.565169825809104021e-02
3.720951640594977849e+00
2.261504217279128315e-02
3.563822068267583879e-04
1.334421474175638209e-02
5.033496889713654433e-08
5.737056406048680988e-05
7.059272868656570887e-01
1.991590825560747846e-01
2.287482758754915205e-02
1.187053978796615894e+00
1.308618292151811247e+00
8.542229245426194995e-01
6.152258245635690015e-01
5.328861108460889590e-02
2.045678167387894250e-02
2.872630578479384118e-04
4.829025738836642217e-06
7.927838120515023511e-04
1.076873617993843596e-01
5.568946653084001124e-04
1.735246801391053691e-06
1.134918658826498130e-05
3.471856708933123196e-10
1.867371913627351752e-06
1.516720979634531341e+00
2.520680084322710623e+00
9.652369888830163169e-02
8.978508892119981821e-01
3.884323772706426148e-01
3.943366140438395728e-01
1.803079330802969948e-01
4.562079575880365057e-02
8.735791216329111819e-01
2.941647407747706444e-02
1.105982685621533482e-05
4.577544194249782370e-05
5.895331374712714165e-03
1.253006815738793222e-04
2.841602650364561192e-07
5.948749045415322314e-07
1.853130415618848936e-07
1.488454928968144415e-02
7.960919720223917295e+01
1.180719015141386219e+00
2.923627005863895234e-01
1.658163695535201931e+00
1.280037067635748649e-01
2.700690560309351174e-01
7.037273123849079569e-03
1.551780015044750764e-05
2.850356735632781214e-04
2.718526341920982602e-03
1.861476783919702356e-04
3.044324020799577934e-03
9.587938288822174249e-01
1.438652072053416692e-02
2.308854694183644590e-06
6.665839715306189020e-07
7.374617859576628868e-06
3.333449276320901017e-02
1.027067886513089778e+00
1.078639410005262922e-01
1.776181673953885376e+00
2.065950369784557594e+00
9.483995878576061134e-02
5.537478054607102296e-01
5.297586223848603677e-03
8.931507865192791529e-08
3.388967126764666056e-08
1.898784015914957760e-04
1.525432712766709026e-02
5.985958714481588033e-02
1.869586490043892768e+00
1.739072935907764322e-02
1.152472194127088096e-06
2.809658579662733356e-07
8.077337056904245893e-07
1.194347379122732626e-05
8.970433696934951469e-04
8.365986917206388873e-02
8.557956309600313061e-01
8.901781166447961247e-02
3.461084230663745431e-02
2.289916233573762172e-01
1.604300808416197210e-01
4.050469425709919582e-04
4.806770342351862385e-05
1.666705365329771427e-01
1.746909552795956166e+00
9.126006426047258979e-02
1.183461305239785544e+00
1.652349929467152728e-02
5.166082117620058615e-07
1.010492349376334530e-07
2.173457439198973025e-06
3.139099270190262490e-06
1.034029716496592420e-03
8.746126737849179156e-01
1.091559800500520261e+00
2.387865497006690096e-01
5.257183852379045952e-01
1.551756869477015632e-01
6.809929407249117883e-01
8.690958988210875091e-01
1.152183769958073783e-01
1.712509420036266938e+00
2.069468872581012864e-01
1.559659211245666838e-02
1.621266655790596589e+00
2.479939883142029053e-02
3.183293513021907505e-07
4.517829268607737399e-08
2.355206909488395607e-05
4.965212906691148745e-06
1.195876196384991534e-04
7.702149336827235349e-02
9.241063779221282415e-01
8.749085038735955333e-01
1.191037854398672602e+00
1.198680415322690151e-01
9.670609586968204052e-02
2.157439672802745900e-01
3.141073624976580686e-02
2.949794445657921357e-02
2.415073930328893309e-02
3.084817221499565332e-02
2.864674161001994901e-01
1.289516747750127975e-03
8.276204909548564292e-08
2.418491121098417701e-08
4.245757514332664472e-05
7.013083353980906819e-07
1.700005501701379464e-07
8.855892957022520870e-06
3.558184332923460002e-04
1.855304015323091648e-03
5.971741259115586481e-02
5.500753321456752776e-01
3.805224801284887159e-01
4.059889526409865557e-01
1.367471269719123528e-01
6.137369775208528777e-02
8.275056228008282888e-01
2.937377911778618955e+00
1.796411030538968001e+00
4.390411455797057355e-02
1.730974787057596023e-05
4.037290698747987274e-07
5.135573420864511962e-05
5.028458988928836106e-07
1.804084971885507512e-08
1.092743569767123256e-07
3.792922149684936589e-06
3.096142944607870192e-04
7.526076529595523978e-02
3.940406222329118080e-01
3.065944505334039505e-01
9.730132843027906597e-01
4.767386043493129777e-01
1.496651495794079356e-01
1.046438358608114738e+00
1.662239400481579088e-01
6.748208481993672736e-02
9.244353191417127302e-01
1.717932119345497513e-02
3.010665362447280998e-05
1.404270791710843366e-04
1.027388516719920530e-05
1.998996867477492811e-06
5.465123741757367423e-05
5.815538297503213341e-03
1.950834092375682838e-01
4.763677101781583212e-01
5.803103459347860871e-02
3.985612960176694308e-01
1.463034881038241419e+00
9.894650247742739491e-02
2.530938028025478403e-01
6.808511409891927491e-01
2.162308272151565436e-04
3.718242027681473498e-06
1.595889374572481830e-03
6.257587378316705438e-03
1.137762988245277475e-04
6.726944859140117665e-04
2.046381216201931686e-03
4.865046844011525207e-03
7.342410938947789567e-02
7.396039505826317306e-01
1.051890201634666067e+00
2.809029044539795295e-01
9.391947694663062285e-02
1.616114102752412407e+00
2.703260733954381267e-01
2.190007421889560851e-02
1.808803462922107474e+00
1.724406352035858236e-01
5.239439137156094577e-07
3.765368795474494275e-09
2.099307801334697644e-06
1.260191562108951043e-04
8.122529172542233833e-05
2.505740073446642547e-04
1.450858679741108201e-02
8.882139797940330483e-01
1.141316411192402347e+00
6.288983343348629462e-02
8.771412392192465268e-02
6.775937948130607014e-01
1.179981991920536627e-01
1.855760523423414035e-02
3.719121271095542861e-03
6.331592474410042970e-02
1.948209127956697984e+00
2.831683328573667067e-04
1.554001047916438675e-09
1.053745498565721776e-09
9.039242474142897545e-07
4.447219858403778103e-05
9.821030680817331888e-05
2.139854791181819913e-06
4.317158946638954267e-05
7.711410227695340847e-02
8.059983373452482835e-01
5.046358039801303666e-03
2.688268126296935751e-03
4.340359120536789461e-02
1.106669235149709829e-03
4.785963912658676157e-05
2.529106847198579668e-03
8.920939365766095142e-01
5.787787505724535653e-02
4.881551823064544998e-07
8.077459470354566273e-10
4.035470377573321538e-08
1.122851930707797276e-05
9.449121568410259069e-05
1.453878288774967725e-04
1.274839444020087857e-07
1.517726256850475921e-07
4.028520186756609370e-04
9.357219382156176102e-02
1.079210320711612150e-03
1.417786854725683962e-05
1.162227741904912624e-05
1.546521491237024028e-06
2.491703260747222580e-06
1.111180060054012134e-03
2.549699408914763918e-02
7.730763121613775941e-05
5.005282340705859510e-08
5.008877298849796407e-08
5.815339696959775615e-06
1.260246190684856003e-04
1.937930470428991369e-04
1.934207956308154914e-04
2.446731275724816534e-06
4.168713929165802063e-06
4.869545437612711990e-03
9.426976585787196772e-01
1.082396000932077211e-02
9.020896726675165390e-06
6.376589207108715608e-07
5.294718545455721655e-07
2.723999104829417857e-06
4.619280621070687143e-05
4.282088321403809927e-05
1.540827639658861533e-06
4.209662857899130295e-07
6.630369848357643539e-06
1.608157424241114168e-04
4.456818580784601921e-04
3.317128217338609808e-04
3.064734473297352430e-04
