5.193758499090273185e-05
3.762658172992070616e-05
3.139724519611082230e-05
3.113872109201493529e-05
3.338771819745542287e-05
3.500109693755531267e-05
3.529134230864852667e-05
3.473305141637277445e-05
3.160234483867974651e-05
2.588060488973018249e-05
2.114932378237496558e-05
1.935494841888304207e-05
2.057953679590554749e-05
2.407757589625876803e-05
2.766362746860818219e-05
2.961192075557309253e-05
3.196920591677908938e-05
3.887666217709527289e-05
4.303465967282914706e-05
2.789121939014296573e-05
2.158660944823088477e-05
2.079159918081004821e-05
2.201180370160712408e-05
2.305424685694789763e-05
2.505638156691402624e-05
2.956367067437566979e-05
3.246740793568238487e-05
2.863462056931513671e-05
2.193849958420213115e-05
1.691810481437087650e-05
1.443798860740108063e-05
1.413850321782569317e-05
1.511408140629158384e-05
1.659971955278793319e-05
1.970238174059872849e-05
2.758705253062037209e-05
3.403448323511038730e-05
1.846855351643971770e-05
1.280329550321209046e-05
1.297387691976323197e-05
1.498672422895817322e-05
1.252927844910410597e-05
9.430178265246380047e-06
1.265606403902885115e-05
2.509358522539793592e-05
3.727136017879731936e-05
3.573249259482205872e-05
2.619952494704074272e-05
1.763660205515735774e-05
1.313525631322345372e-05
1.179583923173783971e-05
1.240453804669392130e-05
1.540211306900091158e-05
2.348977146690107154e-05
1.598722105059585203e-05
6.073413657699994001e-06
3.476898862960974985e-06
5.312026657875937686e-06
1.456878632017443933e-05
7.615646084852318718e-06
8.715316233012922471e-07
5.700965845491875219e-07
2.961022111978298022e-06
1.530815638062647571e-05
3.610711631534140368e-05
4.188507519557135736e-05
2.994377298532179213e-05
1.917481679045633891e-05
1.446014094584866309e-05
1.359907415843991886e-05
1.597854694856665661e-05
2.378710432470469889e-05
4.101336901419424397e-06
2.003473194498210299e-06
1.063880729110038228e-06
2.372063419590506572e-06
6.386417812577313460e-05
5.347278644275588758e-05
2.591184724706156045e-07
1.656371142333920467e-08
6.467679100295079836e-08
5.727299862903167007e-07
4.877678483954466254e-06
2.137663296071096107e-05
3.328400974723589109e-05
2.819388289586392433e-05
2.103642349189788761e-05
1.753324269679238406e-05
1.808175758785416986e-05
2.441375132535130720e-05
1.441155365006317427e-06
1.600498035248784350e-05
1.898208226451494516e-05
7.108235951324402236e-06
9.754043568109173204e-04
1.330462960940618361e-02
5.292586806318745174e-05
6.605889352905549219e-07
6.720652876702164195e-08
1.637124628482211149e-08
8.300639940405143191e-08
1.344587760641778520e-06
9.166575256035353950e-06
2.105560027340091603e-05
2.361431821724561554e-05
2.048021236559968819e-05
1.929502714548742386e-05
2.397086415363374772e-05
6.362923653952516110e-07
2.567247322091418139e-03
2.895468641463795276e-02
3.652696165069340881e-04
1.124848938616512806e-02
8.598496305150545860e-01
1.099911162801989195e-01
1.777915097060241145e-02
9.716718042546962212e-05
1.274256483588126187e-07
1.799214488787132342e-08
7.319221134416253173e-08
8.762236905218625430e-07
5.907218804123228876e-06
1.452803586579879235e-05
1.935773321495380374e-05
2.074289092829414763e-05
2.545252758736107326e-05
2.059008665995421778e-07
3.153312397536857381e-02
1.830169725496476829e+00
1.760161063829730754e-02
2.008710270745132920e-01
9.081637180370574214e-01
1.132636188404597538e-01
6.374724281810048021e-01
1.488924401570978773e-01
1.091516235681359252e-03
1.076213802795688363e-05
8.897667826433335201e-07
1.037131634408072914e-06
1.966980873099301423e-06
4.819233538050988695e-06
1.318395192554945788e-05
2.247653938482164780e-05
3.031851826142800530e-05
3.359414331539802528e-07
3.341754847692229163e-02
1.117587592843357847e+00
6.131035991474491353e-02
1.614373788496619166e+00
1.130161205674159008e+00
5.038678067771078933e-02
2.544871873149875952e-01
1.024700164355113019e+00
8.201106438997290971e-01
7.761383589869294553e-02
5.716839284461131335e-03
2.404390916782413396e-04
4.264239402895448683e-06
1.602674518808807642e-06
7.157913742222054543e-06
2.252688721471095355e-05
3.593594094886508322e-05
5.758328589268173825e-08
2.051730965236795746e-03
6.817926301456744831e-01
3.178136098138659715e-01
1.130482270231820907e+00
9.905905624358495309e-01
8.491783720428750515e-01
7.576379148929406337e-01
4.285200278159660009e-02
9.981042502240303899e-03
5.922330238310741235e-02
8.946471855574690268e-01
3.217142387184347696e-02
1.738544240803381876e-05
1.121792088167986637e-06
5.392428705156628754e-06
2.267052238272918369e-05
3.877192994033239301e-05
2.658191609309323380e-11
2.967300526274349687e-06
2.176134187533475262e-01
1.737712878854086762e+00
6.838286597189882077e-01
2.971616040549032167e-01
9.305676330718416489e-01
2.443465003435993099e-01
9.696370875152509868e-04
1.800148057126767879e-05
7.678670181664598311e-05
5.760454558780505295e-03
1.414277982271908802e-03
6.391476543954466221e-06
1.447865131737327755e-06
7.766098636063778815e-06
2.636634405476403326e-05
3.989543299020306905e-05
1.955176706997972487e-12
3.949457046879983505e-05
3.085255129268948515e+00
1.837080418941010596e+00
1.838705011075166817e+00
2.142181131617912460e+00
3.560844077679675479e+00
5.851932567149822351e-01
2.093338666064858619e-02
8.929214183797404367e-04
8.198533421406136910e-05
2.992870623053727914e-05
2.378704559964032661e-06
4.084387166638760725e-07
1.723637532378047839e-06
1.374365060809061960e-05
3.317195026621763411e-05
4.230343391810774867e-05
2.289155707769445233e-10
1.312812840654343782e-01
1.334425124034813450e+02
1.698704588193151732e+00
6.599769599889428129e+00
5.407623859955572598e+00
2.923515797134606409e+00
1.592753008951373950e+00
1.996207263533302578e+00
9.024622800251997923e-01
7.939400816223492197e-02
9.490248692154075764e-04
9.753449524179127295e-07
1.040308271694760938e-07
1.617998659020669843e-06
1.842041426245369978e-05
3.798424297061254995e-05
4.427785206906922856e-05
1.186406654497316685e-09
4.116675837654275132e-03
3.054263428465767483e+00
2.284976118333316819e+00
7.245989027244613467e+00
6.733463249008561080e-01
2.002900358298711214e-01
1.647705297871907837e-01
4.698582490591919347e-01
4.177856008942711363e-01
7.063485033421551540e-01
5.636837546057328618e-02
8.964238380751250851e-06
1.700463169322325711e-07
1.962763578555461645e-06
2.072135078580677434e-05
3.780094518809140678e-05
4.180516082094495054e-05
9.330251214635176384e-10
1.350755221961778524e-06
1.512893534314056938e-02
2.520365783752139599e+00
8.898020262016989035e-01
2.548351336716092042e-01
7.574684520706068680e-01
7.144007465009245827e-02
5.477036555787825889e-02
6.423424745454611728e-02
4.277238118764872116e-02
3.459634870872963213e-03
5.621559030592282206e-06
4.823318562888248557e-07
4.287728554902747039e-06
2.493768880806131774e-05
3.449400818861630800e-05
3.619909153317635997e-05
4.258324243761858877e-08
2.928013519065026910e-06
3.907212848297517832e-02
1.467662221372095122e+00
1.177009703076699332e-02
2.304104843015794893e-02
8.752322823813579733e-01
1.329591095833283498e-01
9.868098816744947932e-01
1.854226943863732213e+00
4.500557218591614943e-03
1.393715486293276719e-05
8.992118195664762566e-07
1.745655009965410278e-06
1.232135302157302122e-05
2.967123870229308757e-05
2.946548938120782261e-05
3.079071964630036395e-05
1.571811149020228023e-06
1.527365540777833792e-04
9.398967495771352043e-01
1.547359299476727346e+00
1.137633066377442695e-03
1.051184892783637095e-03
1.656267879515390187e-02
2.158314628536787960e-02
9.012946681526211590e-01
1.060514674093143983e-01
7.379208604332293445e-06
7.318927719963061105e-08
4.149580159917151783e-07
6.659138553925208050e-06
2.645305048970148252e-05
2.965250146309948928e-05
2.387841846810350956e-05
2.650218527690048208e-05
1.357947358350605841e-07
4.335960805970296237e-06
4.457943146114751176e-02
3.823371159700219013e-01
4.725595442656134806e-03
8.601642455833618736e-03
5.897693077803448439e-03
4.319060218838347183e-04
5.047772314443086869e-04
4.979337683376648788e-06
5.379164906016458660e-09
8.237160958462307900e-09
9.157471518699214909e-07
1.862779343311905808e-05
3.531399308086011842e-05
2.571787542738663304e-05
1.989534457886313551e-05
2.422182253823785292e-05
5.982577129398075629e-09
1.161074149821888082e-07
5.204274323007922545e-03
6.092460500116699817e-01
1.511140981310098441e-01
8.528587251463284336e-01
4.308418069587566929e-02
2.837564362651463215e-05
1.033755584952769535e-06
6.575336574428317266e-08
1.052788447423143426e-08
1.459793086041573061e-07
6.631602658997515409e-06
3.551064199924729267e-05
3.445698355490364273e-05
2.197950948396529483e-05
1.858617312112075920e-05
2.484231588479321053e-05
9.486742468710811201e-08
1.267674557164706746e-05
8.224762744158825578e-02
1.170948260763627902e-01
2.228821768027742286e-03
1.033088449356303791e-02
2.511533294909098265e-03
6.444949903753383485e-06
5.535745901734617867e-07
6.487533604541621734e-07
1.342512207659120998e-06
7.326851848762497285e-06
3.094937538159720316e-05
4.094408324782084077e-05
2.787739613036499523e-05
1.932113509880021958e-05
1.926808484318877186e-05
2.782386239778738952e-05
1.656661681153064075e-05
1.157048109666907257e-02
8.814781843285888208e-01
1.315163326668682608e-03
5.223185811370303653e-07
1.214852227497443638e-06
9.632031776293183860e-06
3.579097058223879155e-06
3.308182746537359637e-06
9.670876732534999459e-06
2.222875793379224714e-05
3.693441072586946895e-05
4.039883909447829571e-05
2.950249413885860822e-05
1.985492416384598849e-05
1.679834472095086497e-05
2.019022273893230073e-05
3.109639121666274528e-05
4.091155034123536752e-05
4.979137981983895907e-03
3.134965905340301312e-02
6.470747585609475138e-05
1.108935692899216151e-07
1.520387618007050185e-07
2.113531447672140557e-06
7.007865937903584106e-06
1.399752502171906771e-05
2.579534358612019026e-05
3.388932987531667867e-05
3.303589513620858956e-05
2.592222435842685656e-05
1.849917583435154160e-05
1.449613268265116820e-05
1.478712153595092591e-05
2.027771332907698197e-05
3.257824590583731751e-05
5.662329924014362823e-06
1.372063018193696040e-05
2.545419677345641630e-05
4.841452600663254055e-06
1.031466665142709259e-06
2.069328123705906970e-06
8.485805124988477798e-06
1.819709435864602767e-05
2.418850331175546910e-05
2.584087789451986971e-05
2.410269408505523258e-05
2.077035802406827043e-05
1.738667577459955058e-05
1.489371676079874364e-05
1.383076597107601031e-05
1.536822881294569492e-05
2.130946389979248347e-05
3.355668750627350470e-05
5.188585078520950721e-06
1.813382172498957668e-06
1.633672304954955146e-06
2.940389798099478397e-06
7.238393434165848756e-06
1.720094400947983041e-05
2.824780473753407600e-05
3.134277755468100062e-05
2.805152173137981890e-05
2.365665500821684326e-05
2.038108219167201717e-05
1.834937755613802267e-05
1.778029400074656138e-05
1.833565108518811327e-05
1.916493589502107965e-05
2.127384634917422009e-05
2.718749116191339604e-05
3.902305815005153517e-05
2.268261658827930904e-05
1.031240305537838349e-05
8.571621539484613502e-06
1.471930857095239898e-05
3.088673755875138039e-05
4.777745647500221345e-05
5.160988419181142901e-05
4.495656058925588449e-05
3.588251972805630685e-05
2.955698646416933555e-05
2.643892979253820971e-05
2.554419799872893187e-05
2.707896299633306381e-05
3.041857777779378484e-05
3.319816584652821148e-05
3.573796263781815904e-05
4.138015446135782791e-05
5.227757230158610029e-05
