3.266343200974153337e-05
6.601886462753946139e-02
9.008030107549920285e-01
4.690554160640389436e-02
4.213808439269504935e-02
3.786143551298685583e-03
1.627970662026093871e-05
6.480579498885101365e-06
1.844515001251676248e-05
7.496882521844350156e-06
2.853261658309858522e-06
2.477909106319086017e-06
5.514165705837414121e-06
3.940272669772478182e-05
2.282937519278779989e-04
3.743412418122876273e-04
3.289404535392800302e-04
4.118530073323172099e-04
3.392088515796760472e-04
9.405754236224863618e-01
1.048364421861630147e+00
4.791462820669983164e-02
7.904557930455252679e-01
2.368351172960846129e-02
2.769074234573357673e-06
1.196268556789618467e-06
9.448556788817749324e-06
4.271873618667060824e-06
8.554472970768974623e-06
1.375399155716811118e-05
2.464696980236438174e-06
2.415660206742408575e-06
2.545867161995834361e-05
1.575179770927546095e-04
2.529528990741454009e-04
3.397135975976867269e-04
3.758891762774244799e-04
1.018401060945213210e+00
9.596257039345800210e-01
2.579725639960294553e-02
1.880698508772097044e-01
9.692271563903124415e-03
5.759239014760770394e-06
3.198646848034728381e-05
1.034074606190046354e-03
6.877256167830728909e-04
1.111513654004653469e-02
3.753452536448924348e-02
6.559486320536829127e-05
1.765267347224304478e-07
4.122627830323440564e-07
1.685154114556078071e-05
1.656803494150232818e-04
4.166798697829250859e-04
3.960481367182690574e-03
1.160321548226269650e+00
2.687846683188160224e+00
3.440402824798139969e-01
5.018451565576177442e-01
1.343814457130891316e-01
2.873381660812981530e-03
4.658987862033343169e-02
8.444870812473783683e-01
2.275974204511877486e-01
7.910874202473854311e-01
1.969024486465830615e+00
1.705342193200625085e-03
4.339370194224453137e-08
1.736311895252192312e-09
1.506396048463302776e-07
2.595506659599396601e-05
3.740882369780160546e-04
2.340504522398099280e-02
6.340161731276012791e-01
1.691464770013879404e+00
1.188409634185422670e+00
9.346447316713610842e-01
5.230303172510537557e-01
1.168847255027455345e-01
8.441268490243744038e-01
1.295206606576872144e+00
5.398963565681363930e-01
5.056986366712831193e-01
8.256296206118739489e-01
1.081415156389183840e-01
4.358749684236547188e-06
5.521712988883736549e-10
2.861802156371959662e-09
2.275656042003838408e-06
2.107447932094133137e-04
1.673477142417552181e-03
2.132166894946183056e-01
6.411597455673258006e-01
3.164918462453232828e-01
7.023613576751810417e-01
8.710632782673950469e-01
5.347357765233227145e-01
6.707551430260827452e-01
5.228249845472283247e-02
1.876910162556853501e-01
5.906955419378598915e-01
2.417841799523361423e-01
2.792270245882408464e+00
4.071343551290811796e-02
2.129633760349585717e-06
1.290193778386108092e-07
5.960879370392395942e-06
2.431695381026877903e-04
1.988676117432396258e-03
9.370297856027980377e-01
6.937447823262936353e-02
4.174187984380610763e-04
2.708319944994356902e-03
1.141343496029229854e-01
6.566303709092080609e-01
9.581266654274619432e-01
2.360828664627451501e-01
9.017285578480630504e-01
1.244512698193354638e-01
8.030878719518053186e-04
1.038290346739455423e-02
9.625598652046891690e-01
8.955969263400943847e-02
6.724056802875583248e-04
1.474180548528545350e-04
4.198792028447863333e-04
1.572110570656629763e-02
9.685549065632782506e-01
2.401562110117151823e-03
1.244840907335743085e-06
1.517654047151709439e-05
2.020572068443303448e-02
2.028633164235332798e-01
1.207350832504139881e-01
7.714368690852021482e-01
9.254018155169730919e-01
1.189164564546373905e-02
2.073537178922402202e-04
3.263390879939149234e-04
1.505240162560897155e-01
7.196944545841051921e-01
9.814830574839043635e-04
1.849184920546935812e-05
8.378599634718701726e-05
2.347905039852542122e-04
2.631909801260201402e-03
1.682357849860463246e-03
2.721191156614384630e-04
2.325121915108339671e-03
9.370400696857383860e-01
8.304914794895308372e-01
9.897082537565726063e-03
6.701433204881887540e-02
1.225199202300376183e-01
4.988145922758904782e-02
8.014455412928943590e-01
2.452958127038686875e-01
6.335440842839727971e-01
4.645533935314211105e-01
6.875380897407181011e-05
3.614998377693124784e-07
6.101951684912920090e-06
4.403656903242138790e-08
1.410430385315543362e-06
1.638143376766713205e-02
1.002502826025971627e+00
4.706780317297514643e-02
3.931652186444262176e-02
2.475927990389626548e-02
1.407684189799685275e-03
5.124294587333658862e-02
7.483319693851211429e-01
3.381406768132935725e-01
1.733078887399195578e+00
9.179191362097162410e-02
1.154432671694455154e-01
1.609132928052493305e+00
8.945294706217410408e-04
3.269405560565959820e-07
1.008509956075469863e-06
8.017691285116643567e-11
6.147949759385827389e-08
5.747205265470925473e-02
7.894249024555722860e-01
4.955773646624318449e-04
8.024010270918682222e-05
9.913467609778264800e-04
3.323646633512916150e-03
7.642818000879826601e-02
7.603516208317189218e-01
2.547669146945240326e-02
2.054362138600932116e-04
1.125973487707002098e-05
5.007388964772851222e-04
2.376126424393988912e-01
2.672392474444035271e-03
3.652330449053210692e-07
1.718641668596855313e-07
2.637655680571671611e-10
1.001225449975772948e-05
1.940400904137169924e+00
2.972128118977425126e-01
1.468912076258771819e-03
8.316636266881650974e-03
1.140417901418518676e-01
7.563381852426682705e-01
1.214456204004172202e+00
1.185279537897684365e+00
1.079985118700387270e-01
6.062637601782697302e-04
4.411781750248447930e-04
1.947409925751170459e-02
7.824779117290679986e-01
7.526827448914771845e-02
2.164279790227838153e-05
6.098314730908687400e-07
3.967881366293270875e-06
1.105636048285931483e-01
6.692110207706052449e+01
1.626248353774117028e+00
2.628698993560841801e-01
6.059636395061502867e-01
4.160354468117358206e-02
1.949556889508364810e-01
2.575744567431896392e+00
2.182060265743809957e+00
2.198881427487074713e+00
1.557921832426960806e+00
2.644048850145668705e+00
1.389556154662295873e-01
7.083414814165196749e-02
9.134204605139114586e-01
1.219985890105470053e-02
3.142232454749807320e-05
1.005883088700985049e-02
8.676896235663973389e-01
2.041239047535186035e+00
4.556213803130096940e-01
6.151446187617494177e-01
4.945842460778602234e-01
5.996548069747149011e-03
2.337654837952419032e-03
4.852136793058799830e-02
2.356510787660539563e-01
5.452125260485833902e-01
1.720311692001591952e+00
7.728216329230087889e-02
4.123359970850316512e-06
8.388117068477775152e-07
2.558285773849476238e-03
8.814784941452678824e-03
1.296925352383845019e-04
2.815419551371934649e-03
9.735780917926650790e-03
6.538436863493880813e-02
6.244236121125441574e-01
2.874974662959434157e-01
5.767880047372695440e-01
8.421963173133132363e-01
5.907433681449629492e-02
3.857093832347655710e-02
5.924619797958624590e-01
6.925629841487825900e-01
8.054869836930660110e-02
5.906489658017882895e-05
3.924754676989713851e-09
1.562948999843646441e-08
5.078069623999909683e-05
3.885284162206345819e-04
7.305872618352957310e-05
1.435185368087238920e-03
2.085312398088650515e-02
1.116855609343467143e-01
8.692826956203495437e-01
1.886953710447488441e-01
1.199645761987470777e-01
1.285361635020209947e+00
7.917304375198475075e-01
1.148277760229882843e-01
2.612350987979336625e-01
1.660265358411247560e-01
4.073746521808432192e-02
1.733853232069363878e-04
2.458734073148451523e-06
1.083236356478875560e-04
1.369453767005998504e-03
1.697578498375264765e-04
6.192605498232068781e-05
4.114752347782152375e-02
1.847532984553004853e+00
3.978058334175871985e-02
3.045913770579283461e-02
9.824001192442972652e-01
6.771671405217005724e-01
1.914580029734890276e-01
6.596881427234380091e-01
1.476570881318101325e+00
1.272786859445475649e+00
4.665412465027300448e-01
6.012714831802385973e-01
4.210174225729417657e-02
6.298247082031763200e-02
9.413935714935076637e-01
6.435073476377043203e-03
2.252705537887127798e-05
2.965495844750443139e-05
3.407271809639949179e-03
3.003069956121568254e-02
4.246985745237710921e-05
7.780400617170398560e-06
4.764097158075528485e-03
5.519469030641213636e-02
1.551597661785400484e-02
8.528040320913402028e-02
1.685266052692229843e+00
3.413341396341564415e+00
1.675578892264290243e+00
2.087733058963659349e+00
2.843414391677132058e-01
1.750338988875225654e+00
1.095651307812585573e+00
8.615718350615285469e-05
4.923846894531697025e-07
9.545483551064597768e-06
5.395836565746183135e-06
4.627236045217323800e-06
4.757714548821635708e-08
5.249975509064917147e-09
8.652418807648896784e-07
1.128639024785168350e-03
9.098947849451424763e-02
8.396231671508029848e-01
2.592415992339402120e+00
1.326646623349174714e+00
1.763541813559625027e+00
1.601386381607467380e+00
2.149643116071945498e-02
1.010043169213251969e-02
1.574144352973991592e-03
1.187308178997420117e-06
1.968062431898687650e-07
1.466964072631751861e-05
3.836787811792573481e-07
6.823768328620385023e-07
3.780698473601301634e-07
9.562488683151108937e-08
8.464474256533002065e-06
7.933650579187147278e-02
5.759835837104097855e+00
6.097106871644654369e+00
3.484046207953374275e+00
4.663826876477578653e-01
1.391241296270873118e+00
1.941229468843294059e-01
2.707762216774921356e-05
1.076237654051359599e-06
3.040387165282570683e-06
1.158999012608250605e-06
3.104735072889331083e-06
8.186558717934959287e-05
2.325867933247739588e-07
3.754393682466029646e-05
1.669647855500299522e-03
2.139721642378870610e-04
1.218150470849369352e-03
8.834704814512353011e-01
1.195554632165899633e+00
1.501396923461514599e-01
1.138604066412894494e-01
1.697248877434919326e-02
2.100978724477236270e-01
6.537561963469115667e-02
4.096012888528792077e-06
8.387543488764995156e-08
1.557830886957764670e-06
1.443062663668900626e-05
5.552636453638212885e-05
2.717131871800561554e-04
3.130839678373905217e-07
3.538421071246239304e-03
9.913313782439053812e-01
1.388687195537186003e-02
1.392539381286637176e-03
9.916594242962646633e-02
7.583850113683819893e-01
1.057493574540583792e+00
7.635691806317428387e-01
6.077364410963755764e-02
8.101183001221650137e-01
8.783499385848883012e-01
2.900958533569295331e-04
3.991054799803412271e-06
2.027963859184004546e-05
1.008799475465921411e-04
1.684385951095062727e-04
3.255348200054755670e-04
2.358508799341483661e-05
9.375836012888368043e-02
8.485930764219696831e-01
3.800194558500558095e-02
9.076673292794471340e-03
2.059903566471642244e-02
2.525453667521004170e-02
2.645488327952600152e-02
2.882038797012422687e-02
5.706404696038001878e-02
1.114614280133883639e+00
9.231874373551793300e-02
4.399313120004126609e-05
3.808510834516257432e-06
3.334371199105783600e-05
1.303049847346558559e-04
1.563642106240651546e-04
2.538238391466967627e-04
9.580588862970848552e-03
8.904260685649517670e-01
1.061704180412281207e-01
1.346528640403861221e-01
7.602987560629589359e-01
9.709461824617696135e-02
3.523216442773037657e-04
1.794419487764915633e-06
3.282956768753703508e-06
4.175069155309922043e-03
8.453376271645702822e-01
4.360369835159685556e-03
1.339064575654108224e-06
7.670237378968429832e-07
2.171740751865115082e-05
1.135553322632435906e-04
1.439579265652652729e-04
2.384748733005462654e-04
4.122624676300548630e-02
2.922236067238790813e+00
1.149920580786352842e+00
1.698661056052381602e+00
1.319238398194775508e+00
8.322517057998005674e-01
2.244393994190248959e-02
8.649670948577983546e-06
8.716131042692988171e-07
4.624414418793649259e-04
4.796495464323300567e-02
7.992088804158786926e-04
3.652392597123305234e-06
5.001319402437977604e-06
6.948543483026507306e-05
2.202801309512600878e-04
2.537831734045087892e-04
3.781986641494453462e-04
