4.939439747873784715e-04
1.291807333834674720e-01
3.873061933377980548e+00
1.959680954278308684e+00
2.996756919964503663e+00
2.156085136714779971e+00
1.895223270254182912e+00
1.013535500881717288e+00
2.165510059394682926e-02
1.065609839693533283e-02
6.205870056488900196e-04
1.187420504334685273e-05
6.358154826405664186e-06
4.151335030827119817e-06
1.154225806110495313e-05
9.981770527402921084e-05
3.711273663995989336e-04
9.261581604892352420e-04
5.254122485729025537e-03
1.692903449982455344e+00
9.282799232585876581e+00
1.162903057591494260e+00
2.012786228993497684e+00
1.450001290816421484e+00
5.369659712968039011e-01
5.760040731778555134e-01
3.037963608853133102e-01
1.765167699916286415e+00
7.379136050397983038e-02
9.129465291177192403e-04
1.028681717242559818e-04
3.794050861735287454e-06
2.530158745844840925e-06
1.801443194965438336e-05
8.646283169289280506e-05
3.631220897970326676e-04
2.076173074406026213e-03
4.213751082045021912e-01
2.553495552553914028e+00
6.681223181498069374e-01
3.123883040835134239e-01
1.397793030358094601e-01
1.975106795171228946e-01
5.086827531873262531e-01
6.939614422293175489e-01
3.283263856136022341e+00
1.650249405982992412e+00
6.215428135178617808e-01
1.234487137681554575e-01
3.321255730250219189e-03
2.248662732493663286e-04
4.701980060912224971e-05
4.515550009948539345e-05
2.316005338867742726e-04
1.254896344060314056e-02
2.551521754419532773e+00
6.473000021654522484e-01
1.189598781775372260e-01
8.536803884456707348e-01
1.878160627905414604e+00
2.581190335457264062e+00
2.684041528289625944e+00
1.205631029699255841e+00
7.890353956738734853e-01
1.346995736194811943e+00
2.247539355639941228e+00
2.955467172599578696e+00
9.642732453118859626e-01
1.176312848752167350e-02
8.643876891444604539e-05
2.165615499174143352e-05
1.465013807662295803e-04
1.983845287809621558e-05
2.600671949254043658e-01
1.422973108584282942e+00
1.432241970342767179e-01
6.961163814819413265e-01
1.484236304309550558e+00
1.982746315267639670e+00
1.979686940071713197e+00
9.470483864782170969e-01
8.771721268985483988e-01
1.303831633070835494e+00
8.892301477749608996e-01
3.145474367622199452e+00
8.675801295863752038e-01
5.344784611585083785e-03
7.688882657134531813e-05
1.209686234608715266e-05
5.293774306486355099e-05
1.379643435108448655e-10
6.895085526171799106e-06
5.288911799078968579e-02
2.469746730653200883e-01
9.771364591911751996e-01
1.917489179078357697e+00
1.825464534101244318e+00
1.919706927381098494e+00
2.377742650933706958e+00
2.005320634869869334e+00
4.922663205259129038e-01
4.171270978029963938e-01
9.579352754440733975e+00
2.292169593321093046e+00
6.701137716190228022e-02
1.928810123249715975e-03
9.972439976695383318e-06
5.719497312272698478e-06
1.111006642505251105e-09
5.266584578695945422e-06
8.615526841919028678e-02
8.019245793759164354e-01
9.663299540909643381e-01
2.074865495260352244e+00
2.061318865015030699e+00
2.286441564671950921e+00
4.199683011800388499e+00
2.418106237367477540e+00
9.523658913038764162e-02
1.902713783442825865e-02
8.811587589113957231e-01
3.148104532728421390e+00
1.589727568304101002e+00
2.386118026714311238e-02
6.103339712466476004e-06
9.847692008865391523e-07
5.452535666127331381e-06
2.069103982006047313e-03
8.350885836957686603e-01
1.062608900444582533e-01
3.294325614897914128e-03
1.938242314034764949e-02
7.103837865961706299e-01
1.236311216040261396e+00
3.669642905582845560e-01
4.806086090430977897e+00
2.918431749665346686e+00
3.207388262448779281e-02
1.340580700942911319e-01
8.988218243519406903e-01
1.338072770263162292e+00
1.367420644393661233e-01
1.915024913552304531e-04
1.300615548833067021e-05
1.153999528379897737e-06
5.923605118651958864e-05
1.026817689648509418e-01
8.623453526362531707e-02
2.541977318569813276e-03
1.221892793652120009e-02
3.961439616555055832e-01
2.611317458602168129e-01
2.276298739386404049e-02
1.140354111375645685e+00
2.748817718457250425e+00
1.014313027400493006e-01
8.029832437882606921e-01
1.070748508361668350e+00
7.515321739041566085e-01
7.111936682783224217e-01
7.175569660947768436e-03
2.038983599315849623e-04
3.479252261804932593e-09
2.196887346705397003e-07
1.768979460658436087e-02
6.556313771856885353e-01
1.778490530926076230e-01
6.093069503224431971e-01
1.071210842110852157e+00
5.046509754803183423e-01
1.923256551669053627e-01
7.738199224477111393e-01
2.856233052758985758e-01
2.173213776032307532e-01
9.051640783267874690e-01
7.832122885539440083e-02
1.900314043881182469e-01
3.156982111669011659e-01
1.060043995930997273e-03
3.914900891891774946e-05
1.582138824395726236e-08
4.343025004671710926e-06
3.344801015962575036e-02
1.408332683473943192e-01
1.707732634613046419e-01
1.147958529904943292e+00
9.938731225962557092e-01
1.356772158018060948e+00
9.872699657986664379e-01
8.572612919104571905e-01
9.942997074131927349e-01
1.543374236077836636e+00
1.040691964922744461e-01
5.511866065152689481e-03
7.397870336953137338e-01
7.668519029301570367e-01
1.111927588947179296e-04
3.712112196343098091e-06
5.394262580206952046e-05
7.862014005554054941e-02
4.861922027849051808e+00
9.880668790533509993e-01
1.818783529161813073e+00
1.745473187100031742e+00
2.803745330931284307e-01
3.745561193187247340e-01
1.487380988685857441e-01
1.387269791654751061e-01
1.171378952987775168e+00
1.195809484809844836e+00
8.429229493643852766e-02
2.304863066336448191e-02
1.187358620203326387e+00
1.345637690203912440e-01
1.019191399019117695e-05
9.266538607615610518e-07
1.322838040452017395e-03
4.891275337549365609e+00
4.705937058503900516e+01
4.153653768207012931e+00
5.947303347636127668e+00
4.318762129820973961e+00
1.699145792609666694e+00
3.645051950075885561e+00
2.001960643071077239e+00
7.921954642923280110e-01
2.554729300512167622e+00
1.300218517177137212e+00
5.415159023254161319e-01
1.971019982175966634e-01
6.195412928163481769e-01
1.080357864906815041e-01
6.688948493852850440e-05
6.176652494161978452e-06
1.975666591208594260e-05
1.087151086468671479e-01
3.962051182959810181e+00
8.343960062040221004e-01
1.056113678023621105e+00
2.941593115185449303e+00
1.967940276501821462e+00
6.868714671183208109e-01
1.242660291905513192e+00
1.030750537895508190e+00
8.241677768514894531e-01
9.717301163641817174e-02
2.109423877600248923e-02
1.674457245461860241e-02
4.009302329618800731e-01
7.268625156924083397e-01
7.827647784127317624e-04
2.556365543272833381e-05
2.315014476767538759e-06
6.173075003174128585e-03
7.971656700283797914e-01
5.325234867704511377e-01
4.824553146620867428e-01
2.409358901456415403e+00
1.514946820062611721e+00
8.796522390903276090e-02
3.312997743249211924e-01
1.267889216399804786e+00
8.984027295434282578e-01
1.491440273092964619e-01
2.894261472228342597e-02
1.726346210175724524e-02
5.303333682644514324e-01
3.394073801073481111e-01
1.024609129137473286e-04
4.620821645767687492e-06
4.679900105383301607e-06
4.227528615008444924e-04
7.611603844023914767e-02
6.926555996679136795e-01
1.152335219075140138e+00
3.222917253121302394e+00
1.928446069347795611e+00
1.326204703683025454e-01
3.040870426466301679e-01
2.072875192869218619e+00
2.767380875728877587e+00
2.151514360670069959e+00
1.478007084549897820e+00
3.560315774141489809e-01
2.174794528647122416e+00
8.136689818285857134e-01
4.692928856179569047e-04
2.192571792938831306e-05
4.231412429012664764e-06
8.751366920111718607e-06
3.808463456160031402e-03
1.195106043703074494e+00
1.974460602942293752e+00
6.173352571469482575e-01
1.002931722774400347e+00
3.857408482241968528e-01
1.736225846928798056e-01
1.452033610353181681e+00
2.837864667735237045e+00
1.225985670838385166e+00
1.296511306751218173e+00
7.852192143576552930e-01
8.799237378174089574e-01
7.248075745856180641e-02
4.302923495364421413e-04
1.312063388604676843e-04
5.984088311880248146e-06
3.756241808935998688e-06
3.637520583649322004e-03
1.708692881571194366e+00
2.581598461373568187e-01
1.879671012949097123e-02
4.066416903013147510e-01
2.002199287286105189e+00
4.111512408790555795e-01
1.036196240282712955e+00
1.357692248898547893e+00
6.428988267778177335e-01
8.041957500486073274e-01
1.158600217754679251e+00
3.679403573717014708e-02
2.029188984319779676e-05
7.575712795996036723e-07
2.045894372121498416e-05
1.455178132866672693e-05
1.963599306241690638e-05
1.651805560297245346e-02
1.385132182559668079e+00
4.333127934677525328e-01
3.621083201024293818e-01
7.169532886164776686e-01
4.966287542278286504e-01
1.186378557344500040e+00
2.502131783481733152e+00
1.195614082362792541e+00
9.973344477226148141e-01
1.309945948170338159e+00
4.809242597777132033e+00
2.983378351440589202e-02
7.207354475916451898e-07
5.049766687210854969e-08
1.155100778054123275e-05
3.542593255538868771e-06
8.358850447635976109e-06
7.959807096122144265e-03
4.468292730512973820e-01
8.750742587498222536e-01
4.356007643232667093e+00
9.480630209765311678e-01
2.386693180111435497e-01
1.181070708999571561e+00
7.517838864359073225e-01
5.956165169527845027e-01
2.945177066629066420e+00
3.994556879300423802e+00
3.948619461560376909e+00
1.776626595865529734e-02
2.874689207645974116e-06
8.031506493294955124e-07
8.458712695839172482e-05
1.293130710217439519e-07
9.060623862853363109e-07
3.438828952076354497e-03
4.728700084151923888e-01
3.583463466983737855e-01
3.579949920978818811e-01
4.792373414458625525e-01
1.371347630234648118e+00
1.004067362652446116e+00
2.159569676996049292e-01
6.420320892101030186e-01
3.875818257864886096e+00
2.011340711534004733e+00
3.445813968955926260e-02
3.465438793841638007e-05
6.811374343349624406e-07
6.842250457980400691e-06
4.381799928810852039e-04
2.463781257150825661e-07
3.921851127797888715e-05
5.937255503137935098e-02
6.008763095600154758e-01
2.952541931635088157e-01
9.683489759834514876e-01
1.515972766580112152e+00
1.316434789908341507e+00
4.464227861193384994e-01
4.316500719476794035e-01
1.428376975795706327e+00
1.128922815885709197e+00
1.005646052654839417e+00
5.115769813260766068e-03
6.912825322713875629e-07
1.178319548246891688e-07
1.146913672899548251e-05
6.731279929763933113e-04
1.026579479356680880e-04
4.785069143895678140e-02
8.719007754242587005e-01
2.058295967456447995e-01
1.705136281272057464e-01
1.631156089490240158e+00
4.187606625510926217e-01
6.456402191298167559e-02
1.351024534648491947e-02
2.555856536068068161e-02
2.078069646090340561e-01
1.296366847168275160e-01
8.162513726751974286e-01
4.471709384794018971e-02
5.403315047395404779e-06
4.335397773796186087e-07
2.036013342700387636e-05
6.076443747202449168e-04
6.437918593415560553e-02
1.813404498765391004e+00
5.240101277373607758e+00
2.861178040748388440e+00
1.734781523979810114e+00
2.396911951246125216e+00
7.256420003546247832e-01
8.656251904552058063e-01
6.336450359270527632e-02
3.239384286906270283e-02
7.225367793920469683e-01
6.804380607300891670e-02
1.495646934855975572e-02
3.637085887957905526e-03
2.332241570531552591e-05
5.128999990141007804e-06
6.174410830453230456e-05
6.315155335225658894e-04
9.599766427458970020e-01
1.068064879892133057e+00
7.000418528046386868e+00
6.808416208072020304e+00
1.463921857803627935e+00
1.449298047897577213e+00
4.370074018201847155e-01
8.316394392663664092e-01
5.497948351302225228e-02
6.121533843496272144e-03
5.218446057280074629e-02
1.572919409907817638e-03
2.591432607638709951e-05
2.541726888681901367e-05
2.973394948473741373e-05
6.618040350206510060e-05
3.271608972727027033e-04
1.202744963581211949e-03
