2.459757681068543444e-06
1.944892743814829688e-05
8.318589189261290951e-06
3.182439698689248521e-06
8.424749704782331873e-05
8.921222474444328308e-05
9.094143572259481739e-07
2.992386615001583819e-07
5.887937799791957585e-06
7.506117464503914475e-05
1.516674575862789502e-04
1.553955702088936507e-04
1.845016934953229090e-04
2.009222017105185935e-04
1.591806040365686514e-04
1.133553648850933195e-04
1.018925765066236552e-04
1.401415319786171758e-04
5.147176963589600158e-06
4.600361000869032679e-04
9.908064635248169452e-04
7.529231067164902057e-04
2.303687187205659057e-02
6.499240477428946949e-03
8.489751038683419074e-07
6.315527661753390384e-09
1.616157943642357643e-07
1.240159227621992228e-05
2.483929738642372820e-05
1.125240889178053684e-05
2.065502898246519549e-05
6.727380426941641039e-05
1.041910672017324794e-04
9.073511379185021468e-05
8.302535592867636921e-05
1.147970015901963098e-04
1.533127876349353992e-03
1.308376273019120350e-01
6.688070427032339893e-01
4.932607385827313395e-01
5.202116591137032620e-01
1.463493252722204985e-01
5.544324127444542763e-05
5.214079998047112528e-08
4.716974065681509316e-07
8.900328955986057400e-05
3.173477179644635797e-05
4.491023054127059658e-07
4.127372474188916684e-07
6.044719999520844089e-06
3.553379712252946899e-05
6.440912041879251774e-05
8.464846796576316564e-05
1.280884966475147508e-04
2.978096148969037668e-02
6.829034514696276092e-01
2.704342433118991806e+00
2.901965450777027389e+00
1.070158364312386423e+00
1.576564335668645844e+00
6.553087081152611515e-02
4.456269023335325107e-04
4.695395474363593647e-04
2.345504205036713294e-02
1.463512332891054929e-03
3.361228143028936998e-07
2.966599117779407135e-08
5.613214697618080736e-07
5.968117004964080128e-06
1.859442614893350886e-05
4.991081751810407002e-05
1.243547406553394640e-04
4.666339065300024753e-04
1.321193429174399581e-01
1.700038836243089824e+00
1.622064568024758957e+00
1.402003575861840545e+00
9.898395010972095287e-01
1.234670264930196160e+00
1.790855179856913004e+00
2.322936278538303145e-01
6.874978350920166736e-01
1.209443489877179839e-01
2.762000199014187003e-05
8.999940872085723375e-07
7.351256422862468351e-06
1.112465405850636093e-05
5.783826142744616253e-06
1.538218566455691946e-05
8.309227385936060050e-05
2.747707369208669442e-06
1.108432599915261212e-02
9.453425079838858602e-01
8.323387105504219674e-01
2.576414149435175549e-01
6.174458280631223844e-03
2.687083840485044242e-02
2.833698835422157725e+00
9.818125293050409264e-01
2.361198391438603661e+00
8.288886201262408715e-01
1.389737095105055822e-03
8.357460849697009300e-04
2.168789941170094770e-02
1.589246730132053446e-03
1.186569497697182731e-05
6.574063478770234326e-06
5.278503305905685882e-05
2.335994725311933047e-07
3.372197268425431278e-05
2.548860673533341961e-03
1.295905732450567394e-01
8.276505903190870539e-01
2.681557998641265553e-02
2.621116041351993081e-02
7.854021931790551581e-02
7.621663768319518473e-02
1.582454622904339248e+00
1.408863000233573914e-01
1.088964262892425702e-03
1.561450138151581485e-02
9.165266866402929091e-01
2.455450563482278539e-02
3.484130350255151484e-05
7.273743095031235683e-06
5.242304145558138851e-05
7.649657958411108037e-07
6.567938555658477942e-06
9.257928099296096423e-05
1.197606367905048111e-02
8.870277252023787140e-01
1.165323534607327627e+00
8.054687582732703577e-01
1.979081079787102862e-02
1.078561019118252397e-02
2.141737262446434809e-01
1.761436413749894667e-02
8.126352544516747545e-03
2.827801014886155082e-02
4.033727190931812000e-03
1.250763255845848527e-04
1.013128119812283129e-05
1.396136908716527228e-05
8.921397164349900461e-05
2.392324144067021260e-05
4.818969289159921905e-03
3.934171792730321165e-02
1.569459552525455034e-02
1.315912618749664163e-02
9.867557987410093684e-03
5.560561309957994490e-03
1.675489161406776024e-03
6.735638470895770336e-02
7.411596660563859462e-01
5.748387461203157550e-02
7.896374201585247832e-01
7.339453673567597480e-02
4.321158201511954881e-06
1.295265149524350832e-07
1.759429342480053562e-06
3.242787741897882876e-05
1.765636923165360460e-04
7.607001551672832560e-06
2.383867350251554773e-02
7.684104354279438498e-01
7.149565192970203098e-02
2.636826416085114380e-02
1.228347088922662712e-03
5.295555685797717667e-06
4.061188725933129445e-06
1.328166993229194619e-02
1.914745128878704961e+00
4.088490930916564570e-01
9.399399190991513109e-01
7.249401662383772767e-03
2.735429472234676693e-07
3.159470071006156183e-08
2.399855597910704268e-06
7.381910492139110705e-05
2.597841235437559461e-04
1.954438389217860212e-07
1.747353434347416424e-03
2.184456365180361403e-01
8.484701192118443425e-02
6.917576898602613156e-01
1.162940071603157516e-01
6.049982868509653410e-05
1.299549765604855012e-06
8.307805618028796734e-05
7.412463945448720393e-02
5.491090312930290152e-01
4.105762259939795683e-02
1.393277846350647012e-04
5.502261818209525261e-07
3.438187294448325998e-07
8.026136410340843362e-06
9.879846113236852149e-05
2.455606474786362179e-04
1.836053560194201126e-07
2.449155865759991210e-02
8.800268520093034397e+00
8.264564621777071851e-01
1.513076313934445416e+00
7.180448773381562511e-01
4.213708330570985899e-02
2.610521164745849970e-03
2.623789995067143336e-04
8.962653698765492630e-03
3.708411122255064751e-01
3.471180374882063685e-02
1.166894819803727858e-03
6.702460360588908107e-05
6.878684369366634231e-06
1.121736420542587802e-05
6.573390379043161631e-05
1.835211234680752482e-04
1.520430558766255203e-07
3.532719478817395592e-02
4.390117751853060213e+01
7.462379674226540693e+00
2.263361038962317995e+00
4.313246467365145498e-01
9.058587393025807621e-01
9.668056960835635927e-01
8.786554779748484770e-03
1.172477219933217192e-02
5.150218970074336156e-01
1.063455199432305820e+00
9.318791418752380151e-01
1.966158973870794913e-02
3.612194738151686580e-05
6.342565393161763163e-06
3.760392143188464925e-05
1.583386128598384540e-04
2.260561816946852482e-07
9.232869707819458746e-03
8.076592938847444003e+00
7.988913592922998186e-01
2.732289807208925780e-01
9.416066985008803014e-01
9.642127606509592885e-01
2.296745764200246523e-02
2.876647499070326052e-04
4.979564086946134012e-03
4.830300270141039687e-01
9.874850389401216288e-01
9.804328189064930310e-01
1.084628883084865630e-02
9.313796193364702464e-06
2.208336395683962680e-06
2.845391132946046016e-05
1.822445579494871208e-04
1.918834321448877952e-06
8.788022388911295030e-03
1.887451452346460945e+00
3.240800569685861610e-02
1.112548841245772011e-02
8.596885443898110157e-01
6.471658726608064960e-02
8.745909857350022025e-06
8.669602787202578750e-07
3.050993247253105251e-03
4.969381071531969174e-01
2.346954561402617503e-02
5.746265040598547494e-03
2.907538863000117750e-04
8.651265517648824518e-07
5.641685123222865644e-07
2.021018054614718681e-05
2.148018536644066931e-04
3.287508686842696912e-07
3.896249579184748161e-05
4.120341453429957751e-02
8.466134522274428031e-02
1.828592903770735745e-02
1.904014985147792563e-02
4.185839249694977377e-04
1.593058891796893996e-06
1.631847317023688335e-06
4.386076678405854100e-03
4.258593971703111269e-01
1.051231411478067979e-02
1.262356396494554792e-02
2.109340841005952292e-03
9.069576755715042995e-07
1.597855413666737616e-07
1.004017366290322637e-05
2.083713797385285192e-04
2.037069368014946280e-08
3.152427510556527473e-07
4.420392074870323033e-03
8.047853812097390813e-01
1.089350136464102559e-02
1.887005353326523722e-05
1.235564998840841597e-05
1.648654134008346135e-03
8.935808272466667229e-03
5.982394300835631312e-02
1.452850583120693928e+00
2.534861048998685029e-01
7.771012490625263114e-01
6.499223801267568768e-02
3.142496927032310448e-06
1.230152963620458452e-07
7.114032540737256497e-06
1.998437945316913658e-04
2.066176814030856537e-07
3.009111645801636718e-05
1.048487226977010828e-01
1.024525171485618918e-01
1.835461817865719346e-05
2.816873798560683715e-08
1.377760341383351643e-06
6.200972787428295219e-02
1.721272297340888047e+00
3.748895516837492670e-01
1.019439336939301999e+00
5.687399951486878796e-02
9.918812319871571012e-03
1.221279327611482458e-03
2.378304466270662240e-06
4.735526783413445123e-07
1.459414000951309225e-05
2.227628646035732991e-04
6.075179584421853253e-06
7.880854222628340747e-03
7.650604012964529188e-01
8.587528277998713547e-04
1.639651151440082997e-07
8.842834785392099690e-08
3.961289987531825600e-06
1.047435408658698016e-03
8.109341984454750130e-02
8.075139532584012514e-01
1.967178603913437351e+00
7.053737100804140236e-03
2.017255162544774242e-05
4.787843304388022926e-06
2.230339200472817982e-06
5.021094688727781174e-06
4.742009514175409761e-05
2.306658783241025644e-04
6.084184733292200990e-05
4.292563752417297152e-02
1.750308150225901860e-01
2.756650021877883323e-05
3.654081409349819833e-07
2.786190718460468765e-04
8.584633991011246523e-03
2.410093893690005984e-03
3.940339395892714786e-02
1.091879477891405825e+00
9.533296066595099427e-01
6.814545216273557200e-03
2.229195611487698914e-05
4.953774820846280400e-06
1.180689853400298363e-05
3.528584418292019431e-05
8.983266894816371124e-05
1.845799629673683438e-04
9.876033866122063166e-04
9.426505536779534733e-01
1.904891276592919125e+00
2.959469129431923458e-04
1.057102285595390616e-05
2.136967056784395275e-02
8.235634264540073746e-01
1.861327715278016104e-01
7.634680717410339268e-01
7.766635828434972910e-02
5.761515007020391902e-04
8.646845548558472797e-05
4.070813400464365529e-05
3.509795136760015708e-05
5.532460464968740949e-05
7.419737628087758540e-05
8.733588524997849530e-05
1.331867357510088190e-04
7.793254297514977174e-05
4.672343689286689167e-02
9.821598852140442926e-01
2.276439456415075419e-02
5.414900610415511809e-03
7.861456515340534135e-02
2.208461736470974934e-02
4.224989242287318855e-03
2.259907119610710807e-02
4.045752119236544690e-04
9.651154163723032704e-07
1.392385917802162914e-06
2.112934993155840080e-05
6.759655507387433710e-05
7.631165029458878888e-05
6.465548165250222142e-05
6.465488088475087908e-05
1.028601155903790393e-04
2.772473737422822595e-07
1.214178278465102080e-05
1.492870998916633963e-03
2.821780089526077298e-02
9.278294844686657550e-01
9.432083775601802778e-01
1.228810086979217116e-03
9.629794617270028134e-06
1.996755351958880701e-05
7.210538430808426563e-06
7.850572477152369857e-07
2.856910978415533537e-06
3.084969531385056577e-05
7.138132964991245597e-05
6.040838802386846995e-05
4.644290606450593494e-05
5.064191945295197213e-05
9.085445617831915338e-05
3.782010808270032504e-07
1.742205302792346962e-05
1.524293372240675265e-03
6.076666778336587554e-03
2.550573717503313090e-02
1.896045135352706149e-02
1.678083065364277277e-04
3.199034898536540268e-06
3.529209570029753102e-06
8.807644248476493895e-06
1.375999922637042352e-05
3.646803222336378558e-05
8.236656614322475237e-05
8.347446062752582167e-05
5.846103925038365903e-05
4.707557056816575876e-05
5.617706657624657157e-05
1.042872225784640007e-04
3.630905998949910719e-05
1.836239288197133446e-02
9.542130310485904543e-01
1.232232627598674364e-02
3.922792289013433172e-05
7.727171479117795057e-06
8.012564347078790690e-06
1.038270688282263660e-05
2.678916097947798842e-05
7.838942589186989130e-05
1.488889654975994741e-04
1.918576698844890285e-04
1.756179317274919626e-04
1.272910195923912654e-04
9.328864437391602021e-05
8.383217563836357369e-05
1.020433931999377230e-04
1.682866271235259551e-04
