8.791337475893202065e-07
3.190422210463298575e-02
1.887607524587602947e+00
3.653748721079532608e-02
6.726015752046550153e-03
3.474124953210836961e-04
2.375656059729329308e-04
9.674452858021938273e-03
2.370259144072206156e-02
1.892626720003365293e-02
1.465060710273511464e-03
1.087141324691232964e-05
1.571531759778352358e-06
8.646669170683059566e-06
9.067640968918482306e-05
2.793786069391215681e-04
3.404978939732978302e-04
4.704853655899320043e-04
8.197973501141460453e-08
1.556843576266599312e-02
1.073015961235629590e+00
1.524876236765647930e-01
2.813236376232651992e+00
1.099609653526247982e-01
7.683283136286482920e-03
8.797330196819961312e-01
4.082884651903018636e+00
8.709576543273367388e-01
8.370112928510997988e-03
3.250841852689086349e-06
2.089454626046659218e-08
4.629486327231275916e-08
2.216675890655962525e-06
3.900088751875684367e-05
1.215003685631261708e-04
2.633837097216151454e-04
1.759542915708416407e-07
5.030338763807889330e-02
2.658009209699749853e+00
1.175983406211257992e-01
8.773678470721649747e-01
3.304692746009794957e-02
1.351305345585886207e-03
1.750448770090674497e-02
1.014557096322305126e-02
1.993359454302879447e-02
9.788872205669914284e-02
1.557353200457597172e-03
2.033745992449289227e-06
2.386892237989763368e-07
2.115065876268612539e-06
1.886945434585053226e-05
6.345485630008653529e-05
2.000219491164121331e-04
2.699101303947806241e-07
8.846960760333569609e-03
2.232270723271449153e+00
1.080806456216268502e-01
7.659848623630055066e-03
6.075798771207240523e-04
3.847764391985615887e-03
2.473670754437426803e-02
4.670528643715780295e-04
2.381830077633783661e-03
9.091006469895368536e-01
1.886149595852236738e+00
9.328526332388596687e-02
7.869531348552390865e-03
7.889795658707548587e-04
8.009966354554462107e-05
5.302905424503697314e-05
1.810711079688784818e-04
1.726762726825142255e-07
3.714472781710300027e-04
1.724007413382452558e+00
8.843992273369888357e-01
8.305890376243600746e-04
5.573442321341462918e-05
5.315952102294568826e-02
1.851995580269046870e+00
3.384981573217864248e-02
1.740580986026109972e-02
4.490723110675890611e-02
1.028342474487163732e-01
8.989179146986649993e-01
9.480564107192972489e-01
1.182511051901454641e-02
7.974546352705602897e-05
2.849431779907316497e-05
1.589659673597418777e-04
5.085358122263227314e-07
2.193882338887477189e-04
3.020352132762640918e-01
3.180988169808468546e-02
5.519139819966107932e-06
1.648575896895412503e-06
6.547352265766772511e-03
8.804795153301230304e-01
1.336956238540867536e+00
7.231932070218261011e-01
4.147262959876103078e-02
2.357586951160069166e-02
4.075420306560740419e-02
1.272289252297357717e-02
3.208089533927951128e-04
5.712585874856802153e-06
6.667372093536535433e-06
1.159262484907478769e-04
4.309535264647477922e-05
2.082555542648270586e-02
7.478447213876896482e-01
4.805571564792240555e-03
7.002854821359940531e-06
4.861583724179011269e-05
3.240759595098662016e-02
1.850930353840646858e-01
6.955096396242012036e-01
2.976852865668732750e+00
2.345112126197427482e+00
1.622313022450237785e+00
1.280230318139159162e-01
3.163236268188115985e-02
1.386974146191629134e-03
4.898422891558537446e-06
2.599774450344289605e-06
8.268576923117124491e-05
1.372346930878625413e-04
4.544548852916668533e-03
4.243492515454058006e-02
4.128819238167056455e-02
2.285694503004824171e-02
1.133052114520726739e-01
7.106610265197544907e-01
3.807927563628205753e-02
4.229239562710170042e-02
1.270135071333399202e+00
1.640263307784546765e+00
1.590535787352935215e-01
5.121570071664975632e-02
7.873192877711386872e-01
4.705478141014207694e-02
1.423662421593876201e-05
2.378829103104195431e-06
8.480960714750369412e-05
5.532264961112460364e-06
4.235220856244419798e-06
2.094340833639247730e-04
1.715274969544317296e-01
6.206471988148506425e-01
9.233570957591090422e-02
1.379493529763652637e-01
9.772782170733428087e-03
1.779290744774401911e-02
7.418846993144743163e-01
2.019295451031342115e-01
2.748564327360487544e-02
5.328554153861878723e-02
6.574146089513731306e-02
3.889398626003680174e-04
1.146471875932694971e-06
2.527056668282470938e-06
1.481236639700214924e-04
9.007958514646417269e-07
1.017395269626336060e-06
4.041615433023015803e-04
7.883034137572483280e-01
3.782130618831666125e-01
3.512728588247222838e-02
8.617299249376522141e-01
5.150186776126815247e-02
1.403704797843165859e-03
1.092882539332132308e-02
6.372412032322542774e-02
7.665572229682520167e-01
9.447724556929583128e-01
1.969052287416219078e-03
7.513644674280735942e-07
7.766401000361349188e-08
3.559559561112422377e-06
2.837875747314874708e-04
1.113845200795284412e-06
2.936676756233783279e-05
6.513425899308544938e-03
1.125939580563717124e+00
6.475013631192013674e-01
5.503033384112288734e-02
8.374410000853171887e-01
1.618835972783107258e-02
2.030413841036737970e-05
4.151344562022990818e-04
8.922520279534805476e-02
1.387665800980460440e-01
1.420661621681778598e-02
4.275797134021568817e-04
2.258275425066560428e-06
2.092587262743268070e-07
4.556893344488533813e-06
2.780141480872075745e-04
4.085250075902783740e-06
1.561764260889953425e-02
1.003100272614056099e+00
2.020384629145516531e+00
1.192570240452911712e+00
5.076113387219936823e-02
1.849048938706504552e-01
5.952295437129449807e-02
9.207467401152263312e-04
1.752334401917451587e-02
6.866779438283476811e-01
1.056456838172376879e-02
7.422122316711615448e-04
2.743246440644418055e-02
3.124390179578999567e-03
4.766032978600411435e-06
3.345581413750477983e-06
1.387310634261469677e-04
5.091911051881189835e-07
5.614000121999367793e-02
3.570813087984687684e+01
4.325033921944600124e+00
1.318240460835752526e+00
1.406418935581748464e+00
3.521388113445787837e+00
2.069479832034299083e+00
8.349344705633586772e-01
1.257299485765970504e+00
1.128780500707182943e+00
9.041717316036106122e-02
2.910319199315901384e-02
8.327677599849784285e-01
4.734586134468139057e-02
1.234159995058275671e-05
2.338309389921694441e-06
8.826296248581765220e-05
6.507426358635659313e-10
1.619755871674920434e-05
3.097434806426500042e+00
4.072849051682906563e+00
3.528175488386305902e-01
2.857783820080515014e+00
2.433430318270911885e-01
5.335743252285442099e-03
1.341127038718671338e-01
5.304588086337959085e-01
1.635793339832991300e-01
5.912890500284663231e-01
2.041703996841776059e-01
1.248027932627448523e-02
1.367085909935239008e-04
1.490675376957036494e-06
3.192618957858340611e-06
1.270369999047417364e-04
1.196358311214347577e-10
8.660553579039472149e-08
6.597430879854855601e-02
1.469374392443907329e+00
1.576624521743268115e-01
6.959109201032590564e-01
1.169742459978182977e-02
5.527307214787623418e-04
7.281662111511615076e-02
2.564284864920561291e-01
1.033168065754579285e-01
1.143156698453154707e+00
9.610805053244885210e-01
4.896388484939310712e-03
8.733794320124917737e-06
9.272518335841388815e-07
1.077759065695536670e-05
2.659610458749679923e-04
1.826631699279235384e-07
2.546926238270089981e-05
5.811545179424987967e-02
2.486936690492436708e-01
1.689284086337997093e-01
1.397350902825389984e-01
4.736193413136133464e-03
1.614713351042028344e-02
6.684817664761165679e-01
8.548397715450880563e-01
1.845747079748001118e+00
2.016064508221766971e+00
8.567778410212876228e-01
2.761076341621611363e-02
5.337344804651158634e-05
4.219290468449379071e-06
3.266532325297839389e-05
3.881390558841932336e-04
6.090668170157853746e-05
1.655755167851563625e-02
1.757319075435797684e+00
1.220721816032458662e+00
3.900034128248484055e-01
1.112695503853409172e-02
1.779310560602612114e-04
5.392789262233597079e-03
2.662755626528903186e-01
5.518778461523097256e-01
2.599385220480386671e+00
3.121990411077930627e-01
9.420181821655854160e-03
5.934005439702246627e-04
1.610534749027895155e-05
4.883205170175032594e-06
3.046604008771210359e-05
2.826660404799300570e-04
7.635143154628800429e-06
7.071574169341033776e-04
1.645695363002022960e-01
6.924682828795929446e-01
6.589061725173489537e-01
3.407173852655386026e-02
4.753770469016476851e-04
6.508874399576096599e-03
6.280034807508836359e-01
1.502255966925047481e+00
2.392066765612842261e+00
7.493278315833826753e-01
1.091320348299217383e-02
1.777950893630482259e-04
2.304924193426613116e-05
1.116376518496771362e-05
1.826291264320418947e-05
1.123336289029691274e-04
2.617236001800985008e-06
1.651891418315228381e-04
1.913910966602365427e-02
7.540000528106800826e-02
6.552388734568868056e-01
7.420913934231286868e-01
2.274499180551055669e-02
6.222526415947608053e-02
1.372170552895562778e+00
2.317829596757182919e+00
2.875870228349619584e+00
9.963264017186125310e-01
2.649612674314481137e-02
6.856438303749779091e-03
1.353321363714821493e-02
8.085851590726029743e-04
2.526532711605730756e-05
3.958548184963416890e-05
1.362506326863486258e-05
9.372545273607197150e-03
8.684065455502947284e-01
1.378315009012128778e-01
7.211637051867239578e-02
2.765225648809000458e-01
1.287924928755719567e-01
6.797359016076447435e-01
2.933017848304266817e+00
1.557442263638706859e+00
1.139292646283050381e+00
1.026743318240518933e-02
6.207357686809619258e-05
3.825446828863806291e-03
9.385702288099735391e-01
2.046492544908193323e-02
3.888592755166013124e-05
2.270507861088491545e-05
2.555537636464434682e-05
8.115327600339781663e-03
9.943031920365944520e-01
9.145172932653914399e-01
9.599237090854538523e-02
5.947011756330101706e-01
1.148509643202203279e+00
1.056394373869514514e+00
1.109543952297332936e+00
3.592147115606637020e-01
9.101835142717651372e-01
3.595325081256270285e-03
8.479790095272977615e-07
2.072338091012752089e-05
1.410246871781811392e-02
1.927335593838027869e-03
2.318303915345638796e-05
2.859420035645391880e-05
3.979774819867768453e-03
6.433397857857325874e-02
1.199660502287700353e-01
8.424016844258306325e-01
8.590279418183464910e-02
2.068453321887321061e-01
6.832688979523016126e-01
3.240972690902410025e-01
5.689265720034973883e-01
1.130709984450031375e-01
6.979289717479744137e-01
1.378382839663610249e-01
2.950762321295876517e-05
3.140664117847572950e-06
5.147748660871076591e-05
4.860484508156024243e-05
1.871522875810747441e-05
6.785953701518935828e-05
6.735891627345864940e-02
2.592078058804987872e+00
3.087521302334045870e-01
8.303275883975854699e-01
4.817836555573117713e-02
2.025379020625943383e-02
1.798951977861390494e-02
3.751427358492489920e-03
2.276520592127392537e-02
2.772110798481139046e-02
2.902198976460081958e-01
8.450672452088998643e-01
2.104744563076467369e-03
2.204029462272845161e-05
1.910337853150246849e-05
2.964213371847347706e-05
4.806669954211634200e-05
1.722324587805767885e-04
7.544748582035623466e-04
2.624264620772641110e-01
7.977422364024533419e-01
4.110045270736644163e+00
9.599841123111517716e-01
9.351379656164224841e-01
1.864735406842827140e-02
1.038753005033057284e-05
3.216583999989993390e-05
1.363726496633202272e-02
7.839112068150566603e-01
9.249095377299293430e-02
1.768304479764337526e-04
1.169600500905092635e-05
3.144797203080713498e-05
8.931373391031198895e-05
1.514004755577289050e-04
3.234902204238123487e-04
2.230220722185353999e-02
2.808893134581042172e+00
5.232741239890975393e+00
1.744143001074619059e+00
2.365531020269295015e-01
1.875230829030068547e+00
4.271411703325136977e-02
1.708468505987732771e-06
1.055242245452510314e-06
2.316085859083715903e-03
4.362650434749942158e-02
1.483171203395969805e-04
5.735179063723733032e-07
1.426543080296458584e-06
4.211514092582186705e-05
2.416236830898956564e-04
3.754931844485798003e-04
5.713701022154924446e-04
