5.507823643476548970e-04
5.624217006099158783e-02
1.936929101396980712e+00
9.882141049087240781e-01
3.871218862772426300e-02
3.286638531392359949e-03
3.928906603978438682e-03
4.679624638669534903e-02
8.170962040936726378e-04
3.107005372317496291e-07
5.673011796870191124e-09
4.415818927599179563e-09
1.085549811708988287e-07
6.919108066856917605e-06
5.570493986407637764e-05
6.068290704988026644e-05
3.671433022530440501e-05
3.069404373965319021e-05
1.809431566792620363e-02
1.836390034697892082e+00
6.239172481230840894e+00
1.804257275287355355e+00
1.205298309315751437e+00
6.790140920321025009e-01
3.149062496076943107e-01
1.603311614685323905e+00
1.194749864875793571e-01
7.393384950844138692e-04
2.067623172141421150e-06
3.062855540469205271e-09
2.897078279522901949e-09
4.759853538142440308e-07
1.859168100421429545e-05
3.731796567215716270e-05
2.357332362318699431e-05
2.010978380377973019e-05
2.092630166166884994e-04
7.282755495166122472e-02
8.830817068390496294e-01
4.826326856871511473e-02
3.686567972251786427e-03
3.987191719303751283e-03
1.882886504705389222e-02
1.553433981521168961e-01
1.242723098160974093e-01
7.984793292535137255e-01
1.041729312912822170e-01
3.385231269842449265e-06
7.358701273590757440e-09
7.017143707977922468e-08
3.003411431155395369e-06
1.290364093440343591e-05
1.351507818095860967e-05
1.504431565731689498e-05
3.743282428305627287e-07
8.567253143473531818e-05
5.144210609402685187e-03
1.927971578885551531e-04
2.066818273843549057e-06
1.524108760400274692e-05
2.438274811188232208e-02
7.700477808729360163e-01
1.888213966674074859e-02
7.737303188931189679e-02
3.884982847948658780e+00
1.508087811748507444e-02
2.141363952974946405e-06
1.276344085156120244e-07
5.907394423483363127e-07
2.818236247601845980e-06
5.670823153678204467e-06
9.754414872996332561e-06
1.560722853588676081e-07
2.353639316061987252e-06
4.301164377843863111e-05
5.398550085483204723e-06
1.405952084662417778e-07
8.761206333473509066e-07
1.891121551881676157e-03
7.304545906217774220e-02
2.836884606931979304e-04
4.568128766938991475e-05
5.462566146109321813e-02
1.006520060782315262e+00
3.788481370321904445e-03
1.142638390031765009e-05
1.267897056768089773e-06
1.674584373703222831e-06
3.456079882944378537e-06
4.867926714265321781e-06
2.562564923256872227e-06
4.354752060996569371e-06
1.146776388922431159e-05
4.422161990642987117e-06
4.449622014865953072e-07
2.571538013159034991e-07
9.941163336042126958e-06
1.411972319159901035e-03
1.853496404638472952e-03
3.658453349902392746e-04
9.345121185872723099e-03
9.059661401064574848e-01
1.024681257053262406e+00
1.231298972016598922e-02
6.617258358366425179e-05
2.884405108428826194e-05
3.648991316511417880e-05
5.580599401984947097e-06
2.787462620858797564e-05
2.498971560523273201e-05
2.640832149719988327e-05
1.539916108001668501e-05
3.418407308997910689e-06
6.773519857139775853e-07
2.336294386022553675e-06
1.265486594193072044e-03
9.422112256169119515e-01
1.007644838105244967e+00
1.619780665554404822e-02
1.188274644809833927e-02
1.068887645393871155e+00
9.065157344510615944e-01
6.818415454325817832e-03
1.135603217190146383e-02
7.359616733279098280e-03
1.929820432449279123e-05
3.915142622994827990e-05
2.609140569623765298e-05
2.268269584713940423e-05
1.402206142123109991e-05
3.415363814587439977e-06
5.061683861923068735e-07
2.831147131067115356e-07
1.715872187286831578e-05
4.919687365927126466e-02
9.587651273347920222e-01
2.560022565075091225e-03
4.924035921440442692e-05
1.268074710665312299e-02
8.688223487000997780e-01
2.768843783023157701e-01
8.016322011055738717e-01
3.518485992567308568e-02
7.592055620311842872e-06
2.933570892532455958e-06
7.341035204103428344e-07
1.439992979552613426e-06
2.849817377732537014e-06
7.255187542972299302e-07
8.376518231371223872e-08
1.184089312173383538e-08
2.418717287462952754e-08
9.116738316539687857e-06
1.655211438782861789e-03
1.097019434123202956e-04
1.497425865588108069e-06
6.120158690444884046e-05
6.582005150851751030e-02
8.388003997309756432e-01
8.640925079103321804e-02
7.433257737873273467e-05
1.219347860665332246e-07
1.556685037987753622e-08
1.649049155915617456e-09
9.871443615769526019e-08
1.064411872053827632e-05
1.048799157414279825e-05
1.701252478076042283e-06
9.200492785244323343e-08
9.438036616052068406e-09
1.659674468051920836e-07
1.983784568383484314e-05
1.610477805692037199e-05
5.132512701294183439e-07
1.389865448111987545e-06
6.251938229353188638e-04
1.451839713192267477e-02
1.391385529008660094e-04
1.137774206592862964e-07
1.539238813197658837e-08
8.090907052570664161e-10
6.992049064543124092e-10
4.193064442929759380e-06
6.447645472431276503e-03
1.943295326170459483e-02
1.573847715912545311e-02
2.337338373698784810e-04
3.862599361462631068e-07
2.213884650823723291e-07
6.256542487989934825e-06
1.329521545885705520e-05
1.403837116235698111e-06
6.570502459649848918e-07
1.065845560769084188e-05
5.972506951004951232e-05
2.954329309072454503e-06
1.015512621211523977e-07
1.990335946191919010e-07
4.776550457895497337e-08
1.014441394009071212e-05
1.436018028950267478e-01
7.811054292561413481e-01
9.770559058380626216e-02
8.783300865537807534e-01
3.668505928579256226e-02
6.576271458133456446e-06
3.374283608777053384e-07
2.452110300053226579e-06
7.286484397816394572e-06
3.352424400822530267e-06
1.665046271728299015e-06
3.385282855207751953e-06
7.437794906631717292e-06
4.278886204266111656e-06
2.838659309413058704e-06
7.404270765957956282e-06
3.617551998551848357e-06
1.776471507710269612e-02
6.276779575241975806e+01
1.253627213559578513e+00
1.722302079170224404e-03
6.305011835756252521e-03
1.934415613847163080e-03
2.642330003195917644e-06
7.753702479917630946e-08
1.027140398587108697e-07
4.649444451116805103e-07
2.366639559992551894e-06
3.972091529281435725e-06
3.734726713043396700e-06
5.665233364909196584e-06
1.074148575088130873e-05
2.118346856458646065e-05
4.264011757414587245e-05
1.340293045094225084e-07
1.700240538445616461e-05
1.269626738647317010e-01
8.288485947433079648e-01
4.898854007315141777e-03
1.645571220136901570e-04
1.320561247884651116e-05
2.901666816836559497e-07
1.467589080764429546e-08
5.433468706838247792e-09
1.317220199460594460e-07
2.652812350808795707e-05
5.334030047544031992e-05
3.268111176566453691e-06
1.383350957745246943e-06
4.298616658373692183e-06
1.526846677978232756e-05
3.882356475786385118e-05
2.595538854731800625e-09
9.003686542696956471e-10
2.526058065271933229e-06
1.501484402716296226e-02
1.107974804282873572e-02
4.979797011334148328e-05
1.083853773346411524e-06
4.499791743854488854e-07
7.307900222186586651e-07
9.218160220932212708e-07
4.867501087164701119e-05
2.597553784940884875e-02
3.088038175495189976e-03
1.725054709993884466e-06
1.945592997956173473e-07
1.107234878415462946e-06
4.438328033262674947e-06
1.371516527996777870e-05
3.034461392487822364e-08
1.188852345937538591e-09
3.909206897040011180e-08
2.988371529423026132e-05
1.204056602156431115e-04
3.389972472620887255e-06
2.125411927618323437e-07
2.524635147749210864e-06
1.997801525121447631e-03
4.205624174630532425e-02
7.193444477405208648e-02
8.431238037292706489e-01
1.314743034916254771e-02
3.972538843743595038e-06
2.123144354533947769e-06
1.541711827282316055e-05
6.999851391886940964e-06
5.555408524978450321e-06
3.078136730868797303e-06
3.395753148557787965e-07
4.179819149650807487e-07
3.208746728422760469e-06
5.571380951287016869e-06
7.449455063256208132e-07
7.575668375837587102e-08
1.710038684874423315e-06
1.857871209703168547e-02
7.592554781487392823e-01
3.058788942100213251e-02
8.224680123968418355e-02
7.003820239404089099e-02
2.199648822060690581e-03
9.492904445690439341e-03
9.803383766986601550e-03
6.422895905184817318e-05
4.254608492064375128e-06
2.175828446369591611e-05
7.081102642429554873e-06
4.277367872934538481e-06
6.138257958594365050e-06
7.937372899218860255e-06
2.680347090445129706e-06
5.565680552605839147e-07
1.288233246379658114e-05
5.196551274868882464e-02
2.549132668797293721e-01
1.192314380341180299e-03
6.783431330215979917e-03
7.666400388808494171e-01
1.137566024477213888e+00
8.503109401537014556e-01
1.746149646206269709e-02
2.260786307829270843e-05
2.038436120429710390e-06
1.357566465166205629e-05
6.510083205487600126e-06
5.479643942157649312e-06
8.180909442432392578e-06
1.274073663926905353e-05
7.000841855456400681e-06
3.357496459939188022e-06
2.361854469260099836e-04
9.293030127450935263e-01
6.929942100121648796e-01
3.217172723986638024e-04
2.872232241318471127e-04
9.973569800030185339e-02
2.011354333950075013e+00
8.117645238190958346e-02
3.037028467014006290e-05
2.118741221682058683e-07
5.729145467636819269e-07
7.951527685859733748e-06
1.670392963861961350e-05
4.772569392177124188e-05
3.746695369583017023e-05
1.090992435848372272e-05
1.014816802766474367e-06
7.094167054047258096e-08
2.710376949887232335e-06
5.212956634821359209e-02
3.056300493578995581e-01
1.166520554451240879e-03
1.141440395197596295e-03
4.598433101044991506e-02
8.262604363463675883e-01
2.082609329135657467e-02
2.181111900313311701e-06
5.108588158719084381e-08
7.490145340521728266e-07
1.203389857293723899e-05
7.396299990760996307e-04
1.849480876822386446e-02
1.674604188511096166e-03
9.417806849184305503e-06
6.459693706575801561e-08
1.215244428735303832e-09
5.471229563011539163e-08
6.067547406791204412e-03
5.845992072084453817e-01
2.388798254360256779e-01
1.742853244574506633e+00
1.507588709523351445e-01
5.267303018441072543e-03
5.725595647675866921e-04
5.055626700997081666e-06
6.746846967655373052e-07
4.657692604114595255e-06
9.929351922019025254e-06
9.094421863008367996e-03
9.330702849992730252e-01
6.962234195531348362e-03
1.804440965068115302e-06
1.786266134713787530e-08
1.406717925476288237e-08
1.317567114256374325e-05
1.286645461724546247e-01
1.071751654415389332e-01
2.889786255139665042e-02
9.698523751977501384e-01
5.344951044229455731e-03
1.975375823676423398e-06
1.051024502329446394e-06
3.166321072712404965e-06
6.110227873772867757e-06
1.984580543717494696e-05
4.382448582452665427e-06
7.911256706647355405e-03
1.043331340287993347e+00
2.335068804110229830e-03
2.424617981720475581e-07
1.312002293929295684e-08
7.761814230613100774e-07
7.756936076865065394e-03
7.985757478894536243e-01
5.553852432677788961e-04
3.953455044717732846e-06
1.952067756715234728e-04
4.410057954144699227e-05
2.023778994774689965e-07
2.242204452533857818e-07
3.199842736822058462e-06
1.520337429267724383e-05
3.276646833135516009e-05
5.630760902746492883e-06
1.082274004949497492e-02
3.927577930005018203e+00
3.527723324822128192e-02
3.723302686365450880e-06
6.107873062083417560e-08
1.394586093420363193e-06
4.735528381010227841e-03
1.265141274489546552e-01
7.789517174464189006e-05
1.843522913613596396e-07
1.608189190452058390e-06
7.058474051552343672e-06
1.827952867999289374e-06
2.405480673316426704e-06
1.040017742704243755e-05
2.549756329861402868e-05
3.755962551825304342e-05
8.633964888942748887e-06
4.923363623419141875e-03
5.018776844259485337e+00
1.974381445689418646e+00
1.564370449519254542e-03
5.655961843359791121e-06
1.176561923160039690e-05
1.114281102100952124e-02
9.262812636666499788e-01
8.716177782108381830e-03
1.404003152686850232e-05
4.384342828791238495e-06
1.073064182337111478e-05
1.279595648635148721e-05
1.694797422458383681e-05
2.828983341153315466e-05
3.847781337277602373e-05
4.505113513047584602e-05
