1.089087498087979930e-02
8.614453639815203845e-01
1.207545322481581307e+00
8.594892404776435235e-01
7.037580753608985162e-02
3.914526063089637342e-05
1.061931134827238017e-06
1.097666587869644122e-04
1.477818776727081516e-04
5.921810042367061303e-06
3.444825643068726462e-05
3.860924274858749619e-05
2.949739990027732188e-06
6.625207313303330398e-06
9.546248347185097528e-05
3.424375332503310052e-04
4.333865238680815243e-04
6.807717567225658392e-04
5.134930642618585304e-03
1.252575511365595640e+00
6.446738465004776542e-01
1.602653502424628562e-01
8.979233793570486899e-01
9.549430244020888914e-01
2.017308362483613560e-01
8.640900641979279984e-01
6.679663803829723190e-02
1.084687039003049466e-03
5.900319472726835331e-03
2.656700407177165803e-03
2.550726578173247681e-05
7.799019517882819838e-06
4.219209030671688276e-05
1.244502736498744511e-04
1.777460394551960026e-04
3.506330965522617797e-04
2.639128719198808107e-02
6.798863343602105092e-01
2.807050264225210978e-01
6.035759158377176220e-02
1.092485039833216987e-01
8.466430276784626674e-01
8.265362484143724542e-01
1.088226968613295043e+00
7.766259931528878280e-01
2.942602553407838162e-01
7.060914633768003990e-01
1.116671712189893917e+00
2.463578597527010111e-02
1.756217330536299687e-04
4.047219220354925426e-05
6.461186700471969492e-05
1.200680482415854392e-04
3.150009664523582050e-04
1.087469948632202501e-03
8.309279839901105580e-02
2.228052153595972307e+00
1.354630150875475891e+00
1.904753912827721885e-01
1.831002161087257052e-01
1.509035827390573792e-01
9.022243844938511448e-02
1.916798058988337383e-01
6.309163390415613026e-01
3.260596164090481253e-01
3.941918705129008327e+00
8.398367451988391075e-01
8.335235905172607091e-04
6.366241635315404907e-05
8.004926590685690943e-05
1.177091794114938612e-04
3.505405585395235391e-04
3.784003776283233417e-05
2.079141553246793492e-02
7.245640536367365936e-01
4.136918252801182749e-01
1.268031760259289653e+00
2.226024334446147446e+00
1.349225653753164833e+00
3.817906492143502972e-01
2.276223891022208512e-01
9.225132398353084184e-01
1.648488569808921611e-01
1.692032354180131648e+00
2.366279424458590075e+00
3.547939148646288982e-02
3.582101031878216508e-03
2.301872134176393791e-04
5.943692409639737644e-05
2.501939616769987846e-04
4.563476965369124035e-05
6.963029551435330478e-03
1.936563727467592241e-02
1.895399091764787478e-02
5.630716019684621765e-01
5.359055426910824815e-01
2.866516118443560024e-01
5.924750770193322191e-01
2.044514330303271343e+00
5.968580404804197492e+00
6.642786006703319535e-01
6.811231927288413646e-01
9.810818159104305325e-01
7.541107607904616872e-01
1.534330478244122151e-02
9.765427238699917348e-06
2.079716884780265592e-06
7.160776615570591560e-05
1.354414465188493539e-04
6.413811729397815749e-03
2.304863215906629778e-02
1.054775519417800941e-02
1.956662601328110901e-02
5.414519958515276454e-02
2.995293578515401123e-01
7.826609497421580519e-01
1.729096568101266218e+00
1.952879902042857996e+00
1.462587660734567807e+00
3.287205678033885969e-01
4.700981760701881951e-02
2.006614093838967050e-01
1.870350587119848189e-03
3.237621821384339920e-07
2.714080172015118112e-07
3.490088977507131143e-05
8.059985532954696793e-05
7.621009510185847331e-03
8.943160571492694277e-01
1.240531134386484990e-01
1.136281645795711665e-03
3.046659180113371005e-03
1.081827458007244974e-01
1.039498471773378091e-01
7.511801320115585323e-02
2.605623939591255600e-01
1.813136954084914709e+00
7.746976576513093793e-01
7.420157315258714414e-02
6.756943928893692775e-01
1.493430063878394276e-01
3.092891072084917852e-04
3.223476691609222658e-05
7.383060530117917762e-05
8.560936883264904601e-07
1.782348474698515866e-05
8.871802930332894910e-02
8.062403955750779838e-01
2.213063367923366262e-02
2.387821069408786398e-02
1.918551415474281097e-01
3.892957852547038189e-01
7.514992932692101668e-01
9.940646609724790306e-01
1.530272728764475954e+00
2.144882409254396549e+00
9.111105851725219418e-02
8.995290457549004470e-02
2.849675626487497393e+00
9.580526592676654740e-01
4.742768904964509216e-03
6.211742219288818193e-05
4.730652570997780894e-09
3.940852890535138650e-09
3.055898814741705560e-05
1.999199445718683951e-02
1.579449650393048299e-01
6.901998602952823525e-01
1.340791985743888248e-01
1.358704921830238277e-01
7.024988680270246588e-01
3.640835409969840897e-01
1.234755149085321690e+00
3.319006656641724895e+00
1.329711171442941875e-02
4.713510279607061211e-03
1.241350415389712136e+00
1.010421496499826155e+00
4.200813619869217877e-03
1.603005261002034883e-04
1.019243966157639092e-08
3.295702243564279150e-08
1.180458074839251285e-04
8.725915837237844044e-03
2.152038096811019138e-02
1.037212356765910594e-02
3.075639931127785193e-05
1.546448709266856405e-05
1.824415309641837365e-03
1.582181867526238905e-02
4.655264231138721565e-01
7.374378789397413314e-01
6.872563151461869024e-03
8.636618423916249399e-02
1.565720701538400483e+00
6.123600957712289558e-03
7.037272124020521298e-04
3.823928918355304352e-02
6.853418839948988336e-06
3.842053559701863637e-03
2.126206343150088163e+00
6.807441865399250780e-01
1.634746214784389973e-01
1.532264643401080699e-02
2.820946317736367827e-06
9.295720905350636615e-07
4.001001794552342880e-03
1.097765622068052060e-01
2.879019683808550778e-01
5.135627546860923598e-01
3.760688640965449692e-02
6.402528276437724486e-01
6.295837045365674234e-01
1.838094723062611870e-04
4.037803739669130598e-04
9.025727003357273404e-01
2.197737138500349490e-04
2.023048897876578600e+00
2.117296546144253284e+02
3.541637549078965552e+00
1.705913524678412063e+00
2.975479696051647860e+00
8.213768787930751658e-04
8.429513508078381690e-06
1.513620382846948310e-02
6.781178160355024742e-01
1.744022605077707455e-01
8.829288578520315678e-01
3.138682770200699190e-01
2.619856377818831628e-01
4.075936303062230870e-01
7.459307509344688045e-03
1.066056143769714484e-02
8.377953822662388694e-02
6.296847375503159608e-06
5.282297049042877432e-03
5.112286630225071349e+00
1.702939466605770891e+00
1.350948031957285023e-01
9.864726714030520593e-01
7.251758716933703885e-02
1.000790613255934361e-04
7.687576221271715145e-04
6.727840387859258808e-02
1.112402497626361203e-01
1.059891068394894109e+00
1.596187510607180338e+00
7.665181877211844907e-02
4.695792385335448987e-02
3.250059030055226783e-01
8.132493263654416715e-01
7.263138327397259189e-03
7.778398062876114017e-06
5.163290657424270824e-06
4.834489479724658409e-03
9.968608566835962526e-01
9.847525508584112353e-02
8.516520157008714009e-02
7.379064028143611509e-01
1.139917404024100162e-01
8.291255237612679685e-02
2.396685914000661888e-01
2.920210549144861001e-01
5.332824285909840700e-01
8.516704077211020296e-01
1.483470896094521985e-01
8.148138727165517292e-02
7.022080130215700988e-01
1.025731077776494693e-01
5.907390527433523933e-05
3.313438940216755640e-02
1.548567170287531609e-05
2.450275040673219576e-05
7.442550153658714085e-02
7.746908643756241775e-01
6.984491633916441178e-02
2.072260008647428334e-02
9.072500668221716857e-02
1.520005136044890959e+00
7.614612351128563494e-01
9.627305854935538365e-01
1.179417227810942714e+00
5.231385179965585275e-01
5.382948115513491727e-01
1.063852779545711780e+00
7.254997228796840336e-02
1.069782717290038012e-05
1.550443999197822645e-08
8.830612287941226324e-01
6.252868188067800179e-05
6.235775129901152387e-07
9.747116825830730031e-05
2.145051107920746547e-02
7.231143011060080228e-02
5.760278276356523355e-03
6.859189596350088146e-03
4.772706592554388227e-01
4.400808449261141564e-01
8.855267633063267363e-01
3.750181195943940171e+00
1.641530752307024832e+00
3.635294216678627843e-01
9.626919741448592971e-01
1.630797729958959399e-02
1.320057547077572308e-07
1.227990070078731586e-09
1.548593297594229590e-01
1.016679411608189035e-04
2.062172820126147778e-06
1.908024831492554401e-05
5.521309621313224896e-04
4.555764370941429997e-02
5.329406287926495844e-01
5.913806013017699481e-01
2.746602005604039665e+00
1.349141551951539730e+00
2.371187972424111667e-01
1.457211049509375134e-01
4.600151342748576289e-01
2.720475151408524583e-01
7.176285058074688417e-01
4.057752770279784288e-02
2.530962062655699443e-06
1.032064394761174931e-07
8.668157656119824805e-01
4.726920603693061593e-03
5.737644611648407347e-04
7.887058416933200380e-03
2.718984582123851884e-02
7.536061224288223559e-02
2.177139463956986987e+00
2.908351662485762379e+00
6.884167043131642627e-01
1.971253440254925327e+00
6.967996221915652155e-01
2.998922293740344247e-02
3.617929982727269289e-01
1.954427226203365286e+00
1.131431897698374905e-01
5.904913162550286298e-04
3.621548492164630709e-06
6.029955680707505476e-06
4.720183696026002823e-02
6.412215705266521154e-03
7.186338606839301479e-04
7.157128303294139383e-03
6.656829212761967707e-01
1.201035213404960000e+00
1.883478332054154825e+00
4.621296763377414685e+00
3.029247817192893155e+00
2.741217828614224139e+00
1.270711390595055668e-01
6.922441870626375345e-03
7.179981343742438682e-01
4.895723334167890073e+00
2.338606714681501931e-03
1.318178974598973948e-06
8.319161540915083300e-07
5.018575666959716595e-05
7.155220992133961091e-05
6.623379550198789725e-03
4.340022275651993222e-03
3.297700351921104001e-03
5.782562713084042905e-01
2.472573745309401438e+00
3.132570963111654394e-01
3.164308252108541941e-01
2.742049419335047311e+00
1.316134584475542768e+00
1.291406156379104782e-02
5.030444101597851894e-03
2.345687819172025124e-01
5.365209545792243989e-02
1.536281141779211124e-05
1.804587899068017530e-07
2.700077541301458545e-06
2.583205323285498183e-04
6.885670095448557768e-06
3.595617374996947641e-02
1.799693982742849085e+00
1.277428566637641483e+00
1.166840134836347076e+00
6.442836034803357537e-01
5.894067276566880009e-01
3.323417632703705438e-02
2.777601608993825189e-02
7.916818100246425516e-01
1.970756432572839056e+00
2.951585362380285904e+00
1.840845537494455897e+00
6.759609978917389614e-03
5.493932747253393639e-06
1.177087099368891133e-06
2.548963965207112379e-05
5.703284019989065395e-04
1.435821827963685013e-06
2.398535106378044156e-04
6.460581817809347982e-02
1.915368463044802461e+00
3.473657284911939036e-01
4.715049396991292940e-02
7.994702768283885597e-01
9.218578983179932795e-02
2.077838838241046274e-02
1.206772695463876222e+00
1.926158188689093054e+00
9.951833593949843682e-02
1.791349853245764734e-02
1.631727442328229517e-03
5.802933088572303952e-05
2.699489499632916012e-05
1.146664760300800221e-04
5.395931913451600895e-04
2.333350077264335300e-06
1.569107088995325613e-05
3.183883300129072835e-03
1.081556887399618638e+00
7.203387313091187405e-01
1.274756704196833811e-02
3.430805166060583306e-02
1.831694377442613653e-01
7.662229511994178566e-01
9.555419256476449519e-01
1.677165939248769248e-03
6.674516450299823154e-07
3.065005237744850414e-07
1.262259500249385276e-05
1.054093546480494462e-04
1.721319245842145378e-04
2.481985681245711347e-04
4.923763036416945685e-04
3.355844907049252519e-04
1.294958082538841260e-02
9.533557371788694557e-01
2.996714797611596204e+00
8.230788343938515161e-02
1.942900464372795868e-03
2.622807312888209355e-02
8.435475486778719612e-01
1.508938937278431758e-01
1.447866398492998058e-03
4.011728023640038178e-06
3.013487470185378085e-08
5.476019120089426502e-08
5.963286788130943749e-06
1.956087008254894940e-04
5.306610936822890113e-04
5.583189375829814439e-04
7.892052657294218281e-04
