7.485787094114361682e-06
1.740276457515917488e-02
1.014340340573586019e+00
2.123340529579938532e-03
1.545649175369597372e-06
4.033542601278398829e-06
6.097006878035876945e-03
5.395174185256156052e-02
3.974925643220718146e-04
1.267043685962605882e-05
1.878587283781824784e-05
8.009566281795108976e-05
2.078188350502984890e-04
3.076230083895321031e-04
3.271540462592181005e-04
2.896356746888996934e-04
2.722356208975215599e-04
3.933538281525044583e-04
1.524629281020712497e-06
1.935962860295346866e-02
1.843583338329856547e+00
5.785000426645759558e-02
3.665954406919398698e-03
1.051512992103050340e-02
1.010984813077523636e+00
8.094681878032559119e-01
3.682358118007958165e-03
1.065668936817225739e-04
1.993710010874994947e-05
1.133569273660279572e-05
2.123884734475159399e-05
4.218119722135593366e-05
6.273909814919220740e-05
9.814441511072231330e-05
1.549587265441413806e-04
2.947644722339190005e-04
1.548301881094439999e-07
2.787625011253073732e-03
1.076711679050110088e-01
9.184989420162950613e-02
1.773463862611256880e+00
1.255123735135048380e+00
7.469376954051020201e-01
3.311636380006692804e-01
7.395668746528753779e-02
7.247054360953241424e-03
3.977621925961252774e-05
1.284984429087461586e-06
2.123008259407672551e-06
2.455998882605127369e-06
1.644832327972537782e-06
7.791770128757976476e-06
6.950984256662272873e-05
3.124986761762181824e-04
2.624413884714049820e-07
4.680261203906150441e-02
8.033877733981573677e-01
1.370981085871206817e-01
1.887595610895678400e+00
9.418039193597889103e-01
1.077985253666148058e+00
1.983126869617740429e+00
5.846962041300338697e-01
6.822478042967062076e-03
8.824315529604564103e-06
1.076459280363859388e-06
1.547385271637911097e-05
1.900408936571146548e-06
2.349095151814852244e-08
1.443761103248353061e-07
1.265469812255218153e-05
2.183355052320737637e-04
2.125591442976805813e-07
3.790606584588690486e-02
8.613782809069631119e-01
2.110325616147576411e-01
9.093075552023650587e-01
3.213681569923663717e-01
8.305110726863744741e-01
1.755994842215586882e+00
6.928980572616119105e-01
1.586388166644325803e-02
3.793117516778720874e-04
6.589103836020271691e-04
3.456433992609277833e-02
5.158568024123431428e-04
1.209317602345397075e-07
1.196712168976143165e-07
4.718197389888020602e-06
7.257927685070158163e-05
6.578164391330859192e-08
1.840144118860925380e-03
5.671003826709745260e-02
7.747582129005034512e-02
4.670721477336531313e-01
3.197996587343766017e-01
1.391162020386387699e+00
3.187990993976403065e+00
8.547627289388351812e+00
4.423442068923455039e+00
1.574778160773371738e+00
4.790052817077494196e-01
1.493243074736189779e+00
1.976847580123777259e-01
1.597807303157298226e-03
1.626630689404681728e-04
1.663271542308735848e-05
1.534414177576889395e-05
3.576199664586113560e-07
2.995109994008961218e-02
8.652352244213681320e-01
1.430590263623260083e-01
2.361978932627974426e-01
2.850639168059870276e-01
1.798846534712920331e+00
1.861479295973748727e+00
3.042256758926599858e+00
7.115472414216660546e+00
7.078465077816603390e+00
4.098782499079915431e-01
3.629318792957133416e-02
8.249915757121066562e-02
8.266018722282761910e-01
4.196165379205494400e-02
1.793596595800336384e-05
2.166591771545614201e-06
6.756575305667575172e-07
4.343146662384666373e-02
8.781019357488802912e-01
1.497098479844963248e-01
3.731257952930192023e-01
1.935544765409721521e-02
2.597136469340385022e-03
1.055533897251557246e-02
3.957184952849256976e-01
3.428999214536023299e+00
3.298645190775373770e+00
4.059566153227117669e-01
1.549047043874660643e-03
3.533778415825794919e-04
3.808011607718432556e-02
3.653701174706160213e-03
1.114424928258448895e-06
4.004204685994048092e-07
1.084293920102045536e-07
1.973969850999360233e-04
3.260196164177114973e-03
1.837193665902042000e-02
5.695908656476509346e-01
3.118286969180822030e-03
2.411905357962522073e-05
1.462083913081462525e-03
7.103397417219758925e-01
2.213818364255784932e+00
2.043048588242022401e+00
1.397914631220169124e+00
1.994440878514889409e-03
1.116430023157618823e-04
1.885100812705436599e-02
2.194159048688490519e-03
8.596510114135843370e-07
4.833837233574639281e-07
1.027251704519614298e-06
3.565322306096942715e-04
1.090413659953456092e-02
1.439775495864929478e-01
4.065921319451571314e+00
2.412677628380796857e-01
8.525768091161503234e-03
8.338635958750698074e-02
9.286325999041454837e-01
3.926849880269223103e-01
4.937884785744193761e-01
1.720100893813034437e+00
8.818912887907245923e-02
2.618528122062924873e-02
8.800837563882861758e-01
3.319130773151718339e-02
1.143773717575595367e-05
3.127910469124745416e-06
5.224344208564181890e-04
1.171653772766327178e-01
1.698469403596060578e+00
2.071097887941416360e+00
3.864207323580742148e+00
1.959882345326006137e+00
4.538891210037271362e-01
2.614741125574480685e-01
9.690652254566331503e-02
1.598951141230132711e-01
1.018779060718891794e+00
4.059263030039273801e+00
1.838930461439502118e+00
8.317904867167605354e-02
1.020760149475995714e-02
4.031401986247086597e-04
9.771426616825055979e-06
1.680904871299034839e-05
1.187702249080994921e-02
3.716245800030022917e+00
2.666938562286732051e+01
5.527750094346845167e+00
2.413756013711597426e+00
2.685065598939584408e+00
1.213348554484305009e+00
2.550499641295058129e-01
3.881846681644025854e-02
2.286249886107594165e-01
3.300734088416512169e+00
5.506903307059041630e+00
8.670220910400303627e-01
2.880240932513147920e-03
5.968616822841743384e-06
3.212651113025654271e-07
9.654874948043954928e-07
3.415994699300142746e-05
7.054396867770724305e-03
9.278464818494018829e+00
1.562965954610222639e+02
1.646993213883496310e+01
3.836279215586832159e+00
3.935081915653556806e+00
1.954352516764177539e+00
5.711151015015627497e-01
1.124710258585823325e-01
4.697356999163632141e-01
3.060192872302690770e+00
1.226645868512560522e+00
2.171798705304187060e-01
4.029176326235318906e-02
2.049173926813848486e-04
4.236958821286090422e-07
4.769122847661819852e-07
3.599517030621906155e-05
2.815476579682786931e-03
1.787044006028691401e+00
3.654475474184850015e+01
7.675661204801825122e+00
4.803038402985126076e+00
2.651187176570123150e+00
5.849979443722624906e-01
6.222113849609267611e-01
9.834488050596422448e-02
1.466693778636575518e-01
2.427566713779041763e+00
3.654777966771033948e-01
4.064380516212207084e-02
7.662016610508340930e-01
5.167089984446539969e-02
8.018447275403278984e-06
8.225547893026011158e-07
3.523000317667194478e-05
2.572992243657745530e-04
7.705491261984433182e-02
2.704300672829340169e+00
1.143808554481822393e+00
2.526129916815991194e+00
3.633209117462990356e+00
1.266364020879357177e+00
7.996527034076303941e-01
5.177541541302278956e-03
9.435893233667769263e-04
1.722012498473593500e-01
8.639501225102378390e-01
9.169784611229389593e-02
5.562484732560106504e-02
1.285043548351602009e-03
2.549764717102801366e-06
1.570126104178480688e-06
6.020021370481656495e-05
1.502774446097758534e-05
1.219428691833974662e-02
3.199874529271042878e+00
2.637014529241203054e+00
1.919121502239505173e+00
1.159511993563441257e+00
6.162437640844276032e-01
2.818016272463610417e-01
5.391546902839018489e-03
3.426019304107482451e-03
1.437653427493122416e-01
3.788379440222939376e+00
1.970261619477875481e+00
6.441585921606963160e-03
9.133855186475957745e-06
7.923262553407833468e-07
7.207782333987214377e-06
1.796655458539687098e-04
1.627494472925045469e-06
1.357850711939181942e-03
1.717105088121568812e+00
1.809424436747235410e+00
3.009066731928516925e-01
3.071874472326939221e-01
5.070901402573513295e-01
4.042278181591247299e-01
3.695413219284680584e-01
1.615269792443486674e+00
1.909675454833489328e+00
5.358330248562900522e+00
9.264199043696278446e-01
2.340410291214073434e-04
5.994524001344430365e-07
1.478712119997505963e-06
4.287812810490833251e-05
4.322791999067438677e-04
1.177697167127630618e-07
3.885457742963696029e-05
1.816247015333237735e-01
1.065421368390673251e+00
2.162827605569353218e-01
2.785614473457588280e-01
5.490074513196563366e-01
5.009354038346923721e-01
8.007721529009788064e-01
1.217653824731497414e+00
1.170187598268493501e+00
5.648631153179472619e+00
5.323504962351114506e-02
8.394588572041279626e-07
1.339732673535648272e-08
8.367895637560318769e-07
7.183583196488055214e-05
5.181311406139509470e-04
7.360443365441947641e-07
4.186970982350984882e-04
1.318237691129693356e-01
4.830152510967010704e-01
1.010317589001279437e+00
6.106837918618687189e-01
5.450583165451372558e-01
6.898835276794476057e-01
8.536782513555224439e-01
2.071164074445867254e+00
9.057783065860431915e-01
2.054214843553472392e+00
1.199025887397661000e-01
4.846406447412851561e-06
2.380625111451900882e-08
6.501177136217725980e-07
5.425458905644840046e-05
4.180446504257193173e-04
9.772620299423602323e-06
4.132775677090314015e-02
5.399394625964327732e-01
8.081553749962298860e-02
5.092153201304643328e-01
6.777664817425141930e-01
1.324478138240776426e+00
1.157186456637797622e+00
4.041849007858068221e-01
3.634942528990015909e+00
1.568288376785577920e-01
4.164592957788344069e-02
1.822700238860201161e+00
1.703894908986196277e-02
5.616980196828145295e-06
2.403210159652669199e-06
4.586133973257535784e-05
3.353124304366132094e-04
1.486973689417731683e-07
1.466949243911837286e-03
2.837427454635900181e-01
1.144178425330854149e-01
2.746098291923670387e-01
4.799623862471285030e-01
2.703321387670863718e+00
1.627582029051553691e+00
3.210320067391116833e-02
1.437564900383188175e-02
1.502362976312842182e-04
3.257192431076744160e-05
2.618856993038969419e-02
1.697537546138748812e-02
2.313921007109563351e-05
4.477958537515427163e-06
4.335030244708841404e-05
2.894466975248323340e-04
7.878107733251121131e-08
7.665864660862980106e-04
9.127258091546758267e-01
1.641931726248075485e+00
1.069449847887675720e+00
1.112704759158505086e+00
1.680394617246694589e+00
1.083190252534009107e-01
2.361701888082015058e-04
8.819359303615319535e-06
4.068941225076889265e-07
1.897658813125584383e-07
9.435977193645866555e-06
2.007878005295871593e-05
2.793693078091295030e-06
5.478179965361374300e-06
5.136748600308469826e-05
2.621842340115728646e-04
1.844471393924432441e-04
1.010995391946029331e-01
7.822755335615316774e-01
5.662126575980405141e-01
6.742293078346407453e-01
1.164649732969935680e+00
7.067426103199275778e-02
4.664781590760660963e-05
1.519867168598545099e-07
1.373068221304750124e-07
4.517062704066127483e-07
7.294356251465135229e-07
1.892424405594146383e-06
2.819490877454624720e-06
4.281978765463273433e-06
1.783362817490005356e-05
8.084898070644005704e-05
2.485228093103914251e-04
3.809069257422076360e-02
7.613485922643835613e-01
4.057927847081668205e-01
4.527249657325428944e-01
3.511867341074753068e-01
7.666347259588478513e-01
2.126506349463095497e-02
1.911249537145371215e-06
2.450841559915385739e-08
4.540003109768804793e-07
1.433614321805768265e-05
4.094343912630796581e-05
3.705297981842327278e-05
3.179748182872064695e-05
4.183570656459908061e-05
7.691877682821919408e-05
1.391177413691140920e-04
2.795469492306499573e-04
2.374455561512170236e-03
5.777258959821586493e-02
9.228720357309283528e-01
1.052870011267226458e+00
1.446846166554252057e-02
1.149406374428199075e-02
8.293630666663958165e-03
2.863872961850030721e-05
2.027130539723195001e-06
2.397567754207545021e-05
2.868263623939794706e-04
5.254852972551773017e-04
3.894558728729211093e-04
2.759211812348581652e-04
2.431746320030451938e-04
2.510096293492257912e-04
2.947734136484930268e-04
4.670428073390827176e-04
