7.714873864780822589e-06
3.071483215640018199e-05
1.563056540241116593e-02
9.591538772734428120e-01
1.906853479813154853e-02
6.681027216632253883e-05
1.580276916133386308e-05
1.665259093438056339e-05
7.236811863852588898e-06
1.501157108010174528e-05
8.708735925372696656e-04
1.327952291547565555e-02
9.888717196861675392e-04
2.915491727331632322e-05
1.530220481168324175e-05
3.084884750430275297e-05
6.061287654775929820e-05
1.181341967657855948e-04
1.888620775105530868e-06
1.648043187998245268e-06
7.384117428742070430e-05
1.230219409892830025e-03
1.288159672017277584e-04
8.019018409717929008e-06
9.197698265153629753e-06
1.055352246818145269e-05
2.354388552226680247e-06
6.200656879635489591e-06
7.616767631377140656e-03
9.578211762620344460e-01
5.380906711311575150e-03
1.087191071810770803e-05
4.458581370725276982e-06
1.033423273426891225e-05
2.662962899156014266e-05
8.841587657900733764e-05
6.455324511965868628e-06
1.387898064121724192e-05
5.265875329478232885e-05
8.447028216397309746e-06
1.606652449774175243e-07
8.045964008128583266e-08
2.243666622249101856e-06
4.978607877499404945e-05
2.753716320230077176e-05
6.873255059158599761e-06
2.995715077504429447e-03
1.006726423861632469e+00
3.443750785062883388e-03
1.678681902728761558e-05
1.680279829133120780e-05
7.460345198955544024e-06
8.388338579958998088e-06
6.117895393056247419e-05
3.089542606792585578e-05
3.338635136278033950e-03
5.500340587020936811e-02
2.001475408952087969e-04
1.163558619674783475e-08
3.531192157444175058e-10
9.086669405244803265e-08
4.661334866103574543e-04
2.293379399407484073e-02
1.350360813492332409e-03
1.082901020468814667e-02
1.967618711307367541e+00
4.127085531235583082e-02
4.785608063851086967e-03
2.695685802066315889e-03
9.925343350340439050e-06
1.395489993936996990e-06
3.023290506424858087e-05
1.161892133698865489e-06
1.285113359218977968e-03
7.762825558829971051e-01
6.846256451427068512e-02
3.158154818504888282e-06
2.027430654591150700e-09
6.919892948117987302e-08
6.813282037822647507e-04
9.404121197439189173e-01
8.937008675634986465e-01
2.917222266782140139e-01
1.625508678019941255e+00
2.875752948692646416e-01
7.801118948550144205e-01
5.237602600714202916e-02
2.559349944889174650e-06
1.538462022911203054e-07
1.363693359534376815e-05
1.468154477582745236e-07
6.830779964837610995e-04
4.057821874235540971e-01
1.755376628623102730e+00
1.148678789800636896e-01
3.523421578875855558e-04
6.104568602639681317e-04
1.340428140305923062e-02
1.707621466903972984e-01
8.321622229506246970e-01
5.988727080630584787e-02
5.716319028407111820e-03
1.711488847409400882e-02
1.027189578550647298e+00
1.430771943063032826e-02
3.119849620479182604e-07
5.728284005005430635e-08
1.152582116314285512e-05
2.539503687565910259e-06
6.393127797385665667e-02
1.411479927321708683e+00
5.138930426309935573e-01
1.482838223313652781e+00
3.110862139386226799e-01
1.804345864928932563e+00
9.780301511093190125e-01
6.941055327126622460e-03
1.422930634698638033e-03
1.022129729242901808e-04
1.712495696338597618e-05
3.462151007961918568e-03
1.956513813747182695e+00
1.356452795168492341e-02
7.200559339788474942e-07
2.449805378281967905e-07
2.246830711344440892e-05
4.210233218745907644e-07
1.715339120380443214e-03
1.817631185272795269e-01
9.383381587797724743e-02
2.398328051999781135e-02
3.961735289116323847e-03
3.162185719904048870e-02
9.503225405081408214e-03
9.074970206784401701e-06
5.118253398114357832e-07
1.094802028281275324e-06
1.561258408296147630e-05
9.259333473649752899e-03
9.707656861342222054e-01
9.840002670240023674e-03
6.232387326749529092e-06
2.640529045668714907e-06
5.251444891014476687e-05
2.854830956567020433e-09
3.432614693921917655e-07
7.264369197891234337e-03
7.008676119382685199e-01
9.303640189663610338e-02
1.343571288285482640e-02
2.120200067991659647e-03
4.276940226826974036e-06
8.360411691994584708e-09
2.435927290111287813e-08
2.002175444693682905e-05
4.773823528019553383e-03
1.967924767879519407e-02
6.056641616386344504e-03
1.995879619503618805e-04
8.950193940995086598e-06
1.155592614895009670e-05
8.311476639176206850e-05
1.995665816767309911e-09
2.288976961546560186e-08
4.923347779302458078e-04
7.992902102065631287e-02
7.169483233917024745e-02
8.407449245428038065e-01
2.844123190796651532e-02
6.542901809147857186e-07
7.304865063318386134e-09
3.718615998764980942e-06
5.023182345358426226e-02
9.192953729825751319e-01
5.743207609903156798e-03
2.955489785819733517e-05
5.795141921786175037e-06
7.840222078131086565e-06
2.382412545857644077e-05
9.147345482631473663e-05
4.664426144340567325e-07
6.482147132478769735e-06
1.287889673077675934e-02
4.756448574550105335e-02
1.745381248389662413e-03
2.228615264689850703e-02
7.149949593595957172e-03
2.277325994204180943e-06
6.641806820425510654e-07
1.812434569758986655e-03
9.385804408725419989e-01
5.391568208524653849e-02
3.410604770379366225e-05
1.144360591169483548e-06
3.467384959205575961e-06
1.720656395602384551e-05
3.903638233782530327e-05
8.014548667239956349e-05
1.065381321424756830e-03
4.445577107540850392e-02
8.949549682451207744e+00
2.838716953661425624e+00
6.274394177634029859e-03
9.785858709784453144e-03
2.739846241335134464e-02
2.109230444232403003e-04
4.023675694498188608e-05
2.566543283878058336e-03
8.395602654826648040e-03
4.241253681531024139e-05
3.650760871321222943e-07
7.332140827607024724e-07
1.322737718623569943e-05
4.870547950011022649e-05
4.641004425203363519e-05
5.539381121458098584e-05
6.176555108618213621e-03
8.526598125987088217e-01
1.725288061051978872e+01
3.874641900498358993e+00
2.852440318809101871e-01
8.779774052648504634e-01
9.584326948599416474e-01
7.193394893449223983e-03
1.238684282324565081e-04
8.834097921185663079e-05
3.040668021794996640e-05
1.193454463081046626e-06
3.827445033728683247e-07
4.361601081591028982e-06
5.834853108166789822e-05
8.977471248069911127e-05
4.279180058651081952e-05
3.677041664873243083e-05
1.639525377511961979e-05
1.159845985548622338e-01
2.475909780757701739e+01
4.279419248915064422e+00
5.570872591556288445e-01
1.313861094055064627e-01
4.512621152807882313e-03
1.064501415242254161e-04
1.085416996800697245e-05
4.466959103824519817e-06
2.718571599844657973e-06
1.455115420372964150e-06
1.620956283996486769e-06
8.664851984192994055e-06
5.960712518006178515e-05
8.911836996396728112e-05
4.342394593865097090e-05
3.433663805565246663e-05
6.256445428753671204e-08
1.762631557883412390e-03
4.997252662308515170e+00
1.897962489107303252e+00
2.708963010689502404e-01
1.695391474868160331e-02
6.338160884043723552e-05
2.733784361256074050e-06
1.611956354007818801e-06
9.002097096540156738e-07
4.072293413675034111e-06
3.854680180302870918e-05
1.240109226398110147e-05
2.703196010332103346e-06
9.510986166940968984e-06
4.456667226505266704e-05
5.057544133317905027e-05
4.746045267449874563e-05
5.161198558530894268e-08
1.890391829176009172e-05
6.790105467782013050e-03
4.594392626992606365e-02
8.477334658007438239e-01
9.229614455428620801e-01
2.374055810673908994e-03
5.552258117480128537e-05
1.336504751000973380e-05
8.373855050082714448e-07
2.771825823435264451e-05
2.457757754696059463e-02
1.445335683967904081e-03
1.456793725683888654e-06
8.633977178492436427e-07
1.442678264634428547e-05
5.329015067125008692e-05
6.995188959389840469e-05
1.740364463957421078e-06
4.186778096845041530e-05
2.785750984203702076e-03
2.102345757660558853e-02
6.200282586692031084e-02
1.693126847605389701e-02
1.045018132023208327e-03
3.548016944568980514e-03
4.338660789065818153e-03
4.543983065210133193e-05
7.361963174559247713e-04
1.897995327537106203e+00
3.680907853231017018e-02
1.770047591406249860e-06
2.448992275354600081e-07
6.383298683036333403e-06
4.814311795045732664e-05
8.343587612519352912e-05
3.349316624095016357e-05
2.519193955287037275e-03
9.792470765981130532e-01
9.663312796685219475e-01
5.741079918934440321e-04
1.890441812147539998e-06
7.214567644378894391e-05
1.237490141668744353e-01
8.012509783028671784e-01
9.552010386431365740e-02
1.739915144687498305e-01
9.345099799777004668e-01
1.025095345867945568e-02
6.789857297517209741e-06
9.806715186693349709e-07
8.244180437780239171e-06
4.229900060331641761e-05
7.570181152301111601e-05
2.876814036028476886e-05
1.341531649595814829e-03
1.019113031384716095e+00
9.854643326222385369e-01
5.035509143687995364e-05
3.020551855786667541e-07
1.225804873440342665e-03
8.096476299937874765e-01
2.747341713898013293e-01
7.865650596675434203e-01
7.757438117398959276e-01
8.319969080205671941e-02
1.901343012181279726e-02
7.260765564291949076e-04
3.054827040935756389e-05
1.960388359609688600e-05
3.733771246158652476e-05
6.072831905022493170e-05
8.133292931747490904e-06
1.874219617598358746e-05
7.790610037514433296e-04
1.634500227790225803e-03
1.596739485115132229e-05
2.711695395373593345e-05
1.284458968087127395e-01
8.938537515592851479e-01
5.089781087900550893e-02
1.874961630982421301e-01
7.915705432748607051e-02
1.146853231840747195e-01
8.704461457213790165e-01
1.227606105425422568e-02
4.681661596656945144e-05
1.469411043055327725e-05
3.272423158106722998e-05
5.947990188737422180e-05
7.377596176121350168e-06
2.633568497258650872e-06
5.374573589268089296e-06
1.152612434685614159e-05
3.841454962794099443e-05
7.781158837783683398e-03
8.841969058761692812e-01
7.403012706826297973e-02
3.421801779608883015e-02
5.277558228873535651e-01
2.550035423311957650e-01
7.206448270296944569e-01
1.209865968623032445e-01
2.796408949320557273e-05
4.382838836431076292e-07
3.602105289205876668e-06
3.578178329886248744e-05
7.965248720268874459e-05
1.255238753930086112e-05
1.235067229711919189e-05
1.740724476167806260e-05
1.079668525461123124e-05
5.263446488636771447e-05
6.590992952060754397e-03
1.261030281091923312e-02
1.246098519834294162e-04
6.712672592969013557e-04
3.028591403604947718e-01
9.272853147421370457e-01
5.788276585697045562e-02
2.322070757981436621e-05
9.005288324348800321e-09
2.051966471072196318e-08
3.502377396442475906e-06
5.601197928581767583e-05
1.015649361081435618e-04
1.654681329930105476e-05
4.369785420261416650e-04
4.396385949320642111e-03
2.492838331548722329e-04
1.269016576199660780e-05
3.570360849872657887e-05
3.522098721052849220e-05
7.898352843972491005e-06
6.713343622198546896e-04
8.309959783406442035e-01
9.937864523896059454e-01
9.929913803425373386e-04
1.957120776765685598e-07
8.080614775286109105e-09
2.977799710882039340e-07
2.007884953645453318e-05
7.627448503715907307e-05
8.010563732021932387e-05
1.566388622437749555e-05
1.028987185751039680e-02
9.731575855660775654e-01
7.883334874525580946e-03
6.460542638820832630e-06
1.341688000817631682e-06
4.221590679148919529e-06
1.932656236694190130e-05
1.048545096876546618e-03
4.875329111362858986e-02
1.011576219907409785e-02
3.706144444829316070e-05
7.089428024278214596e-07
1.293397593603275531e-06
2.230394680329588351e-05
9.620552035565235695e-05
7.157427108486164665e-05
5.130571396717247652e-05
1.598019322980264822e-05
1.537213690424513515e-02
1.971228763065540734e+00
1.537696894570715275e-02
9.565804537257558798e-06
1.581054266571083698e-06
5.886830097826192893e-06
1.083223296375429772e-05
9.963864363891433584e-06
7.061510576990359709e-06
3.396027860740366958e-06
2.516564345281069582e-06
7.683684370274025815e-06
5.784519955923905337e-05
2.166330143493041182e-04
1.835224386353971106e-04
7.740144880556190101e-05
5.359314158293187482e-05
