3.634463673779839837e-02
1.925749400939335221e+00
1.872677078831867514e-01
8.200163344724028525e-01
2.049703999426365719e+00
6.069096469942647900e-04
1.623382478141767545e-07
6.914497923572126941e-07
1.739114963198917901e-05
2.823018576747117317e-06
3.391952917337903971e-06
6.954186984730585544e-05
5.486624953736607109e-05
5.670141597855297606e-06
7.766727214762603605e-06
9.667422486591503532e-05
6.029153028207828637e-04
1.218445704292075689e-03
7.157509221146627319e-03
9.713055868422283412e-01
7.710187564560025963e-01
3.561749842403745814e-01
7.516070059847258511e-01
1.384409306396545691e-01
6.968859341865323367e-04
8.887048233220326554e-04
1.725014270356532015e-02
4.103996698542467306e-03
4.581233850585546101e-03
1.727759074045992493e-02
1.219058478505710393e-03
3.574802369102939569e-06
1.739336926637219368e-07
2.102613947253331755e-06
8.420703052116778914e-05
6.015084228526050916e-04
1.038597046019955859e-06
9.207241495990208771e-05
2.104681685078286513e-01
1.633451000385899743e+00
4.012612826607492300e-01
6.561863655700499454e-01
3.619182462478513079e-02
4.058293418348961346e-02
8.028508016816251480e-01
2.090532912298644685e+00
4.093377748464804178e+00
7.801786981933026555e-01
9.987320916549322081e-02
4.833999801639911743e-04
3.991865694523787619e-07
2.884308155920620419e-07
1.967292609058762966e-05
4.172262917767825645e-04
4.577691314923441208e-07
1.271367772026445241e-04
1.181606192600569649e+00
1.732615032408478806e+00
9.304425395072375704e-02
8.721325756568334975e-02
1.680465349750794035e-02
8.821327367867524971e-02
1.167054972353819137e-01
9.754351493142489338e-02
1.436056699343972509e+00
7.351511873191981516e-01
1.559292606036946305e+00
1.159802141029760425e-01
1.830455262096313291e-05
6.562438571568890512e-07
1.532397357917384518e-05
3.882875746668246154e-04
4.143876738735602399e-05
1.300412595220859502e-02
1.553948298356845559e+00
4.678154217338785226e-01
9.723231682474777759e-01
2.653695020129654747e+00
4.213158948997544062e-01
4.862566896037174291e-01
5.985475183008242758e-03
1.216810102090744089e-03
4.693112700460509989e-01
3.407187047423377191e+00
7.389378671322164749e+00
8.460664699498442465e-01
3.658394697693816708e-04
5.450780901946384448e-06
2.433334421417382906e-05
3.326584813068789539e-04
6.866210099196278611e-05
5.845340129064071147e-03
4.205034378101022430e-01
6.876152343289682056e-01
9.569600362296469820e-01
1.202807363601774870e+00
1.720939260877251353e+00
4.205933682729019463e-01
8.690047919299882101e-04
1.900842851041746866e-03
5.996122435578326026e-01
3.434605457831015340e-01
7.422724543823642218e-01
2.172885183782297780e+00
2.292376321059820532e-02
1.615942478581038175e-04
3.797845387935129330e-05
1.356237057414297321e-04
9.360119401420189430e-05
4.612663261931900134e-03
6.832474522157812036e-01
1.207693026806922754e-01
8.768460377600581826e-05
2.389685345754463954e-05
5.518540142364933287e-02
7.712840418662250119e-01
3.513038033269080644e-03
1.957794820152397933e-02
2.167643426278550167e-01
1.897028392924766113e-03
1.262148403564791917e-02
2.852554093770552246e+00
9.432887697985394837e-01
2.657179006266504641e-03
1.560047192693100185e-05
1.099623736841974790e-05
3.310259209646349536e-05
3.295120794906126723e-04
1.390795773831381976e-01
7.451173559879893660e-02
5.479212962140772003e-06
1.231451887062069987e-07
2.686379494924078307e-04
4.456753994143135972e-02
3.617402496090912738e-03
4.155392935432692531e-02
7.032861512990288277e-01
2.106228049627277901e-02
8.027027161792391063e-02
3.137878133248471979e+00
2.074165916882313443e+00
6.008957600119896152e-03
3.107871286616677839e-06
4.601253408183990134e-07
1.535180639835073161e-06
1.312724962788804797e-06
3.085669231131558422e-03
7.983301269673657163e-01
2.986187580629623070e-02
2.324448692795513349e-04
1.149017936667761698e-04
2.141578297106771361e-03
7.049553647847929885e-03
5.316702551237406649e-02
2.106712643681936115e+00
1.196403084091269164e+00
5.653969141186722114e-01
1.122157949939206700e+00
2.735027789081463379e+00
4.386343086117482776e-02
3.077668397519174923e-05
8.280777154637091502e-07
3.102985151262793038e-07
8.069330168950525374e-08
7.967742798641029871e-05
5.932364899525979784e-02
1.017261145968484604e+00
9.755251381709146852e-01
1.309765324987618995e-02
5.123804646161887050e-02
8.561521471005274497e-01
1.739745797477898481e-01
1.531140031270999291e+00
2.321173886136875808e+00
6.331245191926047899e-02
7.049153322790888132e-02
3.260293560953752223e+00
9.470755831369586097e-01
3.331664099946096691e-02
4.641257149296594922e-04
2.937139579168572695e-07
1.106879784162901039e-06
3.880718736825366794e-03
7.586412447059645570e-02
1.008247887465748560e-01
8.409100867841071691e-01
2.325195461525938340e-02
8.419955109808255345e-02
2.787802221957752735e+00
1.109069811108234493e-01
3.855813454319356182e-01
1.464309255795225306e+00
6.541742506356960918e-02
9.641048419967115923e-02
1.335509215359469870e+00
3.393335097898218522e-01
7.633490734879929684e-01
6.620244240627919108e-02
4.685577278026336721e-07
1.414996496355181853e-04
7.065207829892123037e+00
3.635339427751222097e+00
2.352259418861753562e-02
5.867053333506380697e-02
4.230982537224225494e-03
2.508975887927736639e-02
2.084208068637654065e+00
1.793371346119620457e-01
2.927287056960213296e-01
1.031337241245056546e+00
3.830756720052034825e-01
1.352342754146000914e+00
1.374616968650273607e+00
1.221748573120201055e-02
6.826119569668719599e-03
4.388151054606742596e-03
1.631047247629706001e-06
3.474870403336930823e-03
4.596639135733271786e+01
6.282529948004829556e+00
2.429116259294958335e-01
8.466562638872525692e-01
1.802642665285386636e-02
3.548846934203829517e-02
7.020544148994737332e-01
5.330503402678164054e-02
2.156710260920706446e-01
1.449269643886040182e+00
3.397906291096247644e-01
7.766321294188215374e-01
2.473910180284925264e+00
5.885460989482929096e-03
1.589159704217723030e-05
9.141881282337905324e-06
1.001694500370605242e-05
2.126420120809142250e-02
1.400223265672916817e+01
1.676170311519920686e+00
7.922033823753473758e-01
9.517617723547369124e-01
1.642424222885625895e-02
5.763247894567662816e-02
1.591643498696072578e-01
1.584600580956606677e-02
1.884324462907153164e-01
9.236925588980021695e-01
8.363975878330232039e-02
6.153468069308036525e-02
1.583594194203390648e+00
1.871709498690667800e-02
1.504391133863518611e-06
2.624204998986449943e-07
3.014064361021981215e-06
1.820998298054807285e-03
9.108717108696346987e-01
4.705266955289028608e-01
1.299176486930006813e-01
8.195748187781119742e-02
1.109551713568514703e-01
2.892534788249996769e+00
8.316514433391218875e-01
1.268380205279026895e-01
1.296035989923504772e+00
1.805343879411435148e+00
3.331817080211986193e-01
3.369522802760309133e-01
5.200757985357740587e+00
4.237177278856146811e-02
1.123884106268620506e-06
1.238604981305006509e-07
6.599324987809051276e-08
7.915285591558802227e-06
4.912711230353616204e-02
1.509908537557395736e+00
9.633467989995021519e-01
8.067441485574328164e-01
9.979569847303004781e-01
9.265436985018832283e-01
1.327902582565982093e-01
1.213412478186226690e-01
1.348521723131239192e+00
1.539292260775812382e+00
2.496405101386060255e-01
1.005991848161871260e+00
4.560942951100633636e+00
2.414432425400812876e-03
1.947616712579372604e-07
1.614388123283286847e-07
9.953694560689446543e-07
3.454294066931548092e-05
8.849584980432033399e-02
2.322648288958903962e+00
2.055352478890278611e+00
1.186108356190707536e+00
2.912265092907431394e-02
2.223629974485021726e-03
4.180045279473411368e-02
6.629603366961330790e-01
1.999696468182165399e+00
1.145630525219241802e+00
6.691169612345669593e-02
1.726720299798942593e+00
5.652266278490941431e+00
3.314726242269186093e-04
4.100546598276542714e-07
8.112848794958353653e-06
1.872911844788492305e-02
2.523961098176103271e-02
8.097634780819324973e-01
1.769363192973333776e+00
1.085303807860014125e+00
6.628936059305680084e-01
2.287245382622486375e-02
1.864811386472848762e-02
1.118865800658404464e+00
9.593684756419588178e-01
3.110956689125675134e-01
4.796340387285482620e-01
2.682646080137109923e-01
4.168293035843635863e+00
2.026021062049700172e-01
1.001597186904228624e-05
6.191451507519732102e-06
1.567743391516045193e-02
9.492111303368394593e-01
1.066866408147467207e-02
5.477291169615189359e-02
3.372270463926662076e-01
6.209900460978207137e-01
1.622692647129165167e+00
7.555073585229921118e-01
2.154151712572300870e+00
1.665293639400843295e+00
8.855424474090096976e-02
4.044965253924896059e-02
7.433384972435794213e-02
1.015795000171713314e+00
3.636148526912164058e+00
3.034969265184854319e-03
9.312202804509229193e-07
3.437922216172710206e-05
9.627991087473384280e-01
9.439197899281137269e-03
5.940898125967924905e-04
1.225448676554256600e-01
2.603895104208198141e+00
1.531403704850357927e+00
1.221947998529668844e+00
4.301291089911198351e-01
1.673382121291888458e+00
3.718977022278727174e-01
1.166090619235537196e-01
4.968653454927623447e-01
4.205060143866760636e-01
2.819936187866177058e+00
1.258134937514208573e+00
2.093830855345556533e-02
2.122856806232957245e-04
6.038806049596006688e-05
1.119476895134323934e-02
4.598880063472382312e-05
8.570987615998136360e-04
8.883194607563563716e-01
5.976026872444109905e+00
2.083705716426031529e+00
9.977530326873466915e-02
1.828382960286301442e-02
2.093758191110952183e+00
7.523424838092970246e-01
2.143265459365100573e-02
8.518177290663976609e-02
1.018478450324478146e+00
3.656670956880898160e+00
2.897937275367118981e-01
7.143038485943439264e-01
7.429908518743974510e-02
1.653890820664292053e-05
5.671899330948811332e-06
1.032500898553808966e-05
5.972332804350743464e-03
1.516040444493679251e-01
8.126268055058959161e-02
7.851406862421201893e-01
6.509879174102764510e-02
7.368049902274386928e-03
8.839346264086338500e-01
1.067074493488193859e-01
2.004740350498632803e-03
1.872600273330649392e-02
1.032138243542600614e-01
1.466875689647203357e-02
9.622700680272830128e-04
2.365265828448173333e-02
8.675498443200039406e-03
2.069323291315344573e-06
3.496107367646153592e-07
8.378925207712460593e-06
4.830956704585569195e-02
1.647401128448520158e+00
3.088832008318943556e-01
8.807300006823740590e-01
2.575069452736741121e-02
6.039363967585688288e-04
3.857764987226928750e-03
5.092774096082738552e-03
1.027188488404608829e-01
2.781830977077194955e+00
1.109379171028563628e-02
3.519641544250156013e-06
3.991151688035362550e-07
1.668288889277337657e-05
3.972198813793191308e-05
1.790167303896517571e-06
3.056414743623228932e-06
1.017654343185522412e-07
5.112178843626521009e-05
1.510230335849013783e-01
1.812921399586107984e+00
7.542112615183881041e-02
5.417111849359460918e-05
1.750856766545387274e-06
4.233185552316849441e-05
6.899943869393044930e-03
9.045233025017431761e-01
1.183013508780112050e-01
7.578521637965918235e-06
1.715861880438014889e-08
7.757636175597147106e-08
4.192085635607115677e-06
2.248169490640673017e-05
2.258168240898531009e-05
7.834104991764780210e-05
3.474166741194969270e-09
3.168143789504562974e-09
1.054404234660451921e-05
1.076275185595480105e-02
7.246746818689296134e-04
6.705471274805510531e-07
1.831966656188677071e-07
2.333983741762780327e-05
5.113420279975819903e-03
5.169604419775178546e-03
3.113152821612914698e-06
3.775539606697316477e-09
1.378625161594251429e-08
3.073154608605323784e-06
1.224759816333205096e-04
3.594471892933708977e-04
4.177470354058851975e-04
7.271815341794401859e-04
