6.146740815116623000e-03
1.923682495247517332e+00
5.103353995797928810e+00
4.889356316796842350e+00
4.999694260210699959e+00
4.008417838414648354e-02
1.595208202789179242e-02
1.927300594350352059e+00
1.057372901237749074e+00
1.574832207840693192e-03
1.206194855486207649e-05
1.320600485385058624e-05
4.412978512517826048e-05
3.064435411568172403e-05
3.226287397837991898e-05
8.783124636925491904e-05
1.970166038203782723e-04
3.556886616637110719e-04
1.854160180719633744e-04
1.721079614829060522e-01
6.796044882715978064e-01
4.210808136175231975e-01
8.054951061495013720e-01
8.059932930454094535e-03
6.021095860768046863e-04
3.096212577643016328e-02
1.948118897351828638e+00
9.887080703213069199e-01
1.010643994335115765e-02
3.282148596398722432e-03
9.091939148194659939e-03
7.140795805145681158e-04
3.613572538372809232e-05
3.692137934424502956e-05
1.364459974214347372e-04
3.667330962643446947e-04
4.496954028819099181e-04
8.344991095339830967e-01
2.286294880601943191e+00
6.152165395625961430e-01
1.120300823922003142e+00
3.779738769360798528e-02
3.749692458935852211e-03
4.015098656022353558e-03
4.295819913273845464e-02
2.915968907233351004e+00
2.122774791549308926e+00
8.676610882344308884e-01
1.037039401637696923e+00
6.845699645587428363e-03
8.973902739964912455e-06
2.591641726876448124e-06
3.261284695349262852e-05
3.021529504048290314e-04
2.012900430145579721e-04
1.118213957437359518e+00
2.818253164280459355e+00
2.688965462803308282e-01
1.875183056670526760e+00
1.124336196594329706e+00
7.791595122298685672e-01
1.182759836307844398e-01
2.570465757950538346e-03
3.100034181410638023e-02
1.854107453702295016e+00
5.293259767837845686e+00
1.815085782526864699e+00
2.299922491733104139e-03
3.767489006285917946e-07
5.304894157902846545e-08
2.746684698318553922e-06
1.312752058407003935e-04
4.979662862672597850e-07
3.997675279591841879e-03
7.985766584822268088e-01
3.545135704860692960e-01
1.533805876091303588e+00
1.283756322624528323e+00
9.622307983101247020e-01
9.037614102333215715e-01
1.959647642021094833e-03
2.360929824993726871e-04
4.558571851616406018e-02
1.662468186415765325e+00
3.274061045493062760e+00
4.897202911285815363e-02
1.933513642520507690e-05
6.564816361632068028e-07
6.444320660730201113e-06
1.548307967664443597e-04
2.695432426144773729e-09
3.424445360534556132e-06
1.333944458802671096e-01
1.695067019550626108e+00
1.404528188372872854e+00
6.620489860965792506e-01
2.960616762271405800e-01
1.963546667892262620e+00
3.231431406035218529e-02
2.183251890015354586e-03
1.095602779401626536e-01
2.575069482659769760e-01
7.589797082438003439e-01
2.767180900274428090e+00
1.129316583951032321e-01
1.906567904535434038e-03
3.975786925793483575e-04
5.994690140529193535e-04
1.922141883981632921e-07
3.293797219418512088e-05
1.841319952117204117e-01
2.648237446994007982e+00
2.486833368109476083e+00
5.428791689158206646e-01
1.031025489516045612e-01
7.773699869869089563e-01
6.653511938184646091e-02
5.378820228538987169e-02
1.601281207115788918e+00
3.734165115752222097e-02
1.585526547986562326e-02
1.481898634656178215e+00
7.108566365903512541e-01
2.856863752546175833e-03
7.781818994527946837e-05
1.178014671213686778e-04
8.988820978344638280e-05
8.439971498902899133e-03
6.766080634273755612e-01
1.510729167063608047e+00
2.335722947388275461e+00
5.444148166626804342e-01
8.030580975884640815e-02
4.296352786337478274e-02
1.015327916388759910e-03
4.498103709782342967e-03
2.800070610681346661e-01
4.934524240432594001e-03
3.635579702190101532e-03
1.502622327372189925e+00
3.302875553615799431e-01
3.402777344764369808e-05
7.977246194354754661e-08
3.216202923095274295e-07
1.385397819172194420e-07
3.302323593142060526e-05
1.525739436958338247e-01
2.020212701854564141e+00
1.072066322412965400e+00
1.749455725648477289e+00
7.921921764515768016e-01
5.521517323255744313e-03
6.447419206733186691e-05
6.229903113215630624e-03
7.990558466920736347e-01
8.346385031304949520e-03
1.274751737218139148e-03
2.817567312409485214e-01
8.141016092024966344e-01
4.950982919795315039e-04
6.256780993032815905e-08
4.658127781764788966e-09
1.577404495825250444e-12
7.595422232301201189e-09
1.305089800779061886e-02
3.368564580869761294e+00
2.640955068433224806e+00
3.007119194582811961e+00
1.469403377262392951e-01
5.425602156848885379e-05
1.073879188780801850e-06
3.163452030125112014e-04
5.307576902379607803e-02
8.453585298629440192e-03
3.691255508759168965e-03
7.735758128200247163e-02
7.532301593572668930e-01
1.520634943539601047e-01
1.367008061556651880e-04
7.998518936273155820e-08
9.528934680857255964e-12
2.151412433150908612e-06
1.394668915371086448e-01
1.591195012468566539e+00
4.287103205378889115e+00
1.800466717985055976e+00
9.524392826786309829e-02
1.390248522851117506e-04
7.303020653093071249e-08
2.120943375556966844e-08
6.713685258880028775e-07
7.146325698870419193e-05
1.096240597460069847e-02
4.875853138360319861e-01
1.934761841126114712e+00
1.405963420394452879e+00
1.391481463020808051e-01
2.133996886468882332e-04
1.527704597598342222e-06
2.694272884004145219e-01
1.910845192692320538e+01
4.265884542566288573e+00
5.134289520848641430e+00
1.658649249228467237e+00
2.597306911023400389e+00
4.723633816291535059e-02
5.842597852280426367e-07
4.480199690625167041e-10
6.540133468546232748e-09
4.253755851557531020e-05
2.281696986176183842e-02
6.253895594401244207e-01
3.736810623835097545e+00
8.518243816431502191e-01
7.016894961667465846e-01
4.098944169316757341e-02
2.501876313716156017e-03
2.538658243225098587e+00
3.020978369479808023e+01
8.550904427932488616e+00
7.619313158094594307e+00
5.739737565283976828e+00
1.167069739611778623e+00
4.599354171924641133e-03
4.221370067012973036e-06
2.010422994031308859e-07
6.486008034846628440e-06
4.152530387863524047e-02
1.792178532544971503e+00
8.344739123248894330e-01
2.721607575820082836e+00
6.375266496325718846e-01
7.228989001959423844e-02
4.476052527920411708e-03
1.084143568980240058e-01
3.025910285219642892e-01
9.049960653970707369e+00
2.221723448351223595e+00
1.712435960568069904e+00
1.865425852003118390e+00
1.995928987220244467e-03
6.257175052332604131e-06
2.024389331276244745e-04
1.077563957724035452e-02
4.911226766082130331e-03
1.272538048955311127e-02
4.036992552047698191e-02
9.338614158448155234e-02
1.534161176294587037e+00
9.523834382605780857e-02
9.388091587839832522e-05
2.445546167943431647e-06
7.537897024992691319e-01
3.266656419285297180e-02
4.299063675275476282e-01
9.356983705410222285e-01
4.389218569741682785e+00
1.265742180382700699e-01
1.150171374015657976e-06
7.999382060811138657e-08
3.369781504181178222e-03
9.372371767371587836e-01
1.281555132925501096e-03
1.239278396804041706e-06
7.320407993137954477e-07
3.996593644809759080e-04
2.926453836737966108e-01
3.227369263237706704e-03
2.201155040360441747e-07
2.498835787240490578e-08
1.142694311019817888e-01
1.129052363359978328e-01
5.594704597816898550e-01
2.398963432534308993e+00
1.145659493337325419e+00
1.536519295217785681e-04
2.210046292207057306e-09
8.565686601348787236e-09
5.809746175185275755e-04
2.326172826668707061e-02
9.352268050534055788e-05
1.226460680260587903e-06
4.280767596003911424e-07
1.523331825611755612e-04
6.978295480365102055e-01
4.842456100909141303e-02
7.550557046635379326e-06
8.199614040275376259e-07
1.912121421366386881e-02
8.038590596491225204e-01
2.315929824914706892e+00
2.556620033158336636e+00
1.062961852195583486e-02
1.034352797137885293e-06
8.764548473582921141e-09
3.098035512870309299e-07
1.967146164856816912e-03
3.405854819408035694e-02
1.014630236994680003e-02
2.782143417926191339e-02
1.006699033772055253e-03
1.383015497948175557e-03
2.252202906083476286e+00
1.927787978447554451e+00
2.129232464673723110e-03
1.175452577142930757e-04
1.060282360806590399e-03
3.162019939350028171e-03
2.055572637518864737e-02
2.209622797989984899e-01
3.763346154313207490e-03
2.135561332974566227e-04
2.964541805465364661e-04
2.760289350103712594e-04
3.991534098988779727e-02
7.471988932030395603e-01
2.372188194415932039e-01
7.080932903993462091e-01
5.172342831800395141e-02
4.491449684247179192e-02
1.788231578147584599e+00
5.225106966472132380e-02
1.464747880483978392e-04
9.187884428155668475e-05
1.688271236335051008e-05
3.870352511978725175e-05
1.377195189880289945e-02
7.261383843237360081e-01
1.020018976883003414e-01
1.000243630711817433e+00
9.350529557174257489e-01
3.046563139927139282e-03
5.339047344039456883e-02
1.105925862758629474e+00
1.203984885973283930e-02
8.620989351732557052e-03
2.164928150368912452e-01
2.859934169309900742e+00
1.116975045973796071e-01
1.015934766336927171e-05
2.188237786754883837e-07
9.656493247126784275e-06
5.167021732858145481e-06
6.587361819561186188e-04
1.079278154637763665e+00
1.054377441217773992e+00
5.300944876342469220e-02
9.004318323250871670e-01
6.609831837022703271e-02
8.955540661882376821e-05
9.900808754398821715e-03
8.129534595250867968e-01
1.168065540081110465e-02
2.616604137624211832e-02
2.831229760340204571e+00
1.013104924350455960e+00
1.957420330208167096e-04
4.348848852426088039e-08
6.347716346320652070e-08
1.814617097653862716e-05
2.827406521636952329e-06
7.441519601794903578e-03
8.495212405790348864e-01
4.311633610963798262e-03
7.446663229606012980e-05
2.559847093313380863e-04
8.922327653961447980e-06
1.363842265934422262e-07
3.458423867309378687e-05
2.776606923340779048e-02
1.419199730308950136e-01
8.887876845449814711e-01
1.202770825274741273e-01
1.299316049392191467e-04
4.714227764283062135e-07
1.625362675551680082e-07
4.281161938035523269e-06
2.194852477909763262e-04
1.192581937746677795e-07
4.145562497847509083e-03
1.321080136430279051e-01
2.717624953651388733e-04
1.040864270699179795e-05
2.726921537665978575e-06
3.144119627948632792e-07
1.479886106657653329e-07
1.152832354778776795e-05
2.016622603589693710e-02
2.932866087630848995e+00
9.923228809053531441e-01
1.646929008665847817e-04
8.952545087817246627e-08
1.480569559713683403e-07
8.205734613504342200e-06
1.534548008446028435e-04
6.404460372549385279e-04
1.920328749841112563e-08
1.117764527078147357e-02
8.603711939187990154e-01
1.893768023353248689e-02
7.987285813715045216e-03
4.583179896630240266e-04
3.268838071429605216e-04
3.772106169937360087e-03
4.608044328672906975e-02
9.448905086886650873e-01
1.014579536079121658e+00
1.056487375009130744e-02
7.242115298289310765e-06
2.781135097292631443e-07
4.272325592172637417e-06
1.024607092438001288e-04
2.337843946347251361e-04
2.630402656213794133e-04
1.121113336624924434e-06
1.439555673714431605e-01
4.669876697231288176e+00
6.598763073421137770e-01
2.201712073377828816e+00
6.707710421546861923e-01
5.754854486653838697e-01
1.186442080866572768e+00
8.575056264380630511e-01
6.886083355656752447e-02
2.929774404998323947e-04
7.354944789119090539e-06
3.974110184219424184e-06
1.596924674124733994e-05
1.148403577991235727e-04
1.902175525912665666e-04
8.853510104129336592e-05
7.676402435110979124e-05
7.906273076903180125e-03
3.884467486337699338e+00
8.251423073134295905e+00
5.612661330052838293e-01
5.048512439425824061e-01
1.613875155173313036e+00
1.690039198161188139e-01
9.468886070407531727e-04
1.872882072400905396e-04
4.296159623599286707e-05
8.600037361860236003e-07
6.097488561403501266e-07
1.500371122187425486e-05
2.267822085702915968e-04
4.916556475475366639e-04
2.225048524695988404e-04
7.430666160530953544e-05
7.185180570193979051e-05
