1.865590253170831391e-03
9.864649043727404809e-01
6.020145628306195817e+00
1.046914006353793614e+00
9.301802668504368654e-01
2.501706506635904825e-02
3.119220378384923351e-05
1.677340932604165914e-05
2.170035378125983062e-03
3.505421107926567741e-03
3.378629017800321971e-05
6.628402374262810889e-06
6.475058533341058967e-06
6.236306367736781047e-07
4.026578117380327051e-07
8.044836293764929069e-06
4.798726930248309791e-05
1.708888550692203658e-05
1.288477802963626881e-05
3.693859496355694771e-02
1.846544173462793648e+00
3.986972288863196989e-02
1.627446639292075715e-03
1.097972201787287573e-04
2.000272900620882445e-06
7.392729480082125526e-06
1.777471343798846248e-02
9.500582602826789236e-01
4.530729421470530011e-02
7.516836516444995973e-03
4.681332307939971120e-04
2.337689448498463828e-07
3.026613942343047577e-08
6.674654108590397496e-05
2.311388225516382289e-02
1.349452284878263457e-03
6.622028354264852191e-07
1.122160127873652940e-03
1.307053823993367947e-01
1.143275779443052005e-03
5.099493913451321486e-06
7.280942752474412464e-07
8.310040999859378103e-08
1.392929974069592470e-07
3.165666020432876776e-04
9.259546964581031325e-01
2.115277189314995532e+00
8.186956280850026246e-01
6.957763420677703925e-02
2.707989212688275671e-05
1.048730141009129298e-06
1.778641888364131465e-03
9.218872995939400017e-01
2.017442271293129127e-02
8.918107905437433635e-06
9.762950723025262331e-03
8.703166692911837865e-01
4.721053967223845516e-03
3.698566448829574212e-06
2.097545235257383202e-07
4.211680907446392490e-08
6.685332006582854780e-08
5.993195313904372401e-05
1.575695937405551805e-01
7.016342720826584944e-01
4.206331060136301869e-01
6.881024986882566807e-01
1.239621812761372566e-01
1.857299649605492764e-02
2.676864802629667223e-02
1.872801671838564969e-02
4.998910707678904915e-04
4.417641587929353920e-05
2.068043951422868319e-03
3.925434697259134326e-02
4.526096790950608247e-03
7.143903404854531956e-05
3.218822114115848232e-06
1.119277374038955579e-06
4.909287538326728787e-05
5.811588296316651941e-02
8.421815202429487890e-01
2.402188708763159652e-01
6.586102029212165254e-01
2.355563534692122651e+00
2.813578301708862028e+00
9.170555931376330738e-01
6.551356763961571454e-03
2.988223256991623622e-05
4.520415111063352375e-06
1.573062861193519671e-05
8.698074130579132267e-06
6.851282739481951193e-05
4.819940598025617730e-03
3.123048380812104910e-02
4.495915471517843284e-04
1.200037686926416604e-05
2.058783080697765104e-03
8.941015274696094695e-01
1.935751073140131590e-02
4.709523879380538187e-04
4.865725612416290508e-02
7.727578231377381091e-01
2.231991097862933981e-01
1.336549871373700175e-02
2.813623412423650068e-05
3.251139452236569266e-07
1.004866838002867090e-06
2.111219611418682429e-05
1.814697073817105831e-06
7.449529930501938530e-06
7.463271916917953511e-03
8.962973761665067318e-01
5.597721751178915024e-03
1.357250144669841723e-05
1.565128951941460820e-03
1.389579106273294562e-01
5.523208833413103467e-05
4.067789936411192314e-07
2.994432997731358249e-04
1.022515534495672673e-01
8.260784686906720298e-01
6.662655952823338945e-02
1.615278387457217278e-05
9.081625794585927553e-08
7.385473253826069430e-07
5.128577226602994122e-05
3.073825333546531070e-06
1.184035969348108038e-06
9.358477631346575850e-05
6.188851180156528659e-02
3.627768416409244551e-02
5.041512578420118389e-04
2.228794364457045707e-02
8.351503108254723085e-01
9.608782906634190856e-04
5.681918970119575053e-05
8.204719912017805969e-03
7.379127591365275407e-02
1.021956293919383363e+00
1.902367827505247133e+00
8.798901578836326341e-04
6.028287163972744994e-07
6.965277814504502170e-07
2.682981367396258869e-05
3.274133738282523086e-06
2.829311163393346118e-07
1.110915921849019740e-06
4.412892954536893828e-03
9.130524867145008994e-01
2.444722107898073676e-02
4.891645172605801201e-03
3.353122442884551302e-02
1.742482595843813931e-02
1.834569453362999425e-01
6.870198174817347958e-01
9.616136642138697205e-04
1.543898888707937031e-04
4.714672270293124301e-02
6.406153207295431362e-02
1.528093762907057685e-04
4.530336648154387442e-06
6.202080034476905468e-06
2.025803372638693609e-05
7.737001339840292771e-06
5.328119873150671125e-07
2.249787920363628463e-05
4.512482702931849832e-03
1.551217433212142129e-04
1.860466013533670858e-06
2.430953734287237371e-05
4.354892837283029332e-03
6.971400689388567162e-01
4.489034474253057461e-01
1.684122250177742632e-05
6.730474472783766751e-08
3.661666747764413376e-04
8.837335136139263803e-01
1.243288861274783816e-02
1.138151592149720818e-05
5.300669518629922828e-06
1.318232975209476668e-03
1.805362958976518620e-02
3.356569572235624583e-05
7.011584152309067211e-08
2.523154371462042297e-08
7.438856179371031338e-09
2.451389614448815758e-08
6.841192233467951740e-05
4.336544479322533563e-02
2.529506020262655142e-01
5.620761747546825227e-01
6.433449804871215188e-04
9.635714460013712366e-08
1.089816674404265718e-05
4.083431945854986561e-02
6.028257745508450952e-04
1.928309730505784509e-07
8.000444350400232377e-05
7.272346455450934277e-02
9.774671681062576667e+00
1.540750304014842920e-01
9.348507371419508417e-06
5.562108227921490037e-09
1.483101894638125482e-09
5.168421125284239917e-07
1.885356781787075192e-02
8.068240548697137582e-01
2.076963463951078323e-02
1.586279456977890134e-01
8.486192642711667955e-02
2.122232599336513963e-05
5.753921262218887042e-05
2.271264016572114783e-02
1.983509469192441842e-04
2.980006808610347394e-08
4.850824806633321877e-03
1.884024288935755020e+00
3.242278742329693841e+01
9.583214003542947168e+00
8.707666340340566857e-02
1.029827146982236418e-04
2.279387121215915046e-05
1.885681712384626061e-03
7.783046206305441195e-02
1.128317985547812492e-02
2.234288878874239191e-04
1.658527736165559333e-02
8.018363144895879202e-01
3.005159576149902395e-02
9.505992244641532640e-02
2.789472704877751230e+00
1.003833687431756883e-01
3.016901224804790466e-05
2.206770667424717315e-03
1.066823434197329501e+00
5.569589748015449260e+00
2.547712716350610584e+00
7.909103233160993396e-01
2.325714824106216161e-02
4.290951235637206068e-02
8.851210570750406292e-01
1.478148205156218885e-02
9.876931706024650210e-06
1.201080457038107135e-06
1.002741203472249791e-04
6.941066188622508314e-03
1.533510378949763664e-01
2.750187706348476535e+00
1.332372988545546200e+00
7.934584535289510576e-01
3.407479770220189774e-02
1.616278972229552498e-05
3.790781576962493418e-03
1.676033880370383089e-01
7.219690239580829338e-01
8.323990895952902702e-02
5.532229390622697002e-04
9.108417008753856309e-04
2.200414585963288150e-02
4.136256873592173257e-04
3.797622075697511724e-07
1.574862472971981069e-08
1.320568569987613466e-08
3.034576785581964459e-07
3.570109903650466217e-03
9.381892039712291798e-01
1.162295696958329932e-02
3.992971510991803231e-03
8.815223627270728918e-03
1.027994390473035752e-04
5.045533142655385384e-03
2.070078856660295327e-02
2.386567653807564193e-02
1.274433705826765037e-03
2.221676435681754045e-05
2.439009971136958161e-05
1.277851845747650286e-04
1.099303609044145074e-04
1.193369381688807444e-05
3.453437508703632174e-08
8.193608145368392802e-11
2.021763672695422069e-09
1.180586089505398714e-03
1.037597516403358400e+00
2.257775339176100893e-03
3.254067856032137970e-05
5.280225573391090214e-05
2.431629103290493601e-02
9.034063636243566675e-01
1.484895094957175421e-02
7.665487116285718593e-05
2.807153435849801470e-05
8.835237087192748806e-04
9.787603534185071799e-03
1.340644206691945454e-03
2.941517757237788796e-03
3.369605239928567808e-02
4.625532404865199677e-05
1.849093402785897484e-09
4.561763095495514860e-08
2.985125093878721395e-02
9.266221987191999299e-01
4.388276039320706721e-04
4.337506075001560754e-06
4.243272178405598522e-06
2.344336004671346459e-03
2.982089145556678089e-02
2.895141659555686164e-04
1.179954168061740767e-06
7.437180641815332843e-06
2.359336124827083811e-02
9.210720224759761932e-01
2.070564704499967476e-02
1.150736621550130408e-02
8.062777674778579540e-01
8.035453830677381781e-02
1.430193299128814383e-05
8.041415631805215024e-05
9.636011476360228922e-01
6.866223479123807760e-02
2.051731182570950705e-05
1.319875906564939624e-05
2.504597350958169557e-05
1.164939881771109947e-05
1.373967129295316742e-05
1.750446414394760575e-06
3.278819929032693389e-07
3.847614594208895705e-06
3.348946461328478779e-04
3.873498520301501494e-03
2.276674780816226318e-02
8.334185761046825069e-02
2.241080681506842087e-01
8.407684750825099584e-01
5.595056710467412320e-02
5.020506639841666036e-02
1.899613853953082021e+00
1.065218026685287034e-02
1.037138530762225108e-04
7.697446072085130549e-03
4.507035443155728641e-03
6.769875714041624012e-06
1.236462605877262834e-06
2.730261439798347846e-07
7.520662108986640523e-07
2.194354543940019197e-05
1.577293484977911181e-05
1.044894614149379438e-05
2.575960402779979563e-02
1.660739146510261000e+00
2.533011771560399542e-02
4.919830883866994908e-02
7.889908738664772603e-01
1.205236806052887077e+00
1.890762228946060830e+00
9.658031292622737407e-02
2.798667017332510248e-02
8.902578056393359862e-01
3.580126165879159161e-02
3.865120722131252384e-05
2.051829757516187638e-06
9.707135811488764248e-08
1.424280115502850254e-06
4.049647387280920843e-03
1.105403355505114003e-02
8.813748022655029267e-04
1.279231349145376340e-01
1.820785772057784135e-01
1.001974557545968255e-03
1.451469308995666403e-02
2.243134987118971857e+00
2.687252555985457647e+00
1.248763861691154275e+00
7.741387201409535290e-01
8.614191878339010067e-02
9.186121259424020677e-03
2.188238889127461879e-04
2.201210421860387762e-04
1.359085318416578995e-05
1.929902853323428377e-07
2.899883156298384572e-06
4.693915700825954801e-02
8.079720902474869515e-01
1.922583358653854047e-01
6.255379501655541352e-01
8.917279736008818306e-03
1.832725282181245060e-03
8.418425558291994237e-01
2.995342340722229046e+00
2.858153921328813671e-02
3.440210469806810178e-03
1.054693273130846362e-02
6.582313854691432655e-04
5.390575756737371234e-06
1.111361802748992052e-06
2.413434607863971289e-03
5.881121096025062472e-03
3.069774389992683595e-04
6.890850194992018205e-04
5.160826192737654611e-02
1.189778765457131723e-02
1.520046573705685980e-02
1.840120740371995189e-01
1.106805028847599598e-02
9.224840082821200715e-02
2.024587780853909003e+00
2.570959746909104275e-03
1.215776183207181687e-06
7.692280967886445725e-07
1.951151839927818915e-05
1.297069730972197747e-05
9.828330280635212168e-07
1.439028236048219093e-06
4.725533575848788435e-03
3.949632152876959790e+00
3.067109115688130938e+00
9.287166938971914698e-01
9.596787724800048824e-01
1.386535250128335603e-02
5.245499180486797725e-02
7.618426647498977022e-01
1.413890341932114159e-01
1.784134556590534659e+00
7.018528440635775356e-02
5.085976249614198218e-07
2.331863197551452781e-09
6.902571263263305258e-08
6.462984670758968070e-06
2.323590721945071363e-05
1.474664459287875725e-05
2.819685791154603606e-05
3.046994600222605368e-04
4.083344654077684766e+00
6.778749940794794426e+00
3.225272350098380980e-01
7.024623328436792047e-01
2.508376881798645708e-01
8.110363974065126769e-01
1.242785621746802793e-01
1.836077626045614850e-03
1.779849327517550941e-02
8.943396121710641290e-04
1.163630676102902951e-07
2.153095485081370323e-08
1.995770190055921206e-06
7.505206577881572941e-05
2.114845200958385583e-04
2.017756209958947470e-04
2.436917654057068141e-04
