1.329766716187359699e-02
5.231314584313733612e-02
8.886368662474211533e+00
1.090849831329179453e+00
9.812205333440223720e-01
1.907198585918909117e+00
6.533020012591771175e-02
1.521920654719396970e-01
7.874670523092370811e-01
1.083631789260266765e-01
1.603542009819429459e-02
2.995580913793780952e-03
1.596307376204680840e-04
2.372907248590122567e-05
5.560386626264106959e-05
3.176944370370045519e-04
8.839996428533593081e-04
1.602352700708460252e-03
9.090735388492622304e-01
1.046494237276269779e-01
2.943785821584108398e+00
2.110460937644875051e-02
1.161709761449638450e-04
8.222067333707024040e-04
8.569627878139023103e-02
2.626434472039822499e+00
3.285040055302552719e+00
3.022491216192754404e+00
7.727014875472142386e-01
3.689154012190846293e-02
5.447643568879348853e-04
5.902578435256251024e-06
1.296745079530856887e-06
7.011970180116663316e-06
9.706527183416054810e-05
8.031776526460207479e-04
1.877017835287377381e-02
4.103597913347059069e-03
1.914859454083204682e+00
1.121746494309009134e-01
2.411386868581766491e-06
4.880440320013510270e-08
2.701919255978703444e-05
4.751064163211712182e-02
1.231875690720173999e+00
5.432739813507342141e+00
2.641259691510413177e+00
8.488174773717945820e-01
5.576179597890128931e-02
8.181204046717307837e-05
2.753583416822749963e-07
1.238078887826215808e-07
3.644542880918926260e-06
2.432493463053049228e-04
4.818012599608110467e-05
1.753699840535771575e-04
1.108754408438437755e+00
7.625855957190114109e-01
2.900141590894065165e-06
6.100763801812189255e-09
1.738121893615056921e-05
1.287148528499731381e-01
6.919296353481821926e-01
4.487546767902496070e-01
5.251791952756890147e-01
1.981732922834876121e+00
1.929457752263702863e+00
1.493970525212030831e-02
2.255620924102172140e-05
4.445854380396155797e-07
9.099486867616656483e-07
6.132013035684221217e-05
5.073988606877588391e-05
6.520662651156518448e-04
9.409023683542454553e-01
1.294865242508442593e+00
1.086861296479287411e-04
4.606204006435808159e-06
1.746646212071313597e-02
7.833574340575385486e-01
5.739249377891939702e-02
7.676273962646812388e-02
5.387710628998471085e-02
1.416981535668473957e-01
4.235810488238536564e+00
1.813998588544468049e+00
1.161898091602190930e-01
1.089464566055449750e-03
8.958480146406483117e-06
2.411305824556375511e-05
1.165944002456733306e-04
1.492529721154170269e-04
1.515352807353609679e-02
1.518530767604795439e+00
1.745799238108197426e-01
1.700743487099984005e-02
8.832009887535605674e-01
3.651833334410443666e-01
2.449517899354784756e-02
6.801970473617222623e-01
9.283048029027715642e-02
3.384297727116168664e-02
2.443470203340920577e+00
2.443103382980352123e+00
2.659468599425338642e+00
4.619140048068377802e-02
8.916820833512590868e-06
2.870967830742053062e-06
1.351745631907735212e-05
1.813925179487895715e-06
1.203895063814182446e-04
7.003816019830614303e-01
1.564451062522231428e+00
1.761626995412695490e-02
1.846980991017515283e-01
1.262479380775884952e+00
5.413991652924584619e-01
8.716055894009631100e-01
1.326166939019256773e-02
4.027197672746540488e-03
2.694276516371220676e-01
8.969557031494085342e-01
1.197103573503265794e+00
2.133877906198878693e-03
1.021079910944418151e-07
9.586878165254699209e-08
3.490443355640238648e-06
8.777583955815278702e-07
1.850176188154395039e-04
1.290055217383875963e+00
4.183072543231979301e-01
3.561426134316243372e-03
5.653089475416833709e-02
5.512427539601978399e-01
4.146046890722797085e-01
2.165893431147863368e-01
3.386623774276806276e-02
5.676526453141676753e-02
8.206440876850210620e-01
7.023930931782824238e+00
5.809050658983157867e+00
2.072850535609160102e-03
1.662237726538134693e-07
1.763638058102807544e-07
8.362470851521589562e-05
1.524333616041456430e-05
2.386165031980434076e-04
5.643709509388560308e-01
6.799510091081668595e-01
9.935533634907577072e-02
4.796503500612973037e-01
4.627201116822118182e-02
2.001792484006501699e-02
2.531749740129006221e-01
1.517775148920239126e+00
2.202344634798774958e+00
8.262201322274311810e-01
1.260037581301325815e+00
3.880088391416473659e+00
1.865636359422530588e-01
4.438567013935283407e-04
3.174147858192459174e-05
2.841819423732857078e-02
2.174637699665893029e-02
1.239922025803654251e-02
6.960276272190543123e-01
9.334757965639197685e-01
3.564431426137106840e-01
1.115640012516129431e+00
1.538450802845837961e-01
6.542836480471966865e-02
6.013006391935848960e-01
1.738748434765098771e+00
1.508787712632009503e+00
6.062865974394894275e-01
4.022796424753233846e-01
2.528676713046280167e+00
2.544241575923014143e+00
1.039417789783243090e-02
5.238004230612778835e-05
5.907591989623833632e-03
6.610765020392393998e-01
2.358992764903381723e+00
1.793218597850213536e+00
4.276696508833426336e-01
3.164182272226648829e-01
1.259134247901855241e+00
5.858658578211036749e-01
5.026173294649618345e-02
1.496904939240855381e-01
4.737532319127849001e-01
3.301633005432207946e-01
4.764217048463296744e-01
4.541431888131378103e-01
2.446531825532393789e+00
1.513455824927497861e+00
1.766269568682225441e-03
4.791176876653782747e-06
3.922758928854788046e-04
5.070116398036393912e-01
2.253118987817758168e+01
7.286092605611655060e+00
1.816288659650241000e+00
1.371422761427987913e+00
9.228537922360232626e-01
2.321655779447162338e-01
1.258870530565397300e-02
6.293411250012646840e-02
2.634069023603439752e-01
2.133078880321968157e-02
1.878016800341389056e-02
9.367625518346135716e-02
1.243201082646691935e+00
2.544537083783148024e+00
5.826435260795905652e-02
4.130935483174195282e-04
1.044694893876692288e-02
1.557349121726929297e+00
3.818781713879787532e+01
1.595513819397718080e+01
4.788116986080468429e+00
3.927416553388255238e+00
1.064360249708086625e+00
1.672820569079716657e+00
1.251061291452696400e+00
7.323710223217928528e-01
6.423375232131459667e-01
1.110968526362676595e-01
1.057289042661237188e-01
6.466889846345119652e-01
3.025370240990282955e+00
3.349299381119293706e+00
8.469366911155893352e-01
2.114018131504364489e-02
7.113254676910375470e-04
1.566365698195323342e-01
3.333473716341599413e+01
8.715741843732242700e+00
5.478754899612585660e-01
7.335444111841640247e-01
1.172147066973833474e-01
1.508623414133665741e-01
7.156478644662752631e-01
2.505906835223514206e-01
5.361838853925636750e-01
1.764305582311659126e+00
7.756669951326029544e-01
6.191603472804956265e-01
2.485138619227145629e+00
2.052885341367076677e+00
5.915006345804086491e-02
4.320711272137493179e-04
3.635867881655368081e-06
8.263359745579949844e-03
5.555775617973329972e+00
2.874939004266415576e+00
1.053530343069366770e+00
1.820820418442796518e+00
1.376761765102267332e-01
5.074640542988423375e-03
6.559376079538151681e-03
3.982558508725920349e-02
3.094166228198160784e-01
1.195336904240141385e+00
3.498701954960040106e-01
2.234755675302613209e-01
2.908378334077236449e+00
1.599875420344988086e+00
4.961073257988727692e-04
2.516853360032301814e-07
1.456525081180537469e-05
1.083151221957039285e-02
2.720988309598987853e-01
5.820481402254049641e-01
1.445289100652989323e+00
5.095035531525430317e-01
6.110066045562764225e-01
4.176793250502186527e-02
1.005646660419535869e-02
1.028093691878738669e-01
2.525472260488614840e-01
1.332751243253055495e+00
1.332459071345725610e+00
9.112578203893618722e-01
3.877787936246903655e+00
1.558165414308582353e+00
2.775187854058781193e-04
2.816864638351185725e-08
9.484624044101084422e-05
1.370056194144129644e-02
6.027581451898930132e-01
2.785630505967637394e+00
4.895926139488893103e-02
4.047564753942984564e-04
2.983322226359140864e-02
9.221339684066787168e-02
5.877932022076968327e-02
5.198984785018345711e-01
4.145961249185438069e-01
1.087275450147259459e+00
8.173191611124520639e-01
1.244279860148400862e+00
9.847327955896487683e-01
1.430896182894495494e+00
5.003335545625518799e-02
7.825043161865092339e-06
1.608037928518494663e-05
5.300573469927476970e-04
3.307951650632052765e-01
2.093837533131055917e+00
2.770693164693545547e-03
2.097843934890276528e-04
1.441366278038682114e-01
5.786879640667106361e-01
5.199415221121794772e-01
7.809891484814466267e-01
2.292216497774377526e-01
1.968241567602372066e-01
9.048815400767275252e-02
3.702597817710964190e+00
1.963393774699286443e+00
8.363289199897758208e-02
1.384140282973940136e-02
7.461524053827059270e-05
4.516661839801168623e-05
1.409669643556884545e-03
8.177691268031912486e-01
9.197727113846393410e-01
4.663794644363236132e-03
1.690410458303334695e-02
7.469714735218088153e-01
4.140947769393126254e-01
1.535315999966376799e+00
1.434388624238501220e-01
1.915455887318621292e-02
3.916782074762739652e-01
4.135556503775061898e-01
6.000449774580695284e+00
1.976009878502622330e+00
1.024116234466539979e-03
8.027663108298710223e-06
2.681963534525430601e-06
2.551048074435242896e-04
2.409336760129795682e-03
5.522706017946762969e-02
2.071587804758831530e-02
6.724296275631752931e-03
7.256618545503296103e-02
6.241685527980111309e-03
4.729636383934796452e-04
3.259577933279371453e-02
4.531712468182039384e-03
7.897918687899970576e-04
5.248467252239240599e-01
3.515203675037635200e+00
2.111212504360628905e+00
1.020991338973945339e+00
1.540338637089047787e-03
2.025871331312105627e-06
1.595587024361754180e-06
4.203326466428177833e-05
1.091513802977884139e-05
3.764822125013631769e-06
9.771872190232421297e-06
7.612247563362604767e-03
9.498997630877841214e-01
4.442106488766348060e-03
2.449175323452319015e-04
3.460585372352625866e-02
2.480079582773521071e-02
6.545031662285804956e-03
5.668968190320254896e-01
3.379416238691923535e+00
9.621304069925047386e-01
9.053634738314656483e-01
2.231261331060213626e-02
5.484245421510596479e-05
1.918713235555315086e-05
1.573743288914833036e-05
5.997825033219041081e-06
5.339933219101458046e-07
9.167490883011863083e-07
5.572679316778408713e-03
9.337565986096485471e-01
1.558613426557853981e-02
1.762132750665943576e-02
9.313111769617069546e-01
8.848077197497201674e-01
1.033604472283909725e+00
3.343016464958610268e+00
1.672526245657001365e+00
9.544891571906244376e-02
1.039480421244657303e-02
1.284807047390969627e-03
9.282206211595571670e-05
9.640294347421783552e-05
2.823668945997906017e-05
1.622262266189206277e-03
1.442927988168323091e-03
1.315784645519911197e-04
1.122165691483017862e-02
8.142196026017527177e-02
1.925604840904746257e-03
2.011684588492598097e-02
9.042206923120928996e-01
1.410342050991309160e+00
4.656663363953657431e+00
1.030314060611063010e+00
2.880361670877729444e-02
4.585561232902191716e-04
1.605234512488483881e-05
1.081969212339927042e-05
3.120642123139397573e-05
1.787024733242667280e-04
1.585805747154735379e-05
3.884109619957103882e-02
1.871323650283988060e+00
1.608291738093426126e-01
8.695682565249225338e-01
9.715890617192315393e-01
5.250620549877042451e-03
1.131504607964126628e-02
9.806857201500774890e-01
1.833338484090444087e+00
1.151989208454301389e-01
4.322451477514649182e-04
9.599195213714926123e-06
3.392005010739622024e-06
2.722125083417083882e-06
9.934920020542017805e-06
6.882070035619016477e-05
3.857749942743522189e-04
6.693240416088252150e-06
6.066886188075000519e-03
2.031230202221024239e+00
9.255051785776648998e-01
1.085528449155521935e+00
9.759530565596747920e-01
7.049613629455741583e-03
1.058611827102444577e-03
2.327604345489132226e-02
1.852148657322662609e-02
4.854018946348884249e-05
1.444962582992621750e-07
1.238999766230140243e-07
3.386590420052429097e-06
4.684717615586725772e-05
2.171278201119451073e-04
5.384189419080496379e-04
1.142551067640020217e-03
