5.603816492640729955e-07
3.117862634339359959e-07
1.997106466817503168e-07
1.938016236513013542e-07
2.864701572680363605e-07
4.288477995730111070e-07
4.536420509944618931e-07
3.583681897464679487e-07
2.614065682626134075e-07
2.015226737729766208e-07
1.813119895453720254e-07
2.002119731773128490e-07
2.499284133572000166e-07
2.904242649637777367e-07
2.831809782723783990e-07
2.578231259251339067e-07
2.702485566723508555e-07
3.645758115287855672e-07
2.796421012969575547e-07
8.002771737208379873e-08
3.387566712215698875e-08
3.144016905696908012e-08
5.081955511821215788e-08
1.006708041982771837e-07
1.891451623817202377e-07
2.815032049250379601e-07
3.095204487337504089e-07
2.608091652290737667e-07
2.005011428776379571e-07
1.769694109321604794e-07
1.924226365341473460e-07
2.116463410163147356e-07
1.979328049151057626e-07
1.743139576454384817e-07
1.832183724300719455e-07
2.637609348541281459e-07
1.010578611468509518e-07
3.001708016384326621e-08
4.626974938628290982e-08
1.128560328859996906e-07
6.141621184249569278e-08
2.377009464816499741e-08
3.709655381921541022e-08
1.303206418900187187e-07
3.152318811696182866e-07
3.767001636297298084e-07
2.914650348498504838e-07
2.209873362229753023e-07
2.087663116015717671e-07
2.153311814954564169e-07
1.967467794386149952e-07
1.700981799720873891e-07
1.742460073610898638e-07
2.463192931686391521e-07
4.882872806718092201e-08
6.013111268158587309e-08
3.442284478993202751e-06
6.684602242406426358e-05
2.743806029803920715e-06
2.273715248004299488e-08
8.707109457712803220e-09
3.432719139062274812e-08
1.050256951229113982e-07
1.818575616367231454e-07
2.159476209171056210e-07
2.029526701492289659e-07
2.071195798326193839e-07
2.327961605164222107e-07
2.251368359437611683e-07
1.924285131251774298e-07
1.879204309787003305e-07
2.519846617792931588e-07
4.259192475468509159e-08
1.488064759325908900e-07
7.225205987983092371e-05
3.738197973390933789e-03
5.090427341736340874e-05
2.368841257819681600e-07
8.581535854394942408e-08
4.425629488813812322e-08
1.116063126875946093e-08
1.691895878453118746e-08
7.390426408688594247e-08
1.235470948995822208e-07
1.214367198544074978e-07
1.701009715741148516e-07
2.286309654730803515e-07
2.163707733392518852e-07
1.959529306455677674e-07
2.377877798061519912e-07
4.424986965973993077e-08
5.286162681671049821e-08
2.829161749031665905e-06
3.753409291690740739e-05
7.579455090414503573e-06
1.474533241542691270e-05
8.584367483292728890e-05
8.788643078730623519e-07
1.791861705653261649e-09
2.846798852427477497e-09
1.538285759220496666e-07
2.868605939259955254e-07
6.242489196286125491e-08
6.738434459336093300e-08
1.803360432445590630e-07
2.519747038593350017e-07
2.133143823139361219e-07
2.148156318097059465e-07
4.600132538524105700e-08
2.439715188241783979e-08
2.208306626103829453e-07
8.852745715314949599e-07
9.670747331157578056e-07
7.680650528704774046e-05
3.646963090314677206e-03
2.382800199239432348e-05
2.284496568721950143e-08
1.010747003896877053e-07
2.603244010360433798e-05
8.939193838771512961e-06
5.991822676280345513e-08
2.052285553089437843e-08
1.182416683659412430e-07
3.052723591560021482e-07
2.603614875555382888e-07
2.121117679563063804e-07
3.783121428913496634e-08
1.021410115023456492e-07
1.205935683570398975e-05
1.127454123376458311e-04
4.726808628236411725e-06
1.591261773374167536e-06
3.723270019979464196e-05
2.057915633732398594e-04
6.646170598978033478e-05
1.826792508860663881e-04
3.710955203814994986e-03
9.753736129734868565e-05
5.676096044732141644e-08
9.109695954328644456e-09
8.839364987925376414e-08
3.572795626412848126e-07
3.177205417627385239e-07
2.257767518950135462e-07
7.397544518221720863e-09
8.341202116858680993e-08
7.460250310236661261e-05
3.553055416162216075e-03
3.947497266310479860e-05
2.409261946367003448e-08
1.988120364604414509e-08
3.179250448211338136e-05
3.336549931291554142e-03
4.163781809414898900e-03
3.815698109502345305e-03
3.208574164059882304e-05
3.019441851263552298e-08
8.259496238562068996e-09
9.308900105617813437e-08
3.725629092902218234e-07
3.176786193388178803e-07
2.172029485937219072e-07
5.703648070971730147e-10
1.047993571315976482e-08
2.022806287987769983e-06
1.732754374024822594e-04
2.864005802691108331e-04
1.679100029747751044e-07
7.110052600233361993e-10
2.048869612078365448e-07
2.150594058454105030e-04
4.346508000506400272e-03
4.211798452618399462e-03
1.179022352291573980e-05
1.932081765477105572e-08
1.090932139684393885e-08
1.102803176404872228e-07
3.419789740047407702e-07
2.682316686210519976e-07
1.894670107344126592e-07
9.661505733751900045e-10
2.273319744031676704e-07
1.659075313144339799e-05
1.457738631341758964e-04
3.238594752889631303e-03
5.192165835705088217e-05
1.197988185489000091e-07
2.526793008163381792e-06
2.277649847843796226e-04
3.355354126921018029e-03
3.393934113450854106e-03
8.166632396693608250e-06
2.828703338754362398e-08
2.101323289363801238e-08
1.365073278812195819e-07
3.166304033951866922e-07
2.443046718372650565e-07
1.860735581278222883e-07
1.461010879987155480e-07
3.807904230966087378e-04
4.280829082632744975e-02
1.302744932160598140e-02
1.200045805725289717e-02
3.761031594983334052e-03
9.341960450799230691e-04
3.076832212103458759e-03
2.837166691304460848e-04
1.025895473679268798e-04
1.015715129947934508e-03
1.046106104422923531e-04
8.552618382671414268e-07
1.297643098614460656e-07
2.053336639557294818e-07
3.146694679469722175e-07
2.534735590852453947e-07
2.139328587223637016e-07
5.942415402715141262e-06
7.445482586006355215e-03
5.154238548703685696e-01
7.330148583392059880e-02
1.336507264565930074e-02
1.117377296859680888e-02
3.622423036339754172e-03
2.196125618992526829e-04
2.731203879743355255e-06
1.465028570377409543e-05
6.925044617685042862e-03
3.726803511989654118e-03
7.491825644436547499e-06
1.601629551979288342e-07
1.369764901248511733e-07
2.574820488525443965e-07
2.640896208569051450e-07
2.511288509491365852e-07
3.108832006286708738e-07
3.117454029941019470e-04
9.047719270031005789e-02
3.043795867140729194e-02
6.057266464736187420e-03
5.167204638365909507e-03
6.230602511879339386e-05
2.398192549654635916e-07
4.039782036821048208e-07
1.992439219150972851e-04
8.645246330017035061e-03
2.261349108622683285e-04
2.979989230160856378e-07
1.279684870227863786e-08
3.341258775648059243e-08
1.682078875340858056e-07
2.755410066370121213e-07
2.868749468035072814e-07
3.299627922745737378e-10
4.632900067273895798e-07
1.223331714640591393e-02
2.634737455955407301e-02
1.270218255051165993e-03
3.001242896506192952e-03
8.788022183924898900e-05
4.337682440551886783e-07
1.213644125089987498e-05
3.567529420481524872e-03
3.405297890599443423e-03
1.311940103569414647e-04
1.185208745349674216e-06
2.555460187343424761e-08
2.537208148127076315e-08
1.400332166212166998e-07
3.007060113032380397e-07
3.210624277325136233e-07
7.866376811478736914e-12
7.366640481512504689e-10
1.311667859545549079e-04
4.284307371691532806e-03
4.481637084807403001e-05
5.305337415340869665e-05
2.757142916481066761e-05
1.611081581947021496e-06
5.548025704807660796e-05
4.116813961178578986e-03
4.881454665378704739e-03
3.349218769708899642e-03
9.552072531917744761e-05
3.147643906016057172e-07
5.124330058930736465e-08
1.623772753405495604e-07
3.311539356628203056e-07
3.446363908257753072e-07
9.472159303570828097e-11
5.569232703362455732e-10
2.066724154893030945e-05
3.740864591681364055e-03
1.491414258367351915e-05
2.588530251334958136e-07
1.087880900976115772e-07
1.360746515850101446e-07
2.215102582268898342e-05
3.730985351942214985e-03
3.618159558927796105e-03
2.499067595706502354e-04
3.103442584851244929e-06
6.704135411500211151e-08
5.274292953281305737e-08
2.053596245729972150e-07
3.501672683735006679e-07
3.452611900798900678e-07
8.913103975970264441e-09
2.125087111322849051e-08
3.686920288218098067e-05
3.922338965854693139e-03
4.054891744952596248e-05
2.061966231585344044e-07
5.008852909809266031e-08
7.288791792020234052e-08
2.056452830878432370e-06
1.036548240291341739e-04
3.960092187086812206e-05
3.003400846684862255e-07
7.429465995757635024e-09
7.720069103333631671e-09
6.454891461289157055e-08
2.702652738083409085e-07
3.292482962760079884e-07
3.143707726614242817e-07
5.731994182157534967e-08
5.489216785125443679e-08
1.707966076447794734e-06
1.966521258128342315e-05
5.339553837789601388e-06
4.757746692298035915e-06
2.761908768318328933e-05
8.470546145666650123e-06
4.088042165006834003e-07
1.206537477553424497e-07
5.025587584341673201e-08
7.299331482415908196e-09
4.236910758841119628e-09
2.587907249213783483e-08
1.794783150863663301e-07
3.186521502112581979e-07
2.654496095619596636e-07
2.736499565445703109e-07
5.363097389698545166e-08
8.625468715579167626e-08
3.636381441796474127e-07
2.551408633260622104e-07
1.509867163590632513e-07
8.225744780106033376e-06
3.830379239047302427e-03
4.022692996595120252e-03
4.856667055226156152e-06
1.683879125987291998e-08
6.042239253787744171e-09
1.768410391680600032e-08
7.131995237462308887e-08
2.487088680660612954e-07
3.862260817479092438e-07
2.790755538732955712e-07
2.051882047559862720e-07
2.560770478084975365e-07
9.323968233596592166e-08
3.785080127603091687e-06
6.098461120408700054e-05
2.455503159276747855e-06
2.230936366936327151e-08
1.157566228530787251e-07
1.355983339622902342e-04
3.830633453222871947e-03
3.729704222482052882e-05
1.081502869768828904e-07
2.995899320877001530e-08
1.290214000163105420e-07
4.366104737825590346e-07
5.483323535008072237e-07
3.470708368635974297e-07
2.011161741312593042e-07
1.787840556819172504e-07
2.732935595364929079e-07
1.676099652145585365e-07
5.759548494560040675e-05
3.748270130652405722e-03
4.618698187794165194e-05
1.763540414062161916e-08
1.973142965561618357e-09
1.854894194490863721e-07
1.498995433086435877e-05
5.213267194754879919e-06
2.205901985887359895e-07
1.057041825597032943e-07
2.694497446823388705e-07
4.549951848117287046e-07
3.439790438309881941e-07
2.009603331949462850e-07
1.529748165017568797e-07
1.809337231651149367e-07
3.059280915959884198e-07
7.962491334590038500e-08
3.344861305198073226e-06
6.807092231305180948e-05
4.463430821089313913e-06
2.218628418336815293e-08
2.662972023345200143e-09
1.833782226063743903e-08
2.536205607666046117e-07
3.490565542952147754e-07
1.431802625297798933e-07
1.408641420732433580e-07
2.406115876425193517e-07
2.701365785787662673e-07
1.918841068287579867e-07
1.417644108319271765e-07
1.461650292585757710e-07
1.969450263160307283e-07
3.174202620313868491e-07
4.514161663629417234e-08
6.739187382154759341e-08
1.709788489420836393e-07
1.238601348291485696e-07
4.931362830689355749e-08
4.353608037142899572e-08
8.506670316234546930e-08
1.610239071550697163e-07
1.648463610695885792e-07
1.407037285774904204e-07
1.708405684806245820e-07
2.274740922964105032e-07
2.268543377439562167e-07
1.837122505649108939e-07
1.685008626140217904e-07
1.907272352926835958e-07
2.319624044260273498e-07
3.166701817636875630e-07
1.106077036595154846e-07
4.970095411011949245e-08
4.965287489181198676e-08
9.499905603418616423e-08
2.248314319848483164e-07
4.225937258743840519e-07
4.939964456097147217e-07
3.907088794462180610e-07
2.827551551390712422e-07
2.521285401322332975e-07
2.829473532987673231e-07
3.205599983753965311e-07
3.168683142635262201e-07
2.961023370312225526e-07
3.033418437563985991e-07
3.222317360778600014e-07
3.228695697921221871e-07
3.656211561921875659e-07
