3.196636669581700673e-05
1.018050961589609879e-02
3.467165639522490350e-02
1.379962074986040843e-02
3.348251916834796456e-03
7.411804813628397810e-05
1.923268179393085298e-04
6.390182854256256338e-03
5.299110236035214699e-04
1.986145029402710063e-06
4.018634853323122530e-09
1.400666649983800878e-08
8.826010879582263705e-05
3.941755914572754761e-05
1.344073045297958430e-08
3.837554955078504916e-09
1.613516242523669423e-07
2.152330271784473986e-06
7.196049029542765621e-08
1.847523675536934772e-04
2.371205961129255885e-02
2.439917297074053332e-02
3.256470803614773275e-03
7.825549072188236132e-06
7.304508888834710056e-07
9.413020983293445660e-05
3.212795980251941744e-03
9.415827368258246691e-03
7.036448186306592601e-04
7.344615353241910633e-05
2.796364918077934823e-03
1.511011078116600737e-04
1.362584603291132580e-08
2.019564050822500065e-09
1.044016189671986012e-07
1.714818149043110120e-06
7.988154203855645029e-10
3.719614477674169438e-07
5.948110216248870288e-05
3.434601237663727826e-05
1.580359790974674225e-06
4.526307074442922141e-09
1.935792520186557816e-09
8.446168033105470952e-06
5.895394040073966913e-04
1.124210010315273645e-03
8.616774395031386730e-03
9.023263791325018216e-04
1.414239762637265483e-04
3.606099164046511442e-06
4.359074474998257650e-09
2.446305561386032596e-09
1.440148103355977973e-07
2.062585252926751695e-06
3.653846762693921487e-09
8.218841397608407580e-07
6.196972963626169013e-05
2.867092603543953123e-06
6.241135180585637103e-09
4.709011650062819368e-11
1.200050324156864632e-09
1.434734690037931860e-04
5.201947850701126898e-03
4.570483343385465863e-04
4.480646630862343723e-03
2.397112851847250144e-03
2.054334673278871185e-04
1.641789421366227351e-06
1.223153869058282928e-09
8.390162608426536989e-10
9.411033601498740250e-08
2.206838690950602358e-06
1.400423392409111155e-07
5.128181001882437369e-05
3.211947946880122640e-03
3.770561756330543135e-05
4.658684675828071865e-08
1.198608758182185112e-08
1.429232106256561631e-06
5.062093333342890765e-04
5.003015610061783405e-04
2.622793683129699400e-04
4.902290807587370361e-03
1.263181526501084076e-02
5.812913774198783488e-03
9.992210757499214721e-06
6.496130033571920478e-10
1.600971459261185173e-10
3.099755989059659859e-08
1.844694409655322117e-06
2.389053680468765957e-07
6.390656572415147025e-06
6.520338330801016171e-05
2.449765945706320717e-06
1.389593324702194951e-07
9.103279970101573355e-06
3.404850404518012467e-03
2.705741623527413518e-03
1.393601819297243989e-04
2.434752086945861035e-04
9.472037991032249745e-04
1.873118644455677630e-03
1.086242313886403438e-02
6.382143472037294296e-04
1.304851880333999257e-07
1.720598414041851990e-09
2.904689567653332953e-08
1.523822771258925097e-06
5.580176742363510539e-08
3.416128181330443696e-08
4.531777871709919620e-08
6.321484634350067691e-09
1.469217045629504700e-09
1.082469063348440417e-07
3.667643028956641446e-05
1.932891888866152777e-04
3.823296005217386643e-04
1.690513083838771037e-03
1.119624739550007658e-03
9.284499357935394471e-05
2.486430969827081033e-04
5.636295261107110259e-03
5.782715407370107711e-05
2.794369544056495788e-08
1.465678947621954096e-08
5.203207554615730574e-07
1.654738939952775689e-08
5.971222494685066732e-09
3.675803074265872876e-08
2.571015200044186540e-08
6.862982340463673502e-10
1.397823532759489047e-09
2.126192809153317180e-07
1.362767245309965841e-05
1.979659443316473904e-04
1.127668751406312245e-03
5.700296763011365557e-03
1.265637326476870940e-04
9.547261741617642949e-06
9.847645527742039662e-04
6.583847363215608020e-05
6.040250696196678466e-09
5.938675724370446580e-10
2.444715398953473581e-08
5.797063306508529258e-09
2.085655767311970295e-08
4.404021109475526749e-06
8.003082705351084573e-05
2.875058636900477860e-06
9.893825682646570133e-07
4.747054914455206743e-05
4.553211755169480485e-04
1.168839096298048821e-03
1.742524138065552333e-03
2.866090596573249091e-03
1.769117648965497181e-04
4.350726733124415252e-05
2.488838918000830028e-03
6.548859203745201565e-05
1.755968144331092534e-09
3.839433602813812360e-11
1.162614957327580187e-09
5.045575192861122344e-09
5.421658215359841037e-07
1.843960389043386818e-04
6.113033596129299058e-03
3.811122800561250225e-03
5.838491105010544871e-04
1.600643317304679394e-03
1.449135483741814667e-03
1.330967107548686277e-03
1.683410139705321081e-03
4.896362171417736366e-04
1.703651078495173072e-04
1.198997044477830638e-04
3.251646294248671724e-04
1.289605234338193954e-05
4.028279095808633850e-09
2.594319824651164946e-10
2.347700070626507352e-08
1.314937145354740966e-08
4.833846993887042098e-05
6.530995758621294632e-03
5.496269779912195397e-03
4.557076231803856674e-03
1.090324620011057623e-03
1.401619661748755184e-03
1.347830650501250036e-03
1.273573278089318891e-04
1.019733356275394131e-04
9.574745810920895278e-04
2.381643950771335488e-03
3.970059358294889592e-05
6.465930077379495270e-06
1.699370375086755303e-05
3.479300682403574584e-07
1.886399759804533840e-07
1.634700788356676000e-04
1.019807523075765945e-07
3.149591005640094490e-04
5.410212960951706757e-02
1.291304963251209935e-02
2.310707408244698849e-03
1.208895084975208489e-03
3.569384816194797177e-03
4.470273125771346764e-03
3.998216698246717817e-05
1.288262590671201152e-05
2.764488248839076789e-03
7.557875989788214420e-03
1.719699064921148985e-05
2.374441002484653572e-05
3.235834915885115511e-03
9.602028214049477010e-05
1.169479668156617838e-05
2.973044360896677334e-03
1.497585261493642658e-05
3.042758615858439774e-03
1.091930368096775961e-01
4.049587772304469313e-02
5.884673287667583318e-03
2.253076371947420036e-03
2.444303960066592299e-03
6.408900717183549887e-03
9.055648541092196620e-05
2.160120867704341636e-06
1.277183243381243367e-04
3.002963357269436244e-03
2.121285407339838606e-04
2.617524700024712113e-04
3.051882988659121703e-03
2.270339667823231085e-04
8.294681473320458223e-05
4.754792209331922112e-04
2.965200670886783968e-05
3.503730075029119675e-03
1.010740081637865190e-01
2.224741840749188890e-02
3.588679617376958151e-03
4.471768345070147033e-03
2.172684592337777599e-03
3.027344894274444382e-03
8.219409951846124059e-05
4.164071991011801088e-07
1.002284685316124502e-05
4.221098854338561218e-03
2.573475946860402565e-03
1.055090311208834266e-04
3.258050664932596443e-05
8.140790318139458424e-05
2.996935703927213878e-03
3.258595765427061558e-03
6.690776182798460487e-08
9.556756396195567556e-06
5.568127403034768726e-03
8.336350063303679322e-03
1.456378516338910139e-03
4.372777609829194521e-03
2.016902764263071336e-03
1.124057296183845681e-04
1.323850068650940447e-06
1.479190632909936753e-07
2.326431103808684352e-05
2.662921901812234649e-03
5.544051665974325744e-04
1.412614892749445899e-04
2.153714074170230057e-04
9.731535857714861788e-05
1.369722209370680815e-04
7.682025294773342386e-05
1.300329113398728487e-07
1.809674051076709981e-05
2.316133601284672827e-03
4.364646729201220911e-03
2.127312218146310604e-03
2.841901714232895025e-03
1.091643836600184525e-03
8.982696932945081962e-06
2.181557510125239792e-08
1.505629801586242735e-08
4.076408667113552225e-06
2.631782449343483907e-04
4.871934094083112577e-04
2.807478556496506399e-03
2.809449528067556150e-03
3.631105735031814135e-06
6.047983351963896623e-09
3.423665775456272334e-09
3.337302183640406655e-06
3.750109406158465129e-05
4.952094315699937936e-05
2.408683423499395875e-04
4.375514335952883187e-03
4.000611895056587278e-03
2.556335365185014464e-03
7.422431250873850453e-05
1.154549015370148871e-07
2.542725980098075173e-08
3.868423677446884429e-07
2.454520684913655338e-05
2.188905116387197293e-03
1.161851706376620247e-02
4.890725944242571132e-04
8.846794685327925719e-08
4.800415666592910367e-11
7.003867669116789524e-11
4.807147587529775841e-08
1.492387608004796725e-08
8.444058718074935877e-08
5.802897467993757032e-05
5.139877049758385941e-03
4.389483431166705868e-04
3.774611759744109024e-05
4.138090867936075844e-06
8.171301697888624729e-07
1.042806779799145812e-05
1.355860472461565813e-05
1.402263318605195965e-05
1.422401661701671108e-03
1.551941526926862470e-02
3.387580079617890684e-03
6.187234635900480926e-06
2.523423056980406892e-09
9.173205454542436902e-10
5.108135332585272956e-10
5.004378430870920968e-10
6.786238172116960332e-07
5.098418161761151092e-04
8.942918595316678120e-04
3.904197102000129112e-05
3.929273539736063960e-07
2.793402635784915471e-08
1.395658092420416815e-06
3.470076182614531459e-03
3.291843168341442374e-03
1.193544749063059135e-04
1.865445828102675488e-03
9.070893568861041617e-03
6.236302977239181929e-03
1.270479455891707174e-04
7.809063561508487981e-08
7.373681258603336499e-09
6.767500956193626238e-10
2.502768648558628039e-08
2.311609055469846766e-04
1.766064373792840562e-03
5.146640299781717097e-04
2.693787668665575171e-03
1.860516132577280310e-04
2.342256871432754406e-05
2.223856296988685076e-04
3.488781701457282711e-03
2.725636378766829130e-03
1.415355154770276758e-03
1.005312463439921554e-02
2.785310554055322498e-03
1.706110293721882314e-04
1.173380455695482743e-05
2.434773784023827618e-07
4.022612919709994498e-08
1.148065847567382160e-08
2.691698762614061569e-06
3.449039619453234898e-03
1.320261755349747684e-03
3.006156601775516308e-04
6.260233356628600379e-03
4.351254203481790157e-03
9.619019366906790894e-03
3.344825370285077829e-03
6.637657827251552782e-05
5.066462638619840479e-04
9.151031984362510349e-03
5.462655278561360682e-04
4.499616165690021162e-06
1.482842751700717941e-06
1.537476775973643098e-05
4.561902297241507886e-05
3.604820174089839601e-06
3.126867891328079121e-07
3.240258077331609578e-05
3.222800982542693964e-03
2.282441283674719636e-03
3.247104062637961501e-05
7.048216412155737542e-06
5.885107720020531909e-06
3.918564352705928948e-05
7.993314724295233660e-05
4.981561174938421217e-05
6.957571671231405595e-03
7.076971308757964117e-03
1.491095935176355412e-07
1.343142595884547973e-10
7.643410664948446114e-09
4.523862552841335151e-05
3.220705216815860326e-03
6.538224662079180033e-05
1.160955240552340180e-05
7.109843290136559548e-05
1.502117622255256190e-04
8.290510918517370736e-04
8.388744425751166968e-06
9.749263588623084248e-07
5.230045282392873835e-06
1.201411955268954461e-05
2.483082159309824943e-04
3.267190659864367252e-03
1.005050082887716523e-02
6.729013933807497416e-05
7.479507271827915083e-10
5.393396276884106895e-12
1.087293698568839211e-09
2.906421554156526475e-06
6.845993014334601518e-05
3.208032756481713413e-06
1.971071073679063631e-04
2.606859606990512539e-03
1.151239784540738012e-03
8.764827444621920219e-03
4.489506260613200170e-04
3.695194899090952357e-04
2.530867601148351596e-03
8.742663810282440663e-04
5.909282257753417644e-03
5.630558627448069330e-04
1.208729741463844518e-06
2.411260231432135137e-08
9.762437912748998326e-10
6.891145352948626428e-10
1.271338972508998235e-08
1.790358767403305023e-07
2.566637785196373655e-07
8.701924002074655362e-08
2.549277526001659987e-05
7.069487000708465571e-03
1.346682326657085670e-02
1.765370038929675589e-02
3.475527618215903773e-03
3.152189997938305028e-03
2.770298827195588317e-04
7.602139556122601609e-06
2.073532093220250232e-05
1.745693213688592700e-07
1.357927411796751605e-10
2.831147763664880923e-10
1.421035576631925400e-08
1.756888624020386378e-07
5.081328793045320606e-07
3.857446417218086143e-07
1.670419677580153503e-07
1.524313660857395083e-07
