7.516728198099053952e-05
3.519269004062025645e-05
2.109336759098317136e-05
1.828090697021177120e-05
2.142889054758631583e-05
3.207786360503797076e-05
5.128313538870671215e-05
6.656751246910060408e-05
6.067258862314771903e-05
4.000772266237341540e-05
2.269317146625908312e-05
1.427340755664515904e-05
1.423958902370664623e-05
2.279541296298292976e-05
3.373598212354964293e-05
4.021445818717506155e-05
5.588277684188444454e-05
9.819541776253472081e-05
1.828516888431118727e-05
5.364768467309211005e-06
4.346647948403776261e-06
7.812361095117422436e-06
1.350430762154156157e-05
2.143648336865951372e-05
3.637672666958979525e-05
4.440849764826116064e-05
2.624088606637766896e-05
1.010012626547117389e-05
3.760482608540593631e-06
1.126543970239234268e-06
7.051974137134918248e-07
2.116853615506288524e-06
5.913960781813633987e-06
8.838424727560598978e-06
2.039980543953484694e-05
6.533928724944806975e-05
5.920929142373622393e-06
3.367685526827112187e-06
1.728306225981235389e-05
6.473894000421470099e-05
3.268052885684064333e-05
1.501972482451958251e-05
1.562653976675817141e-05
1.294041642534596085e-05
5.810004486613227958e-06
5.753652297435263691e-06
1.557905416188935717e-05
6.230766791553227758e-06
1.770386279331784408e-06
8.100135730932998718e-06
1.172026251921957670e-05
2.714129146640772845e-06
4.653158313994553535e-06
3.554521866348744907e-05
1.306139410131150027e-05
5.301846756124625726e-05
7.240651139617942933e-03
1.273681247286703386e-02
1.028486047886030026e-04
5.645888128814536256e-06
2.543013053777261430e-06
7.046422791849004604e-07
3.745595409847333589e-07
9.736572931296209372e-06
5.262168797197497479e-03
1.918587102371909284e-02
3.030846316116046768e-03
1.434967149095086464e-02
1.724762446989859315e-03
3.931679553364905002e-06
1.088963169206247427e-06
1.653033952750295786e-05
1.995874205702723051e-04
5.985528795406710057e-04
1.024544950002230115e+00
9.214750125349154830e-01
4.620759570377687463e-04
2.785751540387992892e-05
4.409119376169785045e-06
9.076278624621757011e-08
1.797407179925670781e-08
1.960278768811197265e-06
3.131849347878749162e-02
8.546689459650060883e-01
1.349601561470661071e-01
8.609016359818159048e-01
4.280070254697088128e-02
8.673785523621873770e-06
6.757268711979408083e-07
1.189561951574343557e-05
1.256584943544387066e-02
9.411760413322124491e-04
8.747062727828458506e-01
3.163060473707132836e+00
2.927943890971348301e-02
2.404848757973710588e-02
1.308940338074762819e-03
5.309196980984915066e-06
1.135441131758857302e-07
1.829341810772035164e-07
2.287976819539078253e-04
1.748595177064022482e-02
3.855119861307338119e-03
5.409293371386554236e-03
9.013360728725018471e-04
4.455502908777880238e-06
1.362438650130999670e-06
1.822219576863451121e-05
9.187759329922600138e-01
6.489806809902336215e-02
1.361150516428616841e+00
1.346869123050360439e+00
4.450642194406009833e-01
1.535878029405728817e+00
1.507730679346951375e-01
1.617238742462500170e-02
5.691650564625687272e-04
1.238099336974814662e-05
1.724579549989019723e-04
4.731025347223459521e-02
2.740623290381559787e-02
2.954180760951085499e-04
1.050185954915411415e-05
2.098962372200301294e-06
4.734615593488104935e-06
3.629721985235850835e-05
5.106802043073415537e-02
9.516933631586198539e-01
6.550180365438823316e+00
7.663675528182324337e-01
6.425213529338318352e-01
1.225841488618519826e+00
3.206584658668336640e-01
5.158880332439278460e-01
1.525238250008143503e-01
2.248055776990017310e-02
2.476807756689725776e-02
7.861771371334207448e-01
1.008676252838272669e+00
1.405099194647246386e-03
7.877789028318833150e-06
4.226328962508070174e-06
1.499769773541808142e-05
5.655989068697078428e-05
2.010747889455374277e-06
2.787412841413950629e-03
1.318274851711029871e+00
1.382359523006749802e+00
2.181760023923397629e+00
2.837897578656861430e+00
6.181831122284374702e-01
4.924415851857326110e-01
1.322783781289608163e-01
4.224212149608179701e-01
4.654164642049564704e-01
3.886122062499772212e-02
2.846187412908150402e-03
5.729816831481344107e-05
6.540214128602402292e-06
1.121166605552545260e-05
3.215359105521357024e-05
6.916103360030169682e-05
6.376647545075714345e-09
5.562703882675629831e-05
9.455906138522839344e-01
3.375113848762020030e+00
3.981994486311941195e+00
5.114381203788151531e+00
5.508940527409597054e-01
1.006166444237227786e+00
4.607247618105834164e-01
2.802340607630027791e-01
5.446976810651996681e-01
6.375939662184595957e-03
7.907980629536292413e-06
4.669335211425495837e-07
1.737510178848680383e-06
1.406456200448035049e-05
4.192480818831752568e-05
7.188274918140553904e-05
1.079083161347470574e-09
3.707837165000433686e-05
8.556734315567073867e-01
2.526804205994147789e+00
3.524174671047340279e+00
3.972106000298952111e+00
3.853163927086083462e-01
5.499984767310360789e-01
3.923185131575532281e-01
5.434248931062997390e-02
1.893101295800481976e-01
7.043922854217066210e-02
1.076021561678679075e-04
9.817777696711160635e-07
1.368770639457291524e-06
9.217299189822742748e-06
2.979612944226572432e-05
5.816834450315182497e-05
7.958408004934372864e-10
7.986649868488450823e-04
3.352191243301023693e+00
1.380736620968293860e+00
3.388723411588738355e+00
2.464976493463110430e+00
8.232964513779893467e-01
2.799841778289646199e-01
6.943138977584192850e-02
1.374823274697683506e-01
8.542291694700611115e-01
9.095793053204042078e-01
1.066845587588837255e-02
3.455820602957313924e-05
3.335854435921596937e-06
4.815784575360261079e-06
1.251898228909063796e-05
3.408700058426337846e-05
3.222972214033508658e-09
1.063336040119508136e-01
1.542948972920677022e+02
2.132071133418170117e+00
4.835048709742170381e+00
6.313306505257101797e+00
2.786065627281591794e+00
6.206592268133489521e-01
2.116529397332197471e-01
1.715466621990699103e+00
1.709818117959157613e-01
2.028812932310944221e-03
3.980403062592969524e-04
1.451243020129047853e-04
4.512948598834458662e-05
1.373038621166611680e-05
8.110587971186697490e-06
1.801980364068974942e-05
1.095699880301414879e-10
6.843776400657818537e-05
2.253572071187966319e+00
1.459410845133386703e+00
1.942970514874508225e+00
6.395025650859522237e+00
2.685616189681230281e+00
6.660778140797077307e-02
6.970931304520963656e-03
1.060519830085696232e-02
2.180755449268362409e-05
3.466706031411326929e-08
7.899406103865419840e-07
9.689939239790725314e-04
1.756870511176280777e-02
8.678032971850058782e-04
1.999674152712981954e-05
1.266492595785292882e-05
3.185264291750416840e-12
2.514744120987801503e-10
2.361319058865558114e-04
2.143144616176416939e+00
2.327983095434658090e+00
6.496792575608960618e-01
9.867316577904093611e-02
8.433371833531559474e-05
6.182919323509023839e-07
1.061676068038911151e-06
4.427617364699459358e-08
1.750608483221998423e-09
4.385161612348043976e-07
1.013800705651324470e-02
9.422109539384549981e-01
1.356996284507731680e-02
4.166499910718186758e-05
1.143364109994893462e-05
1.334463070849379387e-10
1.127708040433404521e-11
5.756264360510792786e-07
6.894950537496024046e-01
3.842212621319330612e+00
1.645554184415088106e-01
4.632217490254816883e-02
4.920124362349693765e-05
1.670289331724916702e-07
9.033349412150422958e-07
7.310823728782108346e-07
7.943479177061025238e-08
1.451223065845687748e-06
9.287979483627438904e-04
1.697037310473142185e-02
7.346074532770364247e-04
1.586537276218392796e-05
1.144447179335896233e-05
1.426534813176386345e-06
5.980124597193447611e-08
2.229185401957371843e-05
1.615057388046605702e+00
2.835986807513053432e+00
9.581907353529649229e-02
8.045150021662453854e-01
4.190929131547673631e-02
8.638063823314433634e-04
6.092459016582190204e-03
8.256908164430224730e-04
3.059238774794630952e-06
1.005887889640520579e-06
1.073737051334577407e-05
3.309094223635585690e-05
1.222584242157418537e-05
6.303909341349370397e-06
1.646236643804451554e-05
4.976155686490766478e-03
4.224376742148882452e-03
1.586916324338119924e-02
1.134321972219068941e+00
2.128786447214708055e-01
3.716722274489013978e-03
1.393348529346691289e-02
1.139187210110625958e-02
2.497437793100564310e-02
9.292391382741692629e-01
2.408756449564706734e-02
1.135055138022947524e-05
9.984125488062350061e-07
3.179651691132678407e-06
6.091514391846227674e-06
6.346553488975344234e-06
1.066076585068166592e-05
3.154944458905395232e-05
6.006476034958900534e-03
8.967610392012597131e-01
1.141179404049748269e+00
8.689238893297918098e-01
8.685789720228556110e-01
7.768111728731125210e-03
1.904451510913079799e-05
1.893957512493574596e-06
8.472356597344953889e-05
1.251719658374088329e-02
1.396523976163903391e-03
8.057060829452143230e-06
2.838952997628070179e-06
1.028550528126516454e-05
1.821523568381990042e-05
1.890230076167937883e-05
2.529753434812016276e-05
4.805749092147139991e-05
5.244640726143015026e-06
1.157944981891641661e-01
2.759174194735968033e+00
2.360797968147796966e-01
9.129274026276779086e-01
3.675889346360186605e-02
2.586605316796709186e-06
2.464313076860362503e-08
4.467593661283653431e-07
2.169044838867456568e-05
2.254021175781829224e-05
6.486218199090215249e-06
1.068816365870082881e-05
3.026975382174162176e-05
3.935562313497531950e-05
3.365553267774874129e-05
3.403826393755781928e-05
4.984116520994368629e-05
2.610441987471166248e-08
2.207985107724944724e-04
7.464306383711313136e-03
1.186392964566790976e-04
1.907552553475472235e-04
2.332557373388623320e-04
1.243979036436833152e-06
6.646573820516417491e-08
2.876662835248334171e-07
1.938041406035984051e-06
4.498105737070871382e-06
9.630825220310839684e-06
2.577389397495751590e-05
4.447993796597709691e-05
4.190714894025350583e-05
3.221683953825169380e-05
3.021741342221490108e-05
4.302674649920051924e-05
9.779740611256410348e-08
6.439578817741430662e-06
2.569423976459019585e-05
8.283341256250100354e-07
6.839737661656820323e-07
2.987995296246522061e-06
1.583927896040186592e-06
2.742661052317166168e-06
1.278523003142338030e-05
1.067678556495890370e-05
5.644529709633659422e-06
1.039945157145436954e-05
2.790832383043333225e-05
3.960081862497341214e-05
3.257507384322122311e-05
2.434852408004977166e-05
2.388098848901764771e-05
3.731512171704784919e-05
4.295521714386866619e-06
1.103449630333647263e-05
1.307399664939281462e-05
2.901615346728233046e-06
1.928046455807996654e-06
2.950196901980207936e-06
1.122102706990334587e-05
7.592527909725785328e-04
1.585797801225060852e-02
1.077280524361997303e-03
1.725520728092717383e-05
7.208814434173864491e-06
1.813104709702497284e-05
2.845354247331067707e-05
2.395914372286092245e-05
1.910475573617360446e-05
2.141131119103643251e-05
3.763470369006238937e-05
4.140505002287038857e-05
4.158626189489375645e-05
3.972861923923939718e-05
2.416303075694799579e-05
1.277741788875984397e-05
6.956274607481005978e-06
4.047101789618507567e-05
1.680828754665192673e-02
9.364318633229636868e-01
1.693336784366548942e-02
3.541286177802358166e-05
6.062131790988458931e-06
1.515927479361379586e-05
2.657626366791188984e-05
2.404307954375457871e-05
2.158897048073089368e-05
2.761864033006801390e-05
4.993603566835138095e-05
9.726372378635700052e-05
8.679088097064101553e-05
8.006398583070599092e-05
6.077749016441202722e-05
3.108737835535884574e-05
1.128806657309917332e-05
2.120086834725738728e-05
1.051809010853305571e-03
1.665286751460354903e-02
1.066672800401254669e-03
1.928252043145959810e-05
9.425419154718983825e-06
2.634506979064505738e-05
4.407851788171251718e-05
4.161184423437583996e-05
4.077195298493257141e-05
5.327290619061371868e-05
8.539582283089973435e-05
