1.183938476327377545e-02
9.487213435738284240e-01
1.175653723704462417e+00
2.915779641723903026e+00
1.961118722425911010e+00
3.019130071450921299e-02
7.948857265992516352e-02
9.731027891996277823e-01
3.149831497382087758e-02
1.744049640719814564e-03
1.103243892788352727e-02
7.164556748698625325e-04
2.119267235663198025e-06
7.124240021969416003e-07
3.964728548633792542e-06
3.292574712202834105e-05
2.784018164201095295e-04
1.683772106912603383e-03
6.889344901247658470e-04
2.047101761335280212e+00
1.632671018415762676e+00
2.104443209848372298e-01
8.664278273763981186e-01
2.501951979470322662e-01
5.552967215154337444e-01
3.284863733358235560e+00
2.477576113038007399e+00
2.629650113155561186e+00
2.445156137411578445e+00
2.412636963890456288e-01
1.244229105490342151e-02
3.434185610698173535e-04
4.495917157881507927e-06
8.132179540610800902e-07
5.235411808547458935e-06
1.650861216193920725e-04
4.760802612459883793e-06
2.399220058268950254e-02
2.306039197949803776e-01
1.644744261118089301e-01
8.382841418092727981e-01
2.695364703043027707e-02
1.342626455704441259e-02
2.861605183318350343e-01
1.359790884289973967e+00
6.191710049480069422e+00
6.744467611063868162e+00
2.766534124241039283e+00
1.773040385253166873e+00
6.616619157595364509e-02
1.248003336985137248e-04
5.544295597900857681e-07
1.896788841390457424e-07
7.662828374842464414e-06
2.317105547640572605e-06
1.668523951087731022e-02
2.702596662050349874e+00
1.935576893806369991e+00
1.779043244550502001e+00
1.903016081484256994e-01
3.337422478413137883e-01
1.971246666934324043e+00
2.437284150989184883e-01
3.795201758882670307e-01
5.548834024971775136e+00
6.084378901763442649e+00
3.404840663293237313e+00
8.714533139016492624e-01
3.918880720919216964e-02
1.617004416659397154e-04
1.074881626648412955e-06
2.219411329824104397e-06
2.216543706060358950e-06
5.159457263510653507e-03
3.115432105660582707e+00
3.212209636632532117e+00
2.379089091351164864e+00
1.718853090843562414e+00
2.429614644451037808e+00
2.503195380998112896e+00
1.772258324456581491e-01
3.082403691889525899e-01
1.881402472542841986e+00
1.101351588552739402e+00
5.479082760468146240e+00
4.257515318269994076e+00
7.541707491738069979e-01
1.151920552270160464e-01
5.148856275957802231e-04
1.507097223040239619e-05
9.542238334369790257e-06
6.990863061412003893e-03
2.044671417136911806e+00
2.633731928436909620e+00
1.590415628932638992e+00
3.644452756051021480e-01
3.513891051663232123e-01
2.714904020206949209e+00
1.813282284796051025e+00
3.498320225545454853e+00
1.281301232642536370e+00
7.426658933293200926e-02
2.301903988616930352e+00
3.824990256769664754e+00
3.407849060074309988e-01
7.527797989038526039e-01
1.539934212717525112e-02
4.582701610711203646e-05
1.158936441321102090e-04
2.273034022739756424e-02
8.034794855934968005e-01
4.465801658748754788e-01
3.813534919637976417e-01
4.954920058929146998e-01
1.339847737790321514e+00
4.453906799460696675e+00
2.659722436580119531e+00
5.389413910564829990e+00
3.521246398725697446e+00
1.009558952355614075e-01
5.797582000730113760e-01
5.208423746396114495e+00
1.691419504361535431e+00
1.256179604705333075e+00
8.930691184966036561e-03
1.367332004526405468e-05
1.613156705920331998e-05
2.178519435421592788e-04
7.908077127247467586e-02
1.843381410125816799e+00
5.632150781824721841e-01
4.429912846465323684e-01
1.216376261076524301e+00
1.181580801310682771e+00
2.832154490409139580e+00
4.173631595651023929e+00
3.010733357045426661e+00
3.040588793400431644e-01
1.273297121476237581e-01
9.168099185227125414e-01
2.268560925157474539e+00
1.662274311502343282e+00
8.524453550892903755e-03
1.099515183172540204e-05
3.272028325696540302e-07
1.322586652392933149e-07
1.013894092379723005e-03
2.964701163383971050e+00
1.130121728236708201e+00
3.163306927355037379e-01
2.475443981955328943e-01
1.784811771345888309e-01
8.600332770986608422e-01
7.232379203409593504e-01
1.316231169706367998e+00
3.178976172151293689e+00
1.483885001380430113e+00
6.896784314839979890e-01
8.633231310199668274e-01
2.373646539304556491e+00
2.205725614992507660e-02
1.669919401726700165e-05
8.218572005805981873e-07
7.146411907001631791e-08
3.369963389540160019e-04
1.145298099423512239e+00
2.029991672975827388e+00
2.267029936017051384e+00
9.943695936141823122e-01
7.373567111218780612e-01
3.551774645440119449e-01
1.289143731770118206e-01
9.109269498301922896e-01
1.607865604342991528e+00
1.549071360364576044e+00
1.200961542639416013e+00
2.463359892248059069e+00
3.323076581722296474e+00
2.725743555160631965e-03
1.162405495084031605e-06
3.012525222976187374e-04
2.567841094495065596e-04
7.930799002700078537e-02
4.541892421259916546e+00
2.280728754528488889e+00
5.374098349636220462e-01
1.386243189411001386e-01
1.098375972295450476e+00
5.251008235995351381e-01
1.575855498592901027e-01
5.876590088310125193e-01
3.378135733607037783e-02
8.980690534763297386e-03
4.011024864875959578e-02
1.186362398895316472e+00
1.933683380428901755e+00
7.357731153655962036e-04
6.914704452073907332e-07
8.051471077916859745e-03
9.043265550207840731e-01
1.820952841608263384e+01
1.307324627585418497e+01
8.140290472350628193e+00
2.025098559474858728e+00
3.193008378259776792e-01
7.841139528519607271e-01
4.012028917832585195e-01
1.246135146214013278e-01
6.553162717984664654e-02
8.726520582192370465e-03
1.392597209536965142e-02
8.148122598571266861e-02
1.953549541772044762e+00
5.822049993961927683e+00
7.907499892917792261e-02
5.007248712946976580e-04
1.093117698355227871e-04
1.104332203793565892e+00
1.155638525751097490e+02
2.926516476168666969e+01
1.163548492423161385e+01
5.996906063069539883e+00
3.679167902072981278e+00
1.021182948191945661e+00
7.225919428056774008e-01
1.861546725360427201e+00
9.256957050156490174e-01
4.016886395459079440e-01
5.303626897707894861e-01
1.033295105980176487e+00
3.883572163270132993e+00
7.396540142140293206e+00
1.790613064944847288e+00
2.235118764541414726e-02
5.252337182260778444e-07
5.933334551127304561e-03
1.428144374775953374e+01
2.998814143009850142e+01
3.886628599994750299e+00
6.947422473042869084e-01
1.656465353429843246e+00
5.877510831597309027e-01
2.363945582232931594e-02
9.939937747248597452e-03
1.763139891761558442e-01
1.373372578182278536e+00
4.805534907324743865e-01
4.290409022025285513e-01
5.686289584312381740e-01
9.435187093576048456e-01
9.842859599261881420e-02
8.635704405058681381e-05
2.677479198544413824e-07
1.572614296995237767e-04
6.470963043495163713e-01
1.006629457596749511e+01
4.065909131321387093e+00
3.385016270534643712e-01
2.704664571110344529e-01
1.413032763812182901e+00
3.504034065941934260e-03
1.863219875441123113e-06
2.387730367238120465e-04
3.093792863569939100e-01
1.050689267772646707e+00
1.756614294591699155e+00
1.315027367174650852e+00
5.043524668016384771e-01
2.339991148722896878e-03
1.906439015650470843e-07
6.724881967151822925e-07
1.201729377589102929e-04
3.867822072955635071e-01
4.960998219057212388e+00
4.959032465693109515e+00
5.446922568190650793e-01
3.518360940213943744e-02
1.170143824764473539e+00
2.062901525120378887e-01
2.739144982019173225e-04
1.331402975189023910e-02
2.617992409990495428e+00
1.198105667963057730e+00
9.889950012030028770e-01
5.639184857108477722e+00
6.581390740981004406e+00
1.273502719262886440e-01
6.187152483514909984e-05
8.375207542223638637e-07
6.358532362380458613e-04
6.818426435165922950e-01
7.103070186171500655e-01
4.994573084653512463e-01
8.712422452065785583e-01
2.954218972942070920e-01
1.094222280591474306e+00
1.344442391102591561e+00
2.909754488184417842e-01
2.742280700198659549e+00
2.606726738456651482e+00
1.944927426802653403e-01
7.864948147923943589e-01
6.064459871693728132e+00
1.404226808427217144e+00
6.988336731708008065e-01
4.069435163031187574e-02
1.046769183748624233e-06
5.124722013557953329e-03
1.294890654271736663e+00
4.182033003953215533e-01
3.532753773988518420e-01
1.521716701261253357e+00
3.333558527868816679e+00
9.163186251309465291e-01
5.503560740169605170e-01
1.253239216733979866e+00
4.366662138649739511e+00
1.445244254357203051e+00
2.179573509748019278e-01
3.438046234565701464e+00
7.412129592441431214e+00
2.750118392281667989e-01
5.786829123744569037e-02
2.049577265667667028e-03
1.329237211624883801e-05
1.009476516131852797e-01
4.390401417545065854e+00
1.055583509717330726e+00
1.055276842879898425e+00
8.093097238065953825e-01
1.457456258182548092e+00
1.325452132129304239e+00
3.520420379331242522e+00
6.264654146590222794e+00
5.474347619380948160e+00
4.485043037393727339e+00
2.462993952509259898e+00
8.408734940296481497e+00
3.742011326709022700e+00
1.429621109850630623e+00
6.507538138486862467e-02
2.712316692141171853e-05
2.912124701744879963e-04
9.083852822452523901e-01
5.652860832704900140e+00
8.223840122623606863e-01
2.057739438442685920e+00
1.374333188139601925e+00
1.274650050761010567e+00
2.836933931168222678e+00
5.427165068805477333e+00
3.439892085327304283e+00
3.053332857409972068e+00
1.981289760013780654e+00
3.198322064882937354e+00
7.662243464561163009e+00
1.058109617335257990e+00
1.809867848667371382e-01
9.775089862120061365e-04
7.174107907052304967e-07
3.167634165239713496e-05
8.134181163803970438e-02
4.258258150782340046e+00
2.483210207344972442e+00
3.580617124733806111e+00
1.745456181387361028e+00
7.689927492990052960e-01
9.894122057191336861e-01
1.641029191898146111e+00
1.049455120392889018e+00
3.066534584217271320e+00
4.859493521708208696e+00
4.288839264203817336e+00
5.753512109511679462e+00
1.596729831392475596e+00
1.330542796902582821e-02
5.091335392778079722e-06
1.646044537599956118e-07
2.070652962143164318e-07
3.121770356779822865e-04
5.016609027661332876e-01
4.674249788590804755e+00
1.341840319929384462e+00
3.430228023304610074e-01
1.014840963262626961e+00
6.532418720773389698e-01
4.962399083486315754e-01
4.920839636783214122e-01
7.026543301666251518e-01
2.292888978465348782e+00
3.237474797183475417e+00
5.730596316681527469e+00
1.153156006679239454e+00
7.497689494095938515e-04
6.979866751094696654e-07
1.293434620756002514e-06
2.562794337573060085e-06
3.912232188058372556e-03
7.278987785354870121e-01
4.135684338638404789e+00
1.649179207796265256e+00
6.303406656200848113e-02
3.327605763098788749e-01
7.062935295970936833e-01
4.454179174407632558e-01
1.547653674021800096e+00
1.293341046469602240e+00
2.681301953148484518e+00
2.114082667181684361e+00
8.980384306305279063e-01
2.304775913195365386e-02
1.018779533973109217e-05
4.405079431990737807e-07
1.888380399652330715e-05
8.142333678680641713e-04
1.033695101644236614e+00
9.464650955150027967e-01
2.623144936103289360e-01
9.308257653164970780e-01
1.508077048160171886e-02
2.077979530782228176e-02
8.062480856282985275e-01
1.156077384643467543e+00
7.867219371627003355e-01
2.648210908300215882e-01
8.219130010825334010e-01
1.030023059206477687e-01
1.468443284194800554e-03
6.572620246000762179e-05
2.400090831034649144e-06
3.668651795160982706e-06
1.933675242353854421e-04
4.257461435973120163e-03
2.001206789247830020e+00
1.989166698895153296e+00
9.546324152454442880e-01
3.969036872254669390e+00
2.436129621339307508e-02
1.863419163869811657e-03
2.409975613765038757e-02
1.319531648598585086e-02
6.445842160862330205e-04
1.104532375801458313e-04
8.526520344663882610e-04
1.774222401594814636e-04
3.536392143162771478e-06
4.046109182685161307e-06
2.079559473792999587e-05
1.453104823095097164e-04
1.498695817839728207e-03
