1.097856054371213152e-04
3.657349675319293900e-05
1.731940377993760998e-06
2.099877310620858703e-06
1.514699921197005579e-05
2.886978022938216209e-06
5.089768527686203233e-06
3.057092042311759534e-03
2.705622900241664089e-02
2.972770227758499451e-05
3.170094300043474509e-08
3.056495465982580288e-08
1.354472568795484987e-06
2.950889308731014248e-05
1.288915959557610414e-04
2.207311103511069123e-04
2.572553285609540676e-04
3.315587229378569572e-04
3.977525249864344477e-03
1.244293568325953794e-02
1.445906604572099960e-04
3.421919430967122061e-04
3.950831701886398789e-02
9.483697295903262096e-04
2.974804554011645100e-05
6.069597613079996852e-03
8.184460504497496069e-01
1.246174536674300587e-01
1.069893601313592787e-04
4.390247455137790874e-07
3.874757276337198067e-07
2.291190630686044886e-06
9.563286882720907245e-06
3.829627962015484416e-05
1.110554052561706350e-04
2.255631094859620667e-04
1.532393353321220147e-02
1.924070136429956834e+00
4.823105399827002510e-02
1.767608651952618654e-02
8.215951100167253607e-01
4.755903473300717582e-02
6.166428451744380458e-03
7.254790807116409668e-02
2.335220709773187797e-01
7.468230679947491790e-01
1.255469639025084440e-02
2.709647675747387169e-05
1.764276208679267015e-05
1.593311265784468374e-05
3.376329627999081902e-06
6.798785004231064920e-06
5.127415767893393289e-05
2.100529494719702176e-04
3.543807714501444529e-05
5.955370225984470828e-02
8.479422648865597711e-01
2.099343146662423498e-01
1.849756329903739019e-02
1.369480086049861640e-03
5.598277288003505187e-02
6.282455322490436700e-01
4.789421093256835543e-02
1.457924769956204236e-01
1.050681551123341939e-02
6.273951088465189218e-04
3.623134493695021746e-02
1.033301021889815666e-02
1.469092280098096065e-05
2.799929741813713496e-06
3.074623012925174157e-05
2.264897221382859021e-04
1.846196887223127072e-08
6.567487077894623320e-06
7.205338329550461940e-02
8.175601433686325858e-01
1.677698533993326156e-03
9.888535619396473077e-05
5.312729055780116699e-02
2.414025520681368220e-01
2.813741325922697670e-02
7.553515949100474414e-01
1.008583809039471507e-01
1.350303533589596039e-02
8.118809603519040463e-01
2.617900519965714323e-02
6.781039223838855312e-06
1.419618160476886906e-06
2.816857106637713108e-05
2.608711445486075974e-04
4.870470589204085550e-09
1.350522532694469693e-08
7.678862026833660893e-05
2.234522543540285247e-02
1.049517374126276428e-03
1.156037682426342599e-03
9.073387389551965665e-01
8.108165799613271663e-01
9.542385319835321178e-02
2.137989214070030286e+00
7.476250011894404190e-01
2.206686686623298699e-01
1.082249403018211154e-01
6.487077769598891344e-05
1.666239033277671438e-07
9.286170293998810076e-07
4.513563618660172466e-05
3.340376068620749426e-04
1.300504204773052013e-07
2.613500284715121695e-08
1.477744066656061054e-05
4.843068371366946595e-02
9.740480852552572955e-02
1.452544269199705466e-02
4.613844851981419720e-02
2.718423196499291858e-02
4.821436482025723974e-02
7.243862187818629339e-01
5.220442328532958198e-01
4.794716281643864320e-01
8.503017560683516843e-03
1.080922547187639445e-06
5.951589334694970196e-08
3.006008451784567604e-06
1.173576033184801031e-04
4.471929757225632488e-04
8.629551117741651838e-07
5.120553284710069511e-07
3.053005846851682224e-04
8.910247567042171024e-01
1.803376195341353849e+00
1.186143877747568819e-02
1.765087347767754734e-04
2.721890789040401270e-05
4.250323752371286878e-04
7.518401389780324240e-02
7.095037588470592960e-01
3.982894601259829304e-01
1.403362001245034470e-03
1.103993162664916956e-06
5.388907239465117314e-07
1.804746238223136845e-05
1.983829253624964939e-04
4.291234631857480616e-04
6.657237177363031807e-07
1.061852589635800354e-05
8.248106927608000669e-03
2.185715476097995769e-01
5.735831175527455333e-02
2.615196931528767157e-02
1.432007275209747597e-02
1.771055910988530166e-04
6.230769482830742559e-06
1.716194752336560009e-04
9.106746335014213878e-02
7.710207018324815031e-01
5.119163381251003349e-03
1.066687055006566665e-05
3.000504039323508400e-06
1.512946432263454257e-05
5.656047357871925004e-05
1.447544057877900650e-04
2.568717029667002352e-06
1.362839104686951837e-03
1.016982677433340365e+00
1.595124572929362605e+00
2.883023262646353668e-01
8.978900359207834247e-01
1.936151404843925450e+00
3.607977704302205591e-03
7.971610795643173004e-07
8.840025974821015325e-07
1.015176902049214633e-03
4.723910852414701239e-02
1.221582283967787789e-03
4.850719780240798931e-06
8.718545454771698016e-07
2.069954408472523979e-06
4.577081895393655862e-06
1.465117871187183489e-05
6.700444938636120984e-05
7.322546316930311772e-02
3.882002587391707227e+00
1.507790715000292714e+00
4.542983015470434260e-01
1.282871340598541743e-01
2.168207194897798021e-02
1.219216054073731865e-04
9.048889488443310649e-07
2.898135169232819957e-05
2.156670645008649384e-02
3.992084098610376025e-02
1.974969198372098942e-04
8.225546304436363951e-07
8.018081491701666031e-07
1.476583105634744036e-05
1.171041418986094488e-05
3.608200848274561212e-06
6.033709639618794942e-04
8.873841887404784190e-01
9.001975217446574362e+00
8.226232395423674904e-01
3.164035537049422198e-01
1.099446828098940843e-01
1.929444501437638584e-02
5.428383969600622831e-04
4.097305802548039180e-05
4.095052053830158280e-03
9.240919038056568668e-01
9.278680804292179785e-01
1.789080354892400374e-02
5.105946786008078950e-05
1.043583806165474003e-04
3.277790403907871603e-02
4.806455004279445997e-03
1.060860120531089962e-05
3.118320078189523812e-03
7.139330566423320867e+00
8.713862626007535539e+01
5.851846196701914415e+00
3.856720404664584656e+00
2.907719639797532007e+00
6.462199910610590958e-01
1.487519577342142907e-01
6.468127740895868692e-03
2.107555924616660685e-03
6.431500853853363599e-03
1.176873853658002567e-01
1.936709358919844970e+00
3.399711005854415269e-02
8.729026611887095652e-03
8.598871968425940704e-01
2.881448525973951888e-02
8.986837992422320296e-06
3.425833070333458331e-03
9.035639726240715097e-01
1.655759324937963584e+01
2.576968646446500699e+00
8.782132490403784519e-01
1.035497269196415715e+00
6.957566904882133141e-01
6.370632561417013395e-01
3.688582049003037711e-02
4.719545130996459677e-03
7.871165960796410593e-03
5.128308331098185152e-02
1.890142584189780317e+00
9.784283720221932379e-01
1.339671583312638525e-01
3.916741093633326759e-02
9.981983938013972259e-05
3.635890904631557326e-07
1.692241833123176277e-04
9.946314531977931694e-03
1.662872794554907774e+00
2.164877423416986968e+00
4.348045744415794944e-01
1.661125152727341625e+00
2.597719363367749779e+00
1.539896402802526654e-01
5.066846404694239775e-03
3.606535943938518618e-02
8.517951433631745228e-01
4.865243075314009541e-02
6.272110573224041162e-03
9.246007840241519948e-02
7.875584665447556976e-01
1.803443407221414288e-02
1.448715305624753007e-05
3.658872976410311907e-07
2.758759334147710849e-05
6.558123162577578907e-03
5.019695824418410890e-01
4.415091873650165422e-01
8.216010201946259972e-01
1.338935697745700981e+00
9.264106756215576000e-02
1.712124969682310774e-02
2.084437530405706257e-02
3.129185666019271284e-02
1.713208694055782730e-02
6.821514326855998957e-04
1.152635202574150405e-04
1.568834039299806101e-03
3.585566801932956599e-02
4.273006217275738400e-02
6.139901220640566273e-03
1.701458927738026849e-04
1.048560551829703321e-05
1.870147497318329008e-02
2.004408153765638023e-01
4.557906706145290615e-02
1.834392118974710550e+00
8.476487402242374181e-01
1.443471449203553468e-03
7.453789536211178485e-03
8.551538303421759579e-01
1.568730888944887616e-02
6.153338910449762732e-05
5.045828863427248567e-04
1.929045587822892163e-02
2.736830909807574756e-03
2.440898432519185012e-04
1.107333200166794353e-02
9.193863038205780658e-01
2.510303288793872684e-02
5.144992379672744340e-06
3.225843948170098452e-02
8.095256499414023033e-01
2.072102721101745648e-02
4.351263665295060368e-02
6.340721630185158775e-02
9.909336127733754922e-04
7.137506012335071825e-04
3.890018102637764208e-02
2.062676174270081098e-02
1.379659597032930566e-03
6.793201693692597909e-02
8.330332502549626650e-01
6.003765534372144724e-04
9.173921197760484050e-07
4.586630895913258092e-05
1.778292992247021073e-02
2.555413125284712594e-03
5.123986357537321219e-06
1.144200239231724656e-03
3.831154284062886911e-02
3.442723616152362602e-03
6.860426390878003556e-04
7.816224829701149887e-03
3.215985801898225971e-02
1.392661198959827895e-03
5.272141937277323616e-03
1.028590837764600252e+00
9.983643983666647959e-01
8.759907421287030926e-01
2.519324226619090168e-01
8.573281491137980253e-05
8.455427679345227603e-08
2.280260541186428367e-07
1.080383540395656744e-05
2.360783391568006310e-05
2.518849817301996663e-05
2.330651911808658674e-06
1.682208779180143263e-05
4.306438362012637855e-03
3.749392133333638577e-02
3.674413243278137897e-02
7.124055701835919630e-01
1.265431368356897679e-01
6.225686882212386891e-02
1.745107629648663838e+00
1.039691943350257025e-01
4.720559124758779562e-02
7.516546023741463856e-01
4.873659754466732469e-02
8.518284561007799776e-05
1.590315818875731310e-06
1.597512308211843070e-06
8.935361678222175194e-06
1.024691265554808321e-02
8.040823866800899425e-06
2.720067643412700767e-06
1.347649818193421244e-02
7.938483506916204080e-01
3.099467882124329679e-02
4.268296027926420377e-01
6.679660739878935383e-01
1.159453486032041153e-01
1.228318986977747496e-01
2.870188763118149914e-03
1.258935300032213919e-02
1.174304606984226007e+00
8.922151217517579891e-01
1.813660999371116689e-02
1.205678549463572391e-04
1.372451920263332446e-05
4.058230433520498490e-05
9.555438687161665889e-01
2.069615661583487295e-02
3.751494319423947978e-03
1.253419396631722804e-01
9.971087432204418510e-01
1.862455475645148073e-01
1.536664846962351172e+00
2.363686572461092539e-01
5.553870995897143559e-02
6.773174253767568764e-01
2.716266810121962250e-01
6.878035321286263271e-01
9.429466650070578160e-02
8.949332983360916080e-04
2.970678050043773738e-04
1.272753661026912843e-04
5.773144062931055866e-05
1.302139445017035547e-04
4.535084308184783239e-03
6.767031215542522460e-02
7.704270459468215426e-01
1.110169592887799483e+00
7.794509595266170265e-01
1.198478413001658471e-01
2.077336521182947954e-02
1.961724540459197500e-04
2.146159196650507424e-04
1.824688998270844811e-02
2.423351288860241259e-02
2.821624970406260563e-02
4.314803393329397674e-04
1.392788283370620734e-06
2.541682082019768228e-06
2.836211235821850066e-05
7.905328910368069598e-05
1.962168454256681452e-04
1.874143405748989931e-06
6.202286965786005853e-04
1.009878856375743122e-01
3.612472396477203057e-02
2.299139732468581838e-03
4.311336189250904123e-05
7.721488199178258894e-07
4.903290747035845427e-08
2.550125076131988020e-07
3.004929519175264514e-06
1.413925593705084529e-06
3.204171113415133275e-06
3.005738280637871953e-06
8.527240372552703804e-07
4.147937528596712156e-06
4.074237628078953053e-05
1.171502897879955085e-04
2.423506978692192631e-04
9.341368090842263426e-06
1.757319637054808106e-02
1.909534914403789641e+00
1.859088119150984972e-02
2.591444370597800208e-05
3.327492575734404217e-07
4.601493004778056901e-08
7.280478533369930689e-08
4.764346723415088536e-07
7.341164996540224257e-07
2.387122235741382698e-07
6.116642710055162962e-07
4.638035994018235156e-06
1.832216498496088574e-05
6.970053762862419644e-05
1.736614597817836940e-04
2.432914978061713647e-04
3.621000010365023379e-04
