4.184664161041811926e-06
5.496834094059462397e-06
8.682619847441164099e-05
9.059199341096587483e-05
2.861962788389515289e-06
3.406989454236976970e-07
5.056871341613073697e-07
4.297899996153806311e-06
3.357495209232759238e-05
6.993626939114974391e-05
1.168431171234939335e-04
2.028219006311623692e-04
2.347240639942599350e-04
2.016692532880590616e-04
1.680632798791824182e-04
1.594835398721821469e-04
1.974721982437292896e-04
3.576792898767791173e-04
2.806820633341558659e-05
1.357810214979251508e-04
7.488064613446963370e-03
4.904952361110646343e-03
3.490822377740856883e-05
2.303948822455524521e-06
1.564704225745094440e-06
1.754477914186643907e-05
8.409776948601055933e-05
1.644242810416171192e-05
1.250983067516381327e-05
5.195009991154207507e-05
1.136943924691725575e-04
1.086994499159402080e-04
8.419003310504135089e-05
7.555638885780703118e-05
9.885631334095606353e-05
2.132797222786620935e-04
5.710019252374760185e-03
6.795191122034724418e-02
1.946604645291568847e+00
9.566486071806313829e-01
4.421120311309024997e-02
1.784173541564854429e-02
3.790080219184785697e-03
1.735405003159821991e-02
4.987333152240597776e-03
7.931176497083611632e-06
1.405957514612046532e-06
1.679290351878200287e-05
8.087132908254939705e-05
9.719456488267604044e-05
7.472805770498570769e-05
6.309344360074295834e-05
8.208679197972375882e-05
1.854389426729442976e-04
1.198126759536795490e-02
7.067549879685073311e-01
1.131986859124459599e+01
4.759286150321655917e+00
2.296557556928818578e+00
2.563233032570824577e+00
2.869852343508125792e-01
7.942481463883847015e-01
3.221600752628605430e-02
1.190149588355445410e-05
2.220588929364183020e-06
1.890885173081768955e-05
6.640633630577186014e-05
9.890581988254566032e-05
9.091804626262475243e-05
7.363419094707162422e-05
8.745560978928043974e-05
1.862325211170754509e-04
3.559993333526806879e-03
2.343717028123397661e+00
1.687496393450246046e+01
4.773798358294553346e+00
3.305351856920360820e+00
8.529813255639431269e-01
2.380454010507653817e-01
8.762572397171221050e-01
9.733625886781033243e-02
2.013933819658568318e-03
2.626874479532094659e-04
3.445582411737566823e-05
1.978179206066972657e-05
5.549139593159407765e-05
1.001356549873081000e-04
9.032236021080620395e-05
9.624549779965361433e-05
1.880712530921097654e-04
2.849821450210814153e-03
1.675220663396004284e+00
3.787347041480125132e+00
4.742871004406503666e+00
4.267458795339519995e+00
3.408525322753274134e-01
8.018800471564762056e-01
3.942234258772667310e+00
3.122739108269446895e+00
1.883696771067745912e+00
9.989440023118585643e-03
7.725619905640416924e-06
1.435855314235760599e-06
1.398366217646684015e-05
7.368811908314925566e-05
9.639505278469472072e-05
1.046398551929037961e-04
1.973697817633883185e-04
2.312123123319671878e-03
2.628670758438400590e-01
3.432203923891217756e-01
1.252879649253237693e+00
1.407031618841466436e+00
1.934121648767220258e-01
5.643210590538508820e-01
1.507072956939423891e+00
4.656007824215595114e+00
7.081900946993481050e+00
2.403951083165664984e-02
1.518569351709635701e-05
1.295510631795051856e-06
5.827497070681323090e-06
3.781939801199812716e-05
8.342341475282606807e-05
1.148484787733341654e-04
2.222730545652745987e-04
2.180562666849432049e-02
7.984388659088242912e-01
6.720360669471001636e-01
6.697872116237870710e-01
7.256510785588832224e-01
7.743977604145244609e-01
5.524921216441536220e-01
4.208697482080504537e-01
2.375611540394752641e+00
7.955219655059772244e+00
1.028121088358977753e+00
1.193715269944698072e-02
8.992447220563626158e-05
7.823954393678488655e-06
1.545004798123999977e-05
6.053680766491163973e-05
1.299317360151607784e-04
2.595964555915160777e-04
1.895239443635170218e-03
2.028590617825927131e-02
2.452770567208011621e-01
4.836160132214274987e-01
2.259225994426697637e-01
9.529946341167748747e-01
1.594168871561714607e+00
1.546348273807794493e+00
4.557953882712438620e+00
8.148682997140516804e+00
5.777028957178988122e+00
9.807179353273550726e-01
4.222934074209322083e-03
1.356164821636829531e-05
5.899774984445809245e-06
4.061495272909207828e-05
1.496650945446537334e-04
2.998568799043535723e-04
1.222621524465178313e-05
6.374435903346445734e-04
2.452749919854134431e-01
8.627183898633176140e-01
2.810008057175494844e-01
1.013872012487456731e+00
1.400286149652675061e+00
4.655031904159850908e-01
4.637578024335234361e-01
1.764734984151401065e+00
2.385238470478757034e+00
2.034029191600717823e+00
2.132983736622983198e-02
9.763265185015171629e-06
1.373663955401683650e-06
2.040001880458313258e-05
1.541106854853419646e-04
3.335493646021933677e-04
9.136702425095287314e-07
1.182320314109060969e-03
3.790527502058585463e-01
4.487378561787604414e-01
6.325932243362409890e-01
6.141656251371760966e-01
6.484439109828063486e-02
2.076702664695166678e-03
4.853317001500956698e-03
8.730006045242935109e-01
1.880891182660706873e+00
7.012472408326146933e-01
5.108730083243226243e-03
7.335750714669188079e-07
9.731519734391265621e-08
5.411124658751076012e-06
1.154185016176729073e-04
3.368133109953524518e-04
5.148562486890848485e-07
2.091858762273732242e-02
1.830708662192754632e+00
3.305969311915059050e-01
6.605452090327738057e-01
2.210452370393140575e-01
2.585680443818386479e-02
7.518095324600476085e-04
2.792059324991618633e-03
1.132926899468363446e+00
9.988149907086485424e-01
4.527296293973636643e-01
1.380503531554288024e-02
1.971090967323871958e-06
7.822587127327351199e-08
2.666261255361965501e-06
7.644922126442927702e-05
3.006709612395234770e-04
1.472164207021083427e-06
1.058322241270492015e+00
1.328610324950051051e+02
4.219193631371297215e+00
5.446469533774160432e+00
6.649867395830093564e+00
2.468991784198583339e+00
1.226693069098421240e-01
2.399837775338875545e-01
9.415097185467866225e+00
7.592069134523423912e+00
1.012631112131063738e+01
2.108645131636290859e+00
1.589863295111937662e-03
7.128342764413266228e-06
9.389087089507859452e-06
7.293163450250454347e-05
2.662389162709371832e-04
1.607200246184020592e-07
9.440016555304612048e-03
6.776099141106872281e+00
3.198302093195556584e+00
3.373085224760781653e+00
2.427228683793711816e+00
2.656643100177782379e-01
4.177734730311596228e-02
6.145378013153938168e-01
5.613959328649594127e+00
5.274929777516470963e+00
3.963791742993828304e+00
7.854050994048149548e-01
1.664963324056546387e-02
2.017234346152844146e-04
4.256807692435973453e-05
9.177002330783647945e-05
2.599310942341895997e-04
1.639981724802234227e-07
5.258775793070298707e-04
5.361675751918953958e-01
4.356529020067065439e+00
1.990310750604491474e+00
2.968777530351932592e-01
5.967755999998067273e-02
2.396836297716704867e-02
1.007115401254733200e+00
4.167374305177825811e+00
2.997408299546105326e+00
2.583849172303437580e+00
7.784429020270139388e-02
1.025318885322665111e-03
6.781396038371262900e-05
4.408142930957979555e-05
1.042490139727792300e-04
2.699341395039109672e-04
1.230515692466979084e-06
9.687099637126817681e-03
1.200634077704346270e+00
3.067148504058242242e+00
1.465722306124622731e+00
2.942599559851069579e-01
1.134156062239973339e+00
7.042028566482293472e-01
2.468138924866196682e+00
3.730551963355435152e+00
3.351893093206298246e+00
2.021337204411152388e+00
3.349370494043118866e-03
7.588239271024833612e-06
4.019618411497068153e-06
2.661329386889800400e-05
1.160751003512795889e-04
2.828482556736649513e-04
5.993602307084902023e-07
2.103986327305285356e-02
7.717787060543529476e-01
1.013525085309421980e+00
2.336036346207403191e+00
2.011530436914686915e-01
4.390870951125371291e-01
1.345879891861708089e+00
3.846419610378418508e+00
4.152494795380112791e+00
2.659820045139838385e+00
7.418148743922625687e-02
8.533018806673806355e-06
8.426921697652852322e-08
1.120478223114805997e-06
3.457945474925913187e-05
1.521987200234987589e-04
2.978203100959438956e-04
1.179336417316670199e-05
9.371220155063171575e-02
8.877365254960366547e-01
6.168129875712010657e-01
9.107056082810263131e-01
1.275102597889402334e-01
5.104674539797536825e-01
2.949642047821350754e+00
6.488349300259315555e+00
8.396885131346845554e+00
1.982824002745936953e+00
3.402026887094591195e-03
5.356069065153074914e-07
8.881243785332698285e-08
4.326531647276460671e-06
8.541868816115646458e-05
2.000005661704876451e-04
3.008626152443424451e-04
5.057882866993551260e-03
9.896069675065249927e-01
1.940365558739390206e+00
1.410276826222581548e+00
2.490299650732684944e-01
4.165382564255357828e-02
9.036375149028503806e-01
4.594445972193693883e+00
1.263381334369241937e+00
6.529756495759534429e-01
5.195564504207843270e-02
9.043046932788647706e-05
6.596855525992000120e-07
1.624794889894813526e-06
3.779075628118890110e-05
1.751138154581352775e-04
2.111249925148919759e-04
2.765239523384585628e-04
9.027981988292400201e-03
7.406417965056201203e-01
3.565240715922770587e+00
4.229342567117518215e+00
6.525093703198053818e-01
1.278763647427699490e-01
2.722005342289827157e-01
1.927353034479916571e+00
2.280388183809402669e+00
8.169571129903560602e-02
2.505962317094975744e-04
2.127208146473797460e-06
1.461173665462022546e-06
1.939406142609309823e-05
1.392662548188493754e-04
2.078526217655489471e-04
1.807094944808087915e-04
2.405602845858390395e-04
4.517364698755908445e-03
4.360256816720666229e-01
7.041512801284283363e+00
8.159470595549608518e+00
1.353700952109543332e+00
5.496316615535858929e-01
3.110431120721048395e-02
3.846852042488343310e-02
4.435290143669817220e-01
4.081346435791847506e-03
2.010475592743680566e-06
2.573106120553378957e-07
4.316329983529562983e-06
7.553482541273428186e-05
1.957419622480824383e-04
1.673783253707853639e-04
1.418217971830883499e-04
2.120799747615606122e-04
2.505297147362438998e-02
4.641206450007051565e-01
2.203549448948914691e+00
6.266202849153704513e+00
1.241622084926643277e+00
9.045517803246910793e-02
1.804291387930010131e-03
7.290728494958601674e-03
7.174966798856623473e-01
9.839193928786058030e-03
3.987781828799848876e-06
1.100130142776524367e-06
2.000141048996854139e-05
1.366977321601927124e-04
1.681211947521118967e-04
1.218722098169537838e-04
1.165605431981028400e-04
2.001387545018284064e-04
5.265363835701691994e-04
2.415313854804074511e-01
3.353296588645291898e+00
2.445120693048943306e+00
7.593011811740739692e-01
2.039025434893266403e-02
1.589098567718022059e-04
7.996442498832811302e-04
7.669890613540664148e-02
6.121345925149706234e-03
3.006789481986257736e-05
1.327591192334963272e-05
7.223233393847399591e-05
1.617848941712020014e-04
1.367077941671287242e-04
1.049529497142707074e-04
1.156858519478914531e-04
2.153716035842492946e-04
1.116722026005119362e-07
7.648814257918778005e-04
5.941943306712654110e-02
4.607199066347173605e-03
6.489557128513867915e-03
4.592415308740185192e-03
2.376736941492016734e-05
1.377077051540852761e-06
3.201632759907198451e-06
4.239485003723911354e-06
6.280671255709157455e-06
3.489560879009756127e-05
1.436883260671358270e-04
1.873885066122861411e-04
1.491630219530989878e-04
1.306232346356255849e-04
1.555962483489486438e-04
2.818728779792307277e-04
9.186170851828300137e-09
5.422681185289789049e-07
4.141271216803292419e-06
6.346691384349450669e-07
1.003961072485669497e-05
2.820852437264398079e-04
2.019290168402158579e-05
3.329140958890559587e-07
8.923311617600469781e-08
4.016956993572864042e-07
8.176210318943875189e-06
1.076567161241507567e-04
3.098294800416823125e-04
3.174748656151928495e-04
2.675123565839147084e-04
2.573536217766864945e-04
3.029166734051363659e-04
4.792654915377675059e-04
