2.293621964615885446e-05
1.342830723977580945e-03
2.637129512541780407e-02
4.898496087893559415e-04
6.320688832327780402e-07
7.426288334698242167e-08
1.379945027366745022e-06
2.680112277910848425e-04
1.662973447893262291e-02
1.439929307159758601e-02
4.990579871299035504e-04
4.013247990492608891e-05
3.759225719046230886e-05
1.110364871126356267e-04
2.600675131351948732e-04
3.251972338737244201e-04
3.094772562155776222e-04
3.600686334320370293e-04
3.335769281766983076e-05
1.216376670957261021e-02
9.154468875036346764e-01
5.536830173686995739e-03
1.263982234912755422e-07
5.325816758701603503e-10
2.465038694482484621e-08
4.243168329303190580e-04
9.686176193517395117e-01
9.720181047702400878e-01
4.853025908445216148e-03
3.512908809015148788e-05
3.686867319968868414e-06
5.126088715592579772e-06
2.875651916086515006e-05
1.150656291526158936e-04
2.144784578983502474e-04
3.179997534388490869e-04
5.048456920797095900e-04
4.018230404783885296e-02
9.813370580990775638e-01
8.354520494845944778e-02
3.266311862086970725e-05
8.652516967269520312e-08
3.584398879638282946e-07
3.340776009153409313e-04
9.350806977180072671e-03
1.434342935883977646e-03
3.911374869979812271e-04
1.671930871276555643e-04
4.365950331651407861e-06
2.237632184155026287e-07
5.401880269823497506e-07
6.576532494924989600e-06
5.779651750288007384e-05
2.425401198858472809e-04
1.936877467585019358e-02
8.692498238134187538e-01
3.249962460279024246e+00
6.832212374187848214e-01
8.347986947417894432e-02
2.611151402963684739e-02
1.727348116578691570e-02
5.134252086154295763e-02
1.947170333542467971e-03
2.691671860246449473e-05
5.592129441610515454e-04
3.877280399699321867e-02
8.664671571449499357e-04
9.333595195036033760e-07
4.616025621232932227e-08
1.063125727850947512e-07
3.110776969437691706e-06
8.979030547194185566e-05
3.009278157939154264e-04
4.183107992091845972e-02
1.802798594808225463e+00
2.302449265821742141e-01
8.411752232664193585e-02
6.235509135596343233e-01
2.798740504843257315e-01
5.556343376389313304e-01
1.663640668802763567e-01
1.222816118399268001e-02
7.814307587990024229e-02
7.338364918757235289e-01
1.000591946299017737e-01
1.647640554154944717e-03
5.471874973549773327e-06
6.901218283454263377e-08
3.558782878094022522e-07
2.860935651257203423e-05
1.484337357902870594e-08
2.665337059977477280e-06
1.169823746833626305e-01
8.116680770970489123e-01
1.040886006490025079e-01
1.661625434067252882e-01
2.472609891493254136e-02
2.312811969100647680e-01
2.242565191788252754e+00
1.368682981294049084e+00
1.383258806874450020e+00
8.042573668527748521e-02
2.706447540760719903e-02
8.714259216117210549e-01
8.064469444997496295e-02
2.942737010705736507e-05
2.098845713945199662e-06
3.044954978864975240e-05
2.319515756560813799e-09
3.005982588821827092e-07
6.987667055049529008e-02
1.777136185557786963e+00
2.107220106444375185e-01
5.487721995735027614e-01
1.576034240607854242e-01
6.421856371646679218e-01
2.683914533859179663e+00
1.910422758456718384e+00
2.350597904398493920e+00
1.534786065226350499e-02
2.861139397025724319e-04
4.561111927607054001e-02
9.293770812254654734e-01
4.290197458202228697e-03
4.162705456220346247e-05
5.910895786457001405e-05
1.578972970923537847e-06
3.067143968471557547e-04
9.323412462095114206e-01
2.224818719155517988e-01
3.260927262054527653e-03
5.284899587987043623e-02
2.442939400381592407e-01
9.795188690066751469e-02
2.447686298757146828e-01
1.387479751482171286e+00
2.385842308559453784e+00
9.178819860193820901e-02
2.994500284739204203e-04
2.752183564531324525e-04
9.433415915704875324e-03
1.623752568921079309e-03
3.601843870880155234e-05
3.304244677144171428e-05
1.789722169605047244e-05
1.882133663377856146e-03
1.011573862362943110e+00
7.670519821806205396e-01
1.137692154662480783e-02
4.698837263107404072e-02
6.572143460744225285e-01
1.234019737472048447e-02
1.244196063247292317e-03
3.777056945245347436e-02
1.070755792568112152e+00
2.704369629974840983e+00
4.210839973455275664e-02
3.589550065501382042e-03
3.364544234700676817e-02
2.625890928416330442e-03
1.215420995001951852e-05
6.988616393115618256e-06
5.960637290813089485e-07
1.520597679411004490e-05
1.173716488590637042e-02
2.205659763828390130e+00
9.541062299873100949e-01
6.813904969203367357e-02
7.982328099832537716e-02
6.941066291139757561e-04
7.764198039392656848e-06
1.344808594703825969e-03
1.082681542874120773e+00
1.086628046131528524e+00
9.397836493647749104e-03
1.371634105141165440e-02
9.016931856873212636e-01
1.875349997026079518e-02
7.014145018466874329e-06
1.410884355059414716e-06
4.262432018272887169e-07
6.211250198991451167e-05
2.636653230076773172e-02
1.845549558658818645e+00
1.851184353200337585e+00
8.573553475553900849e-02
2.933828907484676077e-02
3.919152744553289647e-04
8.962410472509350372e-06
3.321136675276770839e-03
7.839987781317490079e-01
2.617603488615301288e-02
1.370461105169516443e-04
3.086817467189064291e-04
2.197780715106825017e-02
4.105072527884857762e-03
5.862805467009621912e-06
5.726007569565948805e-07
4.500268509827507418e-05
7.693449522070805457e-02
1.172932145717531860e+01
7.477688840658346159e+00
9.421680586501540722e-01
1.000470912186976147e+00
8.222222966594675553e-01
8.199945947793673556e-03
1.769651454174146332e-03
9.691019042487637736e-02
8.530407719451033044e-02
1.585274915099273152e-02
1.720607198230112919e-02
1.835694235523101583e-03
3.128849499201668237e-03
2.154458882231553851e-02
2.730520375796796845e-04
1.989021031464838222e-06
5.773618435687828156e-03
3.914500415705032488e+00
1.052890010955890006e+02
1.539103074988397246e+01
1.105591627132268107e+00
2.106106424091573004e+00
1.204846247902370826e-01
7.303527346232852480e-04
3.543868738918803940e-02
2.815484180522048074e+00
2.426285906055416011e-02
3.938370476250993568e-02
4.819913792269501229e+00
6.305979729790456290e-02
1.114171978015836978e-02
9.100257655032408799e-01
2.598214612032812010e-02
1.457757183949358304e-05
1.489912125742067633e-02
1.979253713865866571e+00
2.197154272094620708e+01
8.358565837778067831e+00
1.174348623045019968e+00
5.812967274546145813e-01
2.319642315097216346e-03
7.076376449513365636e-06
7.042829215403413005e-04
4.236710154660700001e-02
7.582816916069618851e-04
6.779923590407209433e-03
1.075910349396291155e+00
6.103070026470259514e-03
2.989788164602662397e-04
1.632922023495039093e-02
3.058420619765135975e-03
1.611218164188831932e-05
1.350654285379543037e-04
7.078848031379187875e-03
9.063442743569225524e-01
4.712506647420519279e+00
7.946822550595228352e-01
4.521306379991187341e-01
2.481546413685629948e-02
9.038025210609072215e-05
1.999703505092233081e-05
1.503130552091847943e-05
8.517838397493548576e-06
4.195634635770489375e-03
9.498556553217208931e-01
3.040585028135867063e-03
6.804518432166650956e-06
1.323464930975057826e-05
2.137625410144019291e-05
1.060873373955422325e-05
2.593644216385424472e-06
1.187212435207979046e-04
1.573025093318863310e-01
1.292224435186147158e+00
1.288322533662210334e-01
6.296770733496419581e-01
8.990517751381019718e-01
5.511721510816891198e-03
8.334393799583732503e-05
6.237548638466331060e-06
4.515158737356139361e-06
3.202604157397501237e-03
9.834444282371727075e-01
1.103389168933669416e-02
9.277363835018724187e-06
1.792378295917418337e-06
6.020309599220805788e-06
2.615950520428751415e-05
1.214959938823127007e-05
2.219523099636410823e-03
1.917302700243902258e+00
5.365927872865232651e-01
1.774715245908257272e-02
3.053806708672126002e-01
8.079831722302617536e-02
2.241135343116643444e-04
4.113767682448776254e-04
2.027855343865607712e-03
9.794343607193296516e-05
1.158645342082248843e-04
2.813807309886981294e-03
7.392901240656370816e-04
1.898232279671719088e-05
7.616193170598639291e-06
2.380534620468064270e-05
9.550408515293484616e-05
5.727988031589768222e-06
8.730017277075449245e-04
9.762350103359808129e-01
5.243358111719897963e-01
4.292622612415798733e-02
6.226052495403558984e-01
1.345730678902163496e-02
5.717447058005328594e-06
4.371500272105453139e-04
9.624251641573915439e-01
5.052890831760974144e-02
1.171992512009808611e-04
3.019476941490770121e-05
3.330022589826988738e-05
2.415494634477327940e-05
3.456105257644209792e-05
8.071220737044505712e-05
1.886686479628729902e-04
1.830169432788202526e-07
1.341107276694596122e-05
5.074053955344772632e-02
4.676769699045047468e-01
4.061006567239315579e-02
1.570583083632298427e-01
5.311488820814832396e-02
7.074586746051776567e-05
3.520097053034864829e-04
9.823265960710466649e-01
9.568869743753498636e-01
2.272436980303332941e-03
5.809884728581549498e-05
3.174782931651185902e-05
4.557911335066652504e-05
7.725563694125554847e-05
1.247929015347815139e-04
2.129082866738314986e-04
8.808181249478392841e-07
3.447692057834961786e-04
1.164664093871761591e-01
2.204889923675409369e-01
4.149319121911132502e-02
7.685646620701262755e-02
7.538977038488675619e-01
1.065722346190031700e-01
1.186080428465933687e-02
2.845468359717414145e-02
1.071284714688022083e-02
6.077879170940094986e-04
9.953059907988761701e-05
6.609164567254662568e-05
7.728236428507898634e-05
9.569169445557059329e-05
1.179273091165339895e-04
1.843153817614377830e-04
1.192887669619480868e-05
3.680706594786917890e-02
1.626428405784843712e+00
1.228776822443285788e+00
1.664293741578102948e+00
1.004261748798980641e-01
4.921630476347253064e-02
9.856981664459697479e-01
9.220766828596917986e-01
9.147722500749463220e-03
7.430274496524057225e-05
1.871279425505594041e-05
3.944093166603354156e-05
7.565864301323961820e-05
9.110565587052371986e-05
9.050080811361250327e-05
9.767111377924909119e-05
1.551883741371658612e-04
4.251711865986533810e-06
1.030157451965307142e-02
1.234139155550642686e+00
9.289319524286647756e-01
7.097953212316153448e-02
2.756789652961143280e-05
6.259481368222283598e-07
2.615287629245550407e-04
2.466376381493990896e-02
1.113407453520020435e-03
1.320991819823416955e-05
7.570285531509527901e-06
3.294419802038034791e-05
8.117195318338942239e-05
9.102696612583568363e-05
7.937246379028326264e-05
8.294410984993283117e-05
1.404952129934859695e-04
9.273890763987001652e-06
7.695170444960001445e-03
8.406394437805237985e-01
2.884437247809101476e-02
1.197337779137776146e-05
4.525806457429554089e-09
9.040650135389667915e-10
2.702024256045587344e-07
3.290080548583777196e-05
3.300549150668336890e-05
1.114252210541100291e-05
1.915077319334276389e-05
5.817950708806670675e-05
9.290027353021843546e-05
8.395898064095194430e-05
6.805942477453456375e-05
7.412999199600829440e-05
1.370103891111172330e-04
5.370673839489674406e-05
3.432355390258795113e-03
4.007793026321728597e-02
4.853247557080982350e-04
5.029101083027354147e-07
1.690296187777480703e-08
5.625392066140407840e-08
1.461254883031300213e-06
1.209785629260959615e-05
2.085418043210851118e-05
3.044003916488178345e-05
6.170931993942845397e-05
1.059598790619348637e-04
1.141660921168531580e-04
9.125515657179595361e-05
7.504491075184752265e-05
8.676819164877408713e-05
1.634707135143677391e-04
3.629394684397517940e-05
4.351710159071929329e-05
5.033719916835914212e-05
1.088832290969901690e-05
2.790649555001333116e-06
5.526959072718930605e-06
3.195305115363548313e-05
1.055683936285676914e-04
1.380775078724408387e-04
1.317411858894322358e-04
1.467396247489524198e-04
1.828450148082518489e-04
2.062369036066799273e-04
1.903225960770774387e-04
1.563411150333523093e-04
1.395450978835561932e-04
1.640632196526089180e-04
2.728755675498002937e-04
