1.248930340186791936e-02
9.255343552562217413e-01
4.108183151365397023e+00
8.984778319405670732e-01
1.056044018762843262e+00
9.499907597953438643e-01
7.026026500333302019e-03
1.677664418575410378e-03
3.452014484896313851e-02
1.744872227067260516e-04
5.541707932067037628e-08
7.407572788876313386e-07
1.208565680534871254e-04
1.174534073203899431e-04
8.712463000226860295e-05
2.099724623317959500e-04
3.431159842565617351e-04
5.272680277689690978e-04
3.209481991698451037e-04
4.775140239425672284e-02
9.345112314381754937e-01
1.836660749588974947e-02
1.352193996182839836e-02
1.006562543232868201e+00
7.073997905193672719e-02
7.928681599334606173e-03
2.786838357717034587e+00
1.128160785901485719e+00
9.379629322764047048e-04
3.306321620336396920e-03
2.660696497294115330e-03
7.128597525188130302e-06
2.323845442937211863e-06
1.880594152084006914e-05
4.623215391212504304e-05
1.147996986834687566e-04
1.489977949123862284e-02
3.855572033249562297e-02
1.884605337248550283e+00
1.729207554719938145e-01
1.427719402663094397e-02
8.652016524653201035e-01
9.183076103289689041e-01
4.608812935490969043e-02
1.390890001182967017e+00
2.522046418342740459e+00
2.509815432746019814e-01
3.855412809222014126e+00
1.562094396821366027e-02
9.973665375063827933e-07
2.166111159668384627e-06
5.390543806678926403e-05
3.861932319176365237e-05
5.528208597065173023e-05
9.372971802984974010e-01
3.464174012430748691e-03
1.002643469803340542e-01
7.344881245413038551e-01
1.756877229560638992e-02
8.494702805106223165e-02
1.298665078831092723e+00
5.054706321527309143e-01
1.105084820139103918e+00
1.223494753710503702e-01
6.388025516413346760e-02
6.883575571286483452e+00
1.217275464786586048e-01
2.546242971784749235e-04
3.407910778938271629e-03
8.367187808734227045e-03
2.258613060933657127e-04
7.978854402790336309e-05
2.031315450033065184e-02
1.923475750192049267e-05
9.857145389155410470e-04
1.584508014983539159e-01
1.004113973751400574e-02
4.074100183103643996e-02
2.466686580816468410e+00
9.051966706462253320e-01
3.980896326438542743e-01
8.549628729915340064e-02
6.615758688338674309e-02
1.862552444423455134e+00
4.065707254109242719e+00
1.972861490703345710e+00
9.214885167959361301e-01
1.092733949160776957e-02
1.013850010777398998e-04
8.532066043336103791e-05
1.146055274945317019e-04
1.123800250805004695e-05
6.871467870826699839e-03
8.643172454893255363e-01
6.921338137621865262e-03
3.214542057735380633e-03
1.219428396109096591e+00
2.530913651666515385e+00
2.772279993094459716e-01
2.699780172678488688e-01
4.560153470404347820e-01
6.112149247905420690e-01
2.569366960522454058e+00
6.162441195755761214e+00
3.737162318766892172e-02
1.293216062791526488e-05
1.360856981138623167e-06
3.525604699934444170e-05
2.255263325319175650e-05
1.539859435019509486e-05
2.688944254251064616e-03
3.607747446055119961e-02
6.435650311983566105e-05
2.255444475596114378e-06
2.522497902260830999e-03
1.015827492136172294e+00
1.084580124349457275e+00
6.052347359500692692e-01
1.514883124562736771e+00
1.496983223285802467e+00
3.949261596746462266e-01
8.274519140055143218e-01
1.434799250551715109e-02
2.078839536480226345e-06
2.943466746861099657e-07
2.856509211429013534e-05
1.130845882057359328e-05
7.918066480767825419e-07
1.454020738614805759e-06
4.273842942723127887e-06
3.340378062243612673e-07
6.234601137469004828e-08
6.072005626954026261e-06
2.367087850907534895e-03
1.439325696881950910e-02
5.496166352776965872e-03
5.838468062151253718e-02
8.652693023039066400e-01
9.532043187812348772e-02
9.048821756635132552e-01
2.056060419673336970e+00
7.044865272760084899e-04
6.905659448981725665e-06
8.718732304670345952e-05
2.219968396614457740e-05
3.714678724006825065e-06
2.510640410226078168e-06
2.018873755859207816e-06
1.105848075857036060e-06
1.117716052443404706e-06
4.226603050457431840e-06
1.713147998864084993e-05
1.084469028145850858e-05
3.492756880141064557e-06
1.799033860139814421e-04
1.132710971780958621e-02
1.543392871985003285e-03
3.110304003096226941e-02
1.941666195039534859e+00
9.620451379392526425e-03
4.605918721265153692e-05
1.310503551124356193e-04
1.411623997888848464e-04
3.932312021778046687e-03
4.889222888620547297e-02
2.957894873575011348e-03
4.674753872778617496e-05
1.570522438260057657e-05
2.133707411679863173e-05
9.291389155313562530e-06
1.224155635281197117e-06
1.413626683082526233e-06
5.328801362915415365e-04
2.953384869590441192e-02
7.371084503100519330e-04
6.485440053126920483e-04
1.255047681313780153e-02
2.783895221507172836e-04
3.539334625489114799e-06
1.908415813715561121e-05
2.261221089444484140e-05
9.866681630447527926e-03
8.375042857443315558e-01
9.457605614807832253e-03
2.503792547684039401e-05
2.735279227302172926e-05
1.746205514529345097e-04
3.832781826192084096e-05
1.927670426927383617e-06
8.409905739973043821e-06
1.550610180173910002e-02
9.166778987261225975e-01
1.047533189072380987e-02
1.732425145480548942e-03
1.490922557882032491e-02
2.203195369249382829e-04
7.109978624235159714e-07
2.253415370057674848e-06
9.050186912342149363e-07
9.541755869061737576e-04
1.931562955706952744e-01
1.253064836870983667e-03
7.217639993801385346e-06
3.415609512495408639e-04
2.937429079492910600e-02
5.417273625759294435e-04
4.571750688478250531e-07
4.069445263728685851e-07
2.863262070432619254e-04
2.107334714767450379e-02
3.960164889268414506e-03
8.625637748133647281e-03
9.095883758071683367e-01
6.400472779294828773e-02
2.632484797045255370e-05
3.634739412990312315e-06
2.269488895923061874e-06
2.346981363699995188e-02
1.880114930670626094e+01
2.717733078019233042e-02
1.338795901813293819e-05
9.817576793092173699e-04
9.201259055741730641e-01
5.085397369739719925e-03
1.409595728661990220e-07
6.611843483400109016e-08
2.640755163992796422e-05
2.946796680510946863e-03
1.724955507842964100e-02
5.266593358498536381e-02
2.025787352439311739e+00
1.914825260197491996e+00
2.360461796511611338e-03
2.458495283853382674e-05
4.312615373143701447e-06
6.135774818229823395e-03
1.052494309505260572e+00
1.032355142064804356e-03
9.420732864018336211e-08
2.185738735539157329e-06
6.333488279219892658e-02
3.875847939530697311e-02
2.581435474762199829e-05
1.511509251883154869e-04
1.270859214323350611e-02
6.279995696096467295e-02
8.188004475562982165e-01
1.071969120706898648e+00
9.142735545770266370e-01
1.126366804052732373e+00
1.157785834790863930e-02
6.220638395351021466e-05
1.756427113035548724e-06
9.103648732403731188e-06
2.415039956225069459e-05
8.807259076606482190e-08
1.810364684368154756e-10
2.220170744025664231e-08
6.227982651815981360e-03
7.433404088677212362e-01
1.989351820884235900e-01
1.966542506126579326e+00
8.668833364655330609e-01
2.600405994990352340e-02
1.095439097887439955e-01
8.659693179472361946e-01
1.224094192440779327e+00
7.350698013749610293e-01
6.707376564345496686e-03
3.193010354476498046e-05
9.795721963144644664e-06
1.220681461698996238e-05
4.314046364881530647e-06
2.480335857104889592e-08
3.609013592617031744e-09
9.854333015504977163e-06
1.204569081208795023e-01
1.148077306517319540e+00
9.138075705687757067e-01
8.938544052235993798e-01
1.706118305378552802e-01
3.171403823781750869e-02
1.180393167319501203e-02
3.528591913087982673e-02
7.835738289126000788e-01
1.315427266613285351e+00
5.864754745061708310e-03
1.756670368873780775e-05
1.021724222098951350e-04
2.080018715090820643e-03
3.277730337972857132e-03
1.500703872695620081e-05
1.163335259440797263e-05
4.501701468287803987e-02
6.487719320039359028e-01
2.358832493846299214e-02
8.266874458572669865e-03
4.880723778011930927e-03
9.485925176735490738e-02
6.800280114269796616e-01
5.512249236582546404e-03
2.183794397090703821e-03
1.802347125507536008e-01
6.364196566910412800e-01
3.973602430354397641e-03
1.170937457472077798e-05
5.401980160064278258e-05
1.199610444936268470e-02
9.409330921884807575e-01
1.831598962319945165e-02
3.381864825948500183e-03
1.004278254992455821e+00
3.408321579271846868e-01
5.339994956651461858e-03
1.640493059873854992e-02
2.805254446708295435e-02
9.152711546953408162e-01
1.322425840429753752e+00
7.650898570320106840e-03
3.674394143142421104e-02
8.904252050553884690e-01
3.107604075862243631e-01
2.099251743069353339e-03
6.260444565413235192e-06
5.304346190326174843e-06
5.565837963866869910e-04
1.049602962700579400e+00
1.036811023797612696e+00
3.951244719127777749e-02
7.319344433663944605e-01
8.650457823550293801e-01
5.885027202281167824e-02
6.411173839066290903e-01
1.296364335862594253e+00
8.528938666146587133e-01
5.299815826487539461e-01
4.531554935847412757e-01
4.506133530477653082e+00
2.227796902679525015e+00
7.143846995128290134e-01
2.659110109073781897e-02
3.400621797297254985e-05
3.796774504068612696e-06
1.481722055864417239e-05
7.731062628978826838e-03
6.188753963135480429e-01
2.871682450080189630e-01
3.500121841830683422e-01
7.654603632211381958e-01
2.498805678473190461e-01
1.193022897726893516e+00
2.774559542414412494e+00
2.709636823096776559e-01
3.656485316264892482e-01
6.567861444637251189e+00
2.398221821754721095e+00
2.420226486132132093e-02
2.587942872507059330e-02
1.495664878258098213e-02
8.815961139768669057e-05
5.322112529159206054e-05
1.228475586998134213e-04
9.232656316688589090e-03
6.669530739584301759e-01
2.217532738531535319e+00
1.056150948928507471e+00
1.012030917421020026e+00
1.878642282204739056e+00
9.686749961593098535e-01
8.347213074805590605e-01
9.373059425112991727e-01
2.693342954772854458e+00
9.317270360099493942e+00
6.680495206211133352e-01
3.351518080861736089e-03
3.652931439613608315e-04
1.461725106360632685e-04
2.580879793953107056e-05
4.041172229146513173e-04
4.324034414265435361e-03
8.286089155961666730e-01
2.555538335993245092e+00
6.442704826371299376e-01
8.347886792222699581e-01
3.191537508244087218e-01
5.992053397810983562e-01
2.887125103581017482e-01
2.063200453697797976e-01
1.036893452668989024e+00
4.054945957715854199e+00
3.006436430876147092e+00
9.909201793497610100e-02
8.968114748246448428e-04
4.138000189613352575e-05
1.643299576499430268e-05
3.044442052636215442e-05
2.463140870085248589e-03
9.243343465141908716e-03
3.470052158155178534e-01
7.796725382877626176e-01
3.100825606336142237e-01
1.355345456219752887e+00
2.474815726692690954e-01
1.773064677302906289e-01
8.522909849444778585e-01
4.675594118257929033e+00
2.123628271167607995e+00
9.499282729213974763e-01
9.189078905607765968e-01
7.827771238392506117e-03
2.816620928453428382e-05
6.379183245142576764e-06
2.082984750610303328e-05
1.180301992370150221e-04
3.236739364330049051e-02
7.978721410995902596e-01
1.108520642365597997e+00
8.184990350508632995e-01
1.091861149774706385e+00
2.077500779762622596e+00
1.245161431611412350e+00
1.389527211322744371e+00
1.553653619236327055e+00
1.883164185357251164e+00
4.273105938505024348e-02
3.300879635493430067e-03
1.750800598173173420e-02
1.158997877341865542e-03
1.241477564793028060e-05
8.819009799862188319e-06
6.259179795708399204e-05
3.364392660980333738e-04
6.423287208590340927e-04
1.117539023549362742e+00
3.813317286975928866e+00
1.265816857436947940e+00
3.760929971200387634e+00
2.139289627173852182e+00
7.944401955756175138e-01
1.300074809286377420e+00
7.534411182946120222e-01
5.295809234938615023e-02
7.311528014220252010e-05
2.080621623318573131e-06
3.190423768938011203e-05
1.127594221523696839e-04
4.606410621520641449e-05
7.360303218620180342e-05
2.712501037575484040e-04
7.432647039678113351e-04
