7.208583628375273935e-06
2.540107234690736418e-02
1.006517340435249075e+01
4.768619218634660761e+00
2.226419298141034453e+00
8.601211431087553150e-01
5.165571221342474262e-02
2.546092900318352656e-03
1.250031742619342945e-03
6.359481076534165452e-03
1.413251350712417575e-03
5.578124775537522987e-05
4.180685880512943750e-06
5.116652188388300083e-07
4.734246684821261831e-07
3.405069566805710601e-06
5.434042817065471852e-05
4.793176702227510419e-04
4.812432588431159544e-04
1.009333012698671483e+00
1.078304955734436454e+01
3.500027342700173349e+00
5.621930805225132666e+00
1.489089847568397240e-01
2.683738633754973943e-02
8.188959126430765956e-01
2.263054440712404691e+00
7.516062194734977053e-01
9.247168728907542712e-02
1.108238166562311271e-02
5.560090421955104275e-04
5.625772828217008674e-06
9.952184386891799789e-08
3.885530938647077506e-08
8.303797931167897416e-07
5.552989537272565206e-05
2.082125971374220065e-05
1.577835244725329716e-03
6.488113431890384086e-02
7.191676969473944636e-01
8.373007714523136857e-02
1.122459684762312759e-05
5.842967771837770520e-06
4.223070965281949807e-02
1.873845580339720263e+00
2.028435876511302638e+00
2.266477084637578354e+00
6.295374582311671352e-01
1.401699714566920496e-01
1.070824889334211563e-02
4.132677333262640783e-05
1.812414177649340459e-07
1.365623902417027184e-07
7.046538294104934251e-06
3.080089896250411250e-07
6.149877516940664338e-06
4.638867673137415243e-03
1.906646503562892669e-01
7.138576270586622979e-04
1.476535360689688678e-08
7.999552309047637079e-09
4.621214891541070062e-05
5.888926360037325530e-03
1.322872920842612099e-01
3.538814261020817753e+00
2.485984405270305952e+00
9.617122117706355944e-01
7.331805666615617278e-01
1.393271085574206980e-01
7.291776836814239894e-04
4.127425833469272002e-06
5.367777059005416338e-06
8.141259519223994150e-06
3.026423793318645892e-03
1.078448782365667880e+00
7.586749009172909508e-01
2.347069581139000442e-03
1.130697013803147850e-06
3.587712135798344274e-07
3.376736996114604295e-04
1.969647832406384858e-02
1.720514097431513970e-02
1.073033188015050654e-01
2.919236771011808340e+00
4.688295625670873434e+00
5.817016289967120724e-01
6.582916476935922745e-01
3.737545625982218594e-02
4.502579085799406631e-05
6.694927840886266067e-06
4.648622147883333549e-05
2.371538926583067683e-02
7.993264739978581668e-01
1.901599435188476295e-01
5.280287665872360203e-02
9.485587612800817870e-04
4.150818514197529438e-05
1.536897164444890954e-02
8.962138394070267022e-01
1.954168007542752498e-03
2.832353580556045558e-05
6.073947311785458242e-03
2.122740399945721723e+00
1.723075931257585403e+00
1.531564575825936081e-01
1.048430863300945422e-03
4.490974599611629514e-06
4.190840169672897468e-06
3.307612073971977466e-07
2.279894553757325735e-05
1.357453445747749260e-02
2.853885898496665297e-01
6.729656818817211228e-01
1.205382474249920913e-02
5.380868044776964656e-05
2.118219598682306165e-03
3.392738214932904811e-02
7.358702634860456278e-06
3.495405751306077985e-09
1.013837235016031084e-07
1.646886138340232465e-03
2.024539879060876846e+00
1.006588853249375415e+00
8.235383991969841321e-04
3.985744920460143145e-06
8.634836208864437730e-06
1.555257437186853865e-07
3.020705124834939959e-05
1.986029091076269570e-01
1.341931179588466971e+00
3.848143998180528769e-01
1.008720516552319424e-01
5.917681109740771314e-03
3.399152346928104029e-02
8.392381865447372594e-03
3.418909861538080306e-07
1.648114612377353600e-10
3.137330660972797596e-10
6.979737685162606050e-07
2.272851088161844182e-02
9.326947976841153398e-01
3.406806847848997243e-03
1.216951237307157598e-05
1.481948473543238443e-05
9.924617036118844852e-06
6.460640527287615613e-03
3.788272734617275983e+00
5.061382824667266522e-01
8.505072830626581037e-02
3.978079272553248225e-01
2.358888898860224126e-01
7.585366440127224719e-01
4.266657099940836251e-02
4.108469804055746493e-06
6.319676393927358510e-09
2.048816144399198926e-09
1.461826553562145695e-07
5.342012063037773284e-04
1.464593501806343498e-02
5.305836025684756649e-05
2.750398622782365412e-07
1.214002012622445799e-06
1.981580519004941130e-06
1.962754119255752882e-04
9.647703537579020716e-02
7.044116436511663748e-01
8.274030139043704324e-01
4.707369459725809224e-01
8.016495649989417716e-02
3.935270202914775695e-02
1.369081432530912940e-02
1.074967707966316671e-03
1.234018062671259765e-05
2.419360562419864551e-07
2.417539453648818352e-06
3.688065999928464168e-03
4.463147938100495149e-02
5.963939624623968024e-05
9.737112902619729667e-08
2.736432535463290531e-07
6.594248233833715194e-09
1.517766874571638509e-07
1.487463492904891665e-04
6.169323677462636851e-02
1.214016701452095726e+00
1.602780284713001047e+00
8.293258712929525434e-01
2.710817703695151543e-02
1.893486398651824179e-02
9.739620263611165063e-01
1.828591759381113790e-02
2.232824286625122850e-06
8.903502332375073767e-07
1.590756572286943556e-03
8.273137023110538335e-01
9.951761043055905309e-02
1.230779239430189909e-04
6.577077500061935268e-06
4.580441686379233420e-09
1.360746943926842003e-05
1.278597292581479597e-02
8.703314126844212406e-02
6.764946729348642052e-01
2.551608220359387058e+00
1.925854456429911377e+00
2.498307863918558525e-02
8.970264853573235025e-03
9.251416661084060911e-01
1.473594153713058547e-02
3.591379617133102019e-07
2.144960037150799393e-08
2.052922850623822607e-05
2.017319168959631204e-01
2.805147508221573993e+00
1.201810632953160748e-02
6.262069920073590440e-05
1.527797758182329006e-07
7.433063893752440976e-02
3.977524017268399348e+01
1.158313523348273755e+00
9.779591949564322428e-01
1.781567536487945969e+00
9.539392828684895020e-01
1.018453847482236052e-01
6.015549395203920180e-03
1.084643713007992991e-02
8.382904066069876616e-04
6.700928007587959166e-07
1.158998095482171216e-07
1.573496508195873099e-04
9.543075592310198418e-01
2.127921350921087473e+00
2.635679742599001969e-03
1.745443615780676997e-05
2.263058369980528095e-07
7.911361480850886887e-04
1.617189770200848711e-02
2.222715619441626139e-03
1.382072712428147367e-02
2.508028103631325736e-02
1.145458330001603575e-01
7.768345182665961079e-01
3.131917443666854678e-02
1.940841026374664005e-02
6.318004250677260181e-02
1.694801132327327980e-04
8.445224239713777505e-07
2.060203289822462396e-04
1.781599784218388383e+00
2.000552249901160096e+00
1.196281217831285555e-03
1.074497806153218103e-05
4.795061301214652137e-08
5.314240547123737721e-08
5.263690676514036717e-07
2.130772256600813258e-04
2.898596538970232839e-02
1.135460769742640229e-02
5.710026833930920837e-02
7.396949492791443648e-02
3.049371756134585331e-04
1.584538238379765932e-03
7.874382600545508648e-01
7.194731126074369910e-03
7.318102933506809481e-07
1.611079202084165878e-05
4.627272657680915890e-01
1.856539334507397054e+00
1.169299214754383927e-03
8.259620110844341899e-06
1.226143418534811525e-07
4.927665684702586790e-08
9.571428820169178208e-06
1.894104256758206428e-01
2.651443344815486824e+00
1.548293704238513924e-01
7.807152024135453061e-01
3.083243470759864172e-02
1.465354382386877016e-05
9.012898494339476290e-05
1.932291096259710350e-01
1.037125474110424661e-01
8.804875892115121832e-05
5.022487702249348908e-04
1.372724266344175881e+00
2.228817141230557297e+00
1.984983183425808456e-03
1.047433160091786702e-05
7.086235002375616482e-06
2.104389577063322142e-05
9.293560148998913223e-04
6.710747110801091875e-01
3.875930223488649462e-01
6.609653669078847070e-03
1.728107911843048544e-02
1.241043428958840331e-02
8.439657339669734762e-03
7.702841326970226443e-02
8.633362319116200112e-01
6.993294505860462307e-01
2.521680476953607267e-02
1.261387698620146103e-01
2.519510077349909949e+00
7.911002477728100724e-01
1.699557402776145573e-02
2.320107772816676556e-04
3.666324972120788266e-03
2.490900943501608497e-02
6.939511120592582565e-03
3.463435197380699826e-01
6.621574031339613198e-01
6.823773489861490772e-04
3.415915110046763578e-06
1.796275286610053530e-05
5.523977769680930155e-02
1.605544324697927960e+00
3.343045200319982868e-01
2.106251705325576928e-01
1.459151564932062717e-01
5.549143508135820468e+00
2.888904452586006144e+00
1.425561959566562682e-02
1.893926073685800503e-03
5.469386415524568439e-04
4.209986260512543765e-02
8.385904161643072952e-01
8.353064701040542606e-02
7.217429497627657620e-01
1.689492448763108834e-01
6.910982706762804134e-06
2.574122840335171966e-09
8.153402155621621943e-08
6.661970465062147344e-03
2.763921210214655977e-01
6.383623729025292293e-02
2.767340875305256409e-01
3.985229473363044450e-01
3.092331619464980808e+00
7.181908495870410747e-02
7.407875636284727554e-06
7.711484756946211146e-07
1.177165161659653494e-05
3.289959865562136791e-04
2.885043639906890306e-02
8.083036752765646038e-02
2.172265224308689638e-02
1.279718332228544366e-05
1.116018147388443846e-09
8.178113427437325938e-11
1.321006037497812717e-07
2.908126918152668591e-02
6.706296400632782984e-01
3.944257788126973724e-02
3.958824444597514591e-01
2.824260666152150989e+00
3.825999896785904131e+00
1.232080282173458191e-01
2.403617947321762385e-05
2.385789971908983804e-07
1.929886959097150614e-06
1.008230023284121384e-05
8.411862818687547427e-03
9.724134585534166542e-01
8.935608529279170237e-03
1.610692650550918497e-07
2.900637269168553372e-10
2.451846029140072095e-10
4.256410137557640623e-08
6.136513114949979780e-04
9.796594036884953560e-02
1.243027911234142607e-01
1.803797611043741922e+00
6.027848547120282063e+00
2.153961194792755940e+00
1.763502102483776257e+00
2.452363165925936644e-02
4.456754681107149494e-05
1.178475551724645240e-05
2.850937830466765955e-05
1.373200128475957245e-02
1.880350430319609467e+00
1.402444844423660596e-02
2.862975998251489925e-06
2.128251903600682821e-07
3.429968120569231324e-08
4.078655255855314879e-08
2.794767988971672232e-05
4.275570809410752376e-02
1.795896135213296052e+00
3.104843235615775576e+00
8.604940669476001114e-01
1.654338446098989335e-01
5.843566589472117684e-02
2.468582931271854318e-03
4.052007584561555974e-05
2.526270642857904146e-05
4.970049158960642864e-04
1.170981409839089507e-02
1.224855016148589382e-01
1.034684356123653781e-02
4.728155234718568636e-04
1.505691985503419296e-03
2.946423048929989932e-04
2.471588528604930918e-04
3.920533754104076757e-02
1.934022111211009420e+00
2.105375736310654222e+00
6.136907949151516189e-02
6.086176188090411387e-02
7.957443660728138468e-01
2.119004272063743088e-02
2.315670244953414112e-05
2.161361649341630277e-06
1.900163249001666984e-05
1.675048044631291880e-02
8.865703273129041939e-01
4.144225168430263118e+00
1.629715387589835807e+00
4.400554319005003379e-01
1.582927994021003704e+00
1.253675770962775715e+00
9.723713017230117828e-01
1.804260156484291500e+00
1.221775110637945527e+00
8.016701953176716966e-01
1.122883554469043983e-02
2.056366178468486093e-03
4.657005045033959373e-02
3.169570200254946332e-03
7.001245306824355977e-06
2.421720004298086323e-06
3.918226283251842305e-05
7.818844846836344245e-03
2.041405033094299881e+00
1.288320049063409733e+01
1.227695409487183653e+01
3.615723829805494116e+00
2.405480968539297049e+00
3.689863366067170691e+00
1.408899834179273003e-01
3.502678420030304763e-04
1.372493285671836738e-04
1.613119150896522025e-02
5.726759249731939658e-03
3.152887565357550837e-05
1.201234727664187408e-05
1.086535894818469970e-05
5.096784825363242842e-06
1.658750558460116124e-05
1.563137126852570202e-04
