2.826793199581794513e-06
1.703386744756840935e-06
4.621684532398296437e-06
6.196856197265776220e-06
2.151839834448820270e-08
3.264154618701712368e-10
3.982559598308319099e-09
1.146706195660008116e-07
1.013845612154262282e-06
2.783418557420549084e-06
2.037795796683895030e-06
1.876466830788437652e-06
3.851393357539585002e-06
1.478716276451853884e-05
6.251242415080848389e-05
1.358431317887280089e-04
1.714837164041277775e-04
2.505194779953352530e-04
7.247782269856437899e-03
4.728246610964520480e-02
2.575000136411345966e-02
1.072026117664469369e-02
4.533720790953992591e-06
7.561456373290517265e-09
5.525102293947590292e-08
8.276383010744212107e-07
5.569013626274139296e-06
9.668817578134968448e-06
5.227686041228576519e-06
7.374841172174502291e-06
4.622724194792418068e-06
2.675995627499270653e-06
9.008312819347886409e-06
4.001696990242919517e-05
7.813937767249110511e-05
1.365293012753823342e-04
3.550023750353567542e-02
7.410958019970254052e-01
1.216232496794362739e-01
6.846151963731997858e-01
2.015499630844840295e-01
6.555492864459834881e-03
1.052901810109129269e-02
1.502644035515765530e-02
1.953613077686069607e-02
5.021467663447452302e-03
3.215239627066456430e-03
2.891231686599844003e-02
1.746487738374345733e-03
7.332329648295645898e-06
2.840926802110292804e-06
1.681615755538346316e-05
5.350306570044984725e-05
1.110823642016789110e-04
1.894896463945909711e-04
1.755528635261718040e-01
1.650358544919635073e-01
3.019149081970418647e-01
1.690798733678489318e+00
1.118207366095112842e+00
1.608803288656638353e+00
1.313481033230807782e+00
7.419005545560150017e-01
3.564702257583731576e-02
2.084946165936460080e-02
8.897837461861080044e-01
3.079292791841711438e-02
1.457447624123702826e-05
2.143099094549559809e-06
1.513147855531674555e-05
5.969531657772889928e-05
1.259938399698663108e-04
1.981037551941187985e-05
9.046918048794220235e-01
1.472017659644178966e+00
4.699420625003838774e-03
2.126939284314384535e-03
3.597734876373834961e-02
5.907988584312922065e-01
5.215170576362763155e-01
3.009920527633200837e-01
2.473964215421917134e-02
4.705115514184763509e-03
8.143426889288664025e-03
1.048395081946083064e-04
7.247717297461881389e-07
1.503447582643054175e-06
2.505869186681054979e-05
9.619136060488044343e-05
1.704584619721633367e-04
8.298193855623378667e-05
1.149308598080764021e+00
5.206281797435700076e-01
7.824357789551093442e-04
1.474292236997234865e-03
1.821570400404993462e-01
2.969937184788914664e+00
1.749319425766439506e+00
1.715438040400926178e+00
7.540770697644634257e-01
2.096185215889336262e-01
4.793444763633373552e-03
1.398530494605538887e-06
3.330368731900197935e-08
8.189576034971870148e-07
3.472617605972432090e-05
1.406129392707781273e-04
2.221672004800695325e-04
7.565117487648800355e-04
8.382125646136414643e-01
2.355955681536407553e+00
3.524675747925027358e-01
6.158482860692393590e-01
2.124801874611242258e+00
1.652127893339366604e+00
7.287660349926119441e-01
1.740931871901987726e+00
1.760086175464115499e+00
1.323095927828947582e+00
7.874531808405625666e-02
2.165498044387993899e-05
1.203333088296760793e-07
7.652913094596603516e-07
2.226805051606882052e-05
1.113591906339263173e-04
2.225773976703527364e-04
4.445720926763993899e-03
2.194483028322288531e-01
1.492690907976667702e+00
2.737990703146447213e+00
1.184522164326723859e+00
1.944518254905649668e+00
6.246626678554344503e-01
3.705086458977312203e-02
2.489095447580951803e-01
2.423722262633333013e+00
1.661108923062940335e+00
1.003657198632330827e+00
6.740342033281197104e-03
9.210752724618682184e-06
1.807469747286566182e-06
7.178978380102666461e-06
3.340625209092742260e-05
1.264555950981090910e-04
2.435057884654092536e-02
6.563960741274081911e-01
8.928341832639772324e-01
7.660144624521251222e-01
4.349107654223871022e-01
7.409925749643468951e-01
1.543550188074892249e-01
1.192846199904232761e-02
1.434489392350490333e-01
1.857173323052408564e+00
1.831610581407248084e+00
1.682136804908283434e+00
2.896952641706053086e-02
2.334790574830616916e-04
2.040655092507492955e-05
3.238303208237822893e-06
3.962734980994246878e-06
3.034979989791120362e-05
1.359613401099194570e-04
1.704380856518455112e-01
1.296709381623230017e+00
9.835696124810484609e-01
1.732954602822206258e+00
9.808858571862782982e-01
4.267015459274800526e-01
6.439359767774112120e-01
1.017840692948643433e+00
1.626776939206798778e-01
2.185040559305808927e-01
2.935302049756409182e-01
1.089919438115765499e-02
1.333434911758406630e-02
3.323134819768783828e-03
7.583380760271805863e-06
8.120227469706471851e-07
6.537010916014233167e-06
6.732347258233466483e-09
4.564097841258933533e-04
3.396610421818023751e-01
5.646119193665506408e-01
7.882594029215299614e-01
2.806172287302926005e-01
2.750154233764767198e-01
5.180019746853598006e-01
6.230352769062093010e-01
1.658689575654219150e-01
5.927627726128505969e-01
1.620743421742545154e+00
2.400125543530848282e-01
7.863488816449247798e-01
5.147439161769083033e-02
5.842072652677577911e-05
8.354682090171086114e-06
1.774345681326893335e-05
3.269446697062597684e-10
3.819734208215513492e-04
2.624429295145430441e+00
1.459818541429072969e+00
1.051475784381604273e+00
2.869330800041323681e-01
7.755502651380262458e-02
5.283428990633909361e-02
2.290114517748865763e-01
7.685912453485740370e-01
2.580129121275284376e+00
4.198411293349903595e+00
8.808902659937331014e-01
7.006577031693314583e-02
1.082277219761192946e-03
7.122760280205753030e-04
9.859887297551814256e-03
1.428836934646205000e-03
1.395903108607045991e-08
7.327979932945799524e-02
1.763320367551312131e+02
3.709353007523563672e+00
2.583308400464654486e+00
4.852221390804049683e+00
1.893487678627723270e+00
1.999258201997082818e+00
2.696615331063181298e+00
3.162296722686900985e+00
3.507760997158873462e+00
1.795445923374563213e+00
1.097887513874257426e+00
1.281807152661467580e-02
6.668983121011042351e-05
4.025211153933121351e-03
9.424567576720990214e-01
1.895951579863770081e-02
1.995620625849785198e-08
2.568816798656881322e-03
9.191584698386032315e+00
2.803920684087948256e+00
3.304257710352973554e+00
2.182737339986178693e+00
4.866287555963090539e-02
9.465955185116428985e-03
6.578071761179410393e-02
1.376515335201615509e+00
1.939566699719053489e+00
5.210366186002771682e-01
1.713764833887766237e+00
3.285720442019961218e-02
3.552893496415917001e-05
2.732468371144975588e-04
1.673131015099240879e-02
1.068660686945894838e-03
2.039839446246933340e-08
1.589251969897087253e-05
6.966762321143631087e-02
8.057489814606478840e-01
1.783422307081589109e+00
8.156126331741672120e-01
3.469698077016084817e-04
5.395157194906060738e-07
9.215379443597319302e-05
4.667197883528088620e-01
3.078375064807730599e+00
7.343175641000123655e-01
1.002234400271923981e-01
9.412513377779213196e-05
1.431300736792307824e-07
6.356275234765027215e-07
2.415068663747251096e-05
3.479365446794991735e-05
3.147504408599976561e-06
1.356961589760124045e-03
8.858779228521753701e-01
4.303797952137433658e-01
8.389292064538632354e-02
1.170246713004887695e+00
1.900586719874476291e-02
1.663563365044277409e-05
9.116812523142385277e-04
5.697721615688621233e-01
1.906712300145565475e+00
1.078799359802305347e+00
5.308149264334135163e-03
1.604107574970781466e-07
7.442848033245001119e-10
2.119121628697364120e-08
3.098009862265241394e-06
3.896922793689184698e-05
1.073438327833076513e-04
9.070642779757730895e-03
9.856484993802028249e-01
1.412029281299527206e+00
1.738107868163323855e-01
8.158655412596782508e-01
7.450088094087397028e-01
2.531594101635353256e-01
1.938606535429424182e+00
2.281614717735874542e+00
1.414023126220102178e+00
1.739220695014580764e+00
9.155954897227298883e-02
1.969805419972938082e-05
1.835157705325027337e-08
6.318997197165039262e-08
7.597583171024424139e-06
1.626096362528674233e-04
4.190308566072898852e-03
2.531013598733486414e-02
1.010802755534802172e-01
1.670876294334823431e+00
1.618647625928542499e+00
3.220281351038736251e-01
1.575392219937621352e-01
1.831684673992115320e+00
3.861482886221543787e+00
8.682786442644232494e-01
1.325473401227375669e+00
4.533218441348429995e-01
7.553036403646773422e-01
4.562618304407779768e-02
1.238883341652193234e-05
7.561393248908335266e-07
1.590861310134104555e-05
2.591998358118432350e-04
3.339428280778614089e-02
1.794067482693799231e+00
1.143567458389554314e+00
1.072616563129102918e+00
1.555437017343562545e+00
1.510217411149760824e+00
1.135393977024259815e+00
3.078197408744432817e+00
1.914165118221070161e+00
2.804195761307606283e+00
1.072818184205839298e+00
1.381576601753519004e-03
1.274205701731165189e-03
1.003818463227809134e-02
7.377857984806386214e-05
3.477971258587559351e-06
2.216412340523786823e-05
2.084736905714122093e-04
5.714669423736019031e-05
9.618786084508718082e-02
9.661796635280517354e-01
6.018164031500736755e-01
9.873817948434240321e-01
1.046818979639357217e+00
1.855237917936785941e+00
4.030399715610755607e+00
1.075594448311421036e+00
9.351087748439097513e-01
1.760043310587617107e-02
1.839439796218212483e-06
7.114533133572128872e-07
3.755666577391054110e-05
2.316385066795498659e-05
9.358136320925821263e-06
3.434760694862607150e-05
1.678762603084960482e-04
7.891122167542649939e-07
1.062750372337273319e-02
1.943662257031367746e+00
1.714093588892764197e+00
1.570105372916746456e+00
2.964374443742456289e-01
2.032817449837474866e-01
6.935162304297112223e-01
2.052818381784181079e-01
8.718392100864702163e-03
1.921329973504226770e-05
5.796254735353388904e-08
1.682891799569854933e-07
8.002339541654657145e-06
2.470097728521609504e-05
2.611666770672951531e-05
5.298080515363657038e-05
1.526849840276472254e-04
2.015293707555952764e-06
1.082353506302113043e-02
2.859447294744795975e+00
4.482135365270832894e-01
1.623120337082133713e-01
8.560247050734181018e-01
7.664917390544296882e-01
3.174756362498055706e-01
7.446457235225081295e-01
2.847175138769358904e-02
8.335004371556960272e-06
1.595797604299493512e-07
1.600848400214841024e-06
2.894570089734748328e-05
5.764461432734107845e-05
4.802174815205023314e-05
6.121292757342945213e-05
1.406192523447174450e-04
2.788636408529530914e-07
3.012923433252324011e-05
1.163988694987277278e-01
6.381051356098598193e-01
3.433358986249009093e-02
4.389821007812030884e-02
9.972217884847469835e-03
6.333208287929683244e-04
1.462690585401721539e-02
1.621408924044227123e-02
2.837768245470052535e-05
1.722839789640089315e-06
1.317353800566850960e-05
7.601412758476230218e-05
7.825773385956272428e-05
5.091779720034301848e-05
5.760563742339777117e-05
1.310424592510029459e-04
3.371477626897792220e-08
3.363455369058528315e-08
1.836597585903360530e-04
6.897888955523227839e-02
1.603649448988180362e-03
1.614135963613738860e-05
8.928699387734499915e-07
2.098989222299553904e-07
7.326901245800190609e-06
7.804653139412994324e-05
1.347329264294580675e-05
9.748742275663134130e-06
4.928148787868808314e-05
1.131698876350451779e-04
8.460961944710883060e-05
5.715551306440055273e-05
6.893998187252843091e-05
1.553136691876838039e-04
3.477575492495154597e-07
1.276799890974222577e-08
2.017167956483526111e-07
8.991840613525328856e-06
2.203140239068365392e-06
1.624507333153403218e-07
9.416956788331947455e-08
2.083698735775493571e-07
2.293218478492749375e-06
1.580161176988626525e-05
2.797707402316027862e-05
6.436797237491073589e-05
1.664066288601491136e-04
2.051054316097265784e-04
1.476423466215326039e-04
1.170326877096517990e-04
1.471434510959421184e-04
2.856421950693600388e-04
