1.841127416466163914e-07
2.052147676100943103e-08
4.628181603423176427e-05
3.171014886450715387e-02
3.586284763306357270e-03
3.468833259733189109e-03
2.773816188077660866e-02
2.239008902112960843e-04
5.033584253702670920e-07
1.068683342293214050e-05
2.436359037455237964e-02
1.765380224648790963e-02
4.225821808913252212e-05
7.215118593714223014e-06
5.656750808402149280e-05
2.715609915331621709e-04
5.249702204656367778e-04
1.158772895329873579e-03
1.470412775863844014e-06
1.497993732259895394e-05
1.675832632987298287e-01
7.456847777343148520e-01
7.052053072992057678e-03
1.028587757621494403e-01
7.960842950576149102e-01
3.300037928127824011e-02
1.014415475521619064e-02
1.526619784070665509e-01
7.802982652895870119e-01
1.460696426010960926e-03
3.448716265706219686e-07
2.127375380386434170e-07
9.481783308979224736e-06
5.832557811355777282e-05
1.143242604642461034e-04
4.453182160851165369e-04
5.114153119375314764e-07
3.537788267351745143e-05
6.525121563170063199e-01
3.993824346005021009e-01
1.114518460077761237e-02
9.216472480244989329e-01
1.164410599833131554e+00
1.570662488084999808e-01
7.776109426405345415e-01
1.795515569492405206e+00
3.328179554341369473e-01
5.604637896729483190e-04
8.956188315613312389e-07
2.684866934266147945e-06
5.736778345030607595e-05
1.832610864235907630e-05
6.791511258881232831e-06
6.037254214624800390e-05
1.084670623056895065e-07
1.489066035400062381e-05
5.358955832934440000e-01
4.226218805266493739e+00
6.153050222142711911e-01
3.266790899228465328e+00
1.412711401815366807e+00
4.866935384702358869e-01
4.150119137818424342e-01
2.766081943496281892e-01
1.529886463404313224e+00
1.075810256077927018e+00
3.313587050536001555e-02
1.323633635867621158e-02
3.193643596232963958e-03
6.414983885465064583e-06
1.075137856286991209e-07
1.572519891773364828e-06
7.735326597548152394e-06
4.406508405353642965e-03
1.588530187447754205e+00
1.554656356486634028e+00
1.446750224995367651e+00
2.778504475200128443e+00
1.779374073466223560e+00
2.165715656028428082e+00
9.198365952173896964e-01
3.350997293015468559e-01
1.868368080745337112e+00
8.511695835149142297e+00
4.173516298472931929e+00
7.762670019896840135e-01
3.859991329916430403e-02
6.416041066726796871e-05
1.595012235544572141e-07
2.806544036301924060e-07
9.815956044181871950e-05
3.646612531354763431e-02
4.262387766273495471e-02
7.926015385100012222e-04
1.200708252327653894e-02
7.691964517403925283e-01
1.572702923683352738e+00
2.411888659995074846e+00
2.694187342524052564e+00
1.934589882766498459e+00
9.799611328633760499e-01
6.360313731416724625e-01
3.774692430123266718e+00
4.444982773337511794e+00
8.455656857588406128e-01
1.035905786063133216e-01
5.457091944111413899e-04
9.929778297996152817e-06
2.332894317369724551e-05
6.117279705682513065e-03
2.012285055900558256e-02
5.174396972486526987e-05
6.164281705023804444e-05
3.240833573621799274e-02
6.319547974386910960e-01
6.158342886581157360e-01
9.884883214742400392e-01
4.564903450235648918e+00
3.282055063517832938e+00
1.175152072563624861e+00
4.451490495126084745e+00
8.914958015070595820e+00
1.963345686711627902e+00
8.134056359788941482e-01
3.008109240822974539e-02
1.671136487335608053e-04
1.015182028149535686e-06
4.437291427762639763e-04
8.829197056440319935e-01
2.098086328973677861e-02
8.482143120477932249e-04
1.527946672147506291e-01
1.305908404621210606e+00
2.171867599978302976e-01
2.542126656407570628e-01
3.220263522140847545e+00
4.078707308053941993e+00
2.289364792860392406e+00
1.283171488660727722e+00
4.431276293732230975e+00
1.637767396235578099e+00
6.662854091015887707e-03
5.411857754433528568e-05
4.069325859212335110e-06
2.848207233763686156e-09
3.042985495065656412e-07
1.646321602440366516e-01
1.869841900468010687e+00
2.016489576803749684e-01
1.499119707974194915e+00
8.277054090140936182e-01
7.055251224698678714e-01
1.124228134842076177e+00
3.042835470972349743e+00
2.723259932922810655e+00
2.992614876696668702e+00
1.074534435206891292e+00
4.506324633004068936e+00
5.165091005759843590e+00
1.966247148119319721e-03
2.858620310892941521e-06
3.844220534125477475e-07
3.431600858132416867e-11
9.492187541769090635e-10
1.009541894402240722e-03
6.996346807163512649e-01
1.447938437701167258e+00
1.727330145497463443e+00
2.500178526056872075e-01
1.146295754054053706e+00
1.794487174831344234e+00
1.330195009968666353e+00
2.690647475794035071e+00
4.904359681157622219e+00
9.523180174407982479e-01
5.410562919500038204e-01
2.728812856306280121e+00
2.291764569210985869e-01
8.686684016553949256e-03
2.045989537426421627e-04
3.565187901782667275e-11
2.816692885023909624e-08
1.374119850408454845e-03
2.116846048284364568e-01
1.831602896046958140e+00
2.687491405179319948e+00
4.325572719618075435e-01
2.285100424099914540e-01
5.408996111318473687e-01
6.754031737378887179e-01
1.072308648702793965e+00
3.178089761799283153e+00
1.954710113108558023e+00
5.335816914584488035e-01
2.283397572542685605e+00
1.708604193762267354e+00
7.404211031571052981e-01
1.095937952559452727e-01
3.199708918036109913e-10
1.217017769606084732e-03
3.117864107140738028e+00
1.639810112006232501e+00
2.231516849194136398e+00
1.542988741568699584e+00
1.977885620578232695e+00
5.455670986818863533e-01
1.982970417070258673e+00
2.395689811199869901e+00
1.093727846715587315e+00
2.883656509917008837e+00
4.893351607753464450e+00
1.646113629129773992e+00
2.489371843584461175e+00
4.815842910210677008e-01
3.683843829449403584e-01
8.391892322239392632e-01
2.569322409496593966e-10
1.561368154725935042e-01
2.472876771396198308e+02
7.410620518207669427e+00
5.295551279586965698e+00
2.099942489182363037e+00
4.559570999259769941e+00
1.616863951375441477e+00
5.794610652556091424e+00
5.938123828240638780e+00
2.571830642809186163e+00
5.079084726809763417e+00
5.402811711301239050e+00
2.903052613317229191e+00
1.013850732545031441e+01
5.683279602317225176e+00
2.563038504240407800e+00
1.419998942600456393e-01
6.997899255787766944e-11
1.370194500714389798e-03
1.121215100945700271e+01
3.311634627408750475e+00
3.959668556735858935e+00
2.593038943032032417e+00
1.632097887392828683e+00
4.392773458923717178e-01
1.204883488117951540e+00
8.636279808870452879e-01
7.653062553581337912e-01
1.695201437729616289e+00
7.281872453091446928e-01
8.096385828120297168e-01
5.354127309441691018e+00
2.692668379975152071e+00
7.769215889004368880e-02
4.761674542309681023e-05
4.723987202799100897e-10
4.551700509400139741e-05
2.028663324721394101e+00
5.410255329040530192e+00
2.205091943830030488e+00
1.421397408576879906e+00
3.138765969166095737e-01
2.699009947890798622e-01
1.329981363628939706e+00
5.745221539894665996e-01
1.742797041401470404e+00
1.079334809098113901e+01
1.861104156710603252e+00
8.547738809412148697e-01
6.673069338056139443e+00
4.410945978935552958e+00
9.382421037822056414e-03
1.167156208674687987e-06
2.292737916964013808e-09
8.222304431537635224e-06
7.023522580027872220e-01
5.805276052127899433e+00
2.706996798234950763e+00
4.455908266805374218e+00
9.910243320816979340e-01
7.415270907533617617e-01
2.330138595479545049e+00
7.532345854680836394e-01
1.112605803307233021e+00
5.110417237859833151e+00
2.164026915761398495e+00
9.520522910229413105e-01
5.670840512338366501e+00
1.230058294534121410e+00
4.602977612354234660e-04
6.852848059965734037e-07
5.882229068647149873e-07
1.037309193585743070e-04
6.208983334780415753e-01
2.800446846452421479e+00
1.756556027429139188e+00
1.209253761659797366e+00
9.256879883834668865e-01
1.401260150607204880e+00
3.602958264997918381e+00
3.412243468853805251e+00
2.668265447939092372e+00
2.248475442300156946e+00
1.645597483486743728e+00
3.281627874407403223e+00
5.105218464302984316e+00
6.795689587490679091e-03
3.041952173411058835e-07
4.654179385111173282e-08
3.475696522623941687e-02
7.168011475310635816e-02
1.035663621133907419e+00
5.103993042719348061e-01
8.600845102402624454e-01
1.241559316646597411e-01
1.334400969251493818e-01
2.824122293795202632e-01
7.625970039209594153e-01
3.193259802285774995e+00
5.369592006825606667e+00
1.960520826278001394e+00
8.331080567527189285e-01
3.147514721190445730e+00
1.583687002510043351e+00
3.928649301689030949e-04
5.837263087388672775e-08
1.108346778592194013e-07
8.027343235031709767e-01
1.672917987678805563e-01
5.896149076290732038e-01
1.919390848980237485e-01
1.387169060055876590e+00
5.592160188402580667e-01
1.080511958646654502e+00
7.287689186059487234e-01
1.151992685732668775e+00
7.807846199701811152e+00
2.353036245666162873e+00
7.309199530264093303e-01
1.823227000168820666e+00
3.369580208826748802e+00
1.722401037447804262e+00
2.280361914293697889e-02
5.006840461767630079e-05
1.754948581919248631e-05
1.560991137984739929e-01
7.331579046022032586e-02
2.031897857369756366e+00
3.223111693161171964e-01
8.319385713862147425e-01
4.639460232174326682e-01
8.426767140678855794e-01
1.961302206660658243e+00
3.564701040895296380e+00
3.220918847473449809e+00
2.141034864304064700e-01
8.843737591744473825e-01
1.162673048214453964e+01
1.903793938394664265e+00
2.062693214778517081e+00
9.496413058855637246e-01
3.660600182813639192e-03
1.800527883755066857e-04
8.229725033476135154e-01
9.304001233572078977e-02
5.473422322303370668e-01
1.379879679354915206e-02
3.658812746230286073e-02
4.296609927283805419e-01
6.068670239550746359e-01
1.520913573871633950e+00
2.921522442748433868e+00
4.508678374703257163e-01
1.112503961498534644e-01
2.173714394085350055e+00
2.944085086034022858e+00
5.281904602517166758e-01
1.892629092295052162e+00
6.210409817565414742e-02
4.760325552729472907e-05
1.261007274624337692e-05
4.412382220672421418e-02
2.230696824286242455e-02
5.583551733413470997e-01
3.968741793085395556e-03
4.272775854299358609e-04
2.750488829551821501e-01
4.674508263772013450e+00
3.685569654486245406e-01
9.134167871021595664e-01
1.749469497209947155e+00
8.542107781601863126e-01
4.413165424591024788e+00
6.855757541987231862e-01
9.122849687100217930e-02
3.927397446295281813e-02
5.749796781103961755e-05
1.942927246693914335e-07
1.827665679929917665e-06
8.006685174462228355e-07
1.111117083422882880e-05
1.583376318107290182e-01
6.484525224327281068e-02
1.248177914667731908e-04
1.542630659829638019e-02
8.552664378167176285e-01
4.794269911466727922e-03
2.677041863924487647e-02
1.102530448685736353e+00
2.129542438760874679e-01
7.277181264608718614e-01
1.051395605638528880e-01
1.621230735651711999e-04
1.571181205423836012e-06
7.392172532375127888e-08
1.127461758225244811e-07
9.976928183157446898e-06
1.526916317213602900e-08
5.711830924467868010e-07
5.434256859269528950e-02
8.322736824932218669e-01
1.343053375999346761e-03
5.580081614243084971e-03
1.008745882462993987e-01
1.019785753241940008e-03
1.166887366474833425e-02
8.217677343242725252e-01
3.251813611815446842e-02
1.589633027363841072e-02
1.624603176743766395e-03
9.252058063357274817e-07
2.055985098034907612e-08
1.115539970869317556e-07
4.667514530329485413e-06
1.834879080742798875e-04
8.431585381377766295e-05
8.622466110686604485e-03
1.922994558924391972e+00
9.754764727961083570e-02
3.588720433066041682e-04
2.522846457638213552e-02
2.901276116994763399e+00
3.199439321482743653e-02
7.571715937915334503e-03
3.762188342125408202e-02
1.596572911845158720e-03
2.128014670189916325e-04
6.096190424543489206e-05
3.028431426530457300e-06
2.023544922171411398e-06
2.515138129976507775e-05
2.955914762477855617e-04
1.410184075610306084e-03
