9.626181851671401501e-01
1.051765994932860604e+00
5.092728975386380696e+00
3.763262125917571588e+00
3.469122778335091417e-01
5.310927549589705698e-01
3.819181074535072939e-01
1.664392453801513794e+00
1.505484321553581251e-01
4.495071954980574443e-04
2.974914456288686466e-05
2.908156216661305251e-06
1.424522397095821145e-06
1.265489828104722862e-05
1.195869200883301270e-04
2.621778025765841239e-04
2.802929283815109012e-04
4.021948181736477337e-04
7.439757431505850116e-02
1.787543642702444258e+00
1.142035419961947795e+00
7.700185249978364066e-01
2.647567010053374359e-01
2.219897589860327439e-02
3.121665182635860458e-03
1.371202924327941941e-01
1.016551815728796937e+00
8.664924333692434200e-01
1.065047616801958252e+00
3.962450421233136219e-03
2.887758835731491275e-06
5.996045940766076559e-07
7.234485862292398000e-06
6.325387739417129979e-05
1.447558648108455677e-04
2.678926808219867211e-04
4.852936207276803058e-05
3.286154952540625701e-02
9.411198928796729590e-02
1.298979257693435863e-01
7.608393341215184957e-01
7.441268092783336341e-01
2.939818849881817298e-01
5.943759004137664226e-01
8.641119125938331869e-02
5.832940278005726426e-02
5.895730409297255115e+00
1.016467436254803181e+00
3.300737371296635241e-05
5.334106304044174479e-08
3.002857096667942321e-07
1.174887100880606381e-05
8.698469219702430091e-05
2.531103303427954571e-04
2.648509161248455745e-06
3.053090650459800229e-02
8.082678014650194198e-01
3.052434579933848563e-02
2.469195101749406540e-02
4.693521162313510353e-01
5.949245038145324349e-01
3.293019852058455266e-01
6.213365982013675098e-02
2.328659337346333010e-03
7.247489808523843724e-02
3.978415974683027656e+00
4.566633127826891063e-03
1.588754925079405534e-06
7.394968163848148652e-07
6.762170386531978373e-06
3.904227383077074479e-05
1.479102184808090586e-04
2.964695819381225328e-06
2.463570606902413737e-03
4.780838846343878068e-02
3.309468879360833587e-03
1.658002943462137321e-02
7.043911667320676973e-01
7.959851588500430064e-02
7.350565477532043646e-02
1.627598563657544961e+00
2.665872982980786385e-02
4.142644816922909541e-03
9.021680954140433029e-01
2.076786701359452980e+00
2.926586191152229927e-02
3.370808925782873959e-04
1.969929410598517355e-05
8.918213850737319800e-06
1.661552739725882590e-05
3.044579377042865882e-06
6.749045690861578650e-06
1.255684852643253298e-05
1.982409239256106531e-05
1.113619582684395246e-03
5.599152345344895337e-02
3.928354131936208360e-02
6.593409656127352525e-02
1.040018999507845932e+00
2.030838970838425017e-01
2.288796487378136606e-03
5.416066486699464347e-03
9.803180527371631037e-01
2.857993804583529140e+00
1.355730538936226852e-02
8.467422212986300202e-05
3.951335113875513131e-06
5.695827350540563363e-07
1.520525563140510326e-05
2.732228988342683256e-06
8.787147714844132262e-07
3.815757638388813029e-07
5.399553765831150906e-07
3.206657039690582247e-05
4.860510009661667824e-02
7.138433953082541361e-01
2.953099459523643167e-01
6.369949629961072501e-01
1.805466129613039414e-02
9.395743486597080791e-04
8.011876732114679711e-02
1.086125915899045724e+00
4.852461338937834323e-02
4.260492241445475864e-03
1.386987977947182335e-04
4.189919809576996589e-07
9.691122414349695653e-05
3.445242410099101459e-05
1.088659271315663695e-05
5.794012878644995311e-07
1.508383278475715995e-08
1.660018195741749797e-07
1.247063674113562141e-03
2.578993823378784508e-02
3.198008222117668890e-03
1.731053067724716565e-02
4.459282399065277180e-02
1.027436444078770467e-01
9.055093580603389425e-01
1.821108863377988163e+00
1.145479131106350357e+00
7.700331639253759075e-01
1.065160310600323790e-01
1.362342762572607438e-04
1.198724002375540164e-04
1.012967985331866914e-04
4.742516169389698102e-05
1.641570984773952292e-06
6.024726407755976449e-08
6.318317015801701781e-07
1.287157887216250156e-04
2.407443148957127065e-04
2.795347137747751899e-04
9.654622686634181661e-03
1.648765895907303436e-01
6.619987981252847264e-01
1.035959066091361874e-01
1.712782795623447041e-01
3.790970342109106550e+00
1.343556462516022121e+00
7.855248287469539514e-01
4.090124881951116148e-02
8.928249554043536282e-05
2.641876463969702752e-04
1.619403810939848854e-04
1.990440347741995319e-06
6.596561119030074718e-07
6.760206060113613680e-04
6.817405231991768844e-02
4.416405118171655604e-03
1.067162584201898808e-02
9.036259229328535980e-01
9.189866656828944436e-01
1.934240327352653166e-01
2.168348868615130320e-02
5.653013657639120032e-02
8.356719648411358170e-01
2.496677708161353093e-02
3.684143483349966355e-03
3.821770341325637834e-03
8.084332897986259633e-05
3.211454288914208401e-03
1.177955380848782173e-02
3.171961760559934500e-05
5.628124868830870239e-06
1.931482248248043987e-02
7.626338974902525658e-01
1.410389230937468194e-02
8.256711938413839602e-03
2.643395374312016224e-02
4.097759160930211295e-03
3.551554896326238747e-02
7.406731311989440680e-01
8.636029521955830568e-02
1.231220464899406355e-02
1.262648433193058577e-03
5.173999803899025183e-05
8.719842402833606845e-06
1.859694292797879332e-05
8.030673509000756799e-03
1.930529364984209906e+00
2.688667575639873061e-02
1.218221740928049400e-03
7.837159644468173758e-02
1.689849094498148685e-01
9.254059615562738872e-02
4.187296498190261340e-02
4.048405608907982640e-05
9.110784078213430150e-08
2.707686159971306710e-05
8.150977848285256844e-02
6.203000008858395968e-03
1.122018783496171171e-03
6.691107730816185650e-02
3.993486686266495972e-03
2.398840687964551261e-06
2.893985383090731810e-06
2.282420966186604963e-03
1.608242257626948302e+01
3.901473983038827420e+00
1.611207362177588531e-01
5.878885629743840768e-01
1.644249731207457765e-01
1.713439125418137587e+00
8.926100583085848639e-01
1.090165499499994713e-06
2.045592027270583810e-11
7.636685761281721896e-09
1.672194236863648814e-03
2.441483776788018478e-02
2.371520544619816484e-02
1.743438180340674881e+00
5.246810865308570992e-02
3.318511910893448528e-06
5.321037701146011359e-06
1.252069162916986727e-03
2.978808191577058562e+00
9.299312026154744615e-01
7.398864496762462550e-02
1.735472997877693935e-01
9.835013727325755267e-03
8.513419123304467873e-02
2.507245227878301952e-01
8.720253419006537272e-07
3.440887867744350479e-11
1.267621762984050126e-08
2.615370997157024594e-03
6.548592620319485524e-01
3.850525511765140463e-01
6.330890017741226672e-02
7.733427199658797708e-04
2.344418019187269018e-06
2.877013733403325891e-05
3.304810356233826439e-04
1.085310691330658092e-02
5.989598876013893861e-03
3.475371791054260306e-02
7.954505029951571826e-01
2.187390813983075208e-02
3.922806463303484675e-02
6.939356236198593875e-01
6.714824408661825830e-04
4.221946593519586215e-06
8.747226434638014254e-04
1.576971922248953661e-01
3.654812284359970631e-01
4.088866414354348500e-01
4.905833793592142417e-02
5.081276677520060042e-03
3.309554361137827467e-04
4.482668705910366873e-05
1.915162112353591882e-05
1.181135731770982819e-05
1.100574552289698766e-05
8.421347573361737246e-04
4.726748352217717553e-02
2.108692835327423670e-03
1.048741241913658546e-03
5.674075134690785560e-02
8.805319852850342077e-02
9.654680525453475382e-02
2.927544996298217406e+00
1.529064584474716604e+00
4.383930115872377437e-02
2.759373423715457685e-01
1.207928564203350597e+00
8.432939202044854587e-01
4.230126190195335895e-02
3.741724487017195462e-05
4.963041325556521444e-06
5.555949931917255577e-07
7.360171387255527160e-08
1.471768458487672623e-07
7.948972063473345754e-07
3.423412021752984444e-07
1.554600802235644415e-06
1.074616560588242736e-03
2.011065490052036941e-01
3.521236342115428575e-01
5.677571142156583317e-01
2.488378140077642520e-01
3.142268665994863569e-02
6.639654918774340331e-01
8.572241746995898914e-01
1.786332689305814361e-02
5.769907794533483177e-04
6.694033212467741646e-05
6.212345333888178909e-05
2.053827305549381653e-05
1.305765498674528705e-07
1.739263194296050805e-09
5.751783841953889020e-09
1.296156686800109946e-07
6.889658164072984320e-06
3.308958647112258174e-03
5.444125831002532001e-01
9.073860874969366108e-01
4.448878203825079036e-01
4.919049532671005420e-01
3.648801127468107031e-01
2.999140691322895957e+00
3.246218447062792500e-01
2.826270297490326945e-04
8.019270904151219037e-06
7.376042812370483463e-05
2.474099293144070219e-03
2.862332483253008861e-02
4.366390408929988310e-05
6.321901314052719899e-08
2.978014864997185880e-06
7.213924774506849527e-04
7.436774516989832183e-03
5.241637616908920161e-02
4.339556405144930351e-01
1.193700275466728966e+00
4.082704183859403035e-01
5.060961914304477061e-01
6.766896408581313249e-01
1.934037635911589392e+00
6.868411687631514884e-01
2.684725802620426503e-03
6.232028836597237637e-05
4.974207398162264939e-06
1.319396175821107263e-03
8.811257858946820454e-01
2.382910298564100762e-02
2.436318462172509336e-04
3.177777014550182966e-02
9.982715341949131016e-01
9.933098330642086138e-01
7.230470641827940748e-01
7.304816371500626182e-02
4.610907883550918740e-02
1.615389199883726090e-01
4.082240642861875712e-01
1.588087027172718213e-01
3.169788412416053025e-01
1.394323201520284439e-01
5.129485186473569909e-04
2.637337979147858023e-05
9.282692187087659447e-07
6.939779539556566830e-04
1.266504406358894386e+00
1.724434748526972205e+00
3.350174194303751629e-01
7.459737087202056305e-01
8.500214326954920185e-01
1.402248836487115735e+00
9.401390088057706151e-01
4.468556286114531984e-02
6.443735160564556530e-02
1.897123982011197363e+00
1.289356387203306920e+00
1.034333715952494986e-01
4.883133045391236382e-01
2.971869872232227316e-02
6.759887495772795084e-06
8.782562177250225290e-07
4.634317288154310628e-06
1.211285345187905482e-02
6.938677742619695499e-01
1.289745510207750412e+00
2.633542189225911656e+00
2.082301307380327871e-01
3.308254925522579049e-01
4.845103974148543546e-01
1.922050048397971889e-02
3.894463745824931072e-02
8.382278055423199037e-01
2.120293075962049301e+00
5.880367590383670517e-01
2.605501129965457352e-01
1.633352684728951454e-01
2.764155263169457708e-04
2.012715872187928865e-07
4.793458147367527217e-07
7.795680617765491684e-06
3.707883717035433124e-02
9.156369596133918931e-02
5.510494175216614637e-02
9.591519814706704894e-01
1.631418177664005209e-01
1.452524225592520368e+00
5.203675852259251888e-01
2.664299747630662421e-03
8.117634529631721774e-02
9.051673773318049676e-01
1.573489851986435151e-01
2.552372867693413760e-01
1.655257115324866524e+00
3.186796157527670842e-02
2.348613932070562484e-06
4.935029822350374248e-08
2.546961619048308970e-06
3.165310362516564845e-06
3.146787955346888599e-02
7.418303945674395994e-01
3.509583648681969814e-01
1.543308093699182537e+00
3.018243405834776794e-01
1.189132929362038071e+00
1.544517313749069309e+00
3.350219022208957842e-01
3.468426172865941570e+00
1.532255655740748512e+00
4.799292307038524052e-01
1.599181592954067865e-01
3.347362006340742074e-02
1.055906311219184440e-03
2.930214427548886505e-06
1.011080702286929688e-06
4.069869633421000838e-05
1.055163715968965097e-06
3.273724549201465980e-03
3.108350141654384835e+00
3.756009300780298599e+00
3.372137918237667620e+00
1.646866842964411326e+00
1.359337225038591557e-01
1.436050578961025302e-02
1.973256948545663164e-02
2.299550309555349961e-02
5.385470976283586800e-03
3.212941161978575405e-02
1.582569275042361966e-03
4.464084020044076431e-06
2.430428697958633215e-06
8.315821595564555668e-06
4.633152054708715233e-05
4.327184240796341070e-04
