3.518779795932926169e-02
5.040422442753997423e+00
6.844586992661485070e+00
2.102001367679356747e+00
3.007827367109918715e+00
1.827837140010968087e+00
2.859812760863026937e-01
1.750076837729653390e+00
1.256057823788173378e-01
2.828434354370390133e-03
4.507736533430972171e-03
6.625400425178634527e-04
2.129301971204373598e-04
9.260628137769943426e-05
8.297018865184312321e-06
1.302703166328815737e-05
1.989435192769914787e-04
1.544736703883104693e-03
5.912768069955076124e-03
6.698086971262553480e-01
6.656670180403502002e+00
4.459682800290338811e+00
1.449456793599297688e+00
1.690693238831449285e+00
1.164300894887490223e+00
5.847621908959426129e+00
6.121593916730514451e+00
3.919611847913115454e+00
9.279149370681017972e-01
1.343075043137699487e-02
4.335175652712202482e-02
1.004698047045375631e-02
2.166661241077604155e-06
1.227485798923816794e-07
7.500837769724761555e-06
4.751210342703050793e-04
7.510051163151676857e-04
3.492500218169334869e-01
4.462434901165260648e+00
2.025658213485335590e+00
1.088268531404650297e+00
9.585384477596153863e-01
9.392217358697751983e-01
1.278550513858139004e+00
6.872053342775749085e-01
3.207088911916863960e+00
4.959995363192019724e+00
2.446822509169823134e-01
6.631170981522009900e-01
5.100905411868102146e-02
1.402487764812321745e-06
9.644610410820967885e-09
6.442435589438439887e-07
1.756944732182471691e-04
4.672330176569395969e-03
7.830273164957172183e-01
1.137020749882841297e+00
7.320642623858768516e-01
2.190527876830664855e+00
6.174343024387789480e-01
6.631118509849325271e-01
9.539749389867566709e-01
9.702714028612879904e-02
1.782518169761979077e-01
3.452758834218973227e+00
1.024591906054213908e+01
3.116641650450759027e+00
7.943521273864241616e-02
1.185067255172446503e-04
8.764588081193055089e-07
2.318778414250266875e-06
1.462702847552872689e-04
1.047617919513492727e-03
7.236075383081387591e-02
1.035422867252901780e+00
2.112533288381182484e+00
1.814436755788024103e+00
3.096425803341344429e-01
4.646245523573978020e-01
1.914645796676395229e+00
1.011474311072516397e+00
6.492233376207505735e-01
1.012495341156655737e+00
7.131472645387466613e+00
4.375647536168303375e+00
5.624065243676614756e-01
1.141757299152465210e-01
1.817825557104010836e-03
6.727404149495596979e-05
1.959416860486503026e-04
6.717163595967884229e-06
1.661124967175650266e-03
1.967467425629108035e+00
2.732194786946763543e+00
4.328962663179808934e-01
5.870001515908317424e-01
7.542675471451237845e-01
1.598053659386019287e+00
2.777934409723387787e+00
3.311651267820942213e+00
8.925815358339087568e-01
3.152176998543403386e-01
7.713974402080103765e-01
1.583832160778659182e+00
7.548857441686549485e-01
7.125913005599420445e-03
4.566894125488772936e-05
5.896027288567259336e-05
1.155502206281099265e-06
7.456440275392167347e-04
2.939469552891261994e+00
2.549474176903514522e+00
2.914687963132250315e-01
3.618978285467763789e-01
2.206008528971969140e-01
6.675477752871726844e-01
7.301398653244449699e-01
1.433314432464894095e+00
4.203394209417019134e+00
5.515117896803969355e-01
7.662048490043191773e-01
3.532568821989796604e+00
1.238016053646667336e+00
4.518896490660370517e-03
8.680133193346903760e-06
1.088439532102555307e-05
7.265275709885194749e-06
1.253269548267025744e-03
1.995380545968633845e-01
7.559209269808908616e-01
1.655206850163881693e+00
1.382425110318789008e-01
1.522349952667636716e-02
2.988902962241002381e-01
1.005292057841364883e+00
1.999772698436286245e+00
4.531747035437445170e+00
3.899952844381013306e-01
2.531949922679562204e-01
1.418938604109607704e+00
3.795095574154022877e+00
3.601343229462012491e-02
2.098530094506611515e-05
9.977592741205877936e-06
9.098438179475369821e-05
3.077297511944226960e-02
6.891853875212943237e-01
9.446478579352733940e-01
4.381080099693795304e+00
2.386727388320570020e-01
2.251782378243225372e-02
4.202087692731768520e-01
5.064700189451762924e-01
4.053023792376912460e-01
1.765848413259627936e+00
7.584346399381127757e-01
4.897896167109528354e-01
1.053003172188943015e+00
8.077234227989082971e-01
3.229774411205325359e-03
3.680825304525712135e-06
5.229792791590483707e-06
1.287788477887049960e-06
2.303508863166878803e-03
2.059264170058226373e+00
2.153007660266763157e+00
2.560338615167955467e+00
1.226807368113551844e+00
4.594531630981695813e-01
2.038542157816527034e+00
5.327177271967977606e-02
6.833090444499882211e-03
9.214083717412907548e-01
2.423081988835603884e+00
3.718385777883289611e-01
7.248134028055108757e-01
4.899927687167016099e-01
5.080087438580149035e-04
2.891724685637720475e-07
6.029293721864835261e-07
1.978421255999188567e-10
1.344598174059137885e-06
1.224984626678558980e-01
1.532556273636214383e+00
2.913856119767105124e+00
3.073179099066906339e+00
1.006114213281545045e+00
1.708981049036838229e+00
3.098960738388940872e-02
3.789865672506404631e-03
2.083689414312650534e-01
2.001747697302044826e-01
4.456732968961935742e-02
2.222950696607466636e-01
1.348614796518305514e+00
5.819529757014429809e-03
4.191390548915124366e-07
6.281060198945277678e-08
4.704170886274629994e-11
4.422080168273956157e-05
3.913325191268131942e+00
2.458099439678584464e+00
1.117185072107614641e+00
1.719120986610866098e+00
1.570318916703734802e+00
7.764465156192281725e-01
1.547552817058248098e-01
1.241919967042306588e-01
3.490861696959384752e-01
4.722110362115722881e-01
3.750248888896181576e-01
1.262160217327390754e-01
5.076654596894950577e-01
6.743420941175619354e-02
2.166140324898852701e-05
2.995022792510932925e-07
6.460249492082118552e-09
1.131224522960589535e-01
2.358341537114462767e+02
6.672633575432485920e+00
3.821989471542226013e+00
6.584640047823506315e+00
7.825691207902843338e+00
1.668628151743799082e+00
1.705536160169714988e+00
9.336921211048245794e-01
4.963017645370076947e-01
1.776732008711456423e+00
2.559014059532077057e-01
1.932211827062200668e-02
5.249699388873587669e-01
2.864389574152194751e+00
6.433190358501837680e-02
5.194822186820619719e-04
1.568677116277598898e-08
4.698305484029014628e-03
3.765115146864557172e+00
1.200907111622088186e+00
1.994826894249098093e+00
2.461415013115104244e+00
2.276919965912234112e+00
1.226385478671389029e+00
1.536811427901828786e+00
4.333921756912076928e-01
5.855040109143957450e-01
1.906677716675990952e+00
1.080231545522772202e-01
3.163769076726535845e-02
1.229184858784145851e+00
3.269542215887764058e+00
8.032235153320564924e-01
3.692084662996261701e-02
1.886900864350811900e-10
4.354653094243610164e-07
3.755036245681413198e-02
1.129981862570165640e+00
1.536785054071958312e+00
3.255801314430173399e+00
1.104008685424386238e+00
1.935819583881079331e-01
2.766193219908623380e-02
4.551906299238692166e-02
9.104927949843548696e-01
1.553692756018217880e+00
3.934658798615968678e-01
2.001169224507319544e-01
1.638690130261460487e+00
1.024079003464623883e+00
3.786962497101617475e-02
1.660050739809817294e-03
2.349144681346108006e-09
3.642134759094808631e-06
3.714199284934203149e-01
4.102108311584412803e+00
3.483750513097714219e+00
3.576621620086108511e+00
5.988914985846407468e-01
5.971661368445557727e-01
3.326249427164151146e-02
5.857203646110351047e-02
8.380284627631112704e-01
7.652829708270147968e-01
4.628294750931772894e-01
1.439678210913368332e-02
7.912418927705038019e-02
9.622513660744121955e-01
6.365315735752773672e-03
4.368637189138670576e-05
1.096425377701357427e-05
1.415818044629126374e-02
1.558019796420068381e+00
7.200823953967407931e-01
3.850859906726557202e+00
1.134817971053013741e+00
8.026796155687865308e-02
1.458958104908486320e+00
7.006231649926871752e-01
5.141018569918777148e-01
3.598189876194176073e-01
1.320215780037913289e-01
4.221608323944321950e-01
2.333514837857694410e-02
1.315022329203878459e-01
9.849207765150269633e-01
9.299976272285399468e-04
6.050569847405581110e-06
3.710083302772242261e-04
1.766916408913681014e-02
8.701546153278331974e-02
1.429181685893667619e-01
2.941955893138106792e-01
5.627178911587548543e-02
1.929338037594995059e-02
2.791289537290784217e-01
6.898810538097969181e-01
2.049973519171239822e+00
8.862357028613990773e-01
4.507606886930738688e-02
2.307988313892932741e-01
1.331371452129908484e+00
4.544608169203555370e+00
6.331438747955422941e-02
4.353878584816672076e-06
4.304265478752275421e-07
9.728654254538235749e-03
2.845257276899623711e-02
8.937748799254326137e-02
1.339745950590188972e+00
2.153722562213824521e-01
5.492447330880373402e-02
4.797797480276493887e-01
1.609982765957430173e+00
1.322348836623636448e+00
4.926315977846235761e+00
4.330281059703382063e+00
2.972886536042274042e-01
7.285062944831884879e-01
5.682890015716223431e+00
3.426618878569561932e+00
2.279334698098120591e-03
2.401645253097933050e-07
2.668435779960456084e-07
3.179828772960732741e-02
7.195516378543863611e-01
3.179979959207832052e-01
1.210930538678975044e+00
1.073530940511187026e+00
6.009015914988574680e-01
1.805829921816251016e+00
1.956990872218359101e+00
2.857609030808948791e+00
4.173059978986261243e+00
1.403997315911480692e+00
1.036685065666268724e+00
2.996854055102708081e+00
2.360302066486397621e+00
1.595886067760779570e+00
1.945552425851938827e-02
1.920170492867580395e-05
1.045607243614810128e-05
8.963705171012061385e-06
1.831493896889365425e-01
1.728521656823974073e+00
9.344066747571785347e-01
2.886215993292851945e+00
2.334332624812366141e+00
1.471665335053423229e+00
1.734404873814800574e+00
3.861859242484887655e+00
1.819074882276641381e+00
1.495496666009435538e+00
5.481571082509655746e+00
1.006649650622395065e+01
1.932693398157352638e+00
1.344083996738083819e-01
3.183867100634362336e-03
8.925835263354462985e-05
1.299696238102664245e-04
1.754215846046315074e-08
6.178513736363299390e-03
1.909429217050445216e+00
1.367358876806501033e+00
2.681428076572959007e+00
1.230540033610447059e+00
7.460459864535341490e-01
1.140308653185204468e+00
2.016847151679760586e+00
1.331780499254260342e+00
6.639695421917679141e+00
1.095181405915793960e+01
5.773349456540241675e+00
9.698970323336185695e-01
1.474569985455007103e-03
4.478118709081941493e-06
3.874756600926774168e-06
1.160651770154588985e-04
4.813161070136818219e-06
2.916643042761656729e-02
9.675744434229768265e-01
9.673512784581533852e-01
9.606194616746610571e-01
9.215646216733691665e-02
2.074477904354109919e-02
3.119174623650090850e-02
7.311940598850872330e-01
4.067401360731446758e+00
7.867935798694615457e+00
2.448242269897179302e+00
1.245310097795036403e-01
5.459848631825433771e-03
2.515020727375284691e-05
7.090850809869751767e-07
3.821826823488674464e-06
1.729750323287077615e-04
4.314784453615332777e-02
1.855586955136221849e+00
5.187658732279111895e+00
4.839889906355039351e+00
4.142059906239315303e+00
8.993217766295518167e-01
9.469589627326807646e-01
1.068107220894161546e+00
5.501761926342251918e+00
3.434857530816756821e+00
7.018141825883690288e-01
1.271825417987005880e-01
5.038238722304969530e-04
4.416597018973035211e-06
1.825276098116990103e-06
6.531258957635830922e-06
5.589664104781085088e-05
5.109496884314760137e-04
9.288750657593671800e-01
2.205897362160603947e+00
7.678247809724805251e+00
7.384963384540115250e+00
4.580411185136874508e+00
2.405889400309209503e+00
4.691032361406752393e+00
2.160813377981391503e-01
3.802727215085340701e-03
6.563991913061608015e-04
1.699409588934502110e-03
1.772723310574964755e-03
1.199776947711646349e-05
5.239541621946309525e-07
5.215994334916970447e-06
1.239038990809913476e-04
5.848071192537525028e-04
1.432243729046539212e-03
