1.031192407925581337e-05
2.074018526705115675e-03
2.898968512467474737e-02
3.736579582792504974e-04
1.759270624100260993e-05
2.911493619636940306e-05
8.638759823488909785e-06
9.674311915122260295e-07
1.165483828519531358e-06
6.666568016582564553e-06
1.310506401673909471e-05
8.940962656095844833e-06
8.085242332805719695e-06
1.169935328285478404e-05
2.582984974580388249e-05
7.518801846685514646e-05
1.812807061625030375e-04
3.465783808716027580e-04
2.832615158309827633e-06
1.727290020028801956e-02
8.920950276375299026e-01
7.453837465448247268e-03
2.400950257860344408e-03
3.572316607004354105e-02
7.631413986471697816e-03
2.349599453321022551e-05
3.296949892121642055e-07
4.878463943651949328e-07
1.972431915632381880e-06
5.622823812879423657e-06
2.006193096502653810e-05
1.406389080570019950e-05
6.322590142524126476e-06
1.549670533870152020e-05
7.797964450588814580e-05
2.566377843026231616e-04
1.490536639123496546e-06
2.040425005806400030e-02
1.053314071856791934e+00
4.091292558572433291e-02
7.703514974936392923e-02
7.473247393543320793e-01
1.061935100244384644e+00
9.238994437538089466e-03
5.360119760557046387e-06
2.373517391335953913e-06
3.246446382216611252e-05
8.636295488831181909e-04
2.320656774397245395e-02
1.597630513359008138e-03
7.932357052423781720e-06
3.325733042647359739e-06
3.126077711364376883e-05
2.186946815120846034e-04
2.279431233869008631e-06
2.231059454158253533e-02
8.424048080945426564e-01
1.561786355761061451e-01
6.400061082829436865e-01
6.158550397567367218e-01
1.768092705213144544e+00
9.954607718608432521e-01
4.125722894151158567e-03
2.130506511354670739e-03
6.399239289683093627e-03
3.124435780241766394e-02
9.107505186316388057e-01
1.974995603085762802e-02
5.232226272174870029e-06
5.024906648782173866e-07
8.887478349948632172e-06
1.630936350147406118e-04
1.801689907568355788e-07
5.783220473478771755e-04
1.868994962454557235e-02
4.662178556849926742e-03
1.401590762274179114e-01
4.739294110559735262e-01
2.788030780601019054e-01
1.784547395027286543e+00
1.352058677774188311e+00
7.688517673474596359e-01
2.949347584806277095e-02
9.161178673576852787e-04
5.402803803477801946e-03
2.745492560213298912e-03
5.635761044024518253e-06
1.972490071507474798e-07
2.329990326545889427e-06
9.323297082867059219e-05
5.023878283089078964e-08
2.114582663757597547e-04
1.325424000142138431e-02
6.865884405075187201e-04
1.423102451537886989e-02
2.346414423060272370e-01
7.861102047126014916e-03
1.912000395034806066e-02
6.697477768438985235e-01
1.126682612415516482e+00
7.518883258918837575e-02
1.301643719263791219e-03
1.865032052624588689e-03
4.129411328698535250e-02
1.107863551744604162e-03
1.602366410613507044e-06
1.250540699864583967e-06
5.004485363270232964e-05
2.672441718491478792e-05
9.734811865950911136e-02
8.713962002231018245e-01
4.872818229015864547e-03
2.785819523105895895e-02
7.862333596391390955e-01
7.129084996806854882e-03
4.080719653909267025e-03
3.335506058520305017e-01
9.954003162740077126e-01
2.827672306293139926e+00
9.704189399726749210e-01
1.026328458431248064e-01
8.187356194115783525e-01
4.436499381285570476e-02
1.163245983862896115e-05
1.439058837051598904e-06
4.115873976434436733e-05
5.634569130268047947e-03
8.669093659177485867e-01
9.012407964949790962e-02
7.321859442432931443e-05
2.181569317558840670e-04
4.791186350579167835e-02
1.458301522816317537e-02
1.719610401046523310e-02
6.854639910590253349e-01
8.823855818991229727e-01
3.292087600567622285e+00
2.871623846316159856e+00
5.853435085391396620e-02
1.824160940160764535e-02
9.086367855764631392e-04
3.755297719057347678e-06
2.405559704462196061e-06
6.730558386602278386e-05
4.357865068875344059e-04
6.210651941936425058e-02
3.469778471972838341e-02
2.465434091977726654e-05
6.074037742325804978e-06
5.856804136926623862e-03
5.020835706617167438e-02
7.883172279702916133e-03
4.195461717459215978e-02
2.750234774473444554e-01
8.825782282450497229e-01
7.850827869468250952e-01
1.871706412343638326e-01
1.087514698097770752e-02
3.700539516603950757e-05
8.987637643093168757e-07
4.370113026501608166e-06
1.244710043174308205e-04
2.325073751887831720e-06
7.066922567090874914e-03
8.819172828826388200e-01
3.683361828697296995e-03
1.341250156375972766e-04
4.570297725165141378e-02
7.827867603538330998e-01
9.086259418075701144e-02
1.672252464653447568e-01
7.579317802808079874e-01
1.672844332599269679e+00
2.865671462331262909e+00
2.373863560375118364e+00
1.210735827338747621e-02
3.543978148772256250e-06
2.217066436772192691e-07
2.773892426787973659e-06
8.307469400149857365e-05
2.289604021757135265e-08
1.184943597824252275e-04
3.245818817709423404e-02
9.167179430940842165e-04
1.724136715573280616e-04
2.773243659398614593e-03
1.785256927769949056e-02
1.206990101924510228e-01
4.758081414363324324e-01
2.805350110877100622e-01
5.038555575393837138e-01
1.808702883676228668e+00
8.074684808872033548e-01
1.866503770385872108e-03
4.129947946286609811e-06
7.420476354088895394e-07
1.259869102967894533e-06
1.333254911288041208e-05
5.447904339718123806e-09
2.935570343535533222e-04
5.615245216260573297e-02
2.415475852962325164e-03
5.178989099073927176e-03
1.050585219186540679e-02
1.327566634739990072e-02
1.165933644599854713e-01
1.360877915801709526e-01
3.218295683043091993e-01
1.125442845824554450e+00
1.440677007300079193e+00
1.073648235646461835e+00
5.949118392067547639e-02
1.573656395846273828e-02
9.236540876297435121e-04
2.975169047665212206e-06
1.414483051783555240e-06
5.401301893515930174e-08
8.079132684971299105e-02
2.170470876052858600e+01
2.783514814555357320e-01
7.351197846701483796e-01
1.104319258521665681e+00
9.937717315515044447e-01
1.649309748759439032e+00
1.668817272128703399e-01
4.434869602368200492e-01
1.540376119940438882e+00
2.105924743971238744e+00
1.436303194371813641e+00
1.485850351559150351e-01
8.110449343777338393e-01
5.666632428289238022e-02
6.435939638052048985e-06
4.572555306229479367e-07
2.273753435364555154e-07
3.389488746367322509e-03
3.768861881008479103e-02
1.009943066758847057e-03
1.381320497747357164e-02
2.157650862634160477e-02
7.919706157996654269e-03
1.214384283774892215e-01
1.940522198854871538e-01
1.203884678322777319e-01
2.014876896718935384e-01
2.238404471158588205e+00
2.870946130668638130e+00
3.906789787943664577e-02
1.281150500552221197e-02
1.140247832997907679e-03
2.631212067875689920e-06
9.884093330147182665e-07
5.843885341775877462e-07
1.442066856023199993e-06
2.593393215700360378e-07
6.417999262194330825e-07
2.525227895894484147e-03
1.658994302842303412e-02
5.432666281252156171e-04
1.893846352379238707e-02
6.095369343053775868e-01
1.938262347287080523e-01
2.302429550414305526e-01
2.345011087475854517e+00
1.686002853180835093e+00
2.255036518699508538e-02
3.958769692907641098e-04
1.337288346522066813e-05
1.570905169762743720e-06
6.928818928788855016e-06
8.820675022728973830e-06
3.641082025724015577e-07
1.749720749944386273e-08
8.186565544213500213e-07
3.253656638534891538e-02
8.625792226916172423e-01
3.053407680378249223e-02
4.763563255247936501e-02
8.561754438069281437e-02
6.253226403208544948e-02
6.095973870290697372e-01
2.778386441503660542e+00
2.701528270806679011e-01
2.276456842781788420e-02
1.402044846278580059e-03
1.892561202905808869e-05
4.332704844676921872e-06
3.540319123809281183e-05
7.298247707100390396e-05
2.369537108694787105e-06
9.945467756212570526e-08
8.145558651980745171e-07
3.514567322871776098e-04
8.894255502823789766e-03
1.321048880814081894e-01
7.909280066419801525e-01
2.511052703611019177e-01
6.483693348185730621e-01
2.834197797289287113e+00
4.681463601059495439e+00
2.153111452773204704e+00
8.096155263276645364e-01
3.023841559795775735e-02
8.281799011065286552e-05
9.308835564325969165e-06
6.230066283533902119e-05
3.121642863065488915e-05
1.597306237101993787e-06
1.239904330657108271e-07
5.034809075030509753e-07
1.290571882026405832e-05
1.140264324385900321e-04
2.007048697591883729e-02
8.482821864935295997e-01
1.085423752187609781e+00
1.985052105948548640e+00
2.678149387074167387e-01
2.716775248165985701e-01
8.681052734738617938e-01
7.667022058693484521e-02
6.611888906683965113e-04
8.764622110451625116e-06
5.174189704391412519e-06
5.175836190991174926e-05
3.887701927752413398e-06
1.551956157326534818e-06
2.040516852343675915e-06
8.645379690416608994e-05
7.880532181870377254e-03
1.223096446611643059e-02
4.872626844184177117e-03
9.178631705105150945e-03
2.008273885517566637e-01
1.719486387273995387e+00
1.067797565237421642e+00
1.726520006367066928e+00
7.110348170675180601e-02
1.613856013006539903e-04
9.870693102238321153e-06
4.355570950120758241e-06
5.620535242624570286e-06
3.677468260343916300e-05
1.284647232170708407e-05
1.746766561841582447e-04
3.894066594911059064e-03
9.540376851883305975e-02
8.576098348612239963e-01
9.937422462500640208e-01
4.742660528100414025e-02
1.071244910154212082e-02
7.613276756104581100e-01
3.324101089169953394e+00
1.858061702267234105e+00
1.097457974509245870e+00
5.473738823791511263e-03
3.409778332162121295e-04
2.938388189875546386e-03
7.916674437042327738e-04
2.572576481641691945e-05
2.440388406279847533e-05
2.021376595945771973e-03
8.332948005955929938e-02
8.151010953398463155e-01
1.024553712001572636e+00
6.631443491956844072e-02
1.200835035411346730e-01
7.035425244840800563e-01
3.497194952173166560e-01
7.854489238599039469e-01
2.123044246902306559e-02
1.542002117600860364e-04
3.241623650570173750e-05
2.629999197604805333e-05
4.992342891079536854e-03
9.416857501937867525e-01
2.059053319531551490e-02
3.591402579670495708e-05
1.474300763746441269e-05
2.082394038795329708e-02
7.818366995910924766e-01
1.436889133944466490e+00
1.697971118955093006e+00
9.064018338306287226e-02
3.019094457435685455e-02
9.557379985237092201e-01
1.987710751570381351e+00
5.529184713142010210e-02
2.782733561072336841e-05
7.454101946062164690e-08
4.910899397629364351e-08
1.191600370333385413e-06
6.237450300375598812e-04
1.887216411970949262e-02
5.052960019753201032e-04
8.503755479841543935e-06
1.421685024482860969e-05
3.058320578312104915e-04
1.214277813317058835e-01
6.920085597547960266e-01
1.282307271563189577e+00
8.009368633673681348e-01
3.422123540417906090e-02
7.309240831417615492e-02
9.065294664627562282e-01
1.556317454510281265e-02
4.666929331210019215e-06
1.027104069805129667e-07
3.203258002170256914e-07
3.209330001012836158e-06
2.568212497171936664e-05
3.512974619841423149e-05
7.735289564878114103e-06
5.397716439302743157e-06
3.322937697283425860e-05
1.907973543848579251e-06
1.337013943031092628e-03
1.407682499324958668e-02
5.804861898166265022e-03
9.008313798002313966e-03
7.800175396191266547e-04
3.521901410039248999e-04
1.036705932811930742e-02
2.892523244853619294e-03
1.740635742340829967e-05
3.471500148277252344e-06
1.462713162175720207e-05
3.643276550092217173e-05
2.637116882352444057e-05
1.190901103385322257e-05
9.226397460597660495e-06
2.319914483847206307e-05
1.152696632544550305e-04
1.543309119857332922e-06
3.857332607628023979e-05
8.095091146669945454e-05
1.528362490088964950e-05
2.641483891811382837e-05
1.766897040297678965e-05
1.174705119086251408e-05
1.261632054837012534e-04
2.657950022488145096e-04
6.797240782642579345e-05
6.656316027829193335e-05
1.828040400658170175e-04
2.543909442238218065e-04
1.558588764579430983e-04
8.620757196067775022e-05
8.132413767601412620e-05
1.426727933659471760e-04
3.246869840783687348e-04
