5.748225244728012197e-03
6.031822891989099822e-03
3.509276551379439477e-03
2.413122750991839038e-02
2.744955820521325241e-03
3.197032164870250805e-06
1.158693789426333190e-07
1.367675665972234078e-07
2.105792977300890519e-07
2.128753529950937781e-06
6.420439376018836572e-05
9.839075488245575070e-05
1.882516592830176211e-05
1.678556115515957389e-05
7.098565908805656421e-05
1.922965417528291242e-04
1.913301871285566546e-04
1.720628513813855646e-04
1.154788569271614218e-02
8.453317245738968255e-01
1.235549082693644163e+00
1.733075429134054435e+00
7.164821384832116558e-02
4.231416193618036348e-06
3.020140830843811132e-09
1.446652854896047968e-09
4.943242927489825312e-08
8.507785603120537855e-05
2.137250921182309513e-02
1.874120300826007069e-03
6.368646288760254935e-06
7.094945522904059648e-07
3.416558011925444349e-06
3.415897047261099183e-05
1.050649326478530262e-04
1.520369569236905481e-04
2.970954848325674507e-03
2.263056351860008863e+00
2.553274535375457344e+00
1.439916843802922397e+00
9.019677036333297870e-01
6.876584178448413636e-04
4.866359147095982217e-07
1.448570316042103244e-07
1.797142482383814032e-05
7.456736141732080159e-02
8.920867861753049022e-01
7.527428952025717879e-03
7.270989994059909041e-05
3.237911616778570397e-06
9.186128500370211699e-07
5.157319205426301354e-06
5.111283831325851360e-05
1.673297287117399539e-04
4.654701014039745190e-04
6.444469892472162176e-01
1.498065505445981271e+00
6.697530027180346179e-01
8.645552928819625338e-01
1.142962829682284270e-01
2.864553914680910071e-02
5.917787252949551803e-03
1.520940456092455088e-02
8.682846069191698657e-01
8.544732549623315632e-02
3.499015459141406603e-03
5.497627368067742326e-02
6.410934278280821207e-03
7.238728669186085897e-06
1.875326386578153420e-06
2.772363006736400384e-05
1.882709973258104902e-04
1.079278314446098855e-03
4.359333904639826618e-01
1.384480606184647966e+00
4.502389228353222972e-01
2.870189602571222159e-02
2.428563399452984481e-02
7.549406905094924181e-01
3.240354539395368799e-02
1.253633505911444556e-03
7.340881191772688497e-02
5.948972807960590387e-02
1.281906634479408613e-02
7.663782769319458232e-01
4.268660931742817438e-02
5.712388035018331956e-06
7.519974064310678493e-07
2.021372788047283203e-05
2.124511057587341839e-04
2.555819520469774370e-02
5.737563133817943362e-01
5.462103308313540628e-01
5.394037284124578724e-01
2.271787540262416166e-02
1.679638066259257073e-02
2.508968795401121943e-01
2.603938126525369911e-04
5.642256030395774575e-07
7.284733177939542274e-04
5.912275589634239381e-01
3.681910078813924181e-01
6.224755319382772184e-02
1.555440138285440501e-04
1.965447508963956820e-07
3.303315177865469245e-07
2.040859246376760923e-05
2.334326400556939625e-04
1.630617625757351322e-03
1.464456822549733139e-01
9.175401260186835106e-01
1.575114816427898856e-01
1.930546356570728237e-03
1.029896764064580292e-02
7.085800917088249662e-01
1.160739724979512879e-03
1.088695621600673148e-06
3.026143579330106909e-04
5.824713325926814678e-01
1.337655168027112929e+00
1.023424661123028961e-01
2.392061756891009625e-04
8.376431201305968802e-07
1.192657532315037739e-06
3.100799746063146215e-05
2.390857411491474171e-04
1.331961798167897846e-06
6.169086014695008939e-03
8.500803019938683036e-01
5.801398757770195045e-04
6.820912514970048936e-08
4.527396894587878146e-06
1.188562652326747571e-01
1.261892281117755477e-01
1.067868428952436317e-03
8.158082045495142903e-03
3.602651296964251015e-01
7.818546580575761462e-01
7.790997356958355713e-01
1.855010102281174841e-02
5.338588257396646302e-05
9.556976801794689019e-06
4.886658507011715322e-05
2.379173305675528832e-04
1.200144981127707490e-07
5.655622201373822037e-04
2.932235236238806692e-02
1.588343041470390920e-06
2.499454917965272265e-10
2.766018597229784562e-07
1.360510896354694965e-01
6.684154349604352063e-01
1.104989613016352755e-03
1.778405314097213129e-03
4.325118461966077077e-01
1.498703079297741603e+00
9.755338164044716209e-02
1.230502626765735087e-03
2.413826472509847905e-05
1.060308619430246177e-05
4.717559744535272675e-05
2.288078641046966300e-04
2.595634370878176370e-06
1.031099013674198137e-02
1.539078996330588700e-01
7.019392348710474995e-05
5.034378018901411314e-07
9.330897663099150022e-05
6.061071812305611761e-01
5.231756430856521201e-01
4.154816592284511670e-04
1.735105009760619637e-03
1.817141287375870995e+00
1.684941443303756836e-01
5.901830859042054043e-05
2.170853034799360167e-06
2.839084740515989361e-06
6.607001450471120130e-06
3.162089374330011033e-05
1.865961192112852664e-04
9.379221239422109116e-07
8.485345802363498599e-03
5.481264715281586319e-01
4.029338921676225288e-02
4.426961621107930456e-02
1.044884931530629113e-01
4.074061550595847181e-01
4.000652672020232337e-01
7.500343035579230128e-03
2.801729644323593463e-02
9.732564657941208397e-01
4.323752631537545500e-03
1.362959460564400649e-05
5.748172346619565015e-05
1.267827923445195111e-04
1.936028393089586175e-05
1.964897322541033495e-05
1.184857854088220059e-04
1.525684412467376254e-08
2.336944634405967516e-03
1.554794131566842541e+00
2.180318839762148686e-01
1.515497283959321706e+00
2.965569502228681653e+00
7.147379985438927497e-01
5.073591466258647875e-01
7.647823707650329601e-03
6.252130983459683105e-04
2.854931577725393355e-03
4.078181246527389815e-03
5.360419597362991312e-02
9.520643907181782772e-01
1.642439338572064186e-02
3.736285574702316196e-05
1.144779663256622582e-05
7.531600839109773475e-05
1.717832243806707040e-08
6.481491962027782772e-02
1.223186304592210121e+02
1.696546120746503128e+00
1.790310260509657470e+00
9.737317703010365255e-01
1.463525937649329534e-01
5.880164023793301720e-01
5.405487584202038794e-03
3.169905095776344536e-06
2.710894731257938691e-06
1.140331099478218918e-03
8.715785703861638201e-01
1.011132317969216432e+00
1.109573585232878417e-03
6.145211564009936613e-06
8.016468005739914738e-06
7.239242060750542950e-05
6.362655176874892189e-08
7.548936028006957011e-03
2.360675572238521536e+00
5.707536034765685606e-01
2.947856933739696483e+00
7.311510931782753964e-02
2.834302023299570955e-03
2.337073006891975946e-01
8.687491167509373002e-03
3.319214496863652883e-07
6.643789796285085843e-08
2.280541417868209135e-04
1.772463523043053824e-01
1.216758090498965689e-02
1.591654209713174551e-05
1.849225817084576626e-06
1.327350842418224434e-05
1.101634008830675412e-04
5.021977414632998697e-06
1.317469298007276947e-02
7.616348155372734130e-01
6.679263928068377432e-01
7.800447292196823756e-01
5.310816486778484162e-03
1.952894309318954722e-03
8.222791210279317697e-01
1.576401056578951784e-02
2.607234623848045068e-07
1.476404576343211174e-07
2.684800330454237098e-03
7.896766323760960882e-01
7.866421549258021187e-03
1.581204219513208318e-05
6.604760244233621906e-06
4.596308250726110784e-05
1.865659785737115381e-04
1.393274793852724072e-04
5.973685780845264595e-03
4.333643868275229710e-02
1.727572393344665447e-01
4.257323208932837777e-01
5.549220512994057497e-03
1.373762845689436391e-03
4.451888655714867499e-02
7.138321131667210761e-04
2.920566591409316576e-07
5.496826990435886868e-06
5.822737367420636329e-02
9.767072773070999137e-02
7.887790488613528482e-05
2.296748175764333646e-06
1.259627614774960465e-05
1.061790627617213446e-04
2.452609006141752705e-04
1.021141520031965779e-05
2.962756399943597829e-07
1.053226792989393376e-07
1.459916354520579085e-04
3.526130619919559117e-01
6.670449870751296757e-03
7.091691988796224902e-06
1.019608015053021539e-05
2.130791985255848034e-05
6.105983167116585714e-06
1.456037366668151874e-03
1.894802718946750897e+00
1.168991042395923878e-02
5.767971236742887000e-07
1.514489746571020415e-07
8.977628011958948333e-06
1.201272185011796438e-04
2.333947458613085015e-04
9.657648607163363335e-07
1.642680126226955551e-09
6.267958659270049052e-10
2.397308915553622756e-05
7.245063472554480466e-01
2.004001572732956940e-02
4.236206703782838495e-06
7.246422822496709199e-06
3.758400585881413545e-03
2.087205610919213791e-02
7.460921204548659480e-02
1.967231819648034064e+00
1.435013742433361751e-02
2.307326073540545031e-06
6.135141924520360254e-07
1.590550047315552703e-05
1.103503866653693046e-04
1.848083330622450301e-04
1.417199191067487868e-06
6.573734155637403589e-08
2.669173585757608608e-07
2.786844515352340248e-04
5.900882783874955573e-02
5.236416959173836178e-02
5.123377596068748319e-03
8.318391597308898155e-03
9.661492966417146722e-01
8.884110251457806307e-01
6.206928976287951968e-03
1.909038657050318071e-03
5.575946265929447544e-04
2.010905062023957089e-05
1.084492170091526703e-05
4.530371308064589866e-05
1.005166667797869132e-04
1.402487659356014995e-04
2.087804462379950723e-05
1.530100037454639546e-04
1.160425972375779373e-02
1.199526250936173849e-01
8.161656506383001275e-03
1.316309677838729993e-02
8.121740021379537655e-01
1.185451141192066515e+00
9.358776894346848563e-01
1.309885952846822910e-01
2.016551457855029117e-04
4.945695367953600450e-06
1.003859549104811037e-05
2.756673818354258895e-05
5.426953733450252720e-05
8.626510237285707353e-05
9.009507056114875862e-05
1.098891878082501573e-04
1.871197403274122220e-03
4.997304052651679873e-02
9.013890585986650272e-01
1.733689647174448734e+00
8.839356649294589918e-03
1.198692162472766044e-03
1.124664935629822310e-01
8.263141554642348119e-01
1.082389263163269888e+00
8.988424298363076881e-01
3.337468124161595620e-03
6.702827506982340584e-06
3.522746751520264612e-06
2.702704135336186025e-05
9.163992704579762517e-05
1.005476462221921295e-04
7.575595601253340156e-05
8.908409027048907114e-05
2.567284316548214262e-02
8.312435036711574021e-01
3.294476276026912509e-01
1.650434464954260716e-01
3.285755351878051622e-02
1.430904792422303153e-02
1.450842298632294171e-02
5.273913827422456804e-03
3.740699405030997043e-02
9.682520005177961409e-01
2.467678338554052733e-02
2.629742887047235798e-05
4.835026521572638573e-06
2.912723414592052838e-05
8.992671763531482655e-05
8.290900369039553880e-05
6.107848980198747558e-05
8.014651734352273187e-05
1.530479807164481475e-03
1.053267340591972134e+00
1.766475776636880157e+00
8.090704337220865350e-01
1.040637542368588742e+00
1.865506253475594178e+00
2.951622868292274465e-02
3.374205052616532680e-05
2.889509222385774534e-05
1.760479994631925990e-03
7.763825962908007475e-04
1.652759426844892991e-05
8.642736453772906821e-06
3.776363767810690328e-05
7.714787174827085828e-05
6.537335976479334045e-05
5.813068774705870565e-05
9.367218264826068590e-05
1.221289676790095343e-04
4.526832928159280761e-02
7.360270313476294235e-02
1.170130995255344031e-01
5.466404113106518997e-02
1.222990120849324139e-02
3.862398339920400056e-04
2.414156500785701272e-06
1.403506777474442537e-06
2.654531629012978259e-05
5.459581952581934637e-05
2.097233607542361265e-05
2.695459560476595661e-05
6.338291692089554469e-05
8.025318225761871147e-05
6.946162620277921015e-05
7.804049446171612428e-05
1.435941063752527982e-04
5.376368013077386515e-02
1.809982436556023977e+00
1.971808351531695314e-01
7.856499734943230839e-01
4.224222782890792172e-02
3.637358067169646866e-05
1.695689415911311691e-06
1.731585739033792920e-06
7.511081595424076585e-06
4.820397156725623203e-05
9.188530663304524083e-05
8.293653391444949703e-05
9.879188576074067040e-05
1.260212759476702098e-04
1.238828097306707429e-04
1.182601507927742864e-04
1.487547855833159475e-04
2.557384057237537304e-04
