5.354596178112357749e-05
4.135491194213799241e-05
4.121685315272769059e-05
4.567879271702390517e-05
4.573921748761846062e-05
4.049283033043385639e-05
3.614201729363206920e-05
3.447605036017876171e-05
3.319223280011211752e-05
3.110270924544727907e-05
2.894602225180839116e-05
2.924818543796193400e-05
3.457554073581755921e-05
4.159703475282576127e-05
4.158114790393439391e-05
3.800219966666287569e-05
4.225416359458988657e-05
6.087966891444378486e-05
1.205623118488031744e-05
7.203542046925052298e-06
9.272864718266829673e-06
1.569201373037766605e-05
2.226871347611418522e-05
2.496957579378170420e-05
2.596485171686400238e-05
2.773944631836406535e-05
2.844974064840035920e-05
2.662929532993989448e-05
2.301730654443546881e-05
2.030790858580467040e-05
2.133821153672434321e-05
2.469923037567715494e-05
2.535653144722829536e-05
2.484016065851095230e-05
3.017837985167038978e-05
4.746265366433517101e-05
1.737876045476808764e-06
1.360922742787820772e-06
2.679023406148400262e-06
4.729304696146623803e-06
9.068804524526324459e-06
1.579489993091153082e-05
1.982626066380155442e-05
2.631362137667914887e-05
3.555878023160663899e-05
3.683625438999334819e-05
2.840969237552323941e-05
2.009262272521822012e-05
1.740810576186631932e-05
1.853974314131318559e-05
1.930394951915033957e-05
1.991622287179150110e-05
2.506035238397152093e-05
4.008556040920302472e-05
1.482681095987336902e-06
1.394282399906723585e-05
3.114121355660008276e-05
6.690295069083945975e-06
7.928310072295346919e-06
1.544283755278349831e-05
8.182204588085466795e-06
9.132605252688051235e-06
2.677917982096534422e-05
4.978226693764954133e-05
4.100388055531810111e-05
2.463450815202387545e-05
1.825371995870290098e-05
1.792957837741301756e-05
1.819942465885775729e-05
1.841678851221403024e-05
2.243360521503873290e-05
3.529086199477077154e-05
2.065769687140503908e-05
1.632711084517360009e-02
1.466594228037971723e-02
7.260979581335900025e-05
7.646452667946356950e-05
8.144455480685653163e-05
1.289349906875403963e-06
3.265746243396769245e-07
3.962750049280003632e-06
3.433826429340510231e-05
5.038811586493929893e-05
3.178183098924793927e-05
2.200357331217828549e-05
2.020869988037133643e-05
1.939762588747785278e-05
1.860735417460496102e-05
2.172430332693342278e-05
3.373070061788824666e-05
2.605180438282102143e-04
1.986019908021096736e+00
9.137036162430695052e-01
3.108768500442551149e-03
1.277579246175119740e-02
2.651349579488969724e-03
4.158419931313249146e-07
8.777319474702352581e-09
2.410698752835211418e-07
1.142295453585406722e-05
4.565782001972863388e-05
3.928173761204334943e-05
2.741933135216018030e-05
2.319761271834186526e-05
2.055493766703060909e-05
1.900482393008947200e-05
2.227332794409564144e-05
3.509705250266729305e-05
1.644019952705744409e-03
2.107260152138560994e+00
2.813825444271626175e+00
4.696207152445254773e-01
1.658102951866044394e+00
8.631435872958514999e-02
2.222827548345344338e-05
9.689553883870767337e-08
1.642644803189093756e-07
3.722759247367947975e-06
2.921076860332885339e-05
4.278500461667044703e-05
3.289767412506281277e-05
2.494516360412609541e-05
1.993931572763798672e-05
1.846441566365704298e-05
2.327032837814640713e-05
3.881152302391731925e-05
1.389703818969140019e-02
1.817619991210392083e+00
3.351833671707675766e+00
4.236597425441988918e+00
3.471288696262254003e+00
8.590849353626371920e-01
7.576861764754810880e-02
2.551937736724186863e-04
1.474899645948655025e-06
1.407726857384746717e-06
1.296226220846851731e-05
3.881015775202041341e-05
3.732672617250899403e-05
2.579629096213977978e-05
1.847217315502389063e-05
1.736239912335245156e-05
2.429287167806598463e-05
4.398588153067897890e-05
4.940416885065781506e-03
2.062532879230824179e+00
6.903743467967360381e+00
4.478603490373733287e+00
2.859418238980603988e+00
2.031333777323780510e+00
1.803764660555407850e+00
1.172137013538044129e-02
6.489350522749259039e-06
7.439725381215977263e-07
5.735646463541737146e-06
3.017786782836829259e-05
3.950844908297195608e-05
2.743257261299615046e-05
1.804296830221976215e-05
1.641808416849186922e-05
2.409461478145548331e-05
4.641889453639674011e-05
2.245816740333674980e-06
1.057381120495705894e-02
2.816507070531105494e+00
5.993627835342496546e+00
5.547637997866767812e+00
2.336666866076733573e+00
1.104755440093893926e+00
6.489697580394016008e-02
1.163707285392479848e-04
1.915451679196544961e-06
3.121371683645215669e-06
1.778577299187412614e-05
3.696456695264906068e-05
3.146200920604533426e-05
2.056054278899292390e-05
1.726909611187483717e-05
2.395485048195825030e-05
4.569066177878862699e-05
1.297711131848456806e-10
3.240476637525931221e-06
1.227521508558097468e-01
1.963707768552546362e+00
3.606769091200459076e+00
2.560095985818395370e+00
1.902220168925425225e+00
8.969919771900793926e-01
2.396958294451345499e-03
2.429128442082552050e-06
5.831583227079386923e-07
5.109025425740799693e-06
2.816440600691779328e-05
3.909699662588496155e-05
2.828396286444625563e-05
2.211670150095949042e-05
2.700999441119165381e-05
4.669079862927361563e-05
2.526939234196205675e-11
8.579621584283915632e-05
7.116621298531515372e+00
4.752442262476619383e+00
5.645104253028850216e+00
5.233373477835969290e+00
2.230108139047053850e+00
1.025639504789948697e+00
3.684498735570619198e-03
1.952586930327808921e-06
1.347654805016365458e-07
1.217392285003696294e-06
1.731644336666394752e-05
4.565075988096406516e-05
3.997282277167188864e-05
3.023703799511567189e-05
3.223663903694526882e-05
4.896756720655753408e-05
9.322515962395443477e-10
9.176138327228987313e-02
3.615247642908211674e+02
4.646277060634677269e+00
8.976653698943648507e+00
1.994074317338943203e+01
8.849715238276465001e+00
2.877561096356399784e+00
9.866613155932475732e-02
3.761251230103902798e-04
1.982305845311337531e-06
1.096992340851937476e-06
1.054288826803628065e-05
4.142340572398505463e-05
4.463262664561444299e-05
3.411716726660517424e-05
3.360341029765626629e-05
4.771566534278190653e-05
5.610278882806576836e-09
1.591599931657873904e-02
9.133491908773159196e+00
1.793712561234663605e+00
1.075704424929074854e+01
6.322059502622529692e+00
2.735558339442486275e+00
1.364412971360074556e+00
7.208438692223293476e-01
3.938073364218393907e-02
4.507041511040578685e-05
1.934099713631829780e-06
7.787129978667067730e-06
3.188948064005414347e-05
3.858164634464571484e-05
3.061026452676351051e-05
3.016924938362631735e-05
4.360084456766602940e-05
8.962138079936305230e-08
4.044232022672712701e-03
1.950119253465327551e+00
4.336851285552022262e+00
1.166425214519660614e+01
3.304503376527314629e+00
2.881959833798021453e+00
1.036307415467715654e+00
7.458032416913344675e-02
1.600320978914902175e-03
8.840216429242569763e-06
1.628353338171688157e-06
7.967637488327159907e-06
2.832623693326209569e-05
3.334222816957894774e-05
2.704555110749749344e-05
2.745607385674984739e-05
4.112269248131138487e-05
1.144822263395276190e-06
8.766623280521475270e-03
4.803983664070186954e+00
1.182827439815015325e+01
1.843548301286400815e+01
7.623051682726545764e+00
4.052037973683605188e+00
8.678641314395256767e-01
5.867120998102861619e-03
1.800556239380928522e-05
9.481670480536750864e-07
1.991261971570151966e-06
1.272876513205365460e-05
3.198183194158917735e-05
3.292041822595320120e-05
2.644429430287143352e-05
2.729000051074902358e-05
4.122295205866965262e-05
5.706693452689482593e-06
1.568870154368419770e-02
6.362697997109713732e+00
1.496961187955164974e+01
1.468964142178102961e+01
2.179652455787879806e+00
1.753734119154924109e-01
2.086999400546391686e-02
2.519555811561457722e-04
3.291059238902626127e-06
1.464630061444123319e-06
6.525889592581727830e-06
2.429769456098579395e-05
3.769175807076913752e-05
3.358441957462618427e-05
2.683774157474809184e-05
2.832775507429112559e-05
4.275103986340575988e-05
7.982235689439316781e-06
6.709159440861900935e-03
3.444794212876145512e+00
8.320639392157449521e+00
2.032328032323187816e+00
1.009044250678865495e+00
7.843400334477987901e-01
2.553187730204515421e-02
5.791573567805496415e-05
2.477620497035884898e-06
4.816265037681968318e-06
1.926036580831194098e-05
3.648535034559019253e-05
3.985487498546872473e-05
3.358591578178427896e-05
2.811036922162822346e-05
3.103900256922914353e-05
4.669366198987467579e-05
8.950269345370239544e-07
1.766916594127845006e-04
4.931252596126436960e-01
2.682061659154265421e+00
2.884676235797073093e-02
5.958947626256138122e-03
4.967147266837364239e-02
4.660059479803113289e-03
1.896339305264009537e-05
3.079028976826629778e-06
1.125986127980948251e-05
3.286341234815727433e-05
4.121402522407739303e-05
3.877282973874708486e-05
3.397866946353737328e-05
3.120641527903248114e-05
3.648792528831098256e-05
5.438197647889727980e-05
5.872959933218102259e-06
2.180797116130472803e-03
1.728687755007060955e+00
1.237238660381427408e-01
7.427820948025244574e-06
8.216183110202664102e-08
8.540479945878000261e-07
3.605566678802842264e-06
2.345467273404248174e-06
5.261231963659577492e-06
2.213279743712670851e-05
4.064857764246686668e-05
3.943300716300888781e-05
3.502782580981910902e-05
3.225497349586046140e-05
3.229382016282826096e-05
4.044459631319119599e-05
6.155746588533346541e-05
8.633853650820670232e-05
1.076897612769736959e-02
5.168077869129850122e-02
3.130142164919521138e-05
2.779586837585873278e-09
3.274198452150256775e-10
1.041612610234799279e-08
3.493935700565523801e-07
3.149356169718889573e-06
1.489899892084069152e-05
3.506649599236658939e-05
3.958694676872945187e-05
3.295613422118984784e-05
2.862485533860806264e-05
2.682650442943050408e-05
2.808858065995503741e-05
3.742220616356685159e-05
6.032238153370208882e-05
1.363992560858964694e-05
2.042146783468647367e-05
3.152901370846041934e-06
2.269116160400091684e-08
1.562013590899999734e-09
1.414714702069171930e-08
5.774558767788365309e-07
6.642936115532604359e-06
2.092062352003111814e-05
3.366766277062223952e-05
3.781667686259394638e-05
3.308448019724773918e-05
2.684474578925337784e-05
2.372007816443937134e-05
2.262114321249199123e-05
2.398827662829249559e-05
3.217914686363100248e-05
5.290235809400262076e-05
4.610467746470492756e-06
7.196506546249341376e-07
1.329375991892125989e-07
6.353426611241117554e-08
2.581830378333835986e-07
4.017140687579960006e-06
3.067254259943259570e-05
5.744639723682570717e-05
4.684088912589966773e-05
3.471288425276427463e-05
3.166335476913943823e-05
3.001174305388200900e-05
2.659353141786730958e-05
2.429396573226822869e-05
2.352008940936069833e-05
2.463950338022505849e-05
3.111767646185993694e-05
4.808828685019093008e-05
1.913774393078377617e-05
5.830718773132809841e-06
3.559548717301944355e-06
6.264467312156826372e-06
2.209951111446679329e-05
6.854400436544088335e-05
1.029940650243995443e-04
7.408781387056277842e-05
3.899582947798151502e-05
2.662712717477010551e-05
2.848169116350140180e-05
3.395365410559206303e-05
3.468524290213674283e-05
3.252822715516788960e-05
3.081469587902026686e-05
3.100530678877462000e-05
3.622179663504816819e-05
5.085422286712611910e-05
7.172797590606311377e-05
5.239590976277683394e-05
5.573936883976601727e-05
8.219191540697916765e-05
1.186333087508494185e-04
1.325055385800968813e-04
1.090824649282447716e-04
6.725842364545814973e-05
3.800991563868052602e-05
2.915828464868216243e-05
3.471339019947925896e-05
4.672632582569291631e-05
5.293454071265113177e-05
5.085231729920171783e-05
4.659299139794388623e-05
4.512050745279422358e-05
5.018308517606917746e-05
6.468211993214600323e-05
