2.844302422908899465e-04
1.566994041880641064e-01
1.376069154017009133e+01
1.128429440198614131e+01
1.703716039842573027e+00
1.099869577255091713e+00
2.047429537117650966e+00
1.896349055470526457e+00
1.290196886528639786e-01
2.873012311167486618e-03
3.695429510704479757e-05
3.643873121500665369e-07
2.173053569019382783e-07
8.708313974729337077e-06
1.894266448212715451e-04
3.647235789173440871e-04
2.949848487489071820e-04
4.247344908260502843e-04
1.616510391070944200e-02
1.632837436660532271e+00
5.514051798008295258e+00
3.342879980658650663e+00
7.662877323344882141e-01
6.536444207698004494e-01
1.092997069324703530e+00
9.361492019431485456e-01
9.040213263370139307e-01
8.760337212293289877e-01
6.354408939114393473e-02
2.221406649411772176e-05
5.700454096020678506e-08
4.129297799747957688e-07
2.891928108928898281e-05
1.513139984701369260e-04
1.588433977933276123e-04
2.414606164582680948e-04
7.570890580835600361e-03
3.924739550206352012e-01
5.289678309964847003e-01
2.559137424545094408e+00
3.285562052034074920e+00
1.163393483785623683e+00
9.689759329060851911e-01
2.533364370268129107e-01
5.081620107561125865e-02
1.285994889530515384e-01
1.916388863521404362e+00
2.106555780935944616e-02
3.556347472460351382e-06
5.056770036881395124e-07
8.658252476167179474e-06
7.143798498382916023e-05
1.503074119024510539e-04
2.874166522243965893e-04
9.073631658939023542e-03
1.588626808434635329e+00
1.404503925297105216e+00
2.745048190181716752e+00
2.243340052663080009e+00
4.433187432865285382e-01
6.111817432217577784e-01
8.623416262282529443e-01
6.611479002197244714e-01
3.779700636178624507e-01
2.701542406120256423e+00
2.104870283089816496e+00
5.234461124357633714e-03
1.829312936037226338e-05
3.056975141448312143e-06
1.051832451810454922e-05
8.244674691320681053e-05
3.974155091515753683e-04
5.663373268506018826e-03
1.292944956953834712e+00
7.108510109115835363e-01
9.899911375609498076e-01
4.101169795243253979e+00
1.271668798416819124e+00
3.875840351549449392e-01
4.079519199595605938e-01
1.168921948356389739e+00
5.149110168777101260e-01
3.667801460352662635e-01
2.912096636547745199e+00
9.465225627777043016e-01
1.123154249950292791e-03
1.060357374606928968e-06
3.043489820741544609e-07
8.710535394779371252e-06
2.765114246648483261e-04
1.225665675200191505e-02
8.239986787179817140e-01
2.205371499505029420e-01
1.769922070192590513e-01
3.542460124813215927e+00
6.097038711202738881e+00
2.399431363694815911e+00
1.740095177437486429e+00
7.359468594164290112e-01
5.313119628452331877e-01
7.794834338089857706e-01
1.960460376487666245e+00
3.064460417116756652e+00
5.378148403872008015e-02
7.658789478225583083e-06
3.105865240714533379e-08
3.679607512347137216e-07
7.091336495607011544e-05
7.249556190887373065e-04
2.979998878030699905e-02
7.090004341960051137e-01
1.093143061121603754e+00
1.292416298058114199e+00
1.011849816736038798e+00
4.697423701990210976e-01
1.138458680162398151e+00
3.931136046475590673e-01
5.210087714829627625e-01
2.948635093306805288e+00
1.284146597412240798e+00
8.138642804353716231e-01
9.382622677779675069e-01
4.106805368828649744e-03
1.029230693435195243e-06
2.155667051685894963e-07
1.932093816317341687e-05
1.604217083132615350e-06
1.180864969184959151e-04
4.646808823081832740e-01
1.433482144463746666e+00
1.969901356364434086e-01
3.532307183810561857e-01
3.355776251974160740e-01
3.382575631147050621e-01
1.876935044029892294e-02
1.433746165679868415e-02
4.725669038933441035e-01
1.327112176155725409e+00
5.779163081756750753e-01
1.758325854273447897e+00
2.152724939098409340e+00
2.826004037483181072e-03
3.949240579886858055e-06
9.095854753130603270e-06
5.565938886928186504e-06
1.802469068073035393e-03
6.956827912638271494e-01
2.819699088367886852e-01
2.970453888277950205e-01
1.253540801467078802e+00
8.108225357177091253e-01
4.953829493523441152e-01
1.724627185229390264e-02
5.325882537148121654e-02
1.664341867367674865e+00
1.503793525681083043e+00
4.488549415788242181e-01
3.725857819952232419e-01
2.677184251374694846e+00
2.149003671038013721e-02
2.331453453527656277e-06
8.370559854142780968e-07
4.844350314542363029e-05
1.345930955296729091e-02
5.093471597443084004e-02
1.772502713313821310e-02
1.393979717596331547e+00
9.568632154811648194e-01
7.087620259741027329e-02
5.152133999559171951e-01
1.557238857926075970e-01
8.572319465252066228e-01
1.011830845111832300e+00
5.201784204879546583e-03
1.635722199647601880e-03
1.315867360941487367e-02
1.818366893897207792e-01
1.842479438817178940e-03
2.138839764838039149e-07
1.203549684302826368e-07
1.980967436065654921e-05
2.267150336159038434e-03
4.321879848147821765e-03
2.243786038869273469e-03
5.225450350443714420e-01
1.929185102706131305e+00
4.208990081814615869e-01
1.021477425693610108e+00
3.056011056174377447e-02
4.750599268621757271e-02
7.678165025280023204e-02
1.373567289459778700e-04
2.203800155483476376e-05
1.889494387335959556e-03
7.104842652841404371e-01
1.403553127229099085e-01
3.872765758505248809e-05
3.134288489897528249e-06
3.484479438627223480e-04
7.916066411646954792e-02
1.767390419644771171e+00
3.030862191090253344e-01
4.607220172350949827e-01
1.893851688799263355e+00
1.563986919577119217e+00
9.549578837101279083e-01
2.859986506815073021e-02
4.931016784740133857e-02
7.865948095890300529e-01
7.523543312382169335e-02
5.851192323416957997e-03
9.517717920077552532e-03
1.303586336609248386e+00
2.754601306769957958e+00
2.541925702542397521e-03
4.725539397952889265e-05
5.210116632915224449e-03
8.532012045601452543e-01
2.542776669651085797e+01
5.252548078397572873e+00
2.700295326893102033e+00
2.337813496294586013e+00
2.830999411866110815e-01
1.135534069615746988e+00
9.141508374020856920e-01
2.257368652727317210e-02
7.654205256097474687e-03
1.241377281270540922e-01
7.733659317693896140e-01
1.478848449709090906e-01
6.570992468085827820e-01
2.633973355938415972e-01
2.342851929938499160e-04
1.132343883810399822e-05
3.294319680509143157e-04
8.922807269793558982e-02
3.680949313395104561e+00
7.104531605000915517e-01
6.218598720267556335e-01
1.002986437635917660e+00
1.746388989067375330e-01
6.982176631269977340e-01
7.006628523233898731e-02
2.029090808759766411e-06
3.161516220262653597e-09
4.454855887096973915e-07
8.499357734678104296e-04
4.410226329385386057e-02
3.149790831202265107e+00
8.641299906749546622e-01
4.559283193851299183e-04
2.081686769825802068e-05
2.545137006985896141e-06
1.178458369359104566e-03
1.070785908490208271e+00
5.970030441538213273e-01
4.599813961518606914e-02
2.254558100479785165e-01
9.062759195494717313e-01
1.027695625498864784e-01
1.953900568419266034e-04
2.832980143710391921e-09
1.160288691151395495e-12
4.726681651307535010e-11
6.009521462973302635e-07
4.354815602552683691e-03
8.727013397972839259e-01
5.299466466425704209e-02
1.297689167236735293e-04
4.009495473690650308e-05
1.470315440936286955e-07
7.563836223383074578e-07
8.850747362122017873e-04
1.365418406149578323e-01
1.776816488200665956e-01
8.382589145424569343e-01
2.818743161828924482e+00
1.351720538478580480e-01
5.613178293634423985e-03
2.096201694412358450e-06
5.813920603187173123e-10
1.006588238886224417e-08
4.227384569969715460e-05
3.913071741278034699e-02
1.772718124151095170e-02
6.782505629741406089e-06
1.719683489726803722e-07
5.038979860715446117e-06
3.580190172768280556e-07
2.118334457279164323e-08
2.004388852049570944e-06
1.731030283180589810e-02
7.137980127369151218e-01
1.740325073373292231e-01
2.772880475251286378e-02
2.367906905577185639e-02
8.018436950445070321e-01
3.352351343335285838e-02
1.179369154236490784e-04
2.561999412344685874e-03
1.036156885225636703e-01
1.758873868536607876e+00
1.714283806782289921e-01
1.371548333485837823e-05
2.159762013237229055e-07
8.545382728659437578e-06
9.638114251195887611e-06
1.553725182463567920e-06
9.846928087450180687e-06
1.211253336440434565e-03
4.909459310010195338e-02
8.989102404884916075e-02
1.486294053728092965e-02
5.195252830863957526e-03
1.678772545693529017e-01
8.288413743074012352e-01
4.038929703421479944e-01
5.522829812652547687e-01
1.229341899649679382e-01
2.169620686691659195e+00
5.771122889679237034e+00
2.529780366504363453e-03
1.703213634997128716e-05
1.039726731610442543e-04
1.221579990403559384e-04
1.555230552860627615e-03
3.472805947233316339e-03
2.733847358789620922e-04
4.265947305895465176e-03
9.821397918483006917e-01
6.232687492888824288e-01
8.107343581148319933e-02
1.244524734552402562e-01
7.777301196905411773e-01
9.307763637882168206e-01
1.018058957011663823e-01
1.210865242055755298e-01
5.852998141890142669e+00
1.640113217668089374e-01
1.099013613859749073e-05
1.217057579038838922e-06
8.577888191308270045e-05
5.787474446750105522e-05
1.722350033341304293e-02
9.661708077036493814e-01
2.318034514731680609e-02
3.401742511569805227e-02
1.853803490724840408e+00
7.063100145247955819e-01
8.048461115322408377e-01
6.121696292707812237e-01
6.721827468235129777e-01
5.385987369206715059e-01
3.600961478704033381e-01
5.766774559260440469e+00
2.954625929611852886e+00
7.167914008495020715e-05
4.619235203996487132e-09
3.698456101625942508e-08
4.209563042803345572e-05
1.421586367664838474e-05
8.682270367107370506e-04
9.251470164315678257e-01
1.946573195337286455e+00
2.907020914592707839e-01
5.723345870582303707e-01
8.494682678148337551e-01
2.748583245080129966e+00
7.843833699402696924e-01
2.000958280653227117e+00
2.808424825556575577e+00
1.381823526583837225e+00
2.829305646159165355e-01
1.661897118733495383e-04
2.399784949202761098e-08
2.419144342457322280e-09
3.899785981181676591e-07
1.541627002739383973e-04
1.432706491292408835e-03
6.455716779633337288e-03
3.202440988604459138e-01
1.645488251428425697e+00
8.015584023272538661e-02
9.125151748269583196e-02
5.939715760284638435e-01
5.164761853977729578e-01
8.244507970439310385e-02
1.123441087725500553e+00
8.387860665190208787e-01
1.298234182165592943e-01
1.847669020624984060e-02
6.706805066748968822e-06
1.961464337272756347e-08
1.246898892744341828e-07
1.798172860510493937e-05
6.230720651437130289e-04
5.037734495552332464e-02
7.826008973151318271e-01
2.935644170561283683e+00
2.106112125107619804e+00
1.985900561218943983e-01
6.051133367721736045e-01
8.368813079490105000e-01
1.601896209835873275e-01
8.746690140909176014e-02
8.957908959244391678e-01
8.316128135867173476e-02
2.587730353522750201e-02
8.544951217266386623e-01
1.572061564193049168e-02
1.354724012496252921e-05
5.926000665367586752e-06
9.307148140831984155e-05
7.543387101101786804e-04
1.548958767538651470e-04
4.543602325962121241e-02
3.289389641512569185e+00
4.550926945798408063e+00
1.260102591595563704e+00
9.500036725073078836e-01
2.645653216719295875e-01
7.951919490173914307e-01
2.054387029919817920e+00
9.141572319191240137e-01
9.639629994059140811e-03
9.368710486476023672e-04
3.562453819432976482e-02
1.094807978885940260e-02
5.980163663746054196e-05
1.808605864466348922e-05
1.157988703250464657e-04
6.066420160861099933e-04
1.402983234794347065e-05
2.658260874304035210e-02
2.789824351846956318e+00
1.269750654167669968e+00
1.879226669243180936e+00
9.116797749011716911e-01
1.175875603328379593e-01
8.545127152553120276e-01
1.111460500600288531e-01
7.816978369797730666e-04
2.922277704368080254e-05
4.359317765238570946e-06
8.801798111873178080e-06
1.109393937260207090e-05
7.598785785565390668e-06
2.945058896552070951e-05
2.131060345425795060e-04
8.181094100398146260e-04
