5.133295005256631704e-05
2.660445234128682259e-04
1.958101072367278498e-05
1.777577875535042583e-06
5.269101657681897583e-06
1.467267986279875645e-05
2.212064111886801130e-05
7.874728346430989636e-05
2.507282025957327542e-04
3.392542197198833345e-04
3.012156624225686974e-04
2.695539937261585018e-04
2.521222923729824015e-04
2.143596356712031874e-04
1.591407365753472896e-04
1.248290447199863881e-04
1.423331752965906324e-04
2.678433146018979489e-04
3.171809262384069051e-04
7.324700316046850977e-03
1.658759448185488715e-04
5.303771379998729333e-06
1.693048108517039745e-05
4.203013374728510013e-06
4.280314631822445005e-07
1.876929357242318824e-06
2.459980615420797668e-05
7.904429435180666602e-05
8.219861714653891151e-05
8.359051247311136894e-05
1.225635251092986665e-04
1.516524309421394265e-04
1.157376066515553319e-04
7.681515012137632404e-05
7.771667913569451215e-05
1.537779275388021817e-04
7.070581889922848695e-02
8.783737818660030117e-01
6.349460769078328626e-02
6.154129100305087523e-03
1.425326241455075402e-02
2.119534060173801934e-04
6.303501855835688142e-07
2.766666729351419495e-07
3.093245876445131759e-06
2.151466144442458662e-05
1.071790268146501960e-05
4.812290031179572269e-06
1.752397155169352526e-05
8.786037740812679335e-05
1.237271493520784372e-04
8.078914532659277553e-05
7.055332045107549248e-05
1.317247282434608972e-04
9.023312621428356550e-01
1.175243252527683469e+00
2.842612808223635046e+00
1.132250673427178222e+00
7.604688649274811141e-01
1.200992882033151271e-01
1.277336855571443129e-03
6.366523643557141270e-06
6.320132979486517244e-06
1.086106397112025947e-04
5.947056904538047758e-06
1.049273660461381242e-07
4.552903550387137069e-07
1.911305135994263699e-05
1.068423456690527259e-04
9.330798254029252776e-05
7.359483757310248200e-05
1.264659261215212718e-04
7.061166871528926081e-03
8.309530150991352102e-03
1.887040621008231778e+00
1.154339401016238220e+00
5.296987248284894950e-02
1.011825263090497584e+00
2.913980595403906193e+00
2.429356907598667365e-03
5.012126964865902014e-04
2.072217295549276181e-02
3.727731735205974846e-04
2.628300525363100362e-07
1.082133056060325247e-07
4.796803263183970524e-06
7.183919526485701913e-05
9.828707162888885814e-05
7.500709490721053083e-05
1.182270180539606887e-04
2.573285968715038278e-05
4.844297172690827579e-04
1.156638206644581279e+00
7.289346651984044412e-01
4.963788689386357256e-03
6.918072635774691337e-02
2.847970021669184337e+00
1.734820662740027830e-01
9.962020200527774150e-02
7.197959824356084946e-01
1.442942435704427651e-01
5.667717186007626470e-04
5.295184340079507680e-06
6.932888096823545735e-06
5.930738124908606612e-05
1.083226074351541213e-04
8.419358841303942848e-05
1.199126236788158266e-04
1.907369217111643198e-05
6.053719513558215859e-03
2.869954904547667773e+00
1.205108227054240366e+00
4.379298699951100077e-02
1.316395520179035501e-02
8.503271205411448014e-03
3.848770718743010216e-02
5.834225912082445786e-01
5.978231387590760004e-01
6.557918008928044218e-01
3.535952524933368146e-02
5.867471658675486033e-05
8.292564255736650637e-06
5.342917911697422261e-05
1.329571964311817395e-04
1.069410353095498039e-04
1.350401770256652123e-04
2.989018142381682328e-05
2.104436897510006746e-02
2.004145530523955721e+00
1.017713107139938122e+00
7.158812718018204846e-01
7.172991954309852758e-02
2.521211999287066813e-04
3.373246910504862145e-04
1.422028331986799343e-01
7.985634349580597036e-01
1.173453173833927388e-01
6.841477200712809976e-04
1.491710013871586582e-06
1.162405215181692641e-06
3.136494876799951470e-05
1.523021178139853942e-04
1.363545357649037038e-04
1.548212023985171091e-04
1.099435186593742525e-05
4.685500122825117693e-03
8.664583466782103116e-01
1.118899892274647589e+00
1.231222696319799637e+00
9.234906047309415777e-01
1.192929399498329768e-02
1.838865558129450066e-03
1.770311268238370928e-01
1.670121564814984083e+00
1.602450394352306073e-01
2.149785824528108907e-04
1.577339616236654810e-07
1.273669751523865148e-07
8.874410309717087211e-06
1.105767877624325358e-04
1.499920036397023868e-04
1.761586322250208332e-04
8.375658550281149618e-06
3.559702780002979398e-03
1.351185257006132234e+00
4.580221894375791081e+00
1.980719802904680638e+00
2.056053783218503739e+00
8.441352620456017419e-01
1.362190371854829496e-01
4.691310008439807389e-01
1.808377513984013918e+00
1.599703370274729197e+00
9.827313722750327316e-03
1.108475884180128791e-06
5.378374064540229649e-08
1.751633459985031578e-06
4.612451419870072274e-05
1.287211385441097407e-04
1.956261828768158097e-04
4.376812350025407471e-07
6.438424263082108932e-04
3.192491914870702607e-01
1.790744887141623165e+00
1.756316723623000176e+00
1.074293029767012131e+00
1.025069152763162572e+00
2.112186542175948090e-01
1.585091996660148161e-01
4.567572250445257054e-01
1.165575489000969300e+00
1.093288019937751904e-01
1.012687658568639228e-04
1.142921055270109207e-06
2.778107356638384728e-06
2.875309268947756744e-05
1.030747688221118728e-04
2.095605696227237651e-04
4.935431646984145452e-08
9.434892070122784594e-03
4.918960984441386408e+00
1.148763243891403274e+00
2.949341346527388996e+00
3.427744608565770346e+00
1.594710245410140281e+00
7.122117184426804970e-01
2.369527571210503225e-01
8.584665149548889596e-02
1.999727776428005810e-01
6.953222210760144906e-01
6.500636052408814702e-02
8.431769964851176802e-04
5.784716245782266334e-05
4.436837112051305687e-05
9.213755504233337227e-05
2.178984540007101881e-04
2.079103075263243454e-07
1.080979658981898517e+00
3.547788569602061557e+02
4.975304365930573347e+00
8.214503675384893455e+00
6.328405632761869626e+00
1.476547971040347074e+00
2.565971050597305236e+00
1.348353155453629881e+00
2.883580742001827790e-01
6.048065847684698237e-01
3.394706993859009980e+00
8.569994479386511266e-01
8.785684051302611666e-03
1.340766264704745716e-04
3.552456742026543758e-05
6.511083918710674568e-05
1.968288147997984802e-04
3.474369467457752196e-07
1.211407625798046478e-02
5.788619734141423834e+00
3.756169969414404175e+00
3.048274779669016166e+00
1.069522204777560104e+00
4.086902261029315975e-01
4.108966954047696962e-01
4.359733219045832109e-01
1.041917964933493757e+00
1.994071065149165545e+00
1.871436001224880741e+00
7.667748102703506041e-02
2.477901851734733542e-04
1.028634390573570784e-05
1.020314212679299427e-05
2.937019876243491837e-05
1.254045258870781546e-04
6.017684144695313841e-05
5.649419366599161760e-03
4.284934832613269129e-01
3.058113221068217147e+00
2.824443906752300837e+00
2.439786428484105318e+00
1.103575057184042807e+00
7.725954648001450709e-01
9.724428917033842712e-01
2.407453653987138509e+00
2.543406520885634237e+00
7.867126433116244932e-01
6.209404627999121420e-03
2.440000801336148604e-05
1.392712878349399294e-05
2.419557803432113030e-05
1.696279358275867158e-05
4.979648871686214080e-05
3.063224395806678907e-02
8.232357570711409389e-01
8.177753790808645062e-01
1.287342795435255649e+00
5.213038439147378966e+00
3.417626216760704772e+00
7.073875034309118348e-01
2.842052079798794040e+00
1.954401630953262803e+00
5.762279781147128244e-01
1.475448138505196738e+00
1.227626078359381978e+00
1.068934942607368405e-02
7.400111135126085466e-04
8.386941089575194672e-03
1.766052649304422888e-03
2.084323338674198345e-05
1.537506432530333822e-05
2.819452422538971329e-03
1.066169915324581607e+00
1.416013599921582156e+00
5.942359509678920571e-01
9.375366733252583629e-01
1.303497565415972503e-01
3.066304584173135464e-02
3.236958771643207444e-01
7.595765930810042255e-01
2.569916147647801075e-01
4.927365533163703959e-01
7.195457230630240009e-01
2.460122807380071483e-02
2.445389309001142625e-02
9.254967215233265154e-01
2.469027287248547198e-02
2.228722821506874541e-05
7.584219169057471745e-06
1.279037109733993428e-06
1.109712973824171153e-02
2.236655632796591853e+00
1.943887523028140496e+00
1.300922856469177713e+00
8.293203032738823977e-01
2.229881324448992619e-01
1.637583239267890733e-01
2.058478323424544065e+00
3.443912161432502561e+00
9.117679469972386208e-01
1.052858630851087052e-01
7.367624720527556808e-04
4.334321197708386800e-04
1.365925253716677133e-02
1.535324409866975666e-03
1.341352855851623527e-05
1.160912806480595068e-05
4.535807392850112043e-08
8.359213132556369196e-04
8.908778756766302376e-01
1.743241202337442841e+00
2.121529549336849563e+00
2.762953247518640243e+00
7.066769413309301751e-01
1.474183908303275670e-01
1.513834585883174100e+00
4.043266770589198700e+00
7.188122062944380941e-01
5.432374221964016842e-03
2.259398538062692627e-06
4.057722921127985463e-07
1.491895725409885209e-05
4.005500224765741148e-05
1.663582806119666757e-05
4.341025324054000793e-05
2.956724032017013435e-06
2.999632554465140807e-02
2.030341597582563828e+00
2.378276173215674749e+00
2.793677572859373903e+00
1.343208995295168462e+00
2.366376237166877505e+00
1.858006833705047045e+00
1.526861602952961139e+00
9.359016424406624290e-01
2.792559390158519950e-01
1.180172592277232632e-03
2.964278957706662058e-07
5.772206959706872470e-08
2.399956949673064134e-06
2.740143687195708153e-05
5.624837311845246989e-05
1.474977597734475126e-04
9.800407714831570367e-04
1.065605708366749615e+00
3.599194545833820147e+00
2.313481370842122242e+00
1.205527868842743766e+00
5.805052591611973289e-01
2.935160333024498858e+00
1.441704916215800880e+00
1.849363387665873548e-01
1.532642758275304384e-01
7.363948069642074490e-01
2.505028647284857080e-02
9.726166257259918877e-06
8.536988339010295803e-07
1.152071210525613668e-05
8.196874795285225359e-05
1.389691918537106971e-04
2.389858221092985412e-04
1.671880278290183153e-02
1.857748669664741392e+00
1.578495133622803470e+00
1.339305930409389500e+00
3.372885487507760183e-01
3.252935031557552259e-02
7.695072442634660892e-02
8.341593277516933247e-01
7.568998050821388324e-01
4.673989196384221306e-02
3.676246951054582685e-02
9.706993709554391503e-03
6.956482802452745688e-05
9.699608649944509276e-06
4.102857622215150371e-05
1.187280446863449757e-04
1.401917077664124130e-04
2.127813044501484900e-04
1.138246435110411119e-02
2.013179574297560670e+00
7.207775124451903936e-01
3.662573081848717327e-01
7.289455210570304766e-01
2.231569124274853169e-02
1.235799341542913625e-03
3.027332976040254114e-02
6.894349996074686238e-02
1.455684912682473817e-04
4.452536292545097969e-06
9.987508397564807874e-06
1.350380815920906451e-05
2.205698913650318361e-05
6.065361853340643606e-05
9.130890207366918084e-05
9.715660057675427896e-05
1.663695527087965425e-04
2.239606273677816300e-04
2.854773137693114929e-02
3.919264621118512953e-03
5.056884655222751478e-04
1.915960645219262626e-02
6.317337986062813993e-03
1.081620732246762230e-05
1.360600278240815381e-06
7.744178559492646590e-07
4.178710729966332924e-08
3.415749038420726613e-08
9.283660963336374044e-07
1.609260896427829331e-05
6.098143981735940983e-05
9.198337360461056301e-05
8.910789933916368625e-05
9.620543355169436026e-05
1.802609424660329626e-04
6.537217247945407620e-06
4.416292408570966739e-05
6.825862630858454673e-06
1.073844398695653447e-06
4.327315906823413379e-05
1.733224923459111702e-04
1.837454660567175428e-06
4.139703054874633733e-08
1.928135716841975343e-08
5.674144496644165105e-08
9.794924982994011596e-07
2.542731723207307807e-05
1.680935317580935229e-04
2.607601316804297612e-04
2.141700284246544396e-04
1.746010178440421661e-04
1.934443118574252188e-04
3.329008508111201388e-04
