5.683497249109104033e-03
1.005372317516979974e+00
4.108285903216931878e+00
1.838604598080906483e+00
9.677080650420165353e-02
3.238464220594074725e-04
6.305807458816261538e-04
4.347074474505532860e-02
3.790268789058357781e-04
2.161471721796641462e-06
3.339767575846337949e-05
9.253852641661133860e-05
8.599679537406288462e-06
1.627305540850268792e-05
2.188302455475335767e-04
6.429747740972054310e-04
5.520556114604727215e-04
7.359389482320176454e-04
9.924903356789764944e-03
1.969819590090818417e+00
3.684853736603354246e+00
1.458904163926715958e+00
6.968299660613861413e-01
1.965439750247127693e-02
3.003148025946349511e-02
8.576388719811544048e-01
1.000011804316586726e-02
4.928866763843196440e-04
3.199691450089151012e-02
3.723600453274141398e-03
1.426795847992536175e-06
2.305405459551080152e-07
8.524162631972359227e-06
1.283615983226878490e-04
2.666505593766409850e-04
4.925305251865829455e-04
1.291809979870970487e-04
1.044872396623511106e-02
4.319060705636900699e-01
4.833750256188784067e-01
2.376592554622930509e-01
1.168256030631080467e-01
1.317750093401280978e-02
4.208462345743250489e-03
1.193794981423058899e-02
2.131108130422565139e-01
2.698520340040998722e+00
7.248448267330800943e-02
7.618536031882287234e-06
4.564645722049014131e-08
3.133393971254101712e-07
1.123920273506059523e-05
1.122108875763607274e-04
5.264750278152928106e-04
5.509898421782980800e-06
8.160262351498038949e-04
1.569815757576544568e+00
3.923766923624295577e-01
9.321650720710108681e-03
4.953275040506962545e-01
2.191841695691491287e-01
1.339467280292476080e-03
3.057219618810955511e-02
6.521727989450692986e-01
3.792739375389356793e-01
9.594774067529437955e-01
8.996111870780866895e-03
2.653844639162206537e-06
1.341294130499553683e-07
6.587656148095999543e-07
1.805944220631769352e-05
3.956123305083804765e-04
4.455803621628411178e-07
7.879180406883782314e-05
2.405571879962989712e+00
6.331247517532612168e-01
2.395130026167715653e-03
6.700057018584222313e-01
2.563707913654297954e+00
1.803388421407760289e-02
6.694012143903235734e-02
3.923286015998197346e-02
1.925542366388719590e-02
2.740367071218966277e+00
2.054669452004458385e+00
6.457233079024540107e-03
2.003930714711832576e-05
5.964931022069640229e-07
3.077659027655874455e-06
1.852419980965171349e-04
2.330317397757734928e-07
2.479960124211278219e-05
6.738960221127985317e-01
1.184449021262615753e+00
4.192278632579479747e-02
1.380759468829331649e+00
1.274420056696583536e+00
2.647122777579437591e-01
7.747607133881403429e-01
8.316063738875933975e-02
3.547191421455455490e-02
6.964912826137263646e-02
1.076146974569469200e-01
1.905619683766746286e+00
6.240172209763235334e-02
9.975756286660245547e-06
1.410821447775964856e-06
7.747231208271049697e-05
9.925752921474671029e-06
1.458140605635512574e-03
1.383610084318219080e+00
2.677624076142862464e+00
1.404325065783045945e+00
2.054406029728029548e+00
1.875136015418767121e-01
4.309556523524449845e-01
2.238463166009451388e+00
9.229289597432204229e-01
8.775493384563690658e-01
4.501687139124580656e-03
3.736937951904217847e-04
9.426606905695305016e-01
9.358735805423776810e-01
3.213543435556418752e-05
5.090563733789216238e-07
2.123968896439288215e-05
5.981465298679656547e-05
1.064007317509141522e-02
6.229371090221088592e-01
1.204993263795262726e+00
2.589805706693091292e+00
8.886767064363153557e-01
7.959185596498886961e-02
2.668260425047579987e-01
9.929909612316085710e-01
1.109252306683372158e+00
4.045042131307146960e+00
3.595579256516490563e-03
9.458762229061011851e-06
2.959644919929835943e-02
1.140270533771548189e+00
1.462372358387738734e-04
3.653327328756383752e-07
5.064057387240445590e-06
2.179858149745555219e-06
7.312848555644221654e-04
9.732623027606268629e-02
3.662515975263268553e-01
9.432639875346013891e-01
5.509782363601631872e-01
2.709997769660884015e-01
1.380030138622059255e+00
2.595880063837323615e+00
1.002041176906805831e+00
3.908533779267022723e+00
8.902681323533589638e-03
5.053365397386481147e-06
4.243348285914988818e-03
2.817814130724542565e+00
5.638380558209624485e-03
5.627910331212652106e-06
9.066901006990558455e-06
7.121439313235782531e-06
8.289556995677084192e-03
1.257820043929624099e+00
1.137088330038306117e+00
2.088865538602446392e+00
3.822200516336815568e+00
1.435458949624296654e+00
9.227756359317370594e-01
8.504496218149615316e-01
6.003406803212777421e-01
2.741201289034485455e+00
1.537340108524771765e-01
2.148947189398878264e-04
4.167747496521563414e-04
4.839337084966656433e-02
6.003403523568177913e-02
3.835881364283930030e-03
6.328443581574803726e-04
5.745183724886371475e-04
1.634967913590306410e-01
2.958629977909513098e+00
1.737522417495766414e+00
1.713418594395563765e+00
1.717481771238258847e+00
1.962440431981636424e+00
8.350704952756977661e-01
4.259895271579527964e-01
2.752511132706637609e-01
1.937701452884965092e-01
7.656973451171413814e-01
6.843523373829482614e-02
4.590150879252431586e-04
3.349886418422085878e-03
9.837760632253491622e-01
9.632286441530023557e-01
9.216652709520104653e-03
7.307562921031149654e-04
5.903223570646695118e-01
9.903730783970916107e+00
6.278140306717610919e+00
2.734343803784325289e+00
4.299408563713116860e-01
1.882606297378277560e+00
3.136975240313400803e+00
7.009933184216478042e-01
3.575808346062334109e-01
1.924296597721777413e-01
2.289174144308225856e+00
7.517017561717982410e-01
5.341993030207863730e-03
9.253594022314465262e-02
3.862044425132840075e+00
2.732661016872050749e-02
5.971100255386912185e-05
2.379273720401418586e-04
3.568142031254773361e+00
1.465670072132926975e+02
1.344148399032596330e+01
7.623051083258290284e+00
3.951239331635684415e+00
5.878107794610394343e+00
4.996566259465839543e+00
1.283364652219765700e+00
3.705885709356103064e+00
8.830608873008285897e+00
5.429445334841689785e+00
4.161199511646526683e-01
4.432796409119534736e-02
2.809870269725967873e+00
2.257433240127106000e+00
1.349892077888217303e-04
4.842608097721478162e-07
4.554059528642812743e-04
5.997203751183437515e-01
4.887551091139965109e+01
1.327316736357365556e+01
5.871046244149983551e+00
4.275681484565018842e+00
2.108921623541748946e+00
2.858259760996634036e+00
1.887353121727449734e+00
3.071496169410009358e+00
5.283176192615657740e+00
1.581377278868441039e+00
5.824540415591620279e-01
9.453485243601683630e-02
9.530952808111345931e-01
7.764697821879217310e-01
1.683036230019285199e-04
1.818877705719627100e-06
8.707578879208284408e-04
1.409058971789378667e-01
8.137169979277686593e+00
7.347159245999381305e+00
3.149130343021113276e+00
1.301813484711126678e+00
8.021683528970510180e-01
2.616535492163873933e+00
1.443405876731758353e+00
8.083680438886651221e-01
1.742004992037650579e+00
1.406408543887033291e+00
6.558645837242177423e-01
5.614288116175331078e-02
2.746470978091776205e-01
1.341542832070811986e-01
4.759805738523640851e-05
2.095410662457406910e-06
1.944595947815291190e-05
1.062380947574801011e-02
2.018141888804789286e+00
6.718947074304873368e+00
5.307051047070300065e+00
1.595221317349539314e+00
1.661471192348865200e+00
1.896084297130417706e+00
8.055942435280341041e-01
2.000623165639197953e+00
4.479660028137448791e+00
1.304003032141342944e+00
4.346789344598942506e-01
3.092672223531299225e-01
1.292501055107101227e+00
8.678586255559008270e-03
5.340096686571955149e-07
1.920810485288522469e-07
2.250063945504084378e-06
3.505503164394303817e-03
1.386635795783325076e+00
5.857981036697580635e+00
5.585354356431265543e+00
2.918743424587637580e+00
2.793755539752128758e+00
1.335455113510823688e+00
2.380542417312793813e+00
1.373611426229207133e+01
1.269394079071782322e+01
1.744811751091487784e+00
4.681206308461923760e-01
6.312698379878696198e-01
7.275928359015345626e-01
1.115907939589732157e-03
2.567300000122984916e-07
4.210893102722189779e-07
1.309582209635456603e-05
1.656898521883282474e-02
2.257340642691045840e+00
3.564362837992984812e+00
4.241535962341984600e+00
5.203193574600637916e+00
1.947623151434322963e+00
1.150192532736754814e+00
8.952829539245144019e+00
9.915083202476321134e+00
5.615623780326347791e+00
2.707836683608462636e+00
3.610655510147445790e-01
3.722369480019022681e-01
1.368521884693145951e+00
2.198923487839561999e-02
3.416620768745733805e-05
2.375775864831494857e-05
8.930600230965469370e-05
2.199996706265178181e-02
7.351158465908153028e-01
1.500416417452766105e+00
2.565057771609182691e+00
3.826403446001934938e+00
1.175004793178568319e+00
7.046998064770446657e-01
8.084160185158758338e+00
9.071528639277950390e+00
4.682342531523703499e+00
2.085076621866173152e+00
5.231665638546449948e-01
1.021377108905832776e+00
2.574695440930693247e-01
7.585004001574376271e-04
1.589915152090130962e-05
8.698077059677485089e-05
7.233808423472505751e-03
9.696524161427571009e-01
3.406159146961629247e+00
2.257757766434114632e+00
2.665013411760224216e+00
3.375415799214057877e+00
4.238396825311948390e+00
3.935267542317439027e+00
6.559154788352140386e+00
4.128466472327462000e+00
8.821341433606971760e-01
2.294258397346189693e-01
4.339727233126422501e-01
7.258260269958458633e-01
7.021810754306643913e-04
1.035948052433665712e-07
9.964477991507153935e-08
3.299295713056370129e-05
8.375457145365682379e-03
9.834556250515059661e-01
4.394891550128869007e+00
2.126895130240293863e+00
8.693538715288132712e-01
7.033930252442986975e-01
3.060820260247745228e+00
1.758651960595575936e+00
4.533675541055948721e-01
9.233123786908291608e-01
3.890918093190404159e-01
4.155380826294604035e-01
1.955849480549277430e+00
9.405988903868324480e-02
1.063354429006774174e-05
1.800794892463575485e-08
2.324033527241774353e-07
9.157589198018956968e-05
4.711685980325988778e-05
6.540784985576570017e-03
7.840804358414334985e-01
3.617661399389998866e+00
5.386664659027863289e-01
2.566298136415098505e-02
2.358664073093358349e-02
7.025880646630598865e-03
7.130494336942667585e-03
6.509359158854662875e-01
7.883076713595056351e-01
1.538129975221186996e+00
1.877034797925325016e+00
8.803535273156677535e-04
3.721813521703206131e-07
2.046018220524965188e-07
1.202228762158683200e-05
5.521194693772097381e-04
4.518443252509195124e-06
1.663115173797090167e-03
1.903961030134048160e-01
1.244793122377741312e+00
1.493901959986029926e+00
3.670795865220975035e-02
1.230782402173169997e-02
7.208198650119589969e-03
5.117110631696076758e-03
2.339225620170543030e-01
2.346776168913170812e-01
5.791128873614485029e-01
1.200114402667046137e-01
7.191979149601615726e-06
4.583060948621389177e-08
1.370038264092155815e-06
1.080966918481339207e-04
9.691732858717157706e-04
1.396056439051466696e-05
3.512157140423212420e-02
7.242795944604748515e-01
1.286107707530501632e-01
1.262896456817918789e-01
1.917292170190122366e-02
9.237719403102256921e-02
7.150186235931894618e-01
3.254062319098995903e-01
1.529414768360580767e+00
1.492625912452614501e-01
2.026860206440286860e-02
1.491045832062048255e-03
1.343150120125854503e-06
2.126115524780306019e-07
1.143602351886899169e-05
2.626536988471125109e-04
8.616773941143325696e-04
8.284031497702973841e-06
1.981690216999675361e-02
5.046462198359900952e+00
4.988259667821358434e+00
9.123235310896719019e-01
1.325348314297666343e-02
6.448510127032884391e-03
1.579266050422742027e-02
1.120072315533730302e-02
5.112402787106255092e-02
1.459090971791877130e-03
1.746405003864905385e-05
7.257487956741577672e-06
3.200679771272454190e-06
1.057846787955968684e-05
1.607271186312200491e-04
6.753118198966037884e-04
1.155849550276041122e-03
