1.233765237971022437e-02
1.022909220985742218e+00
1.400716635543828836e+01
8.971545673546078348e+00
1.145405017634733458e+00
8.305215541259864942e-01
1.066504483791024527e-01
2.788054731948427963e-03
1.753499850155613819e-03
1.089153717108914676e-01
8.767960212468109971e-01
1.894719383249623967e-02
7.166532446584824223e-04
2.362943930200591628e-04
6.905985470692459736e-05
2.694839384303237528e-05
1.166279072620079931e-05
1.165549206523074105e-05
2.041315650406010443e-02
8.474456823302016772e-01
4.094830037426691938e+00
2.792575690740689343e+00
4.874006559209766165e-02
2.016855682692217551e-03
1.702974462069275358e-02
8.262911260776055755e-01
2.108127330551805123e+00
1.733162377818234567e+00
1.873101308880212590e-01
1.188675297189234308e-02
2.104912907685940748e-02
3.227088878164144185e-03
3.307956208732866005e-05
1.082669050803045498e-05
1.760039083989576740e-05
1.287909645179608900e-05
5.255009796104948613e-04
6.495338645935400113e-02
2.200205410731592148e-01
2.632647866411776810e-02
1.495288301607351398e-04
1.229722230089825322e-06
1.098152715881466979e-04
2.051882797818205539e-01
8.222750258623577890e-01
2.377195956772798713e+00
2.795393046678577242e+00
1.063436031397589909e+00
1.835038405131749872e+00
1.942058467210030365e-02
2.997613016447685558e-05
1.815893398871432909e-04
2.267401791527888857e-02
2.832199477475106503e-02
9.100655917989525096e-06
1.301101484912126766e-02
4.332804355006245611e-01
1.914834194420346192e-01
6.825821264264688402e-03
5.800802491214719213e-05
3.946805532550882144e-03
7.974981315201288279e-01
1.894615280113707834e-01
6.828810954270088107e-01
2.950260955870115609e+00
2.060673366083325853e+00
4.123652050063082442e+00
5.669698513632717013e-02
8.449457087157715026e-05
1.828561662999910430e-03
9.031963289263309491e-01
9.702873022444726825e-01
3.507619640286652231e-06
8.285661928633645396e-03
6.342066139804721780e-01
1.927254628991741381e+00
6.866255942781764876e-01
2.024638304904295694e-02
3.035149567615207378e-01
1.666127903385370645e+00
3.335790179826875756e-01
8.071333247100677122e-01
1.589987994120653614e+00
1.677907072626111162e+00
6.016925940817920093e+00
8.255482205976760746e-01
5.470234136797845655e-03
3.220009467048629004e-02
1.233782379174887256e-01
2.266865161182279615e-03
2.828937742581829004e-05
3.647537260994196395e-02
1.218482638924099692e+00
3.124412711840597101e+00
1.370959838806652842e+00
1.524238404404384128e-01
4.295939706950442916e-01
4.184287426049600467e-01
1.812611827643946905e+00
2.083956571498435828e+00
1.424868681610161891e+00
2.135814955996332198e+00
4.237874805126895517e+00
4.811449260474412348e+00
4.195516456921555282e-01
6.773296978157862247e-01
1.423271933111798851e-02
4.995837868933212860e-06
3.277461806841140761e-05
9.481342971443113693e-03
5.413433377032963456e-01
2.466441946452453404e+00
1.733489337886363391e+00
1.694619751367307137e+00
2.701664587146890728e+00
7.125970222323331216e-01
2.094302968218490157e+00
4.898450317497789475e-01
4.025318497590555933e-01
8.199988826953318322e-01
3.033264515448956367e+00
1.294593354948970010e+01
7.664810137574055160e-01
1.013457089661524285e-01
5.599521168435690624e-04
5.840661928321515498e-07
1.707495193550589193e-05
3.195780295757689234e-03
5.121030169108461427e-01
1.432236365459179428e+00
1.240052635959974170e+00
2.721485210596403359e+00
1.649979467995653426e+00
7.247441495531385947e-01
2.472647730489279105e+00
3.129692401820358683e+00
4.241136583579387498e+00
3.753080927950621648e-01
6.779123986151227577e-01
1.226715794101489720e+01
2.016271616798142485e+00
1.933254935488102899e-01
1.553843621728688345e-03
4.123514398036645526e-06
8.466784449445019042e-06
4.589097995009535150e-03
1.463252017714053776e+00
2.540804579491322102e+00
2.911041251972765753e+00
1.963288935489126308e+00
6.341622988666447691e-01
1.316158466713267083e+00
1.427786289174186596e+00
9.636077514385538167e-01
2.165201691410191920e+00
2.498696188091531767e-01
9.929447980001569751e-02
2.697504481293829137e+00
1.222303602530161371e+01
1.458101360621607112e+00
1.617606029682663524e-02
1.079904089782801304e-04
2.032586158402458604e-06
4.377353590484567986e-03
2.495346461219569267e+00
4.492551737372406429e+00
5.164625055433269551e+00
2.769639584064246041e+00
2.772247707366099601e+00
4.279705211646162688e+00
6.830425591931125195e-01
8.209321853724421691e-02
1.448458636833229451e-01
4.501538941512475689e-01
4.330241354121071307e-02
1.762535249266234949e-01
5.824402993359262481e+00
5.886880885786957007e-01
5.539856433896108573e-02
6.215431862210953236e-03
1.189326009402877921e-05
4.033282928421765001e-02
9.454784191740827737e+00
5.552060652468022717e+00
4.634457539379414293e+00
2.660140008696489033e+00
8.143884259984198737e-01
7.396016462514471979e-01
3.690294239014709099e+00
1.503279363917840783e+00
7.735833441709608072e-02
2.360564856274974810e-01
6.219631332296274989e-02
9.424076879746795532e-02
3.723697243861191719e+00
1.779922331297278948e+00
7.374008773676585804e-01
3.121816152273765646e-02
2.224344654570733180e-03
3.045119313081399159e+00
1.392753063317796887e+02
2.098586458233689100e+01
8.802801336295138057e+00
6.648618508884871048e+00
9.817364601004739955e-01
6.879784080729274276e-01
4.939012635049440547e+00
3.405290236963860018e+00
2.067645947453626287e-01
7.872158099607949877e-01
9.464406926171744505e-01
8.855904789922590670e-01
4.255506213246042613e+00
1.294048766650381710e+00
1.038450762203356609e-01
2.058322165412649848e-04
1.026532658582830770e-02
5.833729327876450377e+00
1.289755784580263764e+02
3.229969376766111822e+01
1.520019548554303945e+01
1.052006170070163904e+01
3.655471672429908558e+00
2.569151610948698039e+00
2.666035407287982828e+00
3.435341215566018125e+00
1.867742736368306788e+00
8.935947430803998781e-01
1.864717700504197606e-01
8.473955652761553381e-01
1.313272056847201519e+01
2.380336251712674933e+00
1.941919389202305113e-01
3.888679744612058347e-04
3.648230455727104952e-04
1.123763364885004723e+00
5.426003109471496799e+01
1.271212355618068912e+01
3.574977976270193203e+00
2.356076669112647348e+00
2.846806390251625185e+00
1.935835752668136012e+00
1.819403423564559308e+00
2.930954336573827756e+00
2.597519249283080089e+00
9.581709360994472569e-01
8.747611282054336412e-02
2.176677223160057573e-01
7.546076106835371888e+00
1.865040343673830314e+00
5.139862253218535626e-01
2.334007398557441312e-02
6.446094297444321041e-07
1.760758305630193100e-03
1.147988190541216813e+00
5.801088065714108843e+00
4.139402000623143785e+00
2.218693776764648629e+00
3.262685779745282844e+00
1.899066001797311998e+00
1.459404159956742886e+00
8.238021374200626967e-01
7.863480813425509641e-01
1.395176207011046721e+00
3.950687041129071209e-01
1.736347816105365260e-01
6.015438334075193794e+00
3.760511676056209396e+00
1.730009451510228224e-01
1.137819018985019304e-01
4.974891192535451617e-08
4.028367247333674114e-05
5.422343272876611886e-02
1.275008494065405618e+00
4.295335695954656252e+00
3.375078029856940720e+00
3.230194475156362710e+00
2.671293506431766662e+00
9.849064898530146550e-01
5.291503225424368795e-01
9.389847089428710047e-01
1.140380571639213886e-01
4.421728993432924582e-02
4.486767642594325922e-01
1.173173421219449430e+01
1.939940684917803138e+00
4.842189575661634549e-02
8.338206701076406047e-01
1.915050732383364671e-06
5.560468925438628342e-03
9.297135365219348913e-01
5.609010837789474291e-01
1.112359748594105024e+00
1.226344168641511745e+00
1.109261374516576470e+00
9.774059747278215360e-01
2.365472786400337202e-01
4.979386185415157762e-01
4.795393088039716645e+00
4.818826443695173323e-02
1.143738088814683952e-02
5.212410577283007385e+00
1.057291984370332827e+01
2.199857435677375281e-02
1.497914445364365542e-03
5.125310914121861128e-02
6.839572426394460627e-05
3.080603832458647662e-02
1.874680533818573691e+00
1.572751195570306626e+00
3.925505482566021165e+00
1.642208752416236317e+00
8.877157420876645721e-01
2.836831030770013973e-01
3.368350680864709012e-01
2.061320418565936841e+00
3.823443525830723999e+00
5.354511739854940500e-02
2.390652007083988659e-02
1.281352589779072915e+01
8.312090710171426977e+00
2.576927044567630873e-02
1.836659656885922948e-02
8.736716662489913895e-03
1.847657709390976982e-02
4.787938532576206663e-02
1.955439978354022834e+00
2.098773277085557165e+00
1.890720072780534222e+00
2.570364736568475195e+00
2.318965805353929710e+00
8.814712668431938514e-02
5.125788476096030388e-01
4.732010515302337517e+00
1.448363595685693728e+00
8.978640834538343940e-01
1.918959677894960469e+00
1.635419077585985903e+01
2.522888436475147600e+00
1.017829967815059994e-01
8.098555781310690094e-01
4.937123972916666187e-02
8.836484330124193542e-01
1.426338684528322687e-01
3.721312323571473790e+00
9.898009737734950741e-01
1.996981019171879257e-01
5.548829438790767732e-01
2.094863543837753195e+00
5.821670913220594601e-01
3.102785208823769292e+00
7.211028577193281386e-01
4.140159284319203103e-02
1.299087513280328787e+00
1.203342909345914968e+01
6.484800205760434366e+00
2.541197445666610211e+00
9.655375627274807859e-02
1.807510015758069521e-02
1.658225775164156321e-03
1.910570650167581208e-02
3.738154284989476939e-02
2.129807294926944206e+00
2.249092134652416863e+00
1.551004582058142400e+00
6.445970707676468292e-01
7.707567125813755693e-01
7.659771964256455457e-01
1.326805293911363481e+00
4.914191656500114247e-01
1.796468104948693301e-01
4.687982835397415116e+00
1.778760208905637441e+01
2.019847350803319230e+00
1.009963015036608125e+00
1.392481556531917353e-02
3.626774321443581233e-05
8.829423393866402215e-06
6.305643031994080877e-04
2.478381727129633227e-02
6.614704769783307237e-01
1.095161632433798493e+00
1.946514253292807917e+00
8.003084479766086057e-01
6.428238075496446602e-02
1.221928837638288539e-03
3.190861822985016638e-03
4.596522698149052566e-01
5.479743061944246207e+00
7.560563016927115854e+00
1.941694103394858484e+00
3.739306537202700259e-02
2.132374379288269443e-03
9.118144643033893775e-05
3.118519011984745166e-06
7.598668303452419447e-06
3.409074657142905414e-03
4.143962906126046064e-02
1.061285346178290762e-01
1.150746914015132044e-01
3.020550598164640013e-02
4.366079935097014197e-02
3.330801035569924684e-02
2.427171588656277905e-03
9.586054738278430853e-02
5.517163943699880946e+00
1.250445260364568689e+01
1.633158200853651154e+00
6.191190943506308733e-03
3.255055309388306964e-05
5.234589226882529896e-06
7.354712390625405420e-06
1.594916160720689444e-05
1.311942630638016766e-04
1.542392990218249826e-02
7.964127916628580550e-01
3.336526555375276093e+00
4.467789379070181255e+00
2.021763089570342564e-01
1.336572705953154583e-01
1.530981628744993772e+00
1.602526166623369663e+00
5.273821742073504737e+00
7.451319535222679091e-01
1.469466434014343958e+00
2.386477776605818446e-01
1.160064990687526363e-05
8.401622890065094934e-08
1.221311585845101555e-06
3.797471806344124653e-05
2.138058810697504597e-04
8.589521749966686978e-04
3.689412329889101916e-04
1.162567453070288082e+00
8.610522114669800331e+00
2.599430264345588437e+00
1.479951534416901637e+00
1.355623563416763711e+00
1.816216015501463055e+00
8.506879416077751943e-02
6.097392076289098175e-04
1.638439199427780792e-05
1.447021781796779599e-03
1.629643821675620403e-03
1.445161386289492730e-07
2.165682477171821877e-08
7.970819123041312341e-06
5.164602479016701646e-04
1.340355517363433450e-03
2.101068221121454686e-03
