1.406571574717406493e-04
7.825911075236982400e-05
5.012785824801464530e-05
4.864467908968654662e-05
7.190470650621966534e-05
1.076418411544472105e-04
1.138652585899769273e-04
8.995128759878050423e-05
6.561368468176753698e-05
5.058268145689094809e-05
4.550975053963640920e-05
5.025369241821579677e-05
6.273263987215251880e-05
7.289719715888561598e-05
7.107911457516236120e-05
6.471423193591890693e-05
6.783304528671423787e-05
9.150941577037057298e-05
7.019084784362576821e-05
2.008715178181123991e-05
8.502874873078014440e-06
7.891558932723544506e-06
1.275583198752766511e-05
2.526861680342263372e-05
4.747589598103787284e-05
7.065798938266422706e-05
7.769038574950020998e-05
6.546373506676313398e-05
5.032627471659780345e-05
4.441975274146784075e-05
4.829854996796430786e-05
5.312374656761994612e-05
4.968161563878723734e-05
4.375322750531883669e-05
4.598825728225871737e-05
6.620463642482298959e-05
2.536576903929182775e-05
7.534360157925056980e-06
1.161381967834116973e-05
2.832713885283129012e-05
1.541561860884000935e-05
5.966351593482625200e-06
9.311325271019741781e-06
3.271079820728506240e-05
7.912396918781601561e-05
9.455265764837451805e-05
7.315843293266483568e-05
5.546835909276507672e-05
5.240085217690471862e-05
5.404865049374518108e-05
4.938392035838085428e-05
4.269505705158408245e-05
4.373617181861241398e-05
6.182674192320375482e-05
1.225612955368878709e-05
1.509305559258086494e-05
8.640217799068413383e-04
1.677851427649152197e-02
6.887019896402317475e-04
5.707080595955239688e-06
2.185505659804464846e-06
8.616208563100351825e-06
2.636170502171629411e-05
4.564669046203775383e-05
5.420337828848394819e-05
5.094161402676130657e-05
5.198751849611157378e-05
5.843240272335290826e-05
5.650989361914012194e-05
4.830002500661163096e-05
4.716848541889439754e-05
6.324876322930956119e-05
1.069067674702022674e-05
3.735078753123460832e-05
1.813544283172258478e-02
9.382967870099034879e-01
1.277709648674905246e-02
5.945849195173864930e-05
2.153986379829165841e-05
1.110843770022025841e-05
2.801345604224403184e-06
4.246699821700003720e-06
1.855015010779489069e-05
3.101062143146224743e-05
3.048091216021220028e-05
4.269575775048542932e-05
5.738692863282684721e-05
5.430959057604643156e-05
4.918466237975319463e-05
5.968531131055691130e-05
1.110682495225860932e-05
1.326839695256796592e-05
7.101264828517733730e-04
9.421148649149500495e-03
1.902461669832500703e-03
3.701114314242115542e-03
2.154697125572357930e-02
2.205970797065482758e-04
4.497616480315591452e-07
7.145534387182760845e-07
3.861134684823545616e-05
7.200270705736802374e-05
1.566879977334672758e-05
1.691363445081687727e-05
4.526478564348449901e-05
6.324626376717069995e-05
5.354242899195882165e-05
5.391924626819935860e-05
1.154644460095717275e-05
6.123744485019894930e-06
5.542903363479012390e-05
2.222060714821062787e-04
2.427381110738408997e-04
1.927861971069540215e-02
9.153966093673526760e-01
5.980886477782871788e-03
5.734141973284912638e-06
2.536999573021667416e-05
6.534205807479652982e-03
2.243759404152048317e-03
1.503962070897784291e-05
5.151286673947594777e-06
2.967894646248868032e-05
7.662410492914125293e-05
6.535136688142773596e-05
5.324056986202291134e-05
9.495726836526827315e-06
2.563764241401505250e-05
3.026927908283802773e-03
2.829937282603535095e-02
1.186440466838564311e-03
3.994105769348239702e-04
9.345498343813058578e-03
5.165418313351124308e-02
1.668204991637722498e-02
4.585293646293641528e-02
9.314587855599247845e-01
2.448211501107555241e-02
1.424713918161129190e-05
2.286555850018324277e-06
2.218702119688632400e-05
8.967803954655959421e-05
7.974862905203521611e-05
5.667051407993177914e-05
1.856801673591908090e-06
2.093662026933591479e-05
1.872540979961805768e-02
8.918255546613068629e-01
9.908314187944564089e-03
6.047306106933615405e-06
4.990230489599045468e-06
7.979995981728410515e-03
8.374821511630998749e-01
1.045119365371746545e+00
9.577495097452392026e-01
8.053599222005495412e-03
7.578872514967099454e-06
2.073153652676464988e-06
2.336556576690409086e-05
9.351419674249536874e-05
7.973810642162655800e-05
5.451846858974619046e-05
1.431629543786159335e-07
2.630489363517666843e-06
5.077293001260384459e-04
4.349255639743562774e-02
7.188724251019637523e-02
4.214581930104176145e-05
1.784640502658765203e-07
5.142712578893990003e-05
5.398043414430601927e-02
1.090984083940460980e+00
1.057171659648707296e+00
2.959374791925580960e-03
4.849572242272476961e-06
2.738266214892781778e-06
2.768062805904245919e-05
8.583755456978168293e-05
6.732680147839722562e-05
4.755668070067694679e-05
2.425061447303162614e-07
5.706087871360654299e-05
4.164319404193273129e-03
3.658959433995567084e-02
8.128951630421541452e-01
1.303246258208591579e-02
3.006979494722978062e-05
6.342311931778599589e-04
5.716956537288064855e-02
8.422020500199886017e-01
8.518857205108250064e-01
2.049844602413529535e-03
7.100114207567779290e-06
5.274372585170045074e-06
3.426367144436438301e-05
7.947500166928259872e-05
6.132106706710317777e-05
4.670491583955969250e-05
3.667172857715038787e-05
9.557932272687702513e-02
1.074498515745891325e+01
3.269921477783358732e+00
3.012144171581560226e+00
9.440280815877866161e-01
2.344854803772540852e-01
7.722923717083012285e-01
7.121357428396681011e-02
2.575022600764206859e-02
2.549469690293008073e-01
2.625751775690736423e-02
2.146728024065299269e-04
3.257115751446030036e-05
5.153924926556685538e-05
7.898280210048222178e-05
6.362248007585083963e-05
5.369766807533529838e-05
1.491560725016389437e-03
1.868834245247545711e+00
1.293726416887523953e+02
1.839885129963578692e+01
3.354665753617276369e+00
2.804644202859629232e+00
9.092369961094082242e-01
5.512328739244457682e-02
6.855388193117969769e-04
3.677257358352002767e-03
1.738203048882392299e+00
9.354367494734668886e-01
1.880466465674281813e-03
4.020129145913260260e-05
3.438143230906962039e-05
6.462862076079883486e-05
6.628713741127048348e-05
6.303395262860298626e-05
7.803243979093869365e-05
7.824885468255088350e-02
2.270999551459516042e+01
7.640001687394568641e+00
1.520388621036371735e+00
1.296980936941503515e+00
1.563896390626189764e-02
6.019521651847810952e-05
1.013995120737579044e-04
5.001070919596183745e-02
2.169977864229029052e+00
5.676041285217606897e-02
7.479845476048131790e-05
3.212040161240599930e-06
8.386640825540236406e-06
4.222058905023392270e-05
6.916146310529964342e-05
7.200630966454652925e-05
8.282146371804022833e-08
1.162869189541036941e-04
3.070592369545814826e+00
6.613255122213590909e+00
3.188278726807801666e-01
7.533192695713761822e-01
2.205814950958500179e-02
1.088768846917748681e-04
3.046276284057819906e-03
8.954585649632347266e-01
8.547380562251761793e-01
3.293001581754073648e-02
2.974902789027164323e-04
6.414267249043062132e-06
6.368454186506024819e-06
3.514867809720698257e-05
7.547794050737534485e-05
8.058745056184120641e-05
1.974479719950299663e-09
1.849044685182974251e-07
3.292318242629998365e-02
1.075371574762931992e+00
1.124901812892683400e-02
1.331652600063398459e-02
6.920495806471708457e-03
4.043853971116673327e-04
1.392567951222572001e-02
1.033330321183449696e+00
1.225256998442106893e+00
8.406620604313508327e-01
2.397593447372690229e-02
7.900662791775863705e-05
1.286219313181932569e-05
4.075709120275817821e-05
8.312044360675009214e-05
8.650457265782076429e-05
2.377535032614767908e-08
1.397890959460158236e-07
5.187527915791021078e-03
9.389661146891497001e-01
3.743486077216646134e-03
6.497273914314245812e-05
2.730607531493035070e-05
3.415506864123879152e-05
5.559961378810821669e-03
9.364864014767069200e-01
9.081668529052213668e-01
6.272720471904107142e-02
7.789716400156815584e-04
1.682754300619305297e-05
1.323860364549847821e-05
5.154576544366777500e-05
8.789283637989121225e-05
8.666139879084930396e-05
2.237210785107740469e-06
5.334020356502562252e-06
9.254259632639549177e-03
9.845166241655134431e-01
1.017787694243157265e-02
5.175585412520140134e-05
1.257234267776364468e-05
1.829504474700951723e-05
5.161746642595119736e-04
2.601761304160933250e-02
9.939927745549585053e-03
7.538609203168920804e-05
1.864814042123954410e-06
1.937756129213662257e-06
1.620193462662253774e-05
6.783724132852345697e-05
8.264212348390662512e-05
7.890782885703187326e-05
1.438744486664837450e-05
1.377806769289959258e-05
4.287036409682634425e-04
4.936016206800107088e-03
1.340241005352563923e-03
1.194205996195747037e-03
6.932458210544737744e-03
2.126127692881011905e-03
1.026108530337534788e-04
3.028438425823895685e-05
1.261434711802385552e-05
1.832149962635173886e-06
1.063474909613238513e-06
6.495710163831367111e-06
4.504949378877565804e-05
7.998246503937977427e-05
6.662849788532930505e-05
6.868680493084148924e-05
1.346150494167284043e-05
2.165013634882733071e-05
9.127405898422841115e-05
6.404097749713838462e-05
3.789803318318504295e-05
2.064681954480804792e-03
9.614345089827766033e-01
1.009705730060250550e+00
1.219035247981230859e-03
4.226577577949184893e-06
1.516616754524482816e-06
4.438753111632769632e-06
1.790148157993500815e-05
6.242653103670992769e-05
9.694368627426062847e-05
7.004864306177774130e-05
5.150273865250366688e-05
6.427596208013005739e-05
2.340338713476470512e-05
9.500643217896272011e-04
1.530728579843966888e-02
6.163372676466572289e-04
5.599704563589713309e-06
2.905519399221028810e-05
3.403551175897209791e-02
9.614983173593920629e-01
9.361648348649944176e-03
2.714598517974102458e-05
7.519780190865961501e-06
3.238468533570183116e-05
1.095902912689863327e-04
1.376327549171191863e-04
8.711562453674665440e-05
5.048064905773524952e-05
4.487523298900450658e-05
6.859734841463787356e-05
4.207050909318311207e-05
1.445660686122322500e-02
9.408249229898513200e-01
1.159304483235970573e-02
4.426529349315426116e-06
4.952636853575341183e-07
4.655829560988551864e-05
3.762515010224772982e-03
1.308542750673382608e-03
5.536867658026575995e-05
2.653200701922953363e-05
6.763254153357210025e-05
1.142048984705218922e-04
8.633957696268910629e-05
5.044153260353245803e-05
3.839705115639613424e-05
4.541480475780368636e-05
7.678869536708940046e-05
1.998604699114663204e-05
8.395683262366609046e-04
1.708596712902283113e-02
1.120331996400422475e-03
5.568811313131045109e-06
6.684124573358324767e-07
4.602838006545403894e-06
6.365937785555277680e-05
8.761404444368005100e-05
3.593859427756886690e-05
3.535724240745246916e-05
6.039409394830293844e-05
6.780493851276224600e-05
4.816337770157471423e-05
3.558321205639328649e-05
3.668777798895556227e-05
4.943368080698149511e-05
7.967325810883289859e-05
1.133065561314991681e-05
1.691552430541165425e-05
4.291610710587460519e-05
3.108919521546424321e-05
1.237784069370365950e-05
1.092766210411851787e-05
2.135194947589972060e-05
4.041739249522149392e-05
4.137683772846393481e-05
3.531697822970441940e-05
4.288139837358785937e-05
5.709655065060815625e-05
5.694099074997102352e-05
4.611222189579508178e-05
4.229412650815740974e-05
4.787300013114947959e-05
5.822312791598956285e-05
7.948498613656403600e-05
2.776280274640593798e-05
1.247506041274471917e-05
1.246299241196439660e-05
2.384499421388157881e-05
5.643323648235180109e-05
1.060720534388378514e-04
1.239943098276979135e-04
9.806887940396614826e-05
7.097223193260018446e-05
6.328487704597870165e-05
7.102047413833560252e-05
8.046133957070640693e-05
7.953471787611453856e-05
7.432240706355563076e-05
7.613954086655951763e-05
8.088094980165464192e-05
8.104104761589531560e-05
9.177179982439067751e-05
