3.099653386724138889e-05
7.415976780272375696e-03
3.929432101186491888e+00
9.844160937312773640e-01
1.637399731940387959e-03
8.386084753181403072e-05
1.188083436397936005e-04
2.065771157696539792e-04
3.411825141065806988e-04
3.840544624168812002e-04
2.230571891009580936e-04
1.264391311396772968e-04
1.133697905618511631e-04
1.382905160401798317e-04
1.536735915309284377e-04
1.242272621688261737e-04
1.007958760669058545e-04
1.465851932684169429e-04
3.416996105343075254e-06
7.349456135074192153e-04
1.713937943508904715e-01
2.695940310964136787e-03
2.025251755096725571e-06
4.693310615944948782e-06
6.085198218306452501e-05
2.897621238535839658e-05
2.590967255499579782e-05
5.993997795832043453e-05
6.550630864641131853e-05
4.715663796526250702e-05
4.643024159674710537e-05
5.881200281987820683e-05
6.817387114761523908e-05
6.457209444680046904e-05
6.694442084295834303e-05
1.189681490406918195e-04
1.547817187084745574e-05
6.444409523929722425e-03
2.706641704919684255e+00
5.995532354083678989e-02
8.591803491121718667e-05
7.710733895851296137e-04
3.838403477281211837e-04
5.645241918041390246e-07
9.175482932213038042e-08
1.488377635024751244e-06
1.525844981246436395e-05
2.725021991990362274e-05
2.987286757202322607e-05
3.825310798349895448e-05
4.514130168940980279e-05
4.766709787685841543e-05
6.050930129339495675e-05
1.222007452832928867e-04
7.202970291828543264e-04
3.132060914948438940e-02
1.299222774146304937e+00
8.059929462298776048e-01
1.654915019385247710e-01
2.911122952004713493e+00
1.324387898464624361e-02
1.407561085098903436e-07
4.405095003924203635e-09
5.081163502089218090e-07
8.563030706745706512e-05
1.833228782741449841e-04
6.460443552344713382e-05
5.071588693659299517e-05
5.450920529917801041e-05
4.993199424002293946e-05
5.490042344147870511e-05
1.035660009240353750e-04
3.705415430463686322e-02
8.058450001442596378e-01
2.069945694318704899e+00
8.097005325173697310e-01
2.052545121666076999e-01
1.722422296332686287e+00
1.801115732768016897e-01
2.497081902388440617e-04
8.047943748661736380e-06
3.105429007392519801e-04
2.413352895786216243e-02
2.776960285859836428e-03
9.618629693244498495e-05
6.710766088926602201e-05
1.057225393917180466e-04
8.228505419864642781e-05
5.685402451664179707e-05
7.895254851947365615e-05
5.872642015950154141e-04
5.346488381244558774e-02
2.992914946493355988e+00
1.066969729472489581e+00
4.093250680569436410e-03
2.329432413994237533e-03
1.118402787152286276e-01
7.076234605547500056e-01
1.693836235134034418e-01
9.792005563183699968e-01
8.972222137356219429e-01
5.820612429701855660e-04
4.428853446450773957e-06
1.671577229462790868e-05
1.421905057979878765e-04
1.639593784188532260e-04
7.610852133847003124e-05
7.108993249251453002e-05
1.270804998136830439e-07
5.451667680543001807e-06
2.729467013830112754e-02
8.842482897154030352e-01
3.552477350049520338e-02
1.092851951799743947e-02
2.701567195547149164e-02
2.430065142475509865e-02
5.375607266668838702e-02
4.835696025389312425e+00
2.231537649851389471e+00
1.132159753855065679e-04
1.381981151785426584e-07
8.045699740255380656e-07
4.453333592049544908e-05
1.864554267831648553e-04
1.051093377208212786e-04
7.956177596694393155e-05
1.864769168651776197e-08
6.852325870390945307e-08
3.917678479232756519e-05
3.123722984139868340e-03
6.899896524555533539e-02
8.720496301310731724e-01
9.681121634476522533e-03
3.731978065547891278e-05
2.108831170386279822e-04
8.029819838902869933e-02
7.952807903770774400e-01
1.519575958964912476e-03
2.907796378837608457e-07
6.275996714337178797e-08
3.824506361492040665e-06
7.946869268189664230e-05
1.069863192521889841e-04
9.378513194541677523e-05
1.422192870447868340e-06
7.307513280597155494e-06
2.717131124911703014e-05
2.979955738631424531e-06
2.647973104476653971e-05
1.149366407375244231e-02
3.552381168347502026e-03
3.847991636629597171e-04
3.255158075955067939e-03
5.267926804095486408e-03
3.489593290986350849e-02
5.284188458586241283e-02
7.793063288563168616e-05
5.048443724151511136e-07
2.240463219258625910e-06
3.786380984520252890e-05
8.628576989870971755e-05
1.013036073490348500e-04
2.923218368780862344e-05
7.619653426938636023e-03
4.886731506010187631e-02
5.183257758020320944e-05
1.896227683497906182e-06
8.342087421983586729e-04
5.023405446974613109e-02
1.276586761767905531e-01
7.263296651388118086e-01
1.385504958729665836e-01
1.349563874485823212e-01
1.801039556959397769e+00
1.061960422101276696e-01
3.527860243837845490e-04
3.624681331823676540e-05
5.375803019431552249e-05
8.018617476439366548e-05
1.104544317160019602e-04
9.571794234190211872e-07
4.275870824806915667e-03
2.740682899622649771e+00
9.925342916683076167e-02
2.208910630528135473e-03
5.456558157000431647e-02
7.247586691561368477e-01
5.235332752010702501e-02
8.495635131617365610e-02
1.020167972940280388e+00
6.399797267225495467e-01
1.270066603114203829e+00
7.646613958344005146e-01
5.954700800734728794e-03
1.026057470308618227e-04
5.158354284238677494e-05
8.280028737132593395e-05
1.400518926950334317e-04
5.618667428515079034e-08
2.354777905404715783e-03
8.482386096177179979e+00
4.756795480380435315e+00
9.402161304748474224e-01
1.112089130698614703e+00
1.125170979432678298e+00
3.102430296364439705e-02
2.539625653901614669e-02
9.259409115359313880e-01
3.019069497769520938e-01
9.418750778266635759e-01
1.259572149817468567e+00
1.112146467362967175e-03
7.103237409253485292e-06
1.379376336009728262e-05
7.547160937112847739e-05
1.843998969095899407e-04
2.166575464316601671e-07
5.669116683633123460e-02
6.725210582659141778e+01
1.044516153863884078e+01
4.055925726375129159e+00
1.673653794418770824e+00
2.189267880614605311e+00
6.742694688314631035e-01
2.237529713185860969e-01
7.030196243171851211e-01
1.623245442455627519e-01
1.617905381542150023e+00
7.681398390140825594e-01
5.703267917388172491e-05
3.862373733733809601e-07
4.110389164366378742e-06
6.267468648071354554e-05
1.952542883564224372e-04
9.782472083698075156e-08
6.129415870060843721e-03
1.653468806152909565e+01
3.932582167599007139e+00
1.473728135585971932e+00
8.308175818897713949e-01
4.739185115934110848e-01
2.796922549278618164e-01
2.105834673427061862e-02
4.092256887796859310e-03
5.678233495195968844e-03
3.806772079325520530e-01
3.111058256258117383e-01
9.754535473634041542e-05
1.288359001560094031e-06
7.686372508969734581e-06
6.451903937602385477e-05
1.661192483173847749e-04
2.580656754805100468e-08
1.534991538908325064e-04
2.520661185165021134e+00
1.119341336436274759e+00
3.330336530143516716e-01
1.257239868337740818e+00
5.258137582727895332e-01
7.968515195992397215e-01
1.261362446469848318e-02
4.369558405355507274e-05
4.059145807007787533e-04
5.355559704668373389e-01
2.717739008953891755e+00
7.114301444657770632e-03
6.534479377557677931e-05
4.469582330849367129e-05
8.586501707435608105e-05
1.408338617341857294e-04
3.595985760883485937e-07
1.992872700150721008e-04
4.913423432464160134e-01
3.943244568817696472e-01
6.444983303876258285e-01
1.783433291005030563e+00
1.712913021483776221e-01
7.565411267212454050e-01
3.437345111356746724e-02
2.695752305055861692e-04
5.382846829037510675e-03
5.427704182590969983e-01
1.284653797395866326e-01
4.452680111897761223e-04
2.552280831917789558e-05
4.534633828633288820e-05
9.280472665078929163e-05
1.353982623197293677e-04
4.293827408601994043e-05
7.364771932974837135e-03
7.257874757570260682e-01
5.119317365386105712e-01
1.268125127265508745e+00
1.731784966555662830e-01
3.074744286187482047e-03
4.007531358624238232e-02
8.678592620491164256e-02
1.584065737858039447e-01
2.819887450159700215e+00
1.521780002497888029e+00
5.823646852174240059e-03
8.477871591921093842e-06
2.065588955445930690e-06
2.066622574639795601e-05
9.738258181308625844e-05
1.645672733724973399e-04
6.290886248424043614e-06
1.022634091960369137e-03
8.317329827515618224e-01
1.057753311929975792e+00
2.990507616107891398e-01
6.131032891415724717e-02
1.905220418320376086e-02
7.794603485188168479e-01
1.405610490938553392e+00
1.094366669804769154e+00
1.720282104652456789e+00
1.045718309631593207e-01
1.346800893264748188e-03
1.320532665137579021e-05
2.551712667099712252e-06
1.692249197402183574e-05
1.121367295144882722e-04
2.406177084826190517e-04
2.011214569633927265e-07
4.764695071464049439e-05
5.249790033345829166e-01
1.407559763523592800e+00
2.324783673330013956e-01
5.143316093378849096e-01
2.993559828591479954e-01
8.600948017718741401e-01
7.158263603979398981e-01
9.845237678018082805e-01
1.265842723611863230e+00
4.974734525439281074e-02
6.059502070412269362e-03
2.472401787092072881e-04
4.635503322022121011e-06
6.516631638900868026e-06
7.894638848893668459e-05
3.136866090109353012e-04
5.972997964368937961e-06
2.102768909225207362e-03
5.254465772538917667e-01
2.700707242678405118e-01
2.818743443123664094e-01
1.860432082744185145e+00
2.326614466780038970e-01
1.648725872099119846e-02
5.920456295028080768e-02
2.493547960865148294e+00
1.217140793724173387e+00
1.159003947740950696e-01
9.125880232056093888e-01
2.467686177393886918e-02
5.459778479146898574e-06
1.230140997732155632e-06
3.598376679570435623e-05
3.117730291123648064e-04
2.527323792854248232e-05
9.537228416323793173e-03
2.257801637774191350e-01
1.743936922198230377e-01
3.301149449917910594e-01
4.994102551289735792e-01
4.181688492779397359e-01
1.367142679002283367e-01
1.407456608105988327e-01
8.042991935120197278e-02
8.641208969347689839e-04
1.480225555023726575e-03
9.303818109283421567e-01
3.639342558901945829e-02
2.976657527764913106e-06
6.490029674756019234e-07
2.725170897862081042e-05
2.811898120798729593e-04
6.820094740821074050e-06
1.838974408494188292e-02
2.842541189886294006e+00
9.474909711614862839e-01
1.840609007740406367e-01
7.063743895749911850e-02
1.424078863727633870e-01
1.046837874210641228e+00
1.746085522105232490e+00
7.543346210323360890e-02
1.637182127309867556e-03
1.860448933120798084e-03
8.835958604587584517e-03
2.165627065853914653e-04
1.421718846309122607e-06
2.492991214853266893e-06
5.247657176686646840e-05
2.603370245572094268e-04
7.655675968159234880e-06
1.885349696355669707e-02
9.981228398079726727e-01
2.948060006688410159e-02
4.337858314879983190e-02
7.329247900337323429e-01
4.226544354011611132e-02
3.382547901393630815e-03
1.139421239661951059e-02
9.328261185571552760e-02
8.469069506929158830e-01
5.063973002418416247e-02
7.040017060691779757e-05
1.792666776625487009e-06
2.556904843884532708e-06
2.325531500458796934e-05
1.154507721738108958e-04
2.059139912341729269e-04
1.153522571004668887e-05
3.028503120760603763e-04
2.747630147828851194e-04
5.668659785659119277e-06
1.823652203930394098e-04
6.226377073306037929e-02
7.024246288584324455e-04
5.767742072471477599e-07
3.116627914645156600e-07
5.636507235664209439e-05
2.210895649156436465e-02
2.572964387324632937e-03
3.792255975437554942e-06
1.103157429295233258e-06
1.695444774858619066e-05
1.160440119402563218e-04
1.503805090745432963e-04
1.468909588901437177e-04
4.174492918728812588e-05
3.003471582714451875e-05
2.925321180519336584e-06
7.520302630398995061e-08
2.192128844641908320e-07
6.086567387294646185e-06
1.188571822716114264e-06
2.998119785955223536e-08
1.478723662050378540e-08
3.497380292671531368e-07
2.490199747251358055e-05
2.959984636848463115e-05
5.072265266470951711e-06
1.432679501095943178e-05
1.332993606481966626e-04
2.793528221650313321e-04
1.851993824744340008e-04
1.607505351714584769e-04
