2.506619107117516825e-05
3.335659370664211497e-03
2.429406764244121039e-02
1.332299995731045170e-02
9.766260851710940188e-03
1.533591733596090939e-03
1.183437523229106356e-04
3.174176535136712628e-03
1.608431844669589274e-03
7.473552881052707020e-06
1.137769272540926610e-05
2.199978041074119589e-06
7.601626665943427275e-10
1.075604139946922255e-11
2.721842869625520185e-10
4.310740107169313559e-08
6.823382324252345737e-07
2.140322596208712185e-06
1.990361403032086770e-05
1.348680301197300061e-03
7.373954946399443461e-03
5.648274430995779000e-03
3.981534955242214437e-03
4.246465534781698574e-03
2.349112978418590059e-03
2.975848332467651621e-03
1.575425187335566203e-03
5.736838052840035045e-04
1.050523003688378634e-03
2.693516430477487606e-04
1.465291484623702543e-07
2.554410888050836135e-11
1.112694392969669000e-11
1.765958132550037059e-09
1.059107523068274694e-07
8.085197060579975986e-07
3.037437396358549308e-07
1.522076628430617034e-04
9.617457696435997893e-04
5.097838062993289340e-04
1.451651649459166117e-03
1.978907424525278447e-03
9.208454023326848514e-04
1.709231875866129265e-04
3.568481579735116008e-04
1.188018235729947775e-02
1.765007933051603375e-02
7.377831941703225441e-03
1.647668204322391824e-04
5.496535611529393975e-08
2.133219921705662819e-09
2.188258007271094925e-08
1.693632654476312512e-07
6.205087238178482308e-07
5.975601743777796536e-09
3.359007244527049442e-05
3.412250790673976623e-04
1.314483316722675238e-04
2.557565276259143091e-03
6.010713833905409996e-04
2.652224969013735527e-05
1.773276671995814498e-05
4.768421690046912225e-05
6.575230468059406605e-04
3.835481678794559150e-03
1.258633947559658142e-02
4.353516444972237859e-03
1.587336144222820545e-04
3.715955014526891415e-05
8.126541009489663853e-06
6.343470199147205133e-07
4.557787940020305381e-07
2.357875714513389258e-09
3.251364769026125870e-05
2.597174508222050218e-03
4.101086816502603366e-04
1.852998970860456713e-03
2.785075503716728622e-03
1.860523807175599792e-03
3.366613554779762565e-03
1.014683261613406016e-03
2.909692781950870013e-04
2.878871979742022615e-04
2.293324293660827223e-03
1.044560522858486822e-02
6.486673514148080973e-03
1.346335686459742718e-03
1.105352265964558168e-05
8.453606934644238702e-08
8.661042741922191710e-08
5.955615220201949903e-10
2.487995613412255395e-06
3.871037303095562886e-03
1.187492299266851813e-03
7.476584247361043906e-05
1.356614444042586736e-04
3.124241134987787265e-03
2.941568411131881017e-03
6.915288487327859394e-04
2.604100279524235607e-03
4.820109199171135686e-04
3.456071825351359861e-04
8.002603632925386207e-03
7.910768173450023755e-03
5.547449401850636187e-04
2.139277831986956592e-06
8.424245045050666769e-09
1.189331403818118985e-08
4.363185739741016628e-10
9.637339838990851438e-07
1.245921025701880605e-03
1.691466563432281710e-03
1.156051647666464819e-04
8.595615238451428673e-06
6.848696193673365848e-05
2.900582879069417159e-04
1.448559347219896911e-04
3.108041841595628012e-03
1.202455715074960676e-03
1.353799259061876916e-04
1.267953227508642399e-03
2.179379254951659562e-03
9.067169101039902280e-04
1.290568000148368772e-05
1.346976487119306659e-08
3.689479307706737694e-09
1.380123880626046790e-09
2.905301275656902617e-05
3.464605638593466676e-03
1.957646683356251745e-03
6.130107237238017516e-03
9.739079860995266443e-05
2.360340878370444789e-05
1.091183876307416515e-03
1.144247982088969755e-03
8.055985193545116881e-04
5.912867336653029383e-05
5.133126645952993400e-06
1.143789373859870507e-04
1.676886269684757427e-03
1.991259246908362243e-03
9.186323717407536679e-05
1.451352392566665496e-07
7.178324826798480458e-09
5.134331886654210071e-10
8.521222488983323351e-05
2.807887668353505149e-03
1.446073234207407025e-04
1.538328976731140460e-03
5.322285325751277438e-05
5.301812049637904517e-06
5.876716806168285267e-04
2.226678078329946860e-03
6.594566247970489467e-04
9.178017498784625037e-06
3.729214215272871680e-07
1.506682592072970057e-05
1.137242862266569891e-03
3.144610983857364442e-03
1.543208356956978205e-03
2.221237696182708606e-05
1.763370805305485081e-07
9.597631533501984481e-11
5.108531784669814575e-06
1.370936265816398414e-04
9.893328921294958881e-06
1.577124058386308598e-04
1.837160786323399183e-05
8.308442671306360208e-06
9.193123589545022269e-04
1.313342500918957467e-03
6.999964850694331180e-04
1.123350492450849938e-04
1.072926760893259444e-05
2.356616322214842430e-05
5.427553508801391969e-04
3.575312610507679328e-03
1.490565920695528616e-03
2.817235490979954791e-05
2.522784713092318160e-07
4.989397480911986167e-09
4.483346423176914468e-05
1.597259164305732176e-03
2.286498486182452134e-04
1.104272928149263502e-03
8.326592936201515735e-05
1.210113642030648663e-05
4.277994572471631213e-04
5.503370060018279676e-04
6.915143006020745432e-04
1.910779689347470202e-03
1.227483183331598083e-03
2.024994709761247726e-04
8.364265781769842940e-04
4.790030890700019625e-03
3.600695777487132891e-05
9.520711742841468091e-08
8.243039661202745258e-09
3.094492200711753584e-06
1.758041101175473282e-03
7.625422806714654556e-02
8.667536671137478915e-03
4.760164937784515729e-03
2.030976987894585022e-03
1.733826050292794449e-04
7.823168152282278286e-04
1.819188410824866542e-03
1.885152188581156732e-03
1.925905463596446930e-03
2.960199896945380545e-03
5.865581364229712717e-04
3.305774432429939877e-04
3.440262350381937794e-03
9.868386697597988910e-05
8.665145074396855771e-07
5.895590868311974277e-08
1.355231135781250814e-05
1.298378238374226380e-03
1.355942256371767962e-01
2.958465382795925219e-02
3.234440079743790882e-03
6.258311777928101186e-03
2.348560834884423718e-03
1.954278982132838429e-03
1.586095028914221534e-03
2.901250512827026687e-03
3.132704154696303121e-03
3.890152710051521506e-03
2.046647482172387050e-03
4.150681548510498338e-04
2.569721197740116887e-03
3.425947045697769287e-03
3.144239779154329225e-03
5.354825685646630903e-05
2.889754277979887526e-07
2.111469728917865019e-04
8.899951369682243540e-02
2.865168978334427241e-02
2.254947715310230954e-03
3.143008966216431603e-03
3.087557850885917603e-03
1.020543145674991008e-03
2.164025414784692192e-04
5.288766846081353282e-04
1.111656919754765117e-03
2.173247379164203457e-04
9.296138952880662356e-05
5.851726240663774736e-04
1.631765859287802670e-03
3.105652301934564243e-04
1.402216559803247126e-03
6.594065303798273458e-05
2.396348051719320650e-09
4.400135910836343020e-06
5.129582921140568054e-03
5.260271131874590632e-03
1.541133724245446037e-03
2.607729033203475596e-03
1.371926574432252291e-03
5.213955601202618223e-04
1.607467019917681881e-03
1.216288755152054001e-03
3.065215955560878186e-04
7.497734037703314251e-05
2.307442750979693121e-05
9.242076182073761560e-04
3.143633657774284537e-03
8.148136769994907620e-05
1.414180963888262557e-05
1.598360182654141362e-07
5.596017417502904232e-09
3.053090346979234847e-06
3.349463868811615105e-03
4.171516906780135467e-03
4.488461108120044073e-04
3.675160687970002379e-04
9.952095287998765185e-05
5.948491190123289188e-05
4.359629714334758294e-03
3.703756072511463302e-03
1.992880309386888329e-04
5.762968471321643429e-04
8.003688850600785892e-04
1.903770350302780214e-03
1.813477203189428361e-03
1.481607388226838067e-03
4.249766219477253004e-05
4.646159841479551204e-09
4.330761272631646701e-08
2.493380601764348516e-06
1.431283043847877360e-03
4.067844406149573322e-03
9.839580260462808554e-04
1.873369210264133524e-03
1.115425838478299129e-03
2.407880821234795925e-04
5.579878306597145380e-04
8.918570689122532055e-04
3.914722510120195145e-04
6.196257359442186021e-04
2.691313597294161478e-03
4.396419675328696111e-03
4.104231837755626766e-04
1.353640113427214157e-03
9.406664050904555872e-05
4.281287553965159184e-09
3.212158166881633435e-09
2.757882201398180527e-08
6.155761280202867844e-05
1.129488700613027552e-03
5.660190938555754005e-04
9.774770936754287754e-04
8.495884060192419613e-04
8.246815832366826511e-04
1.509695587778890689e-04
1.327223371303961578e-04
1.504650835881372970e-03
9.474024172329744819e-04
9.864974675688681967e-04
3.030885221632204432e-03
5.217794763980150103e-05
7.012421215987773787e-06
1.527778394862545281e-06
8.354245966928765458e-09
1.640421155822841309e-09
3.989531162247596727e-08
3.343541219235688202e-04
1.472925108582329905e-03
1.274438195880884020e-04
1.179983507491961305e-04
1.430884308153314373e-05
4.948290585781251946e-05
1.538565571627098884e-04
1.032531563298542290e-05
1.398004178823071097e-05
2.247122681742691269e-04
2.781936881334309396e-03
5.078066968526069244e-03
2.053196009427715212e-05
1.202918746641171309e-07
4.340643274956678220e-08
3.400076327362044282e-08
9.146066831396188827e-09
8.202148123767634801e-07
2.789223457058702914e-03
1.747867699907245829e-03
1.374460431178449861e-04
1.119857983316003636e-03
1.383841494596507325e-04
8.363640284031606054e-05
1.298495812686696138e-03
4.250486445426646158e-05
2.682124369095953062e-06
1.790727565719678446e-04
6.649899666570116726e-03
1.420003745663650377e-03
4.658709858639648728e-06
5.081447995561357609e-08
4.247425881169971221e-08
2.318771494986218960e-07
1.447919615025417835e-08
1.877846688543644804e-06
2.153524084408182677e-03
1.533122654886276979e-03
3.994664831324187018e-05
2.056989616224251971e-04
1.623022571101820138e-03
1.461921084059743898e-03
2.315973872602444979e-03
8.169060938781741704e-04
9.526786277031072539e-04
7.027963880537209038e-03
5.467884205329873876e-03
5.462758201439605270e-05
9.160264828667467138e-08
8.512031785479420660e-09
5.617108859462251767e-08
6.972794870504959745e-07
3.469633403256912726e-08
2.086696101472697418e-05
4.581414863655756085e-03
3.023799830389688192e-03
8.386789251347702596e-05
5.667893468078023084e-05
1.478111314292985786e-03
1.895104649204437924e-03
7.207425004832025348e-04
1.383692862846784208e-03
9.862644184096691288e-03
9.755339988515368543e-03
5.706913964239820891e-03
9.634922153149857137e-05
3.110296448988237102e-08
2.290222755294996953e-09
4.434897741823412294e-08
8.671047404374455775e-07
4.966385118618066187e-09
2.196237017825000942e-05
1.496165932766545031e-03
1.001307194894132842e-03
6.816291328004934775e-04
6.528840772041184836e-04
1.140864110493159224e-03
3.477505195378183885e-04
1.812034003494658249e-03
9.353086115226456887e-03
7.104745666978091664e-03
1.129369017497971681e-03
2.096644597064568514e-04
5.500028920843176985e-06
1.230802401896777370e-08
3.503721839711091353e-09
7.015062994514528456e-08
9.259777245837364479e-07
5.070223801418374107e-10
3.770677102420907261e-05
6.705971531082292533e-03
4.091513908421298001e-03
4.012049942780319262e-03
1.374862412866137895e-03
1.448272538888375127e-03
5.259368564983121211e-04
2.530403167117535601e-03
3.824069898895295690e-03
1.304042861360108071e-03
1.247543293601123223e-04
3.680957302131417487e-07
3.055566804811857109e-09
1.176841330121591592e-09
1.298369732950561694e-08
2.199478338939547956e-07
1.195333144229750666e-06
1.835032836222518036e-08
1.745008772355870598e-03
2.405551621134802490e-02
4.321720540321541230e-03
6.973890119146453938e-03
9.933651945819306061e-04
4.302766271825572003e-03
1.842295623740353291e-03
2.411738293468230181e-05
1.330798124363057806e-06
3.678564873973458730e-06
3.719993210666237257e-06
1.531782948227743584e-08
5.346146758980420932e-10
4.913055995611883319e-09
1.631132748558226090e-07
1.050451568246372883e-06
2.366924959667201246e-06
