8.624805756052790939e-05
1.517694647842903789e-02
5.409208414609339988e-02
2.442489121049449402e-02
1.102985040039767195e-03
4.196020902945009519e-03
8.404157201115914494e-03
4.520957522033549995e-03
3.033381320581329853e-04
6.845173161271694992e-07
9.551851743351621847e-09
1.396432571365249170e-08
2.019805133713580318e-07
3.260344036874110169e-08
1.064564907287370417e-09
5.101059831682994939e-09
2.217181239684269796e-07
1.806480419318681957e-06
1.045155062895887694e-04
1.466562157139297828e-02
1.063239375497667359e-02
7.896926790590189094e-03
2.565369429819635682e-03
2.295665807192647477e-03
1.118215751429450821e-04
5.440221550837899702e-05
2.465464026929858627e-03
4.984732931637656309e-03
3.885336289528545212e-05
1.302818701701801328e-06
9.204225808028017653e-06
4.426941404308245003e-07
4.644570306331515148e-10
4.062650267232665079e-10
3.243724835412118931e-08
6.562239216002930091e-07
1.633742581426370242e-06
4.764514251480562144e-04
2.334117265038426238e-03
1.902739161081545751e-03
2.412712155522404867e-04
5.813618404973184921e-06
1.176342869104260195e-08
2.535769903087487817e-09
2.551851779077790412e-06
7.823057623137149100e-03
1.497331850375993589e-02
5.780035492689008722e-04
1.919382457013559234e-03
3.729371549837440973e-04
2.658226762599160304e-07
8.571550559116612724e-09
4.634820025051136072e-08
4.349780544296236107e-07
1.019533781438504062e-06
2.133434415568676284e-03
5.665976051456716144e-03
1.646966267988140338e-04
4.830047178039964030e-05
1.310649105777262138e-06
2.761138890945645344e-10
3.954796331061420767e-12
3.664452370629256669e-10
6.841383418029065127e-06
7.711264284846080543e-03
1.235055492936353201e-02
8.289750996771511060e-03
1.981496623214761173e-03
1.214971281126695503e-05
1.754893560810876138e-07
1.005275341558196936e-07
3.524522483314502505e-07
3.020598975405044058e-08
3.091250794750969601e-04
6.614956174674360007e-03
5.445259054943888018e-04
2.204486866472234966e-03
7.998274708061000227e-05
2.229689118667938316e-09
5.251634928939280378e-12
1.597078923491573066e-11
5.931502836250975385e-09
2.082825786884099717e-05
5.192102462648281319e-03
9.994018869494095125e-03
3.970826290701406414e-04
3.479608357778937252e-06
1.116804242771187344e-07
4.906438741095226461e-08
1.625421130066706096e-07
2.413057634681190685e-11
1.581657542760704005e-07
6.138573291556838167e-04
2.481902691997749707e-03
2.263326057062997956e-03
3.033022337144316078e-05
2.846049264795617612e-08
2.120203520911252504e-09
1.106596381802456424e-09
7.026952030473872295e-10
2.486123307163083497e-08
4.728985756841522697e-05
1.005832349807331098e-02
4.949139013041913872e-03
5.664870546149240190e-05
3.462557176357285674e-07
1.763700194530909928e-08
3.433010581058199684e-08
1.466314910110346829e-11
9.229976910937860372e-08
2.096117539292387862e-03
7.585856154189840779e-03
5.617332304097470783e-04
4.202538092405898383e-05
1.929759293177863545e-05
5.618767672108552287e-05
3.860654206159843006e-06
7.257024537964821973e-09
3.865294601239408982e-10
2.757614533431089253e-08
7.866548435520011936e-05
1.035028482047915289e-02
2.333649305417776279e-03
4.647509889778932085e-06
1.781396257046344618e-08
9.169814504398062226e-09
5.392314703646724385e-10
5.061121880936212265e-06
5.419152156970769713e-03
2.503957720656338221e-03
1.909561701285784809e-03
2.599133562671876105e-03
2.422201253724118233e-03
2.362025711011808693e-03
2.370839080973855502e-05
7.702102804557478733e-09
4.471490771197521574e-11
3.895224670094043442e-10
1.896193587406954733e-06
2.427064747956314116e-03
5.290882510877140295e-03
1.224930489109376857e-04
6.538010161603859773e-07
3.809489852239660369e-08
9.392244388143882121e-09
8.731566543510430360e-05
2.182823831616761533e-03
1.789369977825076407e-04
9.412936221410512973e-04
1.868204977343608216e-03
5.422713754203413927e-04
6.115370363389609166e-05
1.525850884842657438e-07
2.332954244786812067e-10
1.148751802559208197e-11
6.774840697079751097e-10
1.183155844250545183e-05
5.234583248292440545e-03
7.430385801303310452e-03
2.342415735769377751e-03
4.473579566309923369e-05
3.817279526997005657e-07
7.979502514235481768e-09
4.523153492745713507e-05
2.457881950601033087e-03
4.613705230085589424e-04
7.493006116279867001e-04
1.502646498439994417e-03
1.808598827324883968e-03
4.980402144069456300e-05
1.209629598892622574e-07
4.826534022519682307e-09
6.324697077844762826e-10
1.537380980372721775e-08
3.863207088180352464e-05
2.059913293960911190e-03
5.831853371675857316e-03
2.415568607102838369e-03
9.448364872735148028e-06
6.056238869635117373e-08
2.100437504146168236e-10
7.030857191794087381e-07
2.144043036923144654e-03
3.036938290719764979e-03
7.443781358715868433e-04
1.868305761530824520e-03
2.433615988923543833e-03
4.295711640530796850e-05
1.133600631315993835e-05
1.364185716127208278e-04
1.056224855198927932e-05
6.634441928034293831e-06
1.299283379440132073e-04
2.861727733098307319e-04
7.009311622143727868e-03
2.777721279960121848e-03
3.425960985139054150e-07
1.665713503176879486e-09
2.037000835483195791e-10
2.733515014554621716e-06
2.157379512957697740e-02
1.349464470167532903e-02
3.093818217373192712e-03
7.709606281904819725e-03
3.097671626895610267e-03
1.178495544885394371e-04
1.815204887671204557e-04
4.319288385920088541e-03
1.826466907931816757e-04
9.850686685934656071e-05
1.840128373318304341e-03
7.265911047473652511e-04
7.394968617222045203e-03
5.080594513538478144e-03
6.349244636104063131e-07
2.066136928393047220e-09
3.868714162080368645e-09
9.183010020461159645e-05
6.199665961638433503e-02
1.511282675803128812e-02
1.205500622509434600e-02
1.213228869220675001e-02
1.273621539540471630e-02
4.254280617703048474e-03
3.457764908188347441e-04
5.948621111052732405e-04
3.486182194665520570e-05
5.697985912773092104e-06
2.825052608185949724e-04
2.027030956127429812e-03
1.313808946044741147e-02
1.280504249313883965e-02
1.551948569432408943e-05
4.259473526976449248e-08
8.977858777078683658e-09
3.185280815579046325e-05
1.157086036007889777e-02
1.632527558878165905e-02
7.724003302054431065e-03
1.032882235066469485e-03
2.800401714884550534e-03
2.811375989316737545e-03
1.204383918768813422e-04
1.618368481037058947e-03
2.663387628336005754e-03
6.020393392462053669e-06
9.727482152747333451e-07
6.909964030119612147e-05
1.007896765521094570e-02
1.242937935570856238e-02
2.449646645772165490e-05
9.272775337339365524e-08
1.239781821539018286e-08
5.862178244667194118e-06
4.051270545815006084e-03
1.636377928585832503e-02
4.763527764125804337e-03
1.970438235696551389e-03
4.570820608160192089e-03
2.438373533251667839e-03
1.834921352475982204e-04
5.889538506638002753e-04
2.325326835891535632e-03
8.885798970984591080e-06
5.462373475705083852e-08
3.614397284605695433e-06
5.266984836457434295e-03
5.422128365889841012e-03
5.997322843955751441e-06
4.796193786715379739e-08
2.302725114990222128e-09
1.876597365462926779e-07
4.052231730453493370e-04
7.411195919710526249e-03
5.483428130443751547e-03
2.983638281910290079e-03
2.298155052969108614e-04
2.833186152816228654e-04
1.948333551768933721e-03
8.831735896831709545e-05
1.905046740195390498e-06
2.979882878877290853e-07
5.591043174048297225e-07
9.855692331908320100e-05
9.817544934314510405e-03
2.369884916309052559e-03
1.017473629570768016e-05
2.642570160953968610e-07
3.451061398529782728e-09
2.881845932123087176e-07
2.979439434079406927e-04
1.750300999033511939e-03
2.426021321587045615e-03
2.094395989188784900e-03
6.472616656690984007e-06
1.170546903723622628e-06
7.696997266525849098e-05
2.290815588650190065e-06
1.542451618039635677e-09
2.869459738027673251e-09
1.489099437214222164e-05
7.629490339223023859e-03
3.729095247551519193e-04
2.425130105903638592e-06
6.030376081743918388e-07
7.199428803350684378e-07
2.092466365046382987e-07
4.806093360766955721e-05
4.511846390787365053e-03
1.144114812804995513e-03
4.586585220505130876e-04
2.381444221967506797e-03
1.751512836977549216e-04
1.369835258710807173e-06
1.153806072410812963e-07
1.183220968351684176e-09
4.490042872880707698e-12
8.175670262134942848e-11
2.219344940809170281e-05
1.493460716515069772e-02
4.076456154419762252e-06
1.305397581469116437e-09
4.892446264433509291e-09
2.385478688527875541e-07
6.525197718343187037e-08
1.078645069665911515e-06
2.374174386135427777e-04
6.762191660861418402e-03
1.880443722192095060e-03
5.242396070073421970e-04
2.150553683453283477e-03
7.232836468432459788e-05
1.552346911649215012e-08
2.816333224514820342e-11
8.396427934160621400e-12
3.738941163900933841e-09
2.725213406719932891e-04
1.039544314906152948e-02
1.905904052668675041e-06
1.185686204208756267e-09
4.222737189693388893e-09
2.148618138803966405e-07
6.556398000813142951e-10
3.022118218071744420e-10
2.812617363321373577e-07
3.384424313410684584e-03
2.708116116945967662e-03
7.070406507711098654e-06
1.350836943839659397e-05
7.794853270550482270e-06
9.815775863886970042e-09
4.339414099836927830e-10
1.976327176856213424e-08
3.875555443764088312e-05
1.738493796310655592e-02
2.461814655010909330e-03
9.624289815936799720e-07
1.172628849507621690e-08
3.984510283040908843e-08
5.227628369564166327e-07
2.440580250408225771e-10
1.090690327703577778e-09
6.566221799385402219e-07
1.787285781624862275e-03
2.533433028017994908e-03
8.945955397800760459e-07
1.765174163657943069e-08
6.151152501085211097e-09
1.758798452438718582e-09
1.012832229017635236e-07
9.375595644941559816e-05
7.543027547553693250e-03
1.064578737705800665e-02
5.603819248369264157e-05
7.991420220592568869e-08
1.406349711061551939e-08
9.473497906050201249e-08
7.333416502149129357e-07
3.466878489440916503e-10
7.768199596133511690e-07
6.103955135835053268e-05
4.902952233020503202e-04
2.521815679690805976e-03
5.856909953989509595e-06
9.602171105575204444e-09
7.824141964901994397e-10
6.529405101511211195e-09
2.755625419211561383e-05
9.964063929392715999e-03
1.040578161742887649e-02
2.170749440795232375e-03
2.411301752847266582e-05
7.740550567015504028e-08
1.614139970660176364e-08
8.754443371647020548e-08
5.601623914559306237e-07
6.371599511708808620e-10
1.301006525832195770e-04
2.099955050813810762e-03
2.407490567533605646e-04
2.200302879528476425e-03
1.280661804577814524e-04
2.689627920804338360e-06
1.033853839041695103e-06
1.228801593302171878e-05
2.677209223499325656e-03
2.529864748609571192e-03
6.299010677171107940e-05
4.091319452727875858e-05
1.257688844079093164e-05
2.539423652820963414e-07
3.906249636890765263e-08
9.024145489704967336e-08
4.020240221190524140e-07
4.685279940749764611e-08
2.794087436253239916e-03
2.232592250386204388e-02
1.325835860602479939e-03
3.390300654758745657e-03
1.853109372231947658e-03
1.010712705669506318e-03
3.483877429728704251e-03
9.755087673493180456e-03
2.510342543079606935e-03
6.716373850241915559e-06
3.436132306311536917e-08
5.345203931522515460e-08
2.932037427258903746e-07
1.635442214675977949e-07
8.625801461469101742e-08
1.405526124627408192e-07
4.213101206496902754e-07
5.950947073750433112e-05
1.492204205139980103e-02
3.401001235422235203e-02
3.663905880335504000e-03
1.801090326516674575e-03
3.251942515069353775e-03
1.485735464699689283e-03
1.652533399399129738e-03
3.825934732700977275e-04
1.419265735166823367e-06
7.559049317007231324e-09
1.454072009278968564e-09
7.672118071525103561e-09
7.875167704793582685e-08
2.258548163739882080e-07
2.993669846881207037e-07
4.151358207255348867e-07
8.346960879902174315e-07
