2.959991952311140677e-04
3.001020348146061334e+00
7.919070339431060646e+00
1.357080521214604485e-01
1.823423743303478783e+00
1.371779920591380819e-01
7.492114158222772762e-06
2.988840783979662957e-06
2.639889918129959510e-03
3.046953824864523375e-02
1.690755598619491761e-04
4.747271112131939896e-08
4.074024986412777892e-09
6.527723229292027602e-07
1.338933613624450944e-04
5.225259110414779643e-04
2.057005058792111738e-04
1.059949421675281334e-04
2.814668057793249557e-05
1.057797777824793339e+00
3.982725301117403305e+00
1.175637749210353515e-02
1.087906903654387580e-01
7.777027453325030537e-01
1.608142985033502240e-02
1.947191011631112939e-02
9.847418036194234281e-01
1.879530397441461220e+00
4.924920168825571570e-02
5.703913214389472107e-06
1.846450105204885111e-09
6.186009351253672892e-09
2.001968349108215995e-06
5.456484445510935595e-05
7.996482353905629426e-05
7.499072520640584429e-05
3.606769386995581752e-04
2.019833310432045170e+00
1.862820712885860486e+00
1.388300638578846002e-02
2.405955841778950957e-02
7.983204160687130957e-02
1.305166885666541599e-01
8.748882533699924302e-01
2.025847461993860232e+00
2.650122759442234410e-01
7.416397080292920219e-01
1.548868096582740606e-01
8.365594535416451559e-06
9.741835315215544917e-09
6.925923117278887391e-08
3.616724493090834803e-06
1.835189382673960699e-05
4.496443007698146596e-05
7.734308223395414865e-04
9.386809779127585074e-01
1.131177351290944655e+00
1.842585451617363146e-01
5.585586177433745636e-01
4.493535934209845206e-01
4.106350958687474129e-01
5.328239161065875251e-01
5.884985493927383793e-01
4.032891275938670084e-02
1.288096391729564583e-01
2.796472193516426952e+00
6.986019869263741279e-03
2.415512905250273366e-06
2.871348612764148325e-06
2.359947306825985370e-05
9.384381763064540851e-06
1.191860199829304413e-05
1.678187321632136476e-05
8.748926242281142296e-02
1.776728557976453127e+00
8.801655050427281690e-02
1.260551989153545042e-02
8.644594708538358430e-03
1.064177534976213507e-02
6.459942878321459601e-03
2.082307634438581440e-02
3.540745450522258392e-02
3.623113569844814419e-02
5.830772141384213403e-02
2.136937986827627117e-02
8.860776189285678173e-03
5.461676286137618491e-02
6.065339477680794546e-03
7.333971949501706292e-06
1.198393979721010228e-06
5.193936124862970410e-07
8.946920807462225254e-04
2.878138229371825924e-02
8.544662377270955918e-05
2.338626318761440859e-07
2.615555030335596704e-07
2.724757633752041095e-05
2.144268903023565601e-03
1.246405381633787501e-02
7.157844216791368896e-02
6.126450253111410671e-01
3.898204324862155623e-01
6.647682378264732073e-01
2.305102792934444089e+00
2.636765080056140853e+00
3.172419344280789921e-02
1.031460961211285955e-05
6.366155878767866456e-07
7.185953935746725799e-07
8.333491533005117364e-06
1.844536599905107063e-05
1.706155069170491459e-07
1.679986699270989481e-09
2.661218649562862366e-09
2.963764787441321277e-06
3.992047862544842451e-02
7.726283898393767613e-01
2.958768252960858880e-01
9.784456008035794516e-01
9.237097997650168812e-01
1.056838860515055822e+00
7.675145609305730199e-01
3.591236126090321945e-01
1.045223753483741913e-01
9.141400611745796427e-04
1.623430272095611836e-05
8.505835214995530522e-06
2.755602416782798000e-06
1.388813427789858909e-06
8.255733205468468792e-07
4.706914519748789229e-07
1.245506811849480780e-07
7.927841034117027894e-07
2.090967340351842629e-03
1.084545592220351740e+00
8.388269935627701290e-01
3.577127141768392249e-02
3.177171549230284851e-03
1.595639282791649557e-02
2.179004413825981756e-01
7.517123730584773789e-01
6.661968530435828928e-01
9.891019155031030574e-03
6.344725555914206277e-05
3.684386711255702228e-05
6.619232284377804528e-06
1.071121591061515127e-05
7.456392099235489021e-04
1.883902152563683013e-02
2.981372313068371502e-04
3.968085316155102910e-07
8.432574152226810856e-07
6.568145758394613228e-04
1.336322338507931612e-02
1.063989575187692391e-03
6.157870356819343137e-04
3.022643772895533543e-02
7.028755152581497301e-01
2.242684777042639244e+00
4.307027243190311161e-01
1.306929386034127484e-03
1.093806506738248784e-05
3.192038972669033819e-05
1.606257725732631366e-05
8.617975455192535244e-05
1.603515254300845461e-02
9.353077875188620105e-01
9.142600468416880663e-03
4.407443485785831238e-07
6.277050802087520348e-09
2.049554324246782885e-07
5.490089435207523142e-06
3.659261928682744445e-05
1.634439246124411854e-02
1.018838642528422600e+00
2.290328063598953690e-01
7.477610761671131812e-01
5.619309325842796188e-01
6.516600073288268680e-04
6.269559330741352601e-06
2.064395083491884884e-05
1.702365954898970451e-04
1.629276213242272396e-03
2.766208755415092927e-03
6.395972091261682875e-03
1.325645414694271189e-03
1.796514437846488132e-06
3.303169928594316996e-08
5.922368538066943604e-07
3.752632410312410223e-06
9.816177291161451286e-06
1.827763706676737224e-02
7.207465252378369991e-01
2.433163630945879563e-02
2.767266369701603113e-01
3.229716843961168427e-01
2.015277724437646966e-04
2.203775290861851362e-05
1.596543971759235178e-05
7.989951726710615640e-03
9.778490828427214288e-01
3.410739635517399948e-02
3.992463737111519306e-03
3.699218272935844709e-02
9.743023100926101422e-04
2.294113202796394622e-05
3.946612339486092400e-03
3.270647520007650966e-02
5.407981699672288712e-04
1.466750854750199264e-02
3.193811760179939285e-01
1.660515834565971446e-02
4.518435328963528175e-01
9.160691895244050809e-01
2.873696169383403807e-03
1.318940493546648038e-02
7.201131277838537448e-06
1.281691637511406419e-02
1.497972395777755139e+01
9.239686803256308423e-01
9.676225960431167339e-02
2.835384438985386613e+00
3.667091971674294598e-02
7.207579199090419100e-05
2.094053094199596621e-02
2.838086092016652628e+00
2.842598375946520095e-02
3.736800563783768125e-02
5.614326520351987648e-01
5.450191669221100821e-02
6.672304462550340265e-01
1.877226239522491680e+00
4.096144477236887682e-02
9.356286935961956042e-01
3.560724927454821074e-06
1.595389377671093301e-04
1.670929845129760435e-02
4.631997166086971110e-03
2.546143490640291260e-03
4.345820501195025304e-02
2.550079726856545347e-04
8.234526948554872991e-08
7.240765987548618747e-06
9.507059840268328177e-02
7.423139250340700379e-02
8.536336339070797752e-03
1.034013076214147925e-01
3.095910988737700653e-01
2.107328229425094346e+00
1.250690525180044643e+00
1.098801380954681980e-02
1.814263082161493221e-02
1.035734078681138415e-05
6.781770187572846240e-06
1.201363569034187619e-05
1.550872350818404289e-05
3.382036660639088079e-04
1.306043052090454654e-02
7.084340515538933977e-05
5.472222188852545792e-09
3.977936661667758518e-08
7.494631301759949356e-03
7.766810998551491041e-01
5.716234420234677510e-02
1.594990415100036030e-01
4.388257440670987330e-01
9.027803499972698598e-01
7.023009478299060415e-01
4.870476716846997012e-03
1.754939351446386001e-04
5.147475274234117852e-05
9.984223055084556271e-06
3.967675117121216753e-06
1.971880172857130118e-05
7.924050238329077150e-03
9.431128625729088277e-01
4.040731665888723165e-03
4.092153701321139331e-08
3.683318811186094619e-09
6.342217471000858957e-05
6.021270105808948503e-02
9.295665023260263338e-02
6.331104325926812937e-01
1.545174560320627499e+00
1.418296901039854507e+00
1.502422616247684473e-01
2.167128172571380028e-04
4.469716746863354563e-06
9.290103670023011528e-06
5.297752912372722227e-06
6.150381504131507209e-06
1.226942651812041553e-05
4.933909020328220438e-04
1.784261162399093312e-02
4.016215405949815492e-04
5.418852392970330983e-08
7.928500069911572089e-09
3.373587356316959710e-05
9.353378427683347804e-03
7.486319676544657062e-03
8.282433930126102684e-02
1.900257718824626574e+00
1.090839207076789830e+00
1.455229535749756132e-03
5.114532667384947602e-07
1.845933066385048066e-07
5.095905305327017363e-08
6.291068296948220116e-07
1.649632348509035077e-05
3.110845149689707290e-06
5.072374747012570715e-07
1.193140793048777365e-06
5.410869022450252655e-07
1.217106191065121347e-07
1.468730356798084202e-05
1.213844232038387427e-01
8.213038109435364387e-01
4.241299135143655752e-02
1.212825857708252214e-01
7.898793389088635264e-01
1.168012005566557848e-01
1.568060239269594561e-04
4.166232856100897600e-07
7.528282962020536329e-07
2.656324462631285640e-08
2.360521267901636097e-05
6.017932521175781493e-03
1.798868549848078109e-04
1.469134891737896439e-06
1.935824234047146898e-07
4.089874480038903879e-08
5.013175976713819880e-07
2.930862755034459224e-03
8.139405302608800907e-01
8.704377730698502347e-02
5.401279101690968643e-02
1.657062710301249631e+00
5.462101419391642843e+00
7.751507287764162202e-01
5.801140262871234098e-03
5.799301457531319071e-05
3.687740240966358771e-05
6.155056474607427852e-05
1.402407469526740225e-01
1.846463473337276451e+00
6.633815838593246084e-02
1.572858007826757193e-02
3.608032302450163930e-04
3.913037934617444053e-07
1.511188072718263361e-06
1.532332419043656510e-02
1.702105075228002029e-01
6.927981465424647330e-03
8.974133251515162280e-02
2.130507375569513862e+00
1.665628886007027853e+00
1.302723242338352239e-01
8.756987404577491014e-04
4.060580378306150723e-05
8.774415849358810533e-05
5.870791392198334777e-03
7.704402136154081537e-01
1.035982734240562114e-01
1.782360510872824447e-02
8.844055849535950031e-01
2.723522832670307106e-02
1.072407104803291566e-06
1.561368687697525292e-06
3.459234363423234482e-02
7.117993336302883556e-01
1.529707881186601337e-01
2.533017980600400954e+00
1.313727904174093686e+00
1.304403374577741380e-02
7.472353291878536361e-05
7.560975303989891400e-07
9.742276433578618206e-07
3.636006465228611281e-05
1.204379459550853097e-03
1.995916113250351676e-01
3.153879112043431882e-02
1.714489486506186496e-03
1.569722290996986361e-02
2.306423875304136888e-04
1.092389590078645419e-08
9.590103293208317795e-09
1.623315826399845865e-04
6.877705831628874722e-02
1.681058682574821939e-01
1.162081100135235134e+00
8.113080788940649768e-01
7.881510251897941299e-03
1.263201786501010027e-05
2.431822092476865724e-07
1.170747820600399510e-06
5.145763693569402569e-05
7.760268052645682155e-04
9.125586284024470585e-01
2.758758729123509834e+00
8.778545222771300116e-02
2.772562341904433181e-02
7.678692364240644790e-05
1.524277454562581690e-09
7.678518320892525176e-11
4.321062001244718116e-07
2.579627176053480089e-02
7.463679994795063832e-01
5.695840741416994396e-02
1.541104711425486315e-02
5.208346237299421415e-03
1.147677033035498053e-04
6.450898741752347290e-06
1.340625369174658047e-05
1.092113156577318274e-04
7.728676607199970504e-05
2.490142807826097038e-02
1.187134927588168409e+00
1.032564559368409185e+00
1.804386216102772167e+00
8.323226635390101880e-02
2.783269427476873038e-06
1.614422098895031605e-09
9.969610328597523511e-08
3.005451318290673461e-03
5.691578189958550887e-02
1.560982106031422341e-04
8.519747316138104532e-06
5.147445517093627009e-05
7.749631122890124390e-05
3.730881409185210636e-05
5.043199384369975925e-05
1.365684933558123097e-04
2.774043470451078298e-05
1.460749493498123171e-02
4.918773962604273464e+00
9.161942973003937007e-01
2.071089869751077672e-01
1.867349579271490256e+00
2.655152139914059017e-02
3.352695488365963804e-06
2.112652063570464224e-07
4.351497959567973367e-06
5.920910863856666728e-06
1.929160051018858048e-07
1.489243022994771021e-07
4.421519949679259632e-06
4.425809844691238780e-05
7.419967347029649723e-05
1.008969280492890466e-04
1.863340360211753496e-04
