6.766374211423276802e-03
9.470659862982858668e-01
2.944201742370737396e+00
1.158446545886301360e+00
8.201969962000430492e-01
1.086916328435256485e-01
3.403864082822876205e-04
3.332673676870355419e-05
4.976112221001086772e-03
3.123552936403302741e-02
1.257500885574475559e-04
9.581128680288068185e-07
5.141117308733228032e-07
3.562497853044385299e-06
4.731234865973837954e-05
2.186777817023069091e-04
2.728822485885133340e-04
2.656682886496620523e-04
2.625128908936673333e-04
8.391702651239060784e-02
3.127021152594688491e+00
1.743688938744526018e+00
2.402306565337644917e-01
1.842620328918415984e+00
9.789459661586961126e-01
5.026521534105093947e-02
9.583978107194470741e-01
2.928545681147721069e+00
1.017879287235986911e-02
1.804343134518861857e-05
1.284723605250039606e-07
3.243488146879887224e-08
8.823245239848138920e-07
3.382859433986839924e-05
1.265947738297486258e-04
1.640192631618639938e-04
1.476557936907403959e-02
9.351086000112077690e-01
2.790110348453707534e+00
1.164336726586234771e+00
1.101715260932751433e-02
3.913608610105334153e-03
7.836348266609881666e-03
2.016662237733488506e-03
9.632443569803543840e-03
3.216422851760364354e-02
3.431153444531515745e-02
2.496300201888344145e-02
4.896114310144029864e-05
6.880518671077192113e-08
1.941972789276372157e-07
1.286099975719031734e-05
1.024833133846553176e-04
1.703528790113503593e-04
2.966481179603430024e-02
1.828927489836291720e+00
1.581978957538595409e+00
1.618249377292291014e+00
8.025939145115998374e-03
4.753830577062239532e-06
6.354043465727495715e-07
1.748694216906910963e-05
3.566526974652943840e-03
6.295487681872705653e-03
7.318649023045483912e-03
7.772960737334928538e-01
1.251306618440966023e-01
4.826107916057726743e-05
3.037192937928357441e-06
2.130670545339344410e-05
1.199358980673191692e-04
2.455088262643363782e-04
1.173885580142214135e-04
1.079585618030063643e-01
5.570670199174274639e-01
1.144868168528379471e+00
1.731262947804335095e-01
7.474517218957783945e-05
9.647513100642000620e-07
2.290542393659324768e-04
1.965619651577219740e+00
1.012202050932730080e+00
6.540057886702902237e-03
2.527791531026148952e-01
8.017685512325489761e-01
1.236140343805283226e-03
1.377335220755702589e-05
1.029631859303979869e-05
4.784869105310525598e-05
2.496067668727187374e-04
1.841001261071189787e-06
3.158065930202926235e-03
1.122197759221866126e-01
2.455343712861508265e-01
5.513745350324170680e-01
3.636801097908164138e-02
2.582734290092387770e-03
1.454787369445083300e-02
2.095909582866832821e+00
1.774333790494303953e+00
9.903068709224426003e-02
8.573246860622664167e-01
1.594227056660231234e-01
6.973302689158727714e-04
1.029334412891466786e-05
5.421361604017003488e-07
1.730084499963006322e-06
6.879359367275572081e-05
2.256736597060153329e-06
1.329031266087086008e-03
8.898108487597893301e-01
9.817857512053166369e-01
8.864242560629756462e-02
2.997955026794381084e-01
8.187983645860336113e-01
1.205666407608916961e-02
1.790744578718491461e-03
2.251201239540532098e-02
3.229993893881616951e-01
5.344634750852508276e-01
4.629306096584539371e-02
2.969601168302017993e-02
5.667089133326755172e-04
1.190291514952361745e-07
2.972695939641286748e-08
6.220389265699721322e-06
1.020372807672142179e-06
2.032143001034711767e-05
9.749515543968209630e-02
1.805895079106214718e+00
1.486020067896129393e-01
6.479133638663707728e-01
1.238271718358627260e-01
1.938578847703384869e-05
3.338673601574776399e-06
5.225722734178907258e-03
6.937234275107987402e-01
4.423273601762353624e-01
3.820904250715942974e-01
3.563450145119448020e+00
1.090753686582173337e-01
4.286875559516241541e-06
3.970696125952735829e-08
1.829980364708178812e-06
2.668716312554560054e-08
1.131173496643373672e-09
1.910976900089252346e-06
4.206702092587277786e-02
1.083272505951775377e+00
8.137769359742000330e-02
8.233907967969878824e-06
9.827461492059200080e-10
2.538696136376919988e-08
6.945911648520895982e-04
1.011944420392658223e-01
6.771530357372115283e-01
1.400796278426999386e+00
4.593922090189735963e-01
9.547109718564232850e-01
1.914016606680998128e-02
8.498345285667212369e-06
2.697848406743621523e-06
1.260160054915946514e-09
1.979831152245740750e-12
2.416152103912735548e-09
4.915573048306660225e-03
8.318557685603547025e-01
4.247329515950299186e-04
2.432996835643246497e-09
1.277664061065688723e-11
2.330047370097856524e-08
1.351972949985039748e-03
5.068112492703059219e-02
4.055602313778677859e-01
3.460735970788409444e-01
8.226703470941209781e-03
7.316803438359859024e-01
1.014996323890932750e+00
2.904201720315179993e-05
4.353394187152648879e-07
1.960051496687363053e-09
8.133488022382767242e-11
4.282182818357934192e-07
2.733846444410982859e-02
8.720151403702998405e-02
1.012424742585860745e-04
1.706313957287881582e-08
2.946472706825959031e-10
3.673087300434665780e-07
3.431406859276679017e-02
7.052219878731441627e-01
8.158419770482446820e-01
4.822142292004618636e-01
1.095404304825295556e-02
2.181806760930500022e-01
3.682764609869062372e-02
3.077137214133650407e-07
9.124188546898925585e-09
3.232462794437865952e-07
2.224806040997137518e-05
1.403838522979886649e-01
7.843909315142280070e-01
5.358477374778419788e-02
4.880933826343096527e-02
2.073194810434806279e-04
1.689163996645775109e-08
6.679226725437001185e-08
2.408391255809820986e-03
2.215958786337796360e-01
3.581538606310207817e-01
1.190070676031855346e+00
3.912626359975379664e-01
1.585946533838217265e+00
3.510469819232284183e-02
3.230012986257016671e-07
5.423589799765182679e-09
6.511778794618312882e-06
2.508784014031596385e-02
8.475401398591739621e+01
1.228731462495175064e+00
1.134276018066959942e-02
7.622380269136636022e-01
2.268446564714891173e-02
1.179899757874422620e-07
3.730380754618739395e-08
1.191991271883647858e-03
6.915614449581910517e-01
1.905233589759766089e+00
2.614814664468225747e+00
7.334070602611144629e-01
2.232957444278645287e+00
1.024575789217518906e+00
1.832084306519428699e-04
2.381216570997876739e-07
1.093447146868277418e-07
4.169646882916533826e-05
1.133981696296494812e+00
9.211820303605169347e-01
8.302433075098923296e-03
1.825499548711247977e-01
5.269958316716646246e-02
1.008191042207276171e-05
2.929735138232344980e-05
1.217162988231058063e-01
1.214359622937575933e+00
9.050962620589428909e-01
5.663397338460542940e-01
1.390902369831325223e-02
2.549067056720661154e-02
1.861972996766021238e+00
3.198464166888938254e-02
1.149655897977468164e-05
9.939511993722703300e-09
1.473882695081446925e-07
7.832072922625497521e-03
8.386601114738576612e-01
7.487060511460355561e-02
8.866406362236451955e-01
8.919042902957443619e-01
2.236069659838778052e-03
1.182772107451177113e-02
6.766019527661683020e-01
2.271423949964656436e-02
3.990791730391633069e-02
1.562280059508712737e+00
1.634767273033830431e-02
7.511011966055471676e-04
2.434856937830464849e-02
4.437459382680900358e-03
1.696445771664785006e-05
1.142183720622641713e-06
1.741849080186686893e-05
2.252252716532331459e-02
8.909913102325398016e-02
2.687329309088861730e-03
9.963914633966843362e-03
4.723198619940135318e-02
1.268740243523076849e-02
1.260483440768119245e-01
1.865606834472241793e-01
3.963355384153723375e-04
5.151130659164681247e-04
1.554582366101370794e-01
6.584561408299683186e-03
5.894282266413632918e-05
8.864417993799401636e-05
2.224445651708081365e-05
3.601649122511856139e-06
4.591611298205751243e-05
3.324250300983352339e-03
1.920688035763142842e+00
1.020494143674497645e+00
6.082050773107016859e-04
7.051664107624791087e-06
5.380590577317571254e-05
1.118652662689818660e-02
8.195524879609260571e-01
8.961612923956193688e-01
7.446597610168454069e-03
8.370993792000735794e-04
2.254874787805125763e-02
1.067474296640563355e-02
1.178344288188680608e-03
2.826813248978141233e-04
7.061171303021565486e-06
2.255356808257413798e-06
7.793755223030654670e-07
1.319037532029849716e-05
5.997846770139825257e-02
2.914132163634620909e+00
2.952076415384963497e-03
3.152598950840900643e-07
1.467319738418263429e-07
2.974559022063961232e-05
2.059458566122330993e-03
2.201359538765195467e-01
1.767339788230098518e+00
2.666397185807408143e-01
5.981109359851319862e-01
1.185140970499431345e+00
8.889129370618729098e-01
2.793049668083425613e-02
3.037628434409589173e-05
3.455180912312299115e-06
3.285858291371571435e-09
6.794227999513050562e-09
2.888909868607169180e-05
2.076608043129195627e-02
4.747464138794634273e-04
9.857614347795058076e-08
3.191397694678895983e-08
4.647693215604688395e-06
2.645206600010249374e-04
9.846204669913508067e-02
4.816685845656420994e+00
1.146831335914510586e+00
1.114726414781508579e+00
2.019504967451740018e+00
9.826241528543097070e-01
1.221986804919736151e-02
2.301015253712036045e-05
6.530568584170470632e-06
6.364439927030927230e-08
1.362935911499707343e-06
9.362052587133855254e-04
6.245501696326132696e-02
8.769425923723530789e-03
1.939463874797522189e-05
4.232823432055835043e-05
6.032364328681587978e-02
1.015848364064035891e+00
1.735432376495200213e+00
1.329922816602713942e+00
6.698096813281719797e-01
3.046621712230978662e+00
9.437178999372402011e-01
1.035888896177246388e-02
9.071830953945137041e-05
6.387237342162113376e-06
1.939332254200808845e-05
2.727660381711691576e-04
7.840806034806203917e-02
9.516905821946781696e-01
8.045391115745226251e-01
1.002369084224047802e+00
4.061815073024305223e-02
3.280078815541614956e-02
7.265037277528663129e-01
1.181375122445684489e-01
9.970168706010956727e-02
8.722845855589679287e-01
1.273325801451079320e+00
1.878152689744730486e+00
5.122105334939793669e-02
5.565599694167209377e-05
1.798658941062678384e-06
4.734651846360927285e-06
6.857557179687495804e-05
6.760301246317876496e-03
8.311190864628648090e-01
2.999417517049001169e+00
4.277680125813909662e-01
9.756835757281494548e-01
6.337394010204799866e-01
4.093944038023328291e-01
1.766938102110883133e-02
8.073376415404834826e-05
3.647545662194752025e-03
2.873597665950197833e+00
9.677116013298168173e-01
1.582543563427077707e-02
1.324234820533585772e-04
1.355327527215663882e-06
7.869194790005114731e-07
1.075826971582213984e-05
1.492847095004751245e-04
2.510778487171601292e-02
1.650134937568937532e-01
7.053541322923932988e+00
2.501677348040670879e+00
1.986849152166071830e+00
1.622789747623165413e+00
1.286643617840862452e+00
1.123426429098697693e-01
6.894150270361102360e-03
3.198897658449005588e-02
5.685585515937428142e-02
1.695861697697380018e-03
5.240381780297577647e-05
5.882605312381257166e-06
1.818801649517187948e-06
4.439922498087397413e-06
3.359928523429827918e-05
1.806705563887177487e-04
8.801472247919649439e-01
1.281219853361380001e-01
3.513417585090244710e+00
9.448647518646061672e-01
1.381159426250381017e+00
1.082671722729266373e+00
8.054303096257153793e-02
2.831145237145228921e-01
1.752734018424916274e+00
9.945635799682786549e-03
2.804838738583210073e-06
1.977883729801647388e-07
1.633396771995497218e-06
1.171105180136627860e-05
2.259995096713300719e-05
3.954905767026606117e-05
8.858552546000525289e-05
2.099221221869007885e-04
1.853736852153713144e-02
2.432199064756320871e-03
1.190116880341953065e+00
1.510888667968192989e+00
4.776285345975434526e-01
6.770710588616228875e-01
2.374701348493663822e-01
1.699848694278123684e+00
1.722470907098036796e-01
1.868526477031611053e-06
6.758426139162348695e-10
7.407977229026323798e-09
2.857422501663364592e-06
8.810448260720441188e-05
1.941397426329800869e-04
1.939108822068634345e-04
2.269610139353051643e-04
3.581458949416705556e-04
