2.976624066539105409e-06
5.903233281631424696e-03
1.043345217143412107e+00
5.351390890562249735e-04
3.854132329285874295e-07
4.660955153984941624e-05
5.259038343361127459e-03
1.178763155960423428e-02
2.745113837340340882e-02
6.454502320747694446e-04
2.742177604809890816e-05
8.852706934996167412e-06
6.311259451943688310e-07
4.051029212044257927e-07
4.610850756271852539e-06
5.311457579744891205e-05
2.085737954278351811e-04
4.402000226512558373e-04
7.708009434617242501e-07
8.493108054181304489e-03
1.817748200198487263e+00
1.615310146911102867e-03
1.344743665792580650e-04
1.872345326887040473e-01
7.014104376310635880e-01
2.470341278544989638e-01
7.374671398158623159e-01
4.556329798575128875e-02
3.323394511896377024e-02
1.789941429498536837e-02
1.641194068553525820e-04
8.134720372925452117e-06
5.771192416486811355e-06
1.685462625136179826e-05
7.929031485023416300e-05
2.719440987125683220e-04
3.985419670875440975e-05
6.024561019981650167e-02
2.219152912219677087e-01
7.572317604726692400e-04
4.004168664763832312e-03
7.341377080253749243e-01
1.854263422220507607e-01
1.438407116960004895e-01
7.444130514236827478e-01
5.185553131918307912e-01
1.622017972292449040e+00
9.474571833297071866e-01
8.588060077811775217e-02
3.556369948095015020e-03
5.375523644032410950e-05
8.473469578631702591e-06
2.149657088842822471e-05
1.192306693563322109e-04
2.932806268805393350e-03
9.414091368178042485e-01
1.629355183509681115e+00
1.208106271298505230e-01
1.039411029676698683e-01
4.664107451633699858e-02
8.380562777316033496e-02
6.237198371124641483e-01
3.382371157888794944e-01
5.711351875963963654e-01
2.089253424493143996e+00
1.533391923423865100e+00
5.841366481239265163e-01
1.894049727385196946e-02
2.332664705763615274e-04
1.107959274836084719e-05
3.429091718387839176e-06
1.431838683028038556e-05
1.618807717892674391e-05
1.187580286054524918e-02
1.400455983019051498e+00
3.877488402502264009e+00
7.312576861924644511e-01
8.792224477611917943e-02
9.946891606926913099e-01
1.420356522172460390e-01
2.619107907090217143e-04
1.390589726356443977e-03
2.075640089299534419e-01
3.280839571127544652e+00
1.492525575166720797e+00
6.022366323786147724e-02
1.429682623632284530e-02
2.744238638593500318e-04
7.228436835571966416e-07
4.302364750312847826e-07
1.122218044064268438e-07
3.045823437564724057e-03
1.696869591470117067e+00
1.869637917819879369e-01
3.329555859448703886e-02
2.534595826817807596e-01
6.431307551736721306e-01
3.549461173055071857e-04
3.508970938948745215e-07
4.638244822393710313e-05
2.950910824653363296e-02
2.985424047143869775e-01
7.510339217672218348e-01
8.115075359407606381e-01
9.350912084609254160e-01
1.220511656810393392e-02
2.639568515274995100e-06
9.972347430253519243e-08
9.945936041854111298e-06
1.331736511537332246e-01
9.087781247130570783e-01
4.127085470689711988e-03
4.873669179691292840e-03
6.604045395873590074e-01
4.346153267581246427e-01
4.504928258829167249e-04
1.354769440907077495e-05
3.838119152237953226e-03
6.918810678883944298e-01
3.443915530267719904e-01
6.624044553478593000e-01
2.709727056157987590e+00
7.378491056448617247e-01
1.472697674938841239e-01
1.292739293834630236e-03
4.111999413108854814e-06
1.740440769211758221e-02
8.273850116449281700e-01
1.964996044790689456e-01
2.470100953456482937e-02
2.385972039017335983e-02
1.274007232345030494e-01
8.016930775322596014e-01
8.725135966609599558e-01
7.629996959887075381e-02
1.966649916241397511e-02
2.366623793666840225e-01
5.070936315320166976e-01
5.433605356646430407e-01
1.947376147345885267e+00
5.962684786447991492e-01
6.178452652194039718e-01
4.199932285582819863e-02
4.256723214356640826e-05
8.365380352568516434e-03
7.424915309723540031e-03
2.068796797921459291e-02
7.622464791476601942e-01
3.442317307759541062e-02
8.410501093196920581e-05
2.293619680685266558e-04
1.525921125043612492e-01
8.650243860763321413e-01
1.524310671223434114e-03
4.092958142166850722e-04
4.068753966899758823e-02
1.222180772513874608e-01
3.374571971252144365e-01
1.958084610552535798e+00
1.531795141824092432e-01
7.170129371908794797e-05
2.202520892860798568e-07
1.761758578274539152e-06
2.421901571567091029e-07
2.196130620791838476e-05
9.386245001009066447e-02
6.045929764195476230e-02
2.853611500443420777e-05
2.975267027780438001e-07
9.515968533011978021e-06
1.301444558476019028e-03
3.722841397956652530e-05
1.541153032796186876e-05
6.254379425134923287e-02
6.428264834157062513e-01
1.293756218526929958e-01
1.581570302585280086e+00
1.030133497429026879e-02
5.994348056635544154e-08
1.428649045857389672e-09
7.247288179035950301e-08
1.117508872719418266e-07
5.895113869048152887e-05
9.044584784450374060e-02
7.818145480211544651e-01
4.218757282212784454e-02
8.163755997508106630e-05
8.724897499406327238e-07
8.284420387219378342e-07
1.185992660366501768e-07
3.268521995817427325e-07
2.820280320470104976e-03
7.471732613519170563e-02
1.157918602525063317e-02
3.769581979807479777e-01
3.031380902399255506e-02
9.894359944338880989e-07
3.423882027851671034e-08
6.593783245805987821e-06
2.656286010521998094e-03
1.102390760056912056e+00
1.618543440900273689e+00
4.871699876666882867e-01
7.430394246062187458e-01
4.890176989032142540e-02
1.398575612229979379e-04
2.168583829153421781e-06
3.309639990295852805e-08
4.505571961313313984e-08
2.305183398851559130e-04
3.593541587138177062e-02
3.692087525279143939e-02
1.564139027181728814e+00
1.990261368357725491e+00
1.803236388755749108e-03
2.377473017428643432e-05
1.170314031318288949e-05
2.533346156348409081e-02
1.670858087365392919e+01
2.636783198002392581e+00
2.629033914410309758e-01
1.593355632981414249e+00
7.315743322561379935e-01
8.520521772929537385e-02
1.661939261446509705e-02
4.010474814600762994e-05
4.529917053281305099e-06
5.585295313987356618e-03
9.043576415844679639e-01
9.511472848261918189e-01
3.418580175281060729e+00
9.553300053459881092e-01
3.051878441614184513e-03
1.049777613881620804e-04
3.308147035339661248e-08
5.758494013992397561e-06
1.886095879800996911e-01
2.621126264254919125e+00
4.426536185235164789e-01
1.532610393234217883e+00
1.675427366357348791e-01
5.993734691982696705e-02
8.007807709862190260e-01
5.961257855287575153e-02
4.435947789110728130e-03
1.080962242563063280e-02
1.380740261803078961e-02
7.992908693655474683e-02
1.689122455213581508e+00
5.432969358828965839e-02
3.811580236619373306e-05
6.459274852090946749e-06
2.238586364658181322e-09
1.046974907915495083e-08
1.217483748668499914e-03
8.935423292602056033e-01
1.528064606293570715e-01
2.181827139254089928e-02
7.752654981884952296e-05
2.365126557816298047e-06
2.897367431875464620e-04
1.331314488242446026e-01
9.288647521156339071e-01
1.149941330105959739e-02
9.277992966693847084e-05
5.256534468640132983e-04
6.243844942551414479e-02
2.253294011936900123e-03
9.098283334849348621e-07
5.039254655647054313e-07
4.327233587459432357e-08
6.647645596422790995e-09
1.044912061825403500e-05
7.799469991345184261e-02
8.790784135338984839e-01
1.077676192623541751e-02
4.104415825038120564e-07
2.781575967168253426e-10
1.563303813365659177e-08
1.625331370965995160e-03
7.758071396862310509e-01
1.170256939730989487e-01
9.898656154209596950e-03
3.313312840818226357e-03
2.357611470903291442e-02
1.432377688218437403e-03
6.108538245497105608e-07
2.684534801826988352e-07
1.368694484729200946e-06
1.840964249253944656e-07
5.204402308469635721e-06
9.418774573067870484e-03
9.849664771410933106e-01
1.449879918260122379e-02
4.347807690669354186e-07
9.333162631627194896e-11
1.134517264445122948e-09
2.945610517695041440e-04
1.741067584928884249e-01
1.838765279137752062e-01
5.859225308652679098e-01
2.181803928539466086e-01
8.464318545409836858e-01
5.075306732572288509e-02
4.946171753106536090e-06
4.676489221194405287e-07
8.336971429348057256e-06
9.436286650864997749e-05
1.708084345707631480e-03
2.721567698717015059e-03
6.464173152052920309e-04
4.675906351577329280e-05
1.709173475945139589e-06
1.266756930932022416e-08
1.426693797428776107e-07
4.919577122632141225e-02
1.712142054722810336e+00
2.251488813333858349e-02
4.931484520133021937e-02
2.191610382351015796e-01
8.373809653412791487e-01
7.860979167775377502e-03
8.122468269471785639e-07
2.589338109411451436e-07
2.154879592607573331e-05
2.085067767851307013e-02
9.674941971486061831e-01
4.718982098735256987e-03
2.962178992194727596e-06
2.254435566836524675e-06
3.087479218990445205e-04
1.503507476210659620e-04
5.231968706547151767e-04
3.022889085199170989e+00
1.109593637649379350e+00
8.100942994435863381e-03
1.172974399546827667e-01
1.646755315848892121e+00
1.270450365779152824e+00
9.772798641100950614e-04
1.046857853718182175e-07
1.255607507760602037e-07
2.669754321639989002e-05
1.666735866930942750e-02
9.382887781226613155e-01
5.869580724187749288e-02
7.600334771693045225e-04
3.370318431988906203e-03
1.103358897392977100e+00
7.412698188143310718e-01
3.501718791474321968e-01
1.660138323531772819e+00
5.851323292479514854e-02
1.374196242648405009e-01
1.643528007061041851e+00
3.641636769668938900e-01
1.700987395794577139e+00
3.526197975742675905e-02
2.713690036648131632e-06
4.880524253145667961e-07
1.310537974176987843e-05
1.063927249919549323e-04
1.815616166919903612e-03
6.268572117607311422e-02
8.133038733826922773e-01
2.187820086932446451e+00
2.717324157322225098e+00
3.404249078128227524e-01
6.559882193174765286e-01
2.423559551233388787e-01
1.630415298271896060e-02
2.800593361362205158e+00
2.265279668763691134e+00
1.955558605663322482e-03
1.226028805489179710e-02
2.020579407965231861e-02
2.439294154265430752e-05
3.008625164318612815e-06
6.800212543837040496e-06
2.159753559508652860e-06
3.275717450250130332e-06
2.911319089428261991e-04
2.054874911028266998e-02
1.174788202461076250e-02
5.853220176040877746e-04
1.784674365967903480e-04
3.891477721082672175e-02
9.158347609581625193e-01
1.142667737647690834e-01
9.933668980295459194e-01
7.908217217505212338e-01
2.170304552821572443e-03
3.541633704992808358e-04
1.682128775695255064e-04
9.390088771863632384e-06
1.111052803651493274e-05
1.247123811208689997e-05
9.949272069389975643e-06
2.721292753971366761e-06
8.017927951010482234e-06
5.997825143945747850e-05
1.803341244733258573e-05
4.726415154440655223e-06
5.431848806095831231e-06
8.989516060370682324e-04
1.036619203543671208e+00
2.767500458656026119e+00
2.582904449439942240e-01
3.294216981098283675e-02
1.574443264778593388e-03
9.024602096228197560e-05
1.613613935971002677e-05
1.096098412765967125e-05
4.939402710607164790e-05
1.106945757708788312e-04
4.063172309483986493e-03
1.373684701950311044e-03
4.725188695700394061e-04
1.226364808261016896e-03
4.006199101898350219e-04
1.126926797688147189e-03
2.224432486052572413e-04
3.355859641941671041e-06
8.636285798985330209e-05
1.152315823885396301e-01
8.037364943372417025e-01
1.666050198757394740e-02
1.462302430012816276e-04
1.557052704675031650e-05
1.565580623699560026e-05
4.340807135490394125e-05
1.765830299370769465e-04
1.607802391471500588e-03
1.033952210439606612e+00
8.610767460238059057e-01
2.356608900323911571e-01
7.061004920980830102e-01
2.594663416753126839e-01
1.831605259546182696e+00
4.954337213725349548e-02
1.660809703162585845e-07
2.198613057496435413e-09
1.041950930538085324e-05
2.872333296575605918e-02
7.418058055132206036e-03
5.318709587308637023e-05
1.188790046744785791e-05
4.022387490383203082e-05
1.539962430036395029e-04
3.902572734874546075e-04
