1.020779795490021902e-02
9.183587822160078906e-02
9.892039574700817184e+00
8.109816426026332792e+00
5.839110572980229286e+00
7.170165804546725141e+00
1.914891407710112681e+00
9.972772879637464838e-01
5.866770238807043902e-02
3.138885803803638779e-03
8.939862233359636978e-03
1.296632821548244835e-03
1.600019717229701299e-05
4.619762882263715280e-06
7.641666167532939387e-06
2.656895918939508681e-05
1.934627451741185490e-04
1.384310418777381186e-03
8.629650719768404699e-01
3.122886554654935143e+00
9.756900637393700393e+00
1.227405261098562850e+00
9.936576078456724748e-01
8.059331602084988111e-01
7.094168588241168971e-02
9.484096227398824963e-02
6.715473173401099727e-01
2.258984157092103651e+00
2.785674282718620276e+00
6.054083304134459664e-02
5.729961003776752344e-04
7.684360048347442312e-05
6.444214408035436286e-06
1.250533759161769627e-06
9.228855038484078921e-06
3.141912752868537113e-04
2.625518616701236763e-01
5.227979253011267868e-01
2.805901189624517400e+00
2.117317793994589525e+00
3.605482332931919665e+00
8.735720259284259770e-01
5.811795190678391287e-02
3.428989632708420721e-02
1.457468757728417330e-01
1.965472488866138567e+00
4.923602216496079542e+00
3.276356664389074247e+00
7.994416178061551914e-01
1.012804769163325597e-01
4.667312913506397004e-04
9.329806041534435665e-07
1.128072087505010906e-06
1.094359860604353422e-04
7.005838362722933699e-01
7.864536642009000156e-01
5.661566228027851366e+00
4.649817461643984906e+00
7.482841788472049060e+00
3.782836624783922463e+00
1.564249455302557879e+00
1.969283532507658752e+00
1.065866479883907481e+00
7.689570847121117714e-01
3.969855187078695780e-01
3.332886062829598206e+00
3.419293197469174039e+00
7.209326257964492335e-01
2.269711088078728983e-02
2.034367811556850740e-05
2.763429942391065018e-06
1.314406643431743600e-04
1.268655341631208244e-01
3.646568630161602931e-01
2.152296068193775280e+00
2.305511710980296947e+00
2.913155425950783250e+00
2.735852611240674914e+00
2.047080912399410479e+00
6.299563363439817820e+00
6.755444333014168912e+00
2.295178808463554709e+00
4.699507642956137210e-01
2.053192052983319194e+00
1.134098251133617286e+00
9.837154346090196677e-01
1.144936338066043779e+00
3.255617259330797868e-03
4.966928343008663964e-05
3.237760640665074277e-04
6.248372411651877123e-02
3.127159740651302422e-01
4.727066330240298209e-01
9.989008724656250893e-01
1.726805224273399997e+00
2.522590560196155351e+00
2.636693889322804019e+00
3.238999353067865350e+00
4.507776451846568833e+00
6.584254605756034273e+00
1.654706603547748234e+00
8.157370903076730517e-01
6.686592691198874894e-01
4.282365230804986211e+00
2.633998219580445888e+00
6.722449922947088680e-04
2.033045705222169484e-06
2.628473941229430956e-05
9.333439676556558595e-01
7.732915929841790437e-01
1.857317127289270509e-01
4.114114791362974421e-01
8.364464257726266228e-01
1.006580502515432185e+00
1.869802654748013326e+00
2.051413455102242267e+00
2.363025029821884448e+00
5.491920054670836215e+00
1.165157477365361460e+00
3.306505523897978471e-01
5.230529743038053736e-01
3.438183538789259419e+00
5.352404158141534918e-01
5.527971843490663193e-06
1.129208018830892847e-09
6.941018248458687011e-08
9.578165927556911083e-03
5.691137998352850669e-02
2.416743650450442205e-01
1.114233461798322944e+00
1.648332180701426397e+00
6.017112021670599775e-01
3.633871886180834454e-01
8.850487758272076455e-01
1.601194904033846234e+00
4.511668795187121717e+00
3.011132393980078259e+00
2.470799662259152374e+00
5.516776015809113920e-01
5.388597985698133641e-01
4.519861597852349533e+00
4.528929269132472065e-04
1.635504197587215568e-09
5.072633534759681096e-09
1.134728545597064485e-03
2.168656773950938810e-01
3.321623158949104315e+00
2.412493144059817851e+00
7.015456460818336737e-01
8.332276769937604355e-01
5.190220049291489612e-01
9.637282540054687985e-01
7.367367063347460832e-01
1.157526860370146293e+00
2.045642196735005136e+00
6.914606801525456925e-01
5.387677729820876046e-03
2.128475560529358938e-03
2.895349598479024955e+00
2.204455689227371173e-01
1.201666890656460097e-06
4.170188855424834851e-08
6.848894396529187079e-02
5.838808434835952577e-01
8.320450050286529731e-01
2.244420545199918848e+00
1.043616019821267171e+00
4.387975844804796743e+00
3.186938523389925670e+00
1.493022247325211715e+00
5.462319301493266943e-01
7.386124619643764655e-01
4.019298765370759696e+00
2.365321373773513702e+00
2.535480236902386969e-02
7.380827199910823533e-03
1.337541974574696813e+00
6.702498352132894022e-01
3.110809862189000666e-05
6.446492256297380133e-08
3.438371448200344422e-03
1.200825966670581758e-02
4.479820638864085575e-02
1.728617183073849706e+00
2.820525321495498616e+00
4.794040610643927280e+00
3.381799403557932404e+00
2.127615765096964040e+00
1.759599058247000469e+00
1.003617004620287467e+00
2.319762977882572130e+00
6.016549384258606636e+00
1.573194967561152957e+00
4.519002532491750435e-01
7.650107345162396877e-01
2.976795927118804919e-01
1.995962129685233686e-04
1.444883240724172941e-07
1.046381920472000540e-06
1.915124794503151109e-02
1.968529814780678677e+00
2.145565544519719037e+00
3.336085316990800020e+00
6.152595891824070407e+00
4.906082098353217624e+00
3.374668496040683863e+00
2.915247798068186125e+00
2.287281661011263123e-01
1.823715880736102857e-01
9.618573746517373735e-01
1.214265788719276040e+00
7.883944317638991173e-01
3.413562775927064807e-01
1.522546837521155938e+00
1.859284196072134299e-01
2.107074263082325848e-04
3.821662616266401090e-09
1.057857999316778458e-01
1.756629552558233343e+02
7.422498693139211845e+00
5.198557968336346313e+00
9.115285435370873657e+00
4.612035297186180216e+00
1.313905661295770022e+00
3.112445683683975339e+00
8.832079483816102083e-01
1.011190288704990392e+00
3.411169736528838037e+00
2.783852626941238473e+00
2.037166928026902024e+00
7.211093497668459307e-01
4.505512068017496929e+00
2.632626512426012866e+00
4.521729833400689978e-03
4.553441447512274565e-09
7.171510339208859650e-03
9.876698415114885776e+00
2.307983234031111497e+00
2.630982753746818670e+00
7.367451245340738808e+00
6.042796525277769781e+00
1.862330094502592903e+00
3.122740825119113328e+00
1.428806133297633174e+00
9.905498912880912332e-01
2.231236194305270981e+00
2.629021926540863419e+00
6.372519628226018806e-01
3.854989569659982296e-01
2.524323657125136844e+00
4.411261952591323809e-01
8.995233249055154152e-04
5.412161885769608535e-05
6.334742344000889036e-02
1.241162666017078031e+00
1.551188493777415855e+00
3.696852842172352993e+00
6.221629682425742658e+00
2.225499684096023945e+00
2.794764855338474074e+00
1.272754838659907684e+00
1.305958824198077961e-01
1.934300480094647834e-01
1.142578677943856924e+00
2.828320458140899607e+00
8.145781169745169858e-01
1.620520226071607839e+00
4.230492150412080044e+00
6.541922734598445421e-01
1.556514595448902152e-02
4.264583942751948992e-02
7.638525218972725961e-01
8.684035921256281210e-01
2.149779388512490286e+00
3.612383988469475060e+00
1.434437325673504571e+00
1.857668780497000460e-01
1.006753576652837934e+00
2.473891302143786497e+00
7.646711832751580395e-01
8.506276119678194414e-01
1.362016959541358263e+00
9.047115124209267334e-01
2.706979094747304360e-01
2.037615121708113985e+00
1.213192913335853440e+00
5.343772792325299920e-02
1.163751485653529566e-02
2.239082995881081309e-04
2.847394959602949499e-02
5.793324931788798038e-01
1.479403594533595934e+00
8.287682708202220860e-01
1.101722206098334489e+00
1.123054859861181365e+00
9.482179339626177761e-01
5.252430620439751952e-01
1.752807053947644800e+00
3.741032998984310964e+00
2.357988722874840626e+00
1.089484215470364115e+00
1.425163543582601278e-01
1.630163812104877374e+00
1.937536304108984808e+00
6.266386087931400534e-03
2.005083001397118972e-04
8.861078881348210696e-06
4.677175278663785879e-02
2.338790656422216063e+00
4.489354622753970459e-01
1.503353175941653241e-01
1.004253048785664681e+00
3.850527549769775959e+00
1.666300116322624092e+00
1.831249339919492347e-01
9.133099955623964483e-01
9.184201233383216589e+00
3.892070681136938770e+00
2.684108198408837964e+00
7.297961275107770485e-01
2.608459669957688742e+00
8.048982835412880066e-01
2.693556723919120449e-04
3.262074406681339944e-06
9.640096041562721488e-04
1.119061263569512077e+00
1.217628343394820511e+00
1.529675901599920063e-01
3.135022998450351372e-01
1.474188870897951587e+00
7.784392187196326196e-01
1.832978876331158302e+00
4.016958510458480625e+00
6.778499378635552297e+00
5.464384841097848167e+00
1.619903236286002746e-01
2.849143634468361830e-01
2.407115297033691537e+00
7.289678316883534848e+00
3.474942546882714978e-01
4.750854604084014764e-05
7.682771337940474074e-07
3.298150716407181882e-02
1.582928624347800683e+00
1.348457192752595235e+00
2.223990779743591162e+00
2.428426769454460121e+00
1.653062300519820393e+00
8.173262943051918805e-01
2.910966983811593245e+00
9.160301054467149484e+00
2.174803694530799358e+00
1.258278052568171157e+00
3.567684224589137698e-01
2.320065092929510797e+00
7.972388395077807388e+00
2.319150176971802146e+00
7.686908457143307727e-01
5.426188196952939392e-03
6.258849531220899061e-05
1.009248261756318377e-01
2.036960161485402432e-01
9.488143442694990659e-01
6.302913868831164557e+00
3.807508623117627167e+00
2.436584052497399178e+00
4.189373746519901687e+00
2.917850625413779042e+00
1.870159273250822762e+00
1.082965113086470643e-01
3.416086488167031643e-01
2.972600385136978218e+00
7.358104542765837586e+00
1.957130650570633401e+00
2.599858696318979243e-02
1.671619365089424894e-02
1.548013316421390125e-02
1.298490871559821076e-03
7.764658227729301920e-01
1.013443243127560983e-01
5.461157544042440914e-01
5.532602089417694380e+00
5.403395090390351818e+00
2.281774969571204625e+00
1.883208809808956552e+00
1.526203282957463436e-01
2.087673296250847355e-01
2.095417715092121602e-01
1.907571592895721091e+00
5.553524245336056708e+00
5.202594163727878751e+00
2.814271962426739826e+00
3.069554688775472367e-03
3.922944093828549761e-05
1.005292192766844286e-04
3.156811342442843648e-04
1.121972374964388841e+00
1.117596914689444054e-01
8.396176889682448186e-02
7.907322072641606026e-01
1.129034176644455822e+00
2.284979422178976538e-01
7.033480314439199965e-01
1.715925605260073261e-01
5.850923662360364430e-01
3.227848559224735236e+00
8.534821562094840885e+00
3.802588906398101543e+00
2.578676967983109858e+00
1.656023285626843367e-01
1.207886311467075894e-05
1.035641351224032093e-07
2.231768403261440752e-06
1.264363530141303859e-04
9.454519387405051489e-01
1.830675395644545400e+00
7.824333172910569179e-02
1.454559455069261154e-01
7.832184235147156004e-01
1.470018101470652039e-01
7.369211225432320544e-01
4.364999170353295876e-01
6.810729789247933486e-01
1.331478068648192625e+00
9.531518177716185036e-01
7.584730566073222269e-01
7.908034667411421859e-02
3.105984560327761405e-05
4.232829384928004063e-09
5.607877921305893312e-09
2.784319106418628061e-06
3.338864956621698178e-04
1.450998664799277131e-02
8.146578983950769626e+00
8.737439835074569672e+00
7.299630714106218221e+00
1.064452639818670932e+01
3.605694755051709888e-01
7.829333391988081425e-01
1.015231202222102169e+00
1.076648991415926293e+00
8.370007758179965895e-01
8.818488226732602853e-02
2.495871159170498510e-02
7.791550121594256100e-04
4.308365995315017492e-07
6.367677920493612499e-09
2.328201927767910705e-07
6.672321481245085874e-05
1.737957862307539869e-03
