2.123571961730782304e-02
1.819089078518226987e+00
5.355000627084407050e+00
5.593875611482222787e+00
1.301073041309933176e+00
1.914948646368661134e+00
9.555146431214575076e-01
6.363391253792941016e-02
4.317670482585015367e-03
1.245427825904953484e-05
1.218634392557069003e-07
1.676447826627099157e-07
1.562501590405520749e-06
1.671362030449123794e-05
7.850625521311794261e-05
1.104380396844047174e-04
1.097225448971446892e-04
1.547387832040211634e-04
6.688296032142486414e-03
3.244719807811935031e+00
7.461142134907262857e+00
2.568798274080441146e+00
5.831886903552820911e-01
8.671469700291382920e-02
1.471310475128281099e-03
5.190035591788409904e-03
8.325029116381645888e-01
1.232813320791664585e-01
1.987178269223599612e-03
8.587201504384717025e-05
4.261267115409428202e-06
4.435346515095681668e-06
2.386035896124242926e-05
4.448752090969920118e-05
4.492513659376585377e-05
7.015331210131941554e-05
1.512274631152706918e-02
1.700125602932368141e+00
4.538065923295805604e+00
2.546708607531249946e+00
2.967309937330185332e-01
1.647887489701133426e-02
5.340551890087196543e-05
2.309848582348493951e-04
1.985092726302965516e-01
8.000386175091817043e-01
9.528461967675180277e-01
3.165572091717328701e-02
3.594117579473438768e-05
4.319070233845266659e-06
1.838868700242880946e-05
3.542372920201977400e-05
3.433585160702784587e-05
5.606090008020817614e-05
1.123500642364876068e-02
1.094306066223002416e+00
4.902111231860042828e+00
1.848497660287905742e+00
2.743393777904142850e-01
5.960298156580523532e-01
1.300477139933116089e-01
1.444623390017627795e-01
5.266404478998030214e-01
5.464653767910567783e-01
8.609818071072298240e-01
6.682807243240551642e-03
9.716522506614603044e-06
4.999094175579424604e-06
3.590688943117473903e-05
5.743764984472008090e-05
4.490627831106053789e-05
6.704349885547285530e-05
1.807409433438929638e-02
1.937084005389867913e+00
9.441707174330725427e-02
7.955385055185103921e-05
3.055924399094194226e-06
4.064754524492657705e-04
1.885785468939350229e-01
1.615001207800110805e+00
5.141209003291599133e-01
1.475107884748509735e+00
1.355657312784878110e-01
9.825906810243999011e-06
1.020542315961314512e-07
2.702797363568836462e-06
6.976075836084285556e-05
9.730403324286550728e-05
5.851053028120368685e-05
7.332486041510273664e-05
8.756239258099620532e-03
9.331703346764194107e-01
1.576355529884740890e-03
5.201376623129737441e-09
6.334884375033915480e-12
3.906838358598790741e-10
4.613542104228779589e-06
6.644979243277934549e-04
1.720843954846485412e-03
5.593894764814168197e-02
9.336666430100374562e-04
1.789647582111239518e-08
3.341307272685044762e-09
1.146576900283961673e-06
4.648678766265335093e-05
6.309596960165052011e-05
4.206137805909193557e-05
5.802530473691366918e-05
6.506794968076140453e-05
5.473173669784194700e-02
2.107984617929218804e-02
1.343109029777387078e-06
3.902477682758224194e-10
1.539367968922453978e-10
2.464241222808034221e-08
7.103405328635740888e-06
9.787793217574851726e-04
7.028931084001434348e-02
4.425733375632090807e-04
3.106992192761817053e-08
1.097406864652670409e-08
1.010830407985335852e-06
1.332711329147869293e-05
1.555259876200576610e-05
1.568241652063382351e-05
3.727468780417448469e-05
2.123087537363949358e-06
5.287141706620183783e-03
8.532812782265740692e-01
8.204568567646114419e-02
8.204953787549162892e-04
3.940266595201715227e-06
9.515641277807130410e-08
6.749746078121795510e-07
1.021374991781951727e-03
7.523978916378849524e-01
6.377541546882621593e-02
3.052863841466361223e-05
1.595552808949038093e-06
1.084187630201009337e-05
4.842965034814437648e-05
2.046222213965281453e-05
8.997728780595819973e-06
2.396232433690297892e-05
8.438008465246312140e-06
6.226107977711604208e-03
1.160661254266309061e+00
1.820763045138467762e+00
1.002279881222083002e+00
7.988447098726094223e-03
8.105026915391177625e-07
2.132268565470054810e-08
2.302603920819147539e-05
3.318341719306290294e-01
8.950908941357680337e-01
2.055260294408623074e-03
8.646189534986324480e-05
1.580612401709419320e-03
1.841054629062712986e-02
9.923134951761083261e-04
2.118679847823967723e-05
1.797995408927100270e-05
7.919049892631091261e-06
2.915963582669887314e-03
1.773713037350668653e+00
2.522857236797861447e+00
6.890902345438335574e-01
1.053852860007064018e-01
7.335702696451888391e-05
5.358206614802925679e-07
2.792346727633399409e-04
7.064206874358578414e-01
7.153563106827455498e-02
6.127035698467349898e-05
2.726241328748787201e-05
1.527794903139761962e-02
9.353542568311972172e-01
1.529068924516190954e-02
4.215790333150720113e-05
1.447811658280035522e-05
1.648662102995652285e-07
1.767416444271594495e-05
9.865677668839692438e-02
1.297170635617148182e+00
6.018558837305739706e-01
7.561367780708430075e-01
1.191929452931760058e-02
7.822636708417097118e-04
7.568707605939337113e-02
1.028150356043925212e-01
1.830840356016248560e-05
3.372506843597735505e-08
4.561431743850702102e-07
5.479884009401327777e-04
1.956042585181640495e-02
9.376986229899500393e-04
1.673100674322870989e-05
1.398204153252034549e-05
2.524628356978433897e-06
7.757609275567178614e-04
2.770067871825745986e-01
3.360263742266401121e-01
6.095368378830170464e-01
1.107622016131984077e+00
1.821562561715416029e-02
1.769781713930218200e-02
8.781622696444201237e-01
4.811009808364349188e-03
1.048565391842923258e-07
2.952925184174218576e-09
1.210626378568047266e-07
1.174613581562255659e-05
6.713383829263304577e-05
2.267717238670659732e-05
8.951843244548751303e-06
2.482339115546906440e-05
2.119498368810120940e-04
1.024383439883376212e+00
6.837160003769052707e+01
3.143524938146837755e+00
2.083283807301973045e+00
9.973096935932058704e-01
3.188407472780238876e-03
1.309393688090424541e-03
2.601652863384654527e-02
6.899730082467254349e-04
1.057432136873524676e-06
1.090743078355436101e-07
1.742737930495217345e-07
7.449968169835306704e-07
4.208392575122436154e-06
1.059315352937328483e-05
1.962734862716683542e-05
6.066670127007590886e-05
2.303125635228512918e-06
2.522108557084808741e-03
1.536159211827538229e+00
1.781534571194025363e+00
2.005992184982911652e+00
9.598739616469574853e-01
1.976556176219903659e-03
8.772771110043402513e-06
3.883070971468089019e-06
1.145664730713998438e-05
6.946892674251116124e-05
1.908153080161694703e-05
1.037886460249266743e-07
1.798259765873729498e-08
4.792999541620893389e-07
1.075594638752816870e-05
4.122532441827538491e-05
1.041045026637959272e-04
5.859053370113874673e-07
7.511281728800436094e-04
7.190229890055949147e-01
1.091049151273415507e-01
5.379839419020977613e-03
7.070527639602385873e-03
2.043443348291112082e-04
1.703092671147590237e-07
7.100684331134070394e-09
5.727302146680803521e-07
2.712934662264138239e-03
1.496089768791223663e-02
1.003333181770720035e-05
1.398095177680362731e-07
1.200412117844107921e-06
1.298139888246016832e-05
3.960866032076291662e-05
1.141945189054982123e-04
1.124942321440949634e-05
2.543225077063835174e-02
1.020433659202299115e+00
8.680953601185493898e-04
6.201008587271266881e-06
9.263162813182459056e-05
6.076753982097300000e-05
6.271254707268981154e-07
3.170873353746465471e-07
1.798967589232488637e-05
1.170077727446742696e-02
8.594497456131542368e-01
1.300464066148309117e-01
6.411784630967459070e-03
5.562715868791015235e-04
3.078669164009939984e-05
1.717376716896474101e-05
8.107232286416954847e-05
4.020237681974221572e-06
6.204006064650421221e-05
5.329529014187912026e-05
1.646291866801664115e-06
2.381951794728845575e-05
7.330982582397381833e-03
1.493433697584913619e-03
1.280584117830646637e-04
1.086752999152916337e-02
6.917630385261851200e-02
1.116467188853107785e-02
9.206297733031196251e-02
8.549946210150453085e-01
9.137515362764396798e-01
1.294294935067457665e-02
1.572949227349429470e-05
2.934257380960075413e-06
3.566571991689332962e-05
3.010291029172874943e-06
1.616799409987514631e-06
9.776175378514747360e-07
1.853702956348255416e-05
5.283679419424690965e-02
9.298929021758368663e-01
9.202863653138930455e-04
3.014127442701036708e-05
3.548052768886297142e-02
6.765690661736187828e-01
4.247331925148989384e-02
7.219825012538898246e-02
6.008491844494966150e-02
1.065931020553705366e-01
9.792019873975524660e-03
7.905834767052877078e-06
9.268247147115854281e-07
1.914789133458581581e-05
1.598060310272940502e-05
1.900114852074128704e-04
3.078855043079567824e-03
6.328959425504301906e-02
8.647377870796685295e-01
7.722705574267380024e-02
7.298430385412853552e-05
2.510641345581592405e-06
9.161413839617889949e-04
2.158605310894588236e-01
4.559639762733649904e-01
1.181636479731436706e+00
4.813826885456329308e-01
6.921666268351358564e-01
4.158697644437670676e-02
1.825338542916228981e-05
1.541877624869944709e-06
2.681244837115971606e-05
3.086157338027026519e-06
2.462137202005815814e-03
9.507142999180341336e-01
9.685194595071935364e-01
3.706974595632450686e-02
8.953893230306788492e-03
1.776620484446780890e-02
9.621603763275329499e-03
1.051890889317063787e-01
2.629600002042498996e+00
6.214010316547022850e-01
7.342245056478438059e-01
1.644673584417474244e+00
1.229519857304447183e-01
2.865645899884591320e-04
1.564655483641175363e-06
2.837734259278637660e-06
7.664728291920974745e-05
1.023616112882593119e-06
2.037465792854351639e-03
1.049424314474405318e+00
1.004182973483201957e+00
4.669779131504469410e-02
4.869947415151545944e-02
8.161849660881121959e-01
9.677556746703780410e-01
8.975063351727281535e-01
1.384071853337910829e+00
1.689491882458351857e-01
1.642119977299806521e+00
1.110407398709230664e+00
3.664601675719686148e-05
1.006750635359649050e-08
2.828811447488462280e-08
5.207164516260436710e-06
2.137427490348989940e-04
3.343419413571969891e-04
1.272321542441093578e-01
2.733490514527696202e+00
3.288986767606661310e+00
6.106279412449802102e-01
1.598142389559537024e-01
1.030280647556030132e-01
1.047381602873662387e-01
1.501869517199612147e-01
5.011526296515230738e-01
2.059166247669415861e-01
9.143781338189542751e-01
3.696504862671735198e-02
1.681401512882486345e-07
5.598347358436850569e-10
6.412296318724999624e-08
2.110381984687314069e-05
2.877648609946077273e-04
3.816967719335065401e-02
2.653987589032293481e+00
5.585199808654311759e+00
3.313247394000117918e+00
8.165645701983996751e-01
3.988251649891604300e-01
3.481374462402342385e-01
4.925937289744537484e-01
2.691318985170658706e-01
9.992198846273060431e-01
7.844777668537630810e-02
7.845747004925843074e-04
1.867056183050522746e-05
1.197942449717841770e-07
7.638921028591461221e-08
4.253102770071323222e-06
7.248120853123177828e-05
1.652715000622505433e-04
2.985128894395490048e-02
1.124099922714465682e+00
6.856987180608444810e+00
8.030414949396474711e+00
2.047258072295203846e+00
6.867668480425708211e-01
5.389581938901572000e-01
5.821444642118104307e-01
3.959427379284937709e-01
7.386978748415633511e-01
3.232462232532156907e-03
1.125777359673021690e-06
2.511121426901643160e-07
1.620984609768527595e-06
1.719989410408908506e-05
9.859745729977038940e-05
1.212569230368139398e-04
9.890705740544535377e-05
9.554819294467555846e-01
7.031908584046327348e+00
9.894826071513607602e+00
5.238408318315153522e+00
1.643873654816822905e+00
5.022355998785685838e-01
4.066887166597670245e-01
5.043180012527476164e-01
1.616704438323442350e+00
1.776083151574874563e-01
1.552522632310329896e-05
2.743406846128359274e-08
2.892143549762328400e-07
2.526754491839839899e-05
2.520051251494342427e-04
3.463673061776382416e-04
1.884709600754971468e-04
1.361857727926415768e-04
