1.874319969577304540e-02
1.812213363283900813e+00
8.335805887792266944e+00
2.621674252172517594e+00
1.729111794928443746e-01
2.492549010365929622e-03
2.005606666779016225e-04
2.989081798541516535e-03
5.675062884004434573e-03
3.224970241870598654e-05
2.153220677533854136e-07
3.991222539560543243e-06
8.100153821532959627e-04
6.667248396787987634e-04
1.646732466096405864e-04
2.481602585725024217e-04
4.795384598604815647e-04
9.233960418834889121e-04
6.355921845042038351e-05
2.283510230914260475e-01
4.552274493522016741e+00
5.713041695044906998e-01
8.431938525350388680e-01
1.748239988028085001e+00
2.787589160306218061e-01
8.027803070691093001e-01
1.064879000485418059e+00
1.816978783668742742e-02
1.485759127259788010e-04
8.885196345756392637e-04
1.235366133241396977e-02
2.826745547187337407e-04
1.489542721754160693e-05
4.302122512399781290e-05
1.978669824497970723e-04
5.564504616695827716e-04
5.718749326406778744e-03
9.409121329980245640e-01
1.190486059367685590e+00
1.363360893844399957e+00
2.470880344114963378e+00
8.583319149902022271e-01
1.711830275867920748e-01
5.763758154729823335e-01
1.688271260508231286e+00
1.096276930713985243e+00
7.014255311536518045e-01
6.803203716790627853e-01
2.233188475780070389e-02
2.168056446477224867e-05
1.102211478835803761e-06
9.603248270907631159e-06
1.375759431919386648e-04
6.561606903003622607e-04
3.883145223718179745e-02
6.814026688788415997e-01
3.779368464008192041e-01
2.361041704476125158e+00
5.546773599705960844e-01
2.953382759587513950e-02
4.545940262611897209e-02
3.224943069826194386e-01
1.293132729003284576e+00
2.207813584909392723e+00
4.968238759622585654e+00
3.357150524066298214e+00
5.350067449994248131e-02
5.742896042557563016e-05
8.211753957888229073e-07
2.540334510128659738e-06
6.997090183654754733e-05
8.085268573702580723e-04
1.374075291542289001e-03
2.947965335933761533e-01
1.679656444250004155e+00
3.422854440241133833e+00
6.395492138521079450e-01
1.826396567575463425e-01
4.031862567115342411e-01
3.666809956445314378e-01
8.574178773285850985e-01
3.452526675128115397e+00
2.599385475671446510e+00
3.026900112848721403e+00
2.771977686457731238e+00
2.034319832623288429e-02
8.047416611711787654e-06
3.617276144393855541e-07
6.225368237729493166e-06
3.165305738543888465e-04
3.510723434002076346e-03
8.283748891861474339e-01
3.093134290139743392e+00
8.308544993941167078e-01
9.941994585981863697e-01
2.089843958609909347e+00
1.449604734885789004e+00
5.863913290824880331e-01
5.797833716945663962e-01
2.970255074610629098e+00
2.856970973677471104e+00
1.647658758875224283e+00
5.210378475740311544e+00
1.049036247674738576e+00
1.504028918393185150e-04
3.187221866059194865e-08
5.235647595598877882e-08
1.130443137693829230e-05
6.738097357779843696e-04
3.504646232828823038e-02
2.008030993358185690e+00
2.305108152147782086e+00
1.096341914081778723e+00
4.985986933631152973e-01
1.425453188584394626e-01
8.287503084981941992e-01
3.782260862174563698e+00
3.952099277032227853e+00
4.077955852267876047e+00
2.510253506224297215e+00
1.882220437578448369e+00
3.854250514276762019e+00
9.873728452523820517e-03
1.315026394232417938e-07
3.576613119196918839e-09
2.332422323074477999e-07
6.406622643121585091e-07
3.662084969898487716e-05
6.204897739295783810e-02
1.114564768833109731e+00
1.461051652631989883e+00
2.339154322726064994e-01
4.278767175277435955e-03
1.655653181503258589e-02
1.281038239891620245e+00
2.874449000192763393e+00
1.200117247775785545e+00
1.985727480228032027e+00
1.511066640151254692e+00
2.795126195070081199e+00
1.188371171047727826e+00
7.702652223605587975e-04
2.008507069719725205e-06
9.608715113939872931e-07
3.343127468779813497e-07
5.874650081444317577e-04
8.985014598972480837e-02
4.767379662500177001e-02
3.638275154763337960e-01
6.920081524569997589e-01
7.007494122733809450e-02
8.494033941917328301e-02
7.828598221589327943e-01
4.985420314530551344e+00
1.110304816711696452e+00
7.939624486539305082e-01
2.636295467864401498e+00
1.263865018050247313e+00
3.718252298847050330e+00
9.444550534467527347e-01
5.696948530557945783e-02
1.257710358907160493e-03
1.974076971404798610e-06
6.160295908995332831e-02
1.548867558160240243e+00
1.026708992219908384e-01
6.392013167222027059e-01
4.236508230631428340e-01
7.834983239538413358e-01
9.878568261444268250e-01
1.360469515009409512e-02
2.385289637697600440e-01
5.325215614326688218e+00
1.999414189652318985e+00
5.519163929584053108e+00
1.391069966281512693e+00
8.490386694012840296e-01
3.376753843040229408e-01
7.504733875008274824e-01
5.695079723750907930e-02
2.631774593304109285e-07
5.777559710481004578e-03
1.346585534237259019e+00
1.329035763669033088e+00
2.756294522245192002e+00
1.401944275687655624e-02
4.245719507016782086e-03
1.309575168166220507e-02
2.158112042458758115e-05
1.369090159561024223e-03
1.426744401325814815e+00
2.115903377337795266e-01
2.126490198667459752e-01
8.563256777266352593e-01
1.874127890718921607e+00
3.916809895278906828e-02
2.134150247855547480e-02
2.671460632986227303e-03
1.736263599760798472e-07
7.719484376330365723e-03
2.560399420323865272e+01
1.170519942202776953e+01
3.206702157072236936e+00
1.723372675633830925e-02
2.472767537551710023e-03
4.211420227919260989e-02
1.377903762132703502e-03
3.917946299157288453e-02
2.300572279254181396e+00
2.317282436846783145e-01
3.917170275931809997e-01
1.643721138831101936e+00
2.681552421474298509e+00
2.183165125818685784e-02
7.952608040975108622e-03
8.996584439198567233e-04
5.297658471686288889e-07
2.589570488498633971e-02
1.093711735888189907e+02
7.107692605753826776e+00
2.151006431440845912e+00
1.519572440648214950e+00
6.173115924378029806e-01
1.317286289814398215e+00
2.330372222630348877e-01
3.108890958813937733e+00
3.374348587567820079e+00
1.111922393601967984e+00
7.136591472345713782e+00
3.770524673616146405e+00
4.914917882121227599e+00
5.754166601419692384e-01
5.824577494239175923e-01
1.505864972755736331e-01
8.902777663301149954e-07
5.236565070285862517e-03
1.256323525581599299e+01
3.064574653674724036e+00
9.038285317728751433e-01
1.071816182988194033e+00
7.423214126149217940e-01
4.431613329086109276e-01
1.413893212064738780e-01
1.368174540024831964e+00
1.032051091809198518e+00
8.795921218040858580e-01
1.652468549587740254e+00
5.585814517689755565e-01
3.690132398292757632e+00
1.635000146873737181e+00
2.817004050099711221e-01
8.820362789517784963e-01
3.146978192595064560e-06
1.333292921919403042e-03
4.076724638713012383e-01
7.551196834672369018e-01
1.117662937399069412e+00
2.745563324394780236e-01
5.793673247506181401e-02
3.087504792268429554e-01
4.212780866121835777e-01
1.557492026698258925e-01
2.225818396104488894e-01
8.636230227974839302e-01
4.913516889999949844e-01
4.047070232751716068e-01
5.334759353117967118e-01
4.635275315854222450e-03
5.634771050011075935e-05
3.890657951256575736e-03
1.014657041828592049e-04
2.375424377088759462e-02
6.514573593345704960e-01
4.435453584437117902e-01
1.706636200862939434e+00
1.524553036312773502e+00
2.303039175393326865e-01
6.623340516590933147e-01
1.190201634752749760e+00
2.175643448391055002e-01
7.329133040817170652e-01
3.046510096524639888e+00
8.245993696790878680e-01
2.063459391234214735e+00
1.791949778948460859e+00
2.917257204691278607e-03
7.931367696350529036e-06
1.441119190797708290e-04
3.192020709676105834e-05
1.154078578932874301e-03
1.019005602896233820e-01
5.985713520065610860e-01
4.494319314795053311e-01
4.056169642931561348e-01
1.624796442655990214e+00
1.716742470367590645e+00
6.086129167832068365e-01
7.961305511935307111e-01
2.293677084136548583e+00
2.749195123127703422e+00
1.273603478213513052e+00
2.158829051395349641e+00
9.338795503322363523e-01
5.567816764789186579e-03
6.153908185324206102e-05
1.910216647710830562e-04
1.134048569160498494e-07
2.007689252614890055e-07
3.783958241352347314e-04
4.256768634297093401e-01
2.936728448357110999e-01
1.476846117654269201e-02
3.266902622266646544e-02
1.416866936791667253e-01
5.163254938230107394e-01
3.422668764750353976e+00
1.242134464979695485e+00
9.589910321533631210e-01
3.088781628074073637e+00
4.120805158402317758e+00
9.466031541827343854e-02
8.746126563902850964e-05
6.225212764984672681e-06
1.001524772069303429e-04
2.615121637603125776e-07
2.341269060893634508e-06
5.757889781256763685e-03
6.920543860012251525e-01
4.713358314732724041e-01
1.071994883574896723e-01
2.178350172721110062e-02
4.456411064529419014e-02
4.183435635697208554e-01
3.217809510498911951e+00
1.300268182368775616e+00
1.388097267622708353e+00
2.522130899117975833e+00
1.447427466523529827e+00
1.303302697089740898e-02
5.658890627546263541e-06
1.146861551474314894e-06
6.725541238430157156e-05
2.854314913289483367e-04
1.672173803813149437e-02
1.047574276673133076e+00
8.889202577286862139e-01
2.859051622620350508e-01
2.108007925960289963e+00
1.643218531009806638e+00
2.097715932021576357e+00
1.541329362363131228e+00
1.934779540833056810e+00
2.560493325857398084e+00
2.867849233717600033e+00
3.966940895908286802e+00
4.165111308441262761e-01
7.407625368543237524e-04
2.066774381070385031e-06
3.089364221680867671e-06
1.638135233365919561e-04
3.473239231389022019e-02
9.083569165376833565e-01
2.036080555198432673e+00
1.002494408713042517e+00
6.718287089138194612e-02
1.439438209099845600e-01
2.623755807737153667e-01
1.162844703337084340e+00
1.809264354565176980e+00
1.040853878022822698e+00
1.074607047845985042e+00
6.636152187022875681e-01
4.539274294804528154e+00
7.660013623958300544e-01
2.464391534892615464e-04
2.324626693031818263e-06
1.493312683222962400e-05
4.388027574872332211e-04
2.581780895360548736e-02
1.800588423160067508e+00
3.509713458794848417e+00
1.462219306286894893e+00
7.054763227643712220e-02
2.307742937191974153e-01
2.613704281734658408e-01
3.147796914850148897e-01
1.857829712529447841e+00
1.175223338253020833e+00
8.840736199087688707e-01
2.441088607192114512e-01
6.684361193831431791e-01
1.266769568065771456e-01
6.608867040815475280e-05
2.480114200883588805e-06
3.281817313461300669e-05
6.179276742252004040e-04
5.730171703173049351e-03
1.227923232192856817e+00
4.367676352819755969e+00
6.030613731082867801e-01
3.741189637577493204e-02
5.192844332191409729e-01
1.686063969400338092e+00
9.178083544756768797e-01
2.764885368732798110e+00
2.242383492472858730e+00
2.728563757911885546e+00
1.168142283377122115e-01
5.379089555080884127e-03
4.097625598892814603e-04
3.938331894992738625e-06
1.945903617412497176e-06
4.244986027347334755e-05
5.659498169767302432e-04
5.200603664834101657e-03
7.475306575175192370e-01
3.660199297289997933e+00
1.326137013763723393e+00
1.359098269188791785e-01
3.439633806373654235e-01
1.486394488428149474e+00
1.486147742527535176e-01
5.581247249433970124e-03
3.233292719902632756e-03
2.038014272650211234e-02
9.802371247893768708e-04
1.360691333592338100e-05
4.522785200702442538e-06
3.046409398733986408e-06
1.086341024338250232e-05
1.128998813008772373e-04
6.258762173703294549e-04
3.989364455845024506e-03
3.131947014980752009e+00
1.262000628018391879e+01
2.450393141891404003e+00
1.743129298187605203e+00
1.024960849805215179e+00
7.879890489553587063e-02
1.247589911066596200e-04
2.634682525954307320e-07
3.592870811643752492e-07
1.793150134748997307e-05
1.967222524985455957e-05
4.883413341249730427e-06
1.364228568421570538e-05
6.838094735807147219e-05
2.401873131800390812e-04
5.871227219029037008e-04
1.201403837291889010e-03
