1.171426234310370065e-05
7.097324701200777654e-06
2.744792355478694605e-06
1.405262146079602574e-05
1.260935895064531700e-02
9.603290574135465718e-01
1.512905756116418761e-02
4.868364526636503365e-05
1.637782862095055750e-05
6.298157764475456491e-05
1.237019409767529108e-04
9.468997077591556058e-05
5.928913097911894993e-05
4.560768876573016549e-05
4.265802036191290432e-05
4.393724320458742633e-05
4.892885756428540846e-05
6.098939068645047111e-05
3.677951608936073883e-06
2.655490746808171078e-05
1.265288165134968829e-05
4.744607249018879305e-06
5.383907434130595464e-04
9.091845717191467113e-03
8.652564249345794784e-05
8.680534464293317791e-07
8.027175889944010260e-07
4.907698965302232357e-06
1.848991102772663153e-05
3.119300266889965160e-05
3.417332450315862375e-05
3.270860164862081560e-05
3.060160349706603520e-05
2.979909557416196127e-05
3.273102111745702843e-05
4.321062668301863094e-05
4.063126959630470519e-06
3.262667009114891045e-03
9.369198740180701909e-03
4.608184486167582624e-04
3.974636068737878378e-03
1.686942973553187371e-03
1.516322809603891544e-06
2.389792656361473666e-08
2.836172095852816826e-08
1.555356063921652141e-07
1.055794288994027201e-06
4.984027813911942819e-06
1.547014248020967057e-05
2.757575940108542402e-05
2.872537841320992676e-05
2.541961307271248144e-05
2.707351270524982378e-05
3.807930106010518946e-05
5.918539871846456606e-06
4.650026732426240650e-02
8.510557703996025625e-01
1.511042057753897438e-01
9.026339010690963560e-01
2.201931716582528412e-02
8.461472330303215355e-06
4.879439306102867381e-07
5.846707982104584018e-07
1.848646578871488854e-06
3.940955575725446809e-06
3.854162522429131965e-06
8.694324241896727603e-06
2.637424563382155979e-05
3.437753324591534630e-05
2.666409787438845516e-05
2.509060834077210371e-05
3.535509414026871699e-05
9.316050734986223390e-07
1.491808894758193927e-04
3.176399287992859484e-03
3.433148318701752938e-02
9.147081481170229456e-01
5.359947450733022756e-02
2.762836112225576339e-03
8.209416622259348845e-03
1.443296268983594415e-02
3.093366257661963811e-02
4.282585472158612766e-03
4.299642624999295675e-05
9.455870055695965332e-06
2.945033984877994416e-05
5.034598153515804200e-05
3.426771451625555183e-05
2.521278019048962121e-05
3.117114894293360596e-05
2.428816175715294173e-08
1.935183204318244728e-08
9.539041015996515079e-07
7.352682636682112555e-04
1.484122520809927348e-02
1.483884359359280381e-03
1.252348018612800887e-02
8.798800097063799175e-01
1.048653562484278767e+00
8.578962344557914399e-01
2.380425417647437716e-02
3.386545929939136168e-05
4.078113030491258794e-06
2.213541268570818818e-05
6.472578004559235629e-05
4.836046688471059825e-05
2.972776597346158756e-05
3.039169578546530587e-05
1.095291559654926728e-08
1.974899100666804599e-08
1.579453276520294432e-05
1.791804077926698047e-02
3.559253256954738372e-03
4.183752369279712285e-06
3.216629106355994226e-05
3.642076776669236210e-02
1.522583761483498055e-01
1.583435916332784701e-02
8.289117951993780445e-05
2.877890524795249527e-07
1.905157226484661179e-07
4.064219204085517059e-06
3.476017701996880521e-05
5.150457410440090737e-05
3.880534036864620993e-05
3.655811638018593599e-05
2.969522075308857687e-07
1.737939703415837436e-04
1.244727849939299968e-01
8.329349245381375555e-01
4.240101594022821843e-03
1.022686716668015796e-07
7.135948595181946895e-08
2.535167013430945655e-03
7.187267574421034588e-01
1.119715073723459992e-01
1.127305768045368457e-04
8.705193217779301872e-08
2.732171477825798755e-08
5.114233044790732891e-07
7.272062561297808568e-06
2.803860265728357577e-05
4.302067771222693206e-05
4.889471535071117863e-05
1.462022253748216262e-06
2.127864870484974177e-02
7.193022870219003551e-01
2.206546755748769184e-01
6.281183662084019459e-02
2.279369877636111872e-05
2.314709791161096867e-06
1.283661558571778764e-02
1.257734633298769111e+00
8.271807018308953152e-01
1.129279955890500134e-02
2.176265572527178601e-05
3.448771375591600364e-06
4.461664037056354667e-06
3.796358794190054720e-06
9.054571112455441905e-06
3.302699247552406503e-05
6.456208662359849487e-05
7.094180198749232132e-06
1.579373245485293092e-02
1.411591421753950748e-01
2.155621196975771314e-01
2.435658361470769417e+00
2.235897844913425636e-01
7.851145018300190181e-02
7.721334880040613413e-01
4.164152779592752290e-02
6.309555111750296194e-03
7.667201537625520716e-03
7.572758427486115697e-03
4.196011129808665391e-02
2.578344563909983154e-03
7.044226971542807450e-06
2.014785983308387588e-06
1.725190834556125847e-05
7.923284259600085516e-05
3.560617798879462878e-03
1.560426152841221104e-01
5.277192342726303442e-01
1.026347890782645988e+00
4.778961342059934725e-01
6.759520619396570673e-01
1.059267966975815156e+00
2.653379038916275218e-02
1.898963590070725232e-04
8.171003836008268505e-04
9.335060931707909668e-03
2.611456183643300413e-02
8.210630860755473437e-01
2.302109681895272639e-02
2.888837636063948790e-06
3.160612731152252780e-07
8.011227963207808052e-06
8.860121420987958514e-05
3.171749532655508685e-02
1.450452552847005583e+00
6.252171758608612961e+00
4.015867033362602534e+00
3.139011359959262837e-01
9.977127679219627288e-01
4.057213007740048671e-02
3.055214052511291249e-06
1.622949192406849504e-06
3.655254338410859893e-02
9.554803041491876092e-01
2.778261151532204418e-02
1.632194421765188197e-01
1.209063333289815689e-02
1.800345809755945554e-06
1.849199938764935128e-07
6.603198180390839117e-06
9.454594998854217412e-05
1.849053058833277901e-03
2.539740239476550254e+00
9.974053025868643374e+01
2.310568988669638912e+01
1.561810979634067786e+00
1.941261411688594229e+00
2.475251846333048275e-03
2.255879613318999662e-08
4.689650316286441473e-08
9.146704982625791791e-03
1.775826069642113314e+00
2.207704716369250642e-01
7.119890536457932351e-01
2.750565247971298657e-02
6.507803692578749687e-06
6.617931325822092919e-07
1.166473863616495656e-05
9.626631470427096009e-05
2.603751953692055518e-03
6.378860786520588189e-01
1.482980287879028225e+01
1.017332155925615567e+01
4.085724524744230868e-01
9.865174594561858940e-03
9.909055167069108806e-06
3.027295455836109405e-09
3.307142490654913989e-09
4.197645563922260624e-05
2.472651345391782551e-01
1.877314522547116171e+00
1.258509734137037706e-01
1.841214120312875961e-04
9.033380280864922096e-07
1.488351031652448665e-06
2.314365024058986266e-05
9.067976949324305417e-05
2.734017979806824261e-03
9.026020289947310482e-02
7.870213303684208128e-01
3.275372230810371210e+00
8.318134442646180071e-01
2.247272462954461470e-03
9.346440717871656189e-07
7.303654398738957634e-09
4.365561671186749328e-08
1.736847396402313719e-04
8.061944197175016091e-01
9.916854293035475276e-01
2.502118337702577172e-04
1.166908524268910280e-07
7.084959670637805019e-08
2.897828537032277556e-06
4.073956902588410774e-05
8.022698927409501607e-05
6.633590565124089858e-05
2.922592783912683970e-02
9.100468404479487017e-01
1.050044754482056586e+00
9.659211367178488494e-01
1.471055701098233914e-02
7.063192577237392052e-06
5.110071972842685098e-07
7.767687745362292348e-05
3.951785378456639658e-02
1.057977144961220611e-01
9.018714369090029531e-04
1.019587793805242063e-06
4.928431599474478387e-08
5.203870799407302050e-07
1.584893420336790079e-05
6.103138401606148894e-05
6.269566208022199526e-05
1.924158095082090480e-06
6.125771439013667340e-04
1.217067316605761548e-02
2.356611129484675795e-03
2.260959813230673660e-03
5.910184391361474878e-04
5.930659959798710504e-06
8.804034868069409022e-06
1.735816070610818329e-02
8.980457067031470952e-01
2.424220009265349272e-03
1.378453807614898120e-06
1.756746991239865749e-07
1.137612404531892876e-06
1.549366878000627083e-05
6.101217796215357677e-05
5.833471825273449065e-05
4.312023654994316739e-05
6.409255895397220314e-07
4.597832162687342500e-06
9.127765154575181639e-06
2.664860424418911265e-06
1.533373948641365587e-05
7.388098975498352838e-05
5.532019948678273151e-06
4.016360566566098894e-06
1.165846781452654218e-03
2.726374625319645875e-02
2.232173351176820590e-04
1.240809396757461368e-06
1.412783288007701427e-06
1.576073026797040788e-05
6.333677493953107488e-05
6.524191309525486390e-05
3.891243004647193315e-05
3.201240851254814115e-05
1.535472988832184047e-06
5.142250307660038705e-06
7.372358153524183009e-06
4.767951915769675209e-06
2.377572275949311901e-04
1.293417476317275210e-02
4.096367057326509272e-04
2.020539837484584959e-06
2.325871581802480045e-06
1.992305331574524674e-05
1.434709829701506564e-05
6.645224484114746504e-06
1.494135230424542313e-05
4.292939292815058967e-05
5.241796148804640332e-05
3.654633246312652634e-05
2.655771905149386386e-05
3.012554799793287652e-05
9.211017232263859472e-06
8.616344106023688483e-04
1.023746342551005994e-02
1.885868545429066241e-03
1.718474766745420323e-02
9.367463192652879522e-01
1.681700431079108729e-02
6.995219572859457878e-06
3.994526794975922814e-07
1.294950224941528317e-06
6.110717140796880678e-06
1.828547345316943267e-05
3.602791140755475218e-05
4.011684291173447042e-05
3.012733736809302071e-05
2.288368980148516578e-05
2.322779587444517410e-05
3.411942932329505756e-05
2.172627871325542195e-05
1.968555818579816041e-02
9.340607202563229183e-01
1.940724162951472723e-02
2.082487976374489558e-03
1.244809340530072563e-02
1.445746663887744182e-03
1.241260323132197918e-05
2.452719857611357643e-06
6.328896655049881687e-06
1.940155023157043293e-05
3.588622024056061991e-05
3.923440703729874087e-05
3.003702964784956835e-05
2.214971964713388086e-05
2.032189612668667766e-05
2.527212443858115160e-05
4.040082840346628670e-05
9.594536920440674280e-06
9.703070428201619182e-04
1.411060936866414227e-02
3.282346653424433598e-04
8.821507209789877227e-06
1.302808745198003930e-05
1.722990781345465198e-05
9.171858663637814845e-06
1.276878262560575944e-05
2.863127939061732840e-05
4.208484389876869470e-05
4.170624875420067925e-05
3.352817700321825665e-05
2.507247169541382091e-05
2.064084181857416773e-05
2.121985713430723372e-05
2.779168761875434722e-05
4.373083361215519187e-05
5.622606573283203119e-06
1.558126659748598183e-05
3.233968372544232810e-05
6.011433278703975398e-06
1.251581370787823208e-06
2.043014670391118550e-06
6.023809354216610550e-06
1.331657914481993494e-05
2.580274701294552780e-05
3.718558485729132407e-05
3.771860451000904002e-05
3.284433447270639376e-05
2.774486100869107905e-05
2.373903247434768152e-05
2.173132981015351130e-05
2.263583275738855551e-05
2.796330871402814315e-05
4.186433641241153638e-05
1.412012486106368332e-05
8.872616789570238034e-06
8.213207446587073132e-06
6.847222725157178415e-06
7.247570961037474305e-06
1.232897834013691507e-05
2.186781918757881691e-05
3.060028842188058153e-05
3.390170128337108838e-05
3.227602393178460779e-05
2.969536818765648633e-05
2.802468043070969239e-05
2.742361248431935035e-05
2.785172266990768183e-05
2.857362562072665059e-05
2.932739556166470411e-05
3.246114544712857045e-05
4.419450789419176166e-05
5.056226983113736831e-05
3.634656677053079045e-05
3.533184767528240892e-05
4.312383999248143549e-05
5.762755014110970578e-05
7.056020958883179272e-05
7.014558673050424261e-05
5.873847016493756711e-05
4.622632513580965434e-05
3.855336057851132582e-05
3.575267340383796047e-05
3.549438990156456258e-05
3.765488726570752912e-05
4.296359557087996855e-05
4.870595127643739840e-05
5.086006349648129093e-05
5.230047465595613181e-05
6.286636901791357477e-05
