5.543813179737688140e-02
1.879807493985804712e+00
6.269101789513536360e+00
3.586077273340560811e+00
3.416604401194856533e-01
8.039516861281503779e-01
1.110132740306024823e+00
9.790874317451756514e-01
3.565740828837226511e-02
1.670653911151773210e-05
6.269217205894557944e-06
7.685501446413156405e-03
1.058359029166799914e-02
8.272961449154660223e-06
3.767912336649749682e-07
2.968068871951879806e-06
6.762009099565603081e-05
7.080665167813703347e-04
9.891431689666254634e-01
6.961277402054829366e+00
4.929747366856662261e+00
4.214692006745670128e+00
3.030486516264637498e+00
2.728147986523813628e+00
3.067172354985643334e-01
6.630701210154168468e-01
5.086200341950529946e+00
8.675773185609267912e-01
2.793676805228456628e-01
7.772862475671834526e-01
1.228469319657901973e-02
3.179644840262351558e-05
3.829055096746299616e-06
3.131804338205107425e-06
1.708336583507709148e-05
2.896789268905802664e-04
1.960577887341111419e-03
9.522480438869189087e-03
9.604777339230613498e-02
6.548545899766752276e-01
1.214365314151577419e-01
1.025123712314536962e-03
5.868065637965412784e-05
3.843959876679358539e-03
1.398126271484614325e+00
4.727526242235561504e+00
3.804075342788245440e+00
2.156311379623146784e+00
7.767680097748895507e-02
4.560663971183824550e-02
1.769330692859211532e-02
1.163792015528506405e-04
2.001817872365490474e-05
2.439443075327164497e-04
9.055178012417625783e-06
1.473334380597515281e-03
6.469746603945913943e-02
1.339751653292719502e-01
2.907656435996000197e-02
5.202428883756992544e-04
3.195983846921344692e-04
2.852988643014694667e-02
5.893583212438432417e-01
1.810991154811105452e-01
4.671845847281884678e-01
4.642830556734923064e+00
1.139141097338727038e+00
6.317761670949992858e-01
2.508497184810317901e-02
3.172711836334300142e-05
7.915296333147279955e-06
2.388461626459085379e-04
5.207407525801396913e-06
5.187006148333444394e-02
1.689363553707138532e+00
2.652318576931524952e-01
6.104719659550429389e-01
1.253181073866375339e+00
8.301728076468586348e-01
1.229903700734929356e-01
6.064444220794550089e-02
1.212096807867973219e-01
4.710712757411903429e-01
3.093188326314008751e+00
6.063933475789614391e+00
4.408050011743347429e-01
1.278192059552015869e-04
1.359246976991946031e-07
5.335785931933085049e-07
1.058794748091940446e-04
1.212545505263840005e-06
6.653643528979472956e-03
7.474727331758711235e-02
1.636882319510730250e-03
2.887876860122333758e-03
1.165085720458851892e-01
7.978873217719950617e-01
1.077758503868384288e-01
8.228530633694734753e-02
7.080870904546681111e-01
4.899170636276344304e-01
1.487258749574891514e-01
3.755774936669936004e+00
3.522795202882759824e+00
1.517703463942010481e-04
2.545874126633793307e-08
6.641915722669526029e-08
1.881772668282071507e-05
2.957426216458883135e-06
5.329141319612856927e-03
3.535935613260251381e-02
9.311634968819970974e-05
2.323583548673537000e-06
5.098612620182951726e-06
4.318969139013746346e-04
1.048162238779410255e-01
6.673307080789909751e-01
4.489185658288873948e-01
4.012031789330990916e-01
2.395001067800313008e-02
6.668285406434057427e-02
1.550478717661984307e+00
1.163529859004695279e-02
6.195009104392044087e-06
7.922430939498196034e-07
1.024200184634717813e-05
2.027616450345417020e-05
2.325903884900048027e-02
8.146942939319274934e-01
2.019062769177599331e-02
2.929486062410009369e-04
8.681964582280265951e-06
6.833539290386514577e-06
8.597620337724846181e-04
4.937367646382019755e-03
5.978207050738986068e-03
1.915272017171845420e-01
5.440674145530529499e-02
1.455418577577324325e-02
5.027254954939842646e-01
1.905711827637850186e+00
7.785837184646728082e-02
7.403487168778047790e-04
4.584054746903196305e-05
5.004382292774941157e-07
4.249309929185199726e-05
8.077013751882526627e-02
1.246431248625069932e+00
7.563703564812634950e-01
1.381887238980408217e-01
1.224913592528733977e-03
2.003102089910015386e-05
2.362014452943336437e-05
6.759709083371382744e-03
1.906892080170963899e+00
9.065782534367687884e-01
1.120465348974845204e-01
1.547816342049296023e-01
1.270527810878406827e+00
7.804138168335171821e-01
1.444362029625832246e-02
1.560733769532423915e-04
2.283897592811293418e-09
4.583624749951822232e-08
6.452387957516810164e-03
1.594142826563125448e+00
3.263594893981586198e-01
7.458436224427512640e-01
2.220732868694460030e-02
3.666725753382925501e-06
2.857772479610983280e-06
3.208316579129114748e-02
1.851690946935376392e+00
3.362114131830520880e-01
5.541003375102357964e-01
1.299820771750868520e+00
1.710994888960099436e+00
1.674917139201005101e-01
3.427468657781988781e-02
2.522595917551143877e-03
1.248485696855405250e-09
1.537793008368069499e-07
2.846320533054096796e-02
1.236428954489420251e+00
5.447997635998489546e-02
3.130581747351442873e-02
1.341581256462119013e-03
2.761555872697260550e-06
9.283996628709322770e-06
2.268437274974209952e-02
1.391599716972750055e-02
8.207854210232916792e-05
4.772919222618417874e-04
8.694677016975900508e-02
1.524926981092500355e+00
3.954921694542087307e-01
7.240732193362583446e-01
5.800954839903660343e-02
8.741287827388733334e-08
5.449816107993256603e-04
1.107022180693186808e+00
5.386454462497974882e-01
9.153395094755522043e-01
1.083458028415740237e+00
2.546196993705222497e-02
5.302373689255119107e-03
3.908565477278915651e-02
9.443703870994055727e-01
7.653805773308120300e-03
4.484932010299638228e-07
7.861350382127698029e-08
1.340135141398949301e-04
6.162632899665975161e-01
1.672559758859940793e+00
8.406075475895845306e-02
3.968383073332779109e-04
5.336077187227550082e-07
5.877039555280840627e-02
3.262749981242376407e+01
8.900501687645059334e-01
1.953261781928798513e+00
2.700706560343602014e+00
1.630180449144888744e-01
7.526222725313117534e-01
2.140844172232486020e+00
9.254547857148661683e-01
1.057281383661180622e-02
1.593599224972481088e-05
2.194037444970032683e-06
5.556427788557187063e-04
6.244133200246442250e+00
4.289612090926946841e+00
2.064856524432744957e-04
1.335971045804676373e-07
5.323316266963753643e-09
4.883361484925025363e-05
2.173125368466600538e+00
4.270516991858139377e+00
9.438608936453058984e-01
3.631234986678005261e-01
1.929025622427032668e-02
8.972253914927135268e-03
9.703681094418128289e-03
3.744928388101677330e-03
1.175946064069797190e-03
9.464953969119128604e-03
2.788432822115808479e-02
2.062782622559597434e-02
4.731890926409571208e+00
1.775746792613190461e+00
1.499400920291243666e-05
2.049631793577567808e-08
6.950646652978118779e-10
3.106880296127365221e-08
4.210370376534683379e-03
4.335697114191690571e-01
1.663090603218650154e-01
5.634558235691886630e-01
2.933946191775076498e-02
5.003558865030905160e-04
4.551746045610796133e-03
2.455218804621827483e-02
3.159099922492604288e-03
6.592455959475038152e-02
7.547685717220434798e-01
1.339378145138936937e-01
2.278793579570093097e+00
1.248015288630880126e-01
1.127853673999068811e-06
1.205901426903566530e-08
1.468830210453979509e-07
6.903261443000974766e-07
6.349408196662141395e-03
5.787212155157723803e-01
1.927648636624958167e-01
8.820231793221491867e-02
8.844302814004324298e-04
9.012792878426901686e-05
3.347048573844925434e-02
8.642001386284989817e-01
2.656959376498710390e-02
6.517026436884094422e-03
1.836106924447755348e-02
1.625492627812375468e-01
3.419973145685665461e+00
3.870112177378639412e-02
1.873118577836596714e-06
5.407452260574548685e-08
1.808159892588659281e-05
2.536765184957621487e-05
4.481657658743425261e-03
1.902210335757953397e-01
6.965668096144870258e-01
1.378906303964493874e-01
7.001620326672502483e-04
4.821959658602772698e-04
5.859121226734930431e-03
8.479758353382441799e-03
4.136857010375501187e-02
5.000746205394844546e-02
3.188111607959809995e-02
8.192073965813605474e-01
5.580180064967268372e+00
9.891200878475921998e-01
1.597736792023443306e-02
1.366721150597354027e-04
4.438628005591276429e-05
1.194709103409590477e-04
1.035326177999218097e-02
7.454765831164862633e-02
2.858326071585753358e-01
6.549646503321062685e-01
1.701168795306236270e-01
8.741036825253678533e-01
6.789071737087679081e-02
1.605128533180780062e-03
1.064068402788809070e-01
5.333956186388529863e-01
3.220065776235337962e-01
1.842558737337577801e+00
6.412249398917038157e-01
8.306114699498788889e-01
9.865863672675002638e-01
8.795905360996208316e-03
3.411131461848391345e-05
1.193754465162997743e-03
9.540772371233752214e-01
6.780770592716240941e-01
3.190844966112744985e-02
2.790334748092902772e-02
3.252355721948652773e-02
9.961891391102476456e-01
8.749151895975793014e-01
1.293003197797648052e-01
8.681259875056044351e-01
3.831236618205776101e-01
9.904496693829977216e-01
4.798544541326442925e+00
7.129778497814013294e-01
1.038322035248352010e-01
4.480972124320365367e-03
1.035092716241112795e-04
4.756729366313138311e-05
3.894709187104130905e-03
1.217043797666647498e+00
1.235916565016091928e-01
1.472084524091386848e-02
8.858683253108061428e-02
6.475571680094709126e-03
5.603382536239048459e-03
2.319566960066268141e-02
5.142269472209366754e-02
6.352053917327955546e-01
1.268113717020204811e+00
6.383616872156034461e+00
4.682044732531209341e+00
8.480926362087538584e-01
2.320259267388083760e-02
2.354366576621093080e-05
1.527023863410627817e-06
5.674847534980276442e-06
6.133494098378816347e-04
6.119524391197190827e-01
1.077187416481010795e-01
4.207520162775770650e-02
1.616155889930508183e+00
5.950425915232726570e-02
1.697362840342071105e-02
4.517551503145554592e-02
1.458571694825747458e-02
2.884537292957124466e-01
3.903243629000052728e+00
5.247195148300462186e+00
7.025305520292681738e-01
5.243958300714007814e-02
8.975811655434919436e-04
4.424206522297525060e-06
2.852110027502575808e-06
5.438294361569764459e-08
1.005973505205564848e-05
4.376687777687074954e-01
7.154434195067903568e-01
5.047014184416317301e-02
3.551190716909567446e-01
2.310560793748858352e-02
3.330185589121163053e-02
5.555505436732471880e-01
3.797231287870568295e-01
4.452081378838435910e+00
9.191697781309851933e+00
9.099981757978470309e-01
6.126570715438764414e-02
1.675680315781384036e-03
3.962383635866866471e-05
7.154565935813321737e-06
3.698007433981075748e-05
7.674475954548245758e-08
8.436247139397309413e-05
1.780143429627381702e+00
1.936132898915111422e+00
3.640241403727069724e-01
1.387314924941253080e+00
7.243397203436324761e-02
3.299339443394858767e-02
3.622585342058439184e-01
1.749782001007161636e+00
5.365409136927027589e+00
8.697656735452696797e-01
2.413326021361404325e-02
7.075948037385273136e-04
2.747947427706346293e-05
7.349832785207442758e-06
2.331878471436303458e-05
2.239361316191613353e-04
1.287786003708485170e-06
7.835007960571880453e-03
5.057994411102005650e+00
1.135800906049454939e+00
7.513620460922326716e-01
1.254028000559903600e+00
1.199723535181613565e+00
4.703008986584507944e+00
5.990989794810819724e+00
5.936738119904041433e+00
9.387911275812543810e-01
1.635453131191702894e-02
5.633918566919091445e-04
3.365402888083075778e-05
6.967245800802209750e-06
1.415852963198387500e-05
9.098583570031519368e-05
5.078391044427695922e-04
5.590000092564554835e-06
4.693628244475900324e-02
9.862598696583482649e+00
3.121149328476493956e+00
1.882391874700489076e+00
1.107451902711787506e+00
3.797073385899738973e+00
2.140706727675449006e+00
2.689636096813735958e-02
1.291688466979537195e-02
1.277005285086560069e-02
1.062962301215624687e-03
1.531458883085391515e-04
5.758401814987671222e-05
5.358278550281439403e-05
1.304859044181993848e-04
3.759471187014381752e-04
9.259895210752148781e-04
