7.537242345158680357e-02
1.861191079264778114e+00
6.260873248224625875e+00
2.659507485424046802e+00
3.899938824026525364e-01
7.294265181493113648e-01
1.121758992662198251e+00
1.089427248044421564e-02
1.461555994715891181e-05
1.870604083736415920e-07
2.769796680750195519e-09
6.931120913305249810e-10
6.916646616653429583e-08
1.964497833448553064e-05
3.105626994765849557e-04
4.558826289268942981e-04
3.293917169320243312e-04
3.991519078947142565e-04
9.266443756642143148e-01
3.085325689038331376e+00
6.760624030023860698e+00
4.272678874216468969e+00
6.586187382644578259e-01
1.754941020786597583e-01
9.728657661116448807e-01
7.983000129093009711e-01
1.184291393286764082e-01
2.138453777064948033e-02
7.463438846841089393e-06
3.192266796170441616e-09
6.080310726716020808e-09
4.391260559650934303e-07
1.423726515219028664e-05
9.335327699863991231e-05
1.738362241423696162e-04
2.978072199629824292e-04
2.419583947487739198e-03
1.479086472495733280e-02
8.425498561951066945e-02
1.294503001386295392e-02
1.617578588244670580e-03
2.928092182033331745e-03
1.003937000724515888e-01
6.427361897932945545e-02
6.286201107529691690e-02
2.628375418440386024e+00
1.959980141196465131e-01
3.878738865334685482e-04
4.280241459027129462e-06
2.236811688216346414e-07
4.607097444556052301e-07
1.051571248786716189e-05
1.039933033822192137e-04
3.553606061463169359e-04
6.254203308035169700e-04
1.251067680314387198e-01
7.954367520618206289e-01
4.950571292690487263e-02
2.947733440979651010e-02
1.303494136394163505e-01
6.831321668807556202e-01
6.260624110812815224e-02
1.970112966088257214e-02
3.795639970003499286e-01
1.763552394533257850e+00
1.939822996001486333e+00
3.471911201064592500e-02
1.341414793667176686e-05
2.757548884258090880e-07
2.020635327754042398e-06
5.521522983294718795e-05
4.476978131031769583e-04
1.324083750566504118e-03
8.667042571972315423e-01
1.034943480702001484e+00
1.294052681310749187e-01
7.078648697564011716e-01
1.185575382648214326e-01
1.670057870871874753e-02
1.006540741741074885e-01
7.832152071294011808e-01
7.102538150398652883e-01
3.809159483087573017e-01
8.808704486187615146e-01
1.026871947290852738e+00
1.240128804232390296e-02
1.275796119862092230e-05
1.103326260240984109e-06
1.441936916111007427e-05
3.393132028265185424e-04
1.435453212723842678e-05
3.828513006845928740e-02
1.019956587137322845e-01
8.133833678744295179e-03
2.889352760697444511e-02
9.283695231747144489e-04
2.118972861513360596e-04
1.108074204965945331e-01
1.088722490727116687e+00
2.145893465664385213e-01
5.320214432469004828e-01
3.575575421195233972e-01
8.011437003104053822e-01
1.037637686985782404e+00
3.655414003401753330e-04
1.858904346243193633e-07
6.388687786825862289e-07
8.077862372148744057e-05
5.085793529330400664e-06
1.774341266119735805e-01
1.599201193355174411e+00
5.243870986797469907e-02
1.184870856118662164e-01
3.980439636660439325e-03
1.311576749716715420e-03
6.250767291713508200e-01
9.842041015729410258e-01
1.522533864481183941e-01
3.112831403817622355e+00
7.972242848336262844e-01
1.997204169700482201e-01
1.891358153956613108e+00
2.188049679051230247e-03
7.233662638406240791e-08
4.112621547561748958e-08
1.145283474522824319e-05
2.713230007282288285e-05
7.366572952179273326e-01
2.412399289689487691e+00
1.357196937416194349e-01
5.537091918899790244e-01
2.523337246336651227e-02
1.326333402481748303e-02
6.030531935108566222e-01
7.711977495172556152e-01
8.685414939422382297e-01
9.721797460482858311e-01
7.513467154795216811e-03
2.415580709344638654e-03
9.748531522846179964e-01
1.490130467852829044e-01
9.674022897642419843e-06
2.142337379433892283e-07
5.480619763562240457e-06
8.086124540398928169e-05
3.178037383320614917e-01
4.068807231678882030e-01
6.718693134069086970e-02
3.891238392390907741e-01
1.605870037091926272e-01
8.016677935205507310e-01
5.364376074261852922e-01
1.010334335194608968e-01
1.188769971355409849e+00
3.719461232031580356e-02
4.175773962077797536e-06
1.361837440840568288e-06
6.504709382649117265e-03
6.984087630345706676e-01
9.342574466089929863e-03
4.091347132029959455e-05
1.725862978232060966e-05
2.329775651900977719e-03
8.238094194945451143e-01
4.965929363163371635e-01
1.289247977849405091e-01
1.048250788539222045e+00
2.405501531933714521e+00
2.915192428768798916e+00
2.514979795364112869e-01
3.529135086376222752e-01
3.560937675628784493e+00
3.305179149408694200e-02
1.632490998196238006e-05
8.401760561849976967e-07
1.333862917853080869e-04
4.328209740309592046e-01
2.014271974513306862e+00
8.519264531318732417e-03
9.737669610563173871e-05
2.227779505601366916e-04
3.022521467378817134e-02
2.803059316348586183e-01
2.904505378937558002e-01
8.308344355191881192e-01
5.373751811160361047e-01
2.198294045406282496e-02
1.845664388859012336e-02
1.488664422965880085e+00
2.837140867803676914e-01
2.214514719509523902e-02
5.373926359506845524e-02
1.974617409458879255e-03
1.452496277800432566e-03
4.863417809716046314e-01
1.890119513472034773e+00
4.171770715440059618e-03
2.143255638261612410e-05
5.191050580797960125e-06
2.436288396042357932e-02
3.208245196227177853e+00
8.865629756382418236e-01
7.107606996141302425e-01
2.848209266485508540e-01
4.111638908665489998e-03
8.444139394787445602e-03
1.236116756062567212e+00
8.022782813395912260e-02
3.709417147487618222e-02
6.799483623957938150e-01
3.595021117583292042e-02
2.769201629163541012e-02
5.606545853815912972e-01
1.415910874501949690e-01
2.163327510681005504e-04
1.229118532129025888e-06
1.544484568732657032e-05
1.014578906788488277e+00
7.335799929373011707e+01
1.780137268394749839e+00
7.760367059984123461e-01
2.002656887642830341e+00
6.899732323164902148e-01
5.581452795596564265e-01
4.311795297670031779e+00
2.168587429294385860e+00
7.594468922067849626e-01
3.866351562056244973e-01
1.182577416519536712e-01
8.781010767703509856e-01
3.399857508217456026e+00
1.909162299492565884e+00
8.360763811183323860e-03
3.411001691955688564e-06
6.708517678977005095e-05
9.157508639686112728e-02
3.227119354536077900e+00
1.786445940705010837e+00
1.704487083767135980e+00
2.440980693462859286e+00
2.019153588771231522e+00
1.280977801147213935e+00
9.318417500192467395e-01
5.765706201805337328e-01
3.829770332193463411e-01
4.921174364718282623e-01
1.143571427542491525e+00
1.758377995428967111e+00
8.787166279853786399e-01
2.829602999341004566e+00
4.970294732112931491e-02
6.822473227002201311e-06
1.845259655448107730e-02
8.051290242581683465e-01
5.094419338330558045e-01
2.139156265084209418e-01
1.932947856370544670e+00
3.236258567323326396e+00
3.052482136579950378e-01
4.558986819404761137e-01
4.639729287476448971e-01
9.297937276643467031e-02
8.240486414849987340e-02
3.998556911555663923e-02
9.747464025465467363e-03
6.309344211306759653e-02
1.515359246077711886e+00
1.037694577828677911e+00
9.231747661338785818e-04
7.173098105819140778e-07
2.804633085809226430e-03
7.524536093879634346e-02
1.317587828453887500e-01
2.051783273870212143e-01
1.232483800661057227e+00
2.297500131798373146e-01
3.110179326121774446e-02
5.602237032894988866e-01
2.157074726879035231e-01
2.604868019548247857e-02
7.389468959620831834e-01
2.419792795554303044e-01
1.410064925758836441e-04
1.923374611684576139e-04
1.365301114979905750e-01
1.907395224795041533e-02
2.689407659573349373e-06
8.886203662177483511e-08
6.069360889961018299e-08
5.220311796654494769e-07
1.539682454586637763e-03
1.744676170915882896e+00
4.970844236925969772e-01
4.502871168576142499e-04
1.676638095808939113e-04
7.756538333369966676e-02
2.074663281707614382e-01
3.767986735224343464e-02
1.080327242552450162e+00
1.681522214079363309e+00
1.040739367134989888e-03
1.216074377058289009e-04
2.313415004961258056e-02
1.864701305251100514e-03
5.701469308276310628e-07
1.983984820226976795e-07
3.270519704622510981e-09
3.029395455614553445e-09
1.067326514527605654e-05
8.285949659167433923e-02
7.450570516922494502e-01
1.460158840555816039e-02
6.486218882204806144e-04
1.494634663657698308e-02
1.693034610581579891e+00
3.710444112016473284e+00
3.974942627289472785e-01
4.655888543313650707e-02
2.004950933483208228e-02
1.170883305503675476e-01
1.827492436972902201e+00
2.415180299624149207e-02
9.257994356058702333e-06
2.730897911602760631e-06
2.116961472907644896e-07
9.894765535705264332e-08
1.839359814848271562e-06
2.179160353702700728e-04
1.069359420122441423e-01
8.657594626359030876e-01
1.207983702246790379e-02
4.574481399580991592e-03
2.962966009034745940e-01
3.288608844826396371e+00
4.540759289883913863e-01
8.039865992246114645e-02
1.045055621114202804e+00
1.851899997459834246e+00
7.478057157726397675e-02
4.269418206096283895e-04
4.877649816971495094e-06
8.171705129442047346e-06
1.116742811129438378e-05
1.543799096973109497e-04
1.850957166231279472e-03
5.647160513837911483e-03
9.587303757827375650e-02
6.518905819318307482e-02
2.579595301337720033e-03
3.996090748124809383e-02
6.595593924360437788e-01
7.122852965619534682e-02
3.908644808017786715e-02
4.218075515210944482e-01
3.460751693126283168e+00
3.264310087595357901e-01
4.277925291042436809e-03
8.241470139594002679e-05
4.577869338730824458e-06
1.284965917978990505e-05
5.401854199118141071e-05
2.005139020282829462e-02
9.902764617255420676e-01
9.046551560048192719e-01
8.024711159555258932e-01
9.665133902898201748e-03
8.514121592706908872e-05
4.925252672479562242e-03
6.834391916808280065e-02
1.556266027191175036e-03
4.987088403204335135e-03
5.898459699546899637e-01
1.514899085293278880e+00
7.900735263326404967e-01
8.866654901025943225e-01
2.382974235500420410e-02
8.903196723241115699e-05
3.268281394770867495e-05
1.635132034343512786e-05
9.945029513344104399e-03
8.703544717869037273e-01
3.648306964205694225e-01
4.791009769961920156e-02
3.060725114583608044e-04
9.545436170233053319e-07
4.788803374711782495e-06
3.622994163934786251e-04
2.376691884411393733e-03
9.078585766223666587e-02
2.137844177393616540e+00
7.402671104414344505e-01
1.076732831759181497e-01
3.732447172497177501e-02
1.413570035695983773e-03
3.514161591106986811e-05
3.906932619106934858e-05
5.740653075644447311e-06
2.964779253382146713e-03
1.114945304419226568e+00
6.288396545593197828e-01
4.168966584452288293e-03
3.851411976781928974e-05
2.536347185873553261e-06
4.721960152176457099e-05
3.151341882672784034e-02
9.831605066728974496e-01
8.344289091090307808e-01
8.251655199635742066e-02
3.324921526371912850e-03
4.424804409186615861e-05
9.349657849323333140e-07
4.064701689374768887e-07
2.470076954359848304e-06
4.623144525671378101e-05
1.250734681706665275e-04
2.246252318108364621e-02
9.096425257771583173e-01
2.373488613281110049e-01
1.943866328084133902e-03
7.747250795141691002e-04
2.631916622034665299e-03
3.563497914375814840e-02
8.655483217633347381e-01
1.147115848727248699e-01
6.754291390790332977e-04
1.627544064209089246e-05
3.621396618218372693e-06
5.832503982654460960e-07
9.142527793877979611e-08
3.184623426598046585e-07
8.871716515616492595e-06
1.592039954655353746e-04
3.662075402708987043e-02
2.880929644083175312e+00
7.190330120910235934e+00
1.732741683648980846e+00
1.634625590441238230e-01
8.966258063371846943e-01
1.004598244667771478e+00
3.209403677583187037e-02
1.134942080533192206e-03
4.937931162457640830e-06
7.942766131599437871e-08
1.156726185292778778e-07
1.304964612802668493e-06
6.743176809390677986e-06
1.342934401513853775e-05
4.548705834231464237e-05
2.201045783165162222e-04
7.261316449454373106e-04
