1.984482622904065654e-03
2.002136260410276591e+00
8.023753296613900687e+00
3.920787477459277248e+00
1.028838640135843807e+00
3.108559828707567734e-03
4.712445444272222311e-03
9.192979592577935621e-01
6.676757055150837894e-02
1.632726326365082473e-06
1.324769870572510113e-09
7.938434517277687941e-09
1.442674880569720191e-07
6.949208206527503120e-07
1.540046663579679412e-05
2.557907794232491838e-04
7.135043968465839192e-04
1.320335989252469826e-03
7.082308052556588254e-04
3.991451805248485751e+00
1.927832094518695971e+00
2.280350607878018077e-01
8.351261687346270834e-01
5.839271701881263571e-02
7.470938566824092408e-02
1.123028174290235492e+00
5.754656781714403202e+00
1.174424652404847613e+00
6.126419248127039016e-03
8.362269777661293191e-05
1.017765330389673657e-07
8.364080894256852755e-10
2.837795667850411251e-08
8.396889491806305185e-06
1.550709353012691774e-04
6.781255792580249183e-04
1.511446791448631298e-03
5.168558680210121992e+00
6.605051743866710900e+00
1.475578023177713582e+00
1.418610913227406289e+00
6.065542912993986402e-01
1.245770914550367481e+00
2.783698854335595607e-01
1.909378081993629850e-01
3.596059865125012855e+00
7.005881246354568326e+00
1.022676594210498502e+00
1.647132687486144609e-04
2.794815733926232832e-08
4.898602031598833341e-08
3.182035672234300749e-06
6.142243990099156500e-05
5.373249513065351136e-04
1.067903276744162043e-02
3.736431231497696626e+00
9.597803340808674477e+00
3.344825714099036063e+00
4.858718282341634165e-01
6.959108030341089046e-01
1.649533585911167721e+00
6.153797439390510382e-01
1.034082440668843000e-01
1.412141900823688234e-01
5.477169966090124076e-01
6.362833173001732234e+00
1.332767891853372078e+00
7.424577326097905536e-03
2.397463833040300817e-04
3.688976635441337169e-05
5.231622296310444614e-05
4.754426154910351655e-04
3.841971714445591851e-02
3.111194487524806540e+00
3.691407005960940957e+00
1.135638849780099324e+00
3.900959152554113185e-01
2.290382310618105599e+00
2.054322751559584326e+00
5.042708351181016901e+00
3.883518353137719092e+00
1.946668061439076114e+00
1.180532478926526130e+00
3.030175514434973127e+00
5.491334066814795634e+00
1.776620704118164085e+00
6.238692252712046971e-02
1.863507325454833959e-04
2.001666632496386288e-05
2.001729602300452240e-04
3.155964343137829947e-02
1.714301772638810561e+00
1.645843339951670314e+00
3.442018937516015953e-01
1.608433247343066808e-01
2.128568046190753460e+00
1.674078401103687774e+00
2.217863972565026209e+00
1.804401434626000889e+00
1.539176015113050022e+00
1.086895976711028000e+00
8.003991465252741078e-01
4.963471870393580954e-01
3.533074342332124917e+00
8.741965854451548834e-01
5.891882235321726819e-05
2.831217266042526294e-07
6.578793246989723984e-06
4.059242463679340815e-03
9.931307257291401014e-02
6.207826745661199075e-01
4.731140667520065679e-01
5.580006208140725343e-02
4.269105475490326818e-01
9.769012392019084112e-01
8.943976786284331126e-01
2.179778221550842776e+00
2.558755964823243190e+00
9.287469339627999476e-01
2.923046090655721518e-01
1.212354222626104011e-01
4.985246627091632909e+00
2.191646815350754895e+00
7.033723205637955034e-06
2.490479837930555384e-09
7.538641520860454204e-08
3.805393790035215430e-03
2.381219866365967552e-02
1.723235521854769581e-01
2.402915955644146617e+00
4.348573620572440679e-01
1.498116619791679260e-01
1.900729514383578678e-01
1.791619234802499239e-01
6.891116839272540817e-01
2.333401189657343888e+00
3.023154719148844372e+00
7.738646124741450638e-01
1.221732838543134886e-01
7.847522081713972364e-01
9.993814165860130938e-01
1.901747159748844271e-04
2.774970520328265931e-07
4.272045906825136729e-07
1.520353412566235324e-02
7.421750443110283202e-01
4.757360969457891109e-01
1.084650523656437660e+00
1.485649909429055393e+00
2.683970157218617536e-01
2.582261251559719861e-01
4.746886259968721156e-01
6.072486679714711455e-01
2.505931247668127693e+00
3.523986380052832601e+00
4.359457216460982387e-01
2.900546450502395346e-01
8.706008938607761038e-01
1.556845486663719802e+00
1.028996900132159997e-01
2.978529389557350165e-02
2.101591389823983733e-03
1.216223221948413424e-03
2.816134240836667968e-01
9.937294444843464136e-01
7.428816166566728496e-01
8.238509642454795445e-01
2.731964681240240389e-01
3.282020690985499867e-01
1.717427147744718496e+00
1.267829420836853238e+00
1.642143623434687560e+00
1.870838289404771260e+00
4.241061608118271153e-01
3.482127921596137043e-01
2.419977297241314995e-01
2.702205897991484806e-01
1.123235708231526131e-01
7.355982476764947320e-01
7.534918517692365536e-02
1.736304111291317670e-03
1.569175279427809100e-02
6.598760446288560733e-01
6.391045108478776271e+00
1.316885629135813085e+00
2.994386979015654648e-01
3.160754707914448236e-01
7.237971767636699472e-01
1.567955589851264819e-01
5.073477809502011104e-02
4.088840838422951318e-01
1.365065228431424860e+00
3.912847950685477971e-01
1.318495970104509030e-01
1.441381478331199117e+00
2.921984247376215316e-01
1.698686221256806572e-02
8.917073648676129491e-04
9.062933264810489956e-03
4.613866955257808766e-01
1.950181652030909873e+01
1.236076090925552151e+01
5.034756867052831986e-01
3.575375076002375030e-01
5.283706805826272612e-01
6.311272033435175732e-01
4.155378887443228475e-01
4.120204368235329540e-01
1.343788166892069702e+00
8.288214072806195931e-01
4.442315907658487273e-01
2.953115522854969366e-01
2.989506088723520971e+00
8.554442652856970586e-01
1.924928814469188069e-03
2.920035539906170346e-05
3.674609229491740186e-04
7.841712683359993719e-01
8.572915389898631133e+01
1.444601929789161154e+01
2.013688247327699798e+00
2.996959567848493489e+00
1.368523400404186408e+00
4.132781337637608243e-01
4.554481771676057722e-01
1.774130016553433498e+00
4.103894557249156527e+00
1.759490005979181149e+00
5.162803861212921674e+00
1.737866717544855666e+00
1.279932025744515034e+00
1.035506587929875710e+00
3.591362674191943445e-03
3.349735475944960804e-05
1.149994941295723111e-03
3.927262519126282769e-01
1.610815955601492888e+01
1.380449212610827914e+01
3.689597200703282898e+00
9.858489168487278853e-01
5.975823618303301998e-01
6.968050415708573198e-01
4.470356079089407575e-01
3.816672500637385279e-01
9.246701570138297077e-01
1.250032043565401985e+00
1.752753730070692129e+00
2.222799063038887191e-01
7.215177916074357878e-01
3.972388810531073400e+00
8.720397360125833192e-03
3.730898177021434284e-05
4.727123450201427962e-04
2.457255331242221563e-01
3.496123688608826274e+00
1.516457185692780651e+00
1.764525166271223355e+00
1.756925493030087326e-01
3.361308736755466708e-02
6.938938095055033894e-01
3.154927406127429279e+00
9.677097213673496734e-01
6.904919108423487328e-01
9.304853292439796419e-01
1.258954466203956235e+00
2.715364589786285060e-02
7.595710765316336655e-03
4.506234911114313096e-02
9.509819873708088601e-04
2.303018010377155521e-05
5.978152767078571277e-07
1.982454503694029702e-02
9.906706468159786061e-01
6.553357291313907651e-02
1.716074055011649779e+00
1.002624222672224619e+00
1.193579906989787956e-02
1.118701064769146714e-01
1.040017043985771217e+00
8.333046280303153530e-01
4.881438446830609901e-01
2.058831664541995177e-01
1.180056591915065178e+00
2.526820853773818487e-01
9.352006395013200482e-03
9.844028959529873418e-03
1.500899137804814418e-03
1.103340202068973171e-04
8.143708120238918480e-08
1.284608973489803282e-02
4.930081429456413922e+00
1.039611823950662289e-01
3.198419404196004567e-01
7.185755741599646473e-01
1.818727248079239078e-01
1.127806819767342095e+00
1.469519136134504134e+00
1.877275680375884548e+00
3.679904607633253999e+00
1.368959278719047878e+00
9.537850931795829323e-01
1.502361262592945890e+00
2.107927754633966977e+00
8.813117374489740641e-01
1.658067541011719326e-02
4.042474156177287576e-04
1.642360682364616327e-07
1.920509499742946826e-03
5.951058276969437344e+00
1.910445445752204874e+00
6.019611173953901551e-01
5.741997610515688910e-01
6.966837329925653632e-01
2.509537869571864643e+00
1.987843290787334682e+00
3.694156805437548208e+00
6.791770095662986506e+00
2.127463734115890848e+00
1.707691281283244267e-01
3.868593429814333740e-01
2.998117661534953182e+00
6.825791349933017782e-02
1.424077851971225657e-04
2.427210064073259527e-05
4.335056829623782379e-06
1.294622385270047466e-03
1.141510586075525469e+00
2.127868542039026867e+00
1.260109604444476394e+00
1.382194591642016412e+00
3.911364014253530530e-01
3.927940486601100289e-01
5.044075914003041117e-01
2.322798095792084183e+00
4.290907355321922800e+00
2.305473114695481274e-01
8.687467785151939403e-02
2.834675160282513762e+00
7.829280965393574654e-01
8.799582212162624241e-05
1.802552496123479622e-07
1.365524616801011348e-06
2.988083773647710016e-03
1.035175950532636752e-01
2.703490682622666341e+00
2.737766455313273894e+00
1.297219491937708913e+00
2.927997533742938252e+00
3.300878678383758924e+00
4.175217683201676522e+00
3.395516682405447462e+00
2.427254544137104286e+00
1.700693180251514836e+00
3.144386170907453315e-01
9.170684159532734858e-01
6.746899699333791744e+00
4.135382744701316948e-01
3.894201921496665887e-04
2.665143192292021901e-06
8.648516257619162737e-06
8.868775326992739058e-03
6.615870970457848887e-01
4.625479852767797162e+00
5.070541421379291869e+00
1.588493509594264941e+00
1.339708255387125124e+00
3.344799478715417163e+00
3.039332913040018624e+00
4.458658275287191941e+00
1.581143836574998351e+00
4.020459777042681981e-01
2.746196471760555813e+00
8.944366442426291641e+00
4.103620003828079010e-01
6.211169133504222950e-01
9.766638642809651882e-01
4.234126447904663394e-03
1.657739602111394956e-04
1.220814659236936061e-03
2.470971085653894228e+00
8.241117570019339311e+00
2.069030807717483711e+00
1.286773733807746511e+00
8.730392166947448240e-01
2.331865429105300702e+00
4.859567501048439597e-01
1.948176515756873672e-01
4.250694729157939999e-01
6.519459303214268919e-01
4.280174138997134392e+00
3.756450571416185547e+00
3.091294254717556061e-02
2.682442704041439197e-02
5.545515413348543060e-02
3.627851768975673039e-04
3.741331684836963318e-05
2.458202763311396121e-04
2.553614422043446464e+00
2.541330175151976345e+00
1.764303764284983755e-01
4.178047471842922800e-01
4.259766712174802294e-01
1.495126145445144328e+00
1.421986495705558351e+00
8.137713872567978735e-01
4.929848886445676648e+00
5.926185587293907098e+00
1.096941938511025727e-01
3.299388592660605808e-03
1.536484277213071741e-04
9.673266083000331284e-06
9.432734077141688674e-07
2.346987115946049396e-07
4.076426986085827208e-06
4.936017811174016828e-05
3.939644868159089541e-01
1.460030688027840862e+00
1.678156540277245257e-01
7.641315978703010214e-02
1.836405319382427431e-02
5.311809859088807706e-02
1.055650741516363178e+00
2.834811127867314706e+00
2.189744919831649206e+00
9.130700078255864494e-01
3.493895949227815174e-03
2.191495504078030601e-05
5.602216497609237274e-06
8.581271639976421294e-07
1.316677095139371230e-07
4.067147872395646552e-07
2.618432537163146136e-05
3.375003342681749674e-02
8.742900132100695387e+00
8.365780550250022429e+00
3.732258285520631880e+00
2.165100048509503328e+00
8.340219731320309693e-01
1.085977771123059599e+00
1.919273483927846247e+00
4.895114786715041438e-02
3.468247641197640704e-04
7.301047702408282325e-04
1.223233686472962678e-03
1.571133094410025644e-04
8.309872994330368687e-05
6.117430892160588714e-05
4.049296262876727085e-05
1.031368505558055118e-04
8.799592965729118813e-04
