9.643510485814556750e-06
9.911052489807275538e-06
1.719919079911378171e-05
1.332486902957247345e-05
1.166314711293338371e-05
1.953857062039463281e-05
2.493294792536996098e-05
2.883903796157573962e-05
4.108518965535831648e-05
5.519554917617987592e-05
6.809433482486560297e-05
7.430911377831369820e-05
6.238447004701964938e-05
4.350838476554228038e-05
3.439329898527994849e-05
3.926418141670927364e-05
6.084828786019268415e-05
9.835073582327772106e-05
1.671811154323252803e-06
6.595511803565469388e-06
5.049017529736307762e-05
8.499162879745919661e-06
1.581573120746672813e-06
3.854807964554225951e-06
5.715139575016988744e-06
9.053218292893111391e-06
2.124081574675891287e-05
2.551732826973751031e-05
3.342789357854534263e-05
5.444672562998476950e-05
5.633437258663394912e-05
3.684688452388775430e-05
2.490030530849122876e-05
2.491692574200274929e-05
3.688416972280362936e-05
6.405091285686506154e-05
2.285480091949744610e-05
2.361742098897558228e-04
9.688402822576571566e-03
2.030735132397601113e-04
3.636205180139701315e-06
9.925908915493283569e-06
1.112353530836343395e-05
3.293616554250466944e-05
6.654020117610792760e-05
7.277414282686049164e-06
3.827212845041239785e-06
1.908547497440769614e-05
5.464551442454482124e-05
4.886276021181820646e-05
3.044374650746599077e-05
2.365498194960816727e-05
2.712820891544076544e-05
4.297501737134325650e-05
2.363023210670841048e-02
2.511210078833924636e-02
9.276579097093967663e-01
3.999526672452869552e-02
8.191600900184305189e-04
2.425241018880428326e-03
1.425433147694412511e-03
8.261103038872763191e-03
2.225820372735886309e-03
7.317316556032112012e-07
4.413480396801641463e-08
1.754430860080738986e-06
3.625694723212806832e-05
6.995490398027522604e-05
5.029985740781785469e-05
3.204560766101325269e-05
2.659429489565928330e-05
3.458806815076694594e-05
8.765747324075093827e-01
1.218891921017886404e-01
9.076426356217004443e-01
9.475104308569967104e-01
1.978201343748599017e-01
6.930948764018283192e-01
2.467857172566777779e-01
8.582986582244593876e-01
2.605272256974374562e-02
1.074626662592461400e-07
1.703718106618183159e-09
3.708379830636382666e-07
2.033415759450884252e-05
5.709448075480863581e-05
6.442243498924381739e-05
4.741209086119139326e-05
3.263959942830830396e-05
3.435490579919290487e-05
1.199554462303253216e-01
8.039443361581952718e-01
1.390457604839878236e+00
7.194201840699205874e-01
1.522162021505170382e-01
1.897820958982209039e+00
1.200740817697033780e+00
7.658678432390209068e-01
1.154127048649402909e-01
8.530976984908807570e-06
3.790112693957666697e-07
1.267196584723967841e-05
1.504376418650216027e-05
1.003837553436998471e-05
3.181487298454019054e-05
5.854394988555847331e-05
4.535670370438390548e-05
3.937926113413136453e-05
1.991911536943950095e-03
9.546338523323767422e-01
8.299907639794328329e-01
1.523122836792365972e-02
9.810936307342659705e-04
1.215001677360384724e-01
6.216172422568161382e-01
4.624895327107667597e-01
2.782268708652950284e+00
4.476491133407221878e-02
1.413507892009110978e-02
3.779876005458012236e-03
2.072347603764411274e-06
1.424741966315732877e-07
4.053234997876617485e-06
4.868968132506757269e-05
5.996351235962529570e-05
4.582294792374594291e-05
2.928629067471769454e-05
1.767181383153835009e-02
1.798191959497524584e-01
7.964487676066368815e-03
1.731812382679150087e-04
2.017004864032697145e-03
1.060445087183658694e-02
6.359505436434835512e-02
1.665782609142040682e+00
2.698047037255273395e-01
7.660521018241003288e-01
2.110059037985645425e-02
1.419148003785446354e-07
3.671849055322552380e-09
6.259504247091256797e-07
3.312190168128653780e-05
6.288482326448654699e-05
4.676111673709865423e-05
7.274780199800858704e-06
4.258990530121042374e-03
1.875489569329914064e+00
9.585323807222189130e-01
3.020176147854599941e-03
7.120770595544377221e-05
1.363195761493120502e-05
2.878227707749422132e-04
6.626945290966010371e-02
2.103656066920139289e-01
1.928518162441395845e+00
1.688580185131063338e-01
6.561261229153601844e-06
6.435799995103802776e-08
1.453584927399901621e-06
3.399971557501240245e-05
5.882339003592654595e-05
4.380807012613367805e-05
2.593592473903708077e-06
3.427828190173408439e-04
3.685963639190120017e-02
1.768356884000764351e-02
7.544411521975825626e-04
3.809347103582632688e-05
1.315668364676500621e-06
9.647003740084960516e-06
1.780070836551422148e-02
6.370464293837990732e-01
1.105976647226671439e+00
7.447498291285268301e-01
4.334613235885578612e-03
1.821809863586086958e-05
9.733008326664608893e-06
3.967123688894671829e-05
5.505092334093608875e-05
4.327722167909087478e-05
1.820910235825405996e-07
1.123744630037465199e-05
3.927077013969751336e-05
4.735513088472429935e-06
1.081471768080181028e-04
2.250329805172074978e-03
4.230153990836640795e-05
1.065676354472380498e-05
5.681610441731066788e-03
2.122094251192795100e-01
9.996179963842742600e-02
1.844245483803855223e-01
1.291359192070726247e-02
4.317962605755193162e-05
7.191451951626371939e-06
2.563462943361025643e-05
4.885232707108960536e-05
4.694987619725576921e-05
8.146174633677681598e-08
8.658825521533216555e-04
1.306663781804291713e-02
3.145514820518428237e-04
3.229954333028296765e-02
9.611958094141924702e-01
9.599347965841670792e-04
3.511612140608707486e-05
1.304230933225455566e-02
8.611737717046967777e-01
8.872224562650068425e-01
7.830538671121526351e-01
5.501281816367538033e-03
4.212132817742009134e-06
1.123578281865401933e-06
1.190841486459096717e-05
4.473251263084823676e-05
5.586179154869172400e-05
1.074631725195068954e-07
6.902313451382904863e-02
1.479195401600720672e+01
2.002525458403317249e-01
1.824575727054847496e+00
1.071886067493732497e+00
1.070516090026031911e-04
4.717228430399389082e-06
4.601189110196512392e-04
8.134820420430313032e-03
1.237426685191472531e-01
2.194376904772824766e+00
6.891111579392324160e-03
9.081958596736785024e-07
2.639832435738235523e-07
7.051266075641905720e-06
4.668703408552494556e-05
6.873671258581719005e-05
5.193972960979430191e-08
4.699302588734819721e-04
1.897607762010593627e-02
9.703973480980314240e-04
5.094410648526050307e-03
1.757936474656666276e-03
1.654898685449460057e-06
9.268017557262531439e-08
1.066505720599229777e-07
1.558142005064533662e-07
2.404598646626940881e-04
1.746046112457699140e+00
2.556359503677970921e-02
1.290647240283658867e-06
2.382770044351257200e-07
7.187017524490185175e-06
5.201551038315484985e-05
7.446279882612426000e-05
1.779958916517832531e-07
7.521385320112586564e-06
4.777220070598204926e-05
1.291187142555399088e-05
2.925921040857953212e-05
1.882448574535102760e-05
7.079826314337015475e-07
6.603702118865299887e-08
7.067313818415912036e-09
1.337149107825315250e-08
1.647026943571971698e-04
1.129551512144191472e+00
1.274466000671222767e-02
2.054168444893463108e-06
6.652862539225862847e-07
1.275892015559928882e-05
5.653042465279879453e-05
6.584839602996649457e-05
7.438270389617457851e-06
5.210150101435179681e-04
3.316030137300656627e-02
1.987649938656399495e-02
7.744504416178447101e-04
2.829876244901321928e-05
3.483407576689275103e-06
1.413783858116730262e-06
7.473266620858334191e-07
2.087044294971936894e-05
7.654423640502118487e-02
8.878785859916051848e-01
5.991556899310348074e-04
1.290951564411102211e-06
2.372639404489696592e-06
2.737712823468960651e-05
6.002280864740178201e-05
5.562225037366176194e-05
2.749305366495381403e-05
5.665568272696426370e-03
1.883824129440283102e+00
9.624915640714889475e-01
2.009628531924859476e-03
1.108051744749936607e-05
8.620561032983559610e-06
1.055133513311059629e-04
2.027426550000626564e-04
2.858162775407268371e-03
8.516834130556028004e-01
7.445030990893242162e-02
8.030564661307489324e-06
2.644589975207812553e-07
3.826759771402251089e-06
4.178505670088836308e-05
5.973248163303667232e-05
4.885190205155356708e-05
1.946995244109998684e-05
2.053940201279750872e-03
1.655121940210859954e-01
1.300794825474564306e-02
8.015244736906567934e-06
8.740574569573996885e-08
3.051247084111653573e-06
6.118596166524888080e-03
1.905584421122694452e-02
4.814321254225883279e-03
1.056124523505694163e-01
5.541908623905920754e-03
1.072911439457263135e-06
1.497516288568272459e-07
4.833326424778943450e-06
4.766923976108559247e-05
5.412829352980288170e-05
4.116463841159168579e-05
3.319506876555246636e-05
6.658283474906104976e-03
8.161506444046197073e-01
3.334682569477881442e-02
3.613647011728226385e-06
1.088505261774255736e-08
8.143069330275692638e-07
2.043013479730274029e-02
7.844349863415420732e-01
2.542907374005705656e-01
7.733112878052353922e-01
1.622153779439451660e-02
6.523066819575098399e-06
9.433318236435923218e-07
1.229863943937106978e-05
5.846760004167392857e-05
5.031929175686744186e-05
3.627796642771641630e-05
7.731681041164204288e-06
1.564757648082506017e-03
2.089168262848842161e+00
1.978070028567949112e+00
5.531799632632054169e-04
1.169424680522992375e-06
3.457502229989772093e-05
6.089321558224716768e-02
1.120779577346433520e+00
8.163063835409316571e-01
1.182213501378406445e-01
3.910291275645774310e-04
2.838608474178625539e-06
3.477904980635395459e-06
3.071469198488552103e-05
7.109408651150586579e-05
5.025174683433572466e-05
3.754107455708621815e-05
3.856846917397898713e-06
6.167181997852179236e-04
1.014123254051120693e+00
1.965937128289041214e+00
2.822993192597215723e-03
1.302560015904515197e-04
2.088516047683512677e-02
8.563365297697080880e-01
5.082579473876756154e-02
1.164511311047016721e-03
1.949116675390130980e-05
2.971365097221127546e-07
2.695191498456096448e-07
5.330189160886397827e-06
4.601229033430930741e-05
6.719785974935385011e-05
4.663523393925095626e-05
4.046264224970514621e-05
3.750081158984447296e-05
8.824143580476418239e-03
9.363588891007773585e-01
3.888787672311880272e-02
3.573061466588409391e-05
1.553309439706838043e-05
4.673333428728210052e-03
2.926634045993864452e-02
1.850945510436026074e-04
1.988585531063406381e-06
2.253879006003738701e-07
1.302120172802166675e-07
1.056585102216484185e-06
1.584604314403093047e-05
5.085208442225532639e-05
4.884436981381011072e-05
3.813712109194836251e-05
4.171926286402615771e-05
7.642923330257013015e-05
2.979534872250441408e-03
1.243578759514366548e-02
1.173562915504466328e-04
4.860910959527265476e-07
3.684716628058225812e-07
9.183805578773752493e-06
2.202888194529824554e-05
2.335267111293802405e-06
7.614412605861411737e-07
1.561931644998569304e-06
4.976012036864400849e-06
1.874026477845039271e-05
4.347279566482264968e-05
4.435557315609329706e-05
3.407207852765403310e-05
3.357832830541501533e-05
4.795642441050472564e-05
2.596613827236051608e-05
5.516357728768426979e-05
4.862187806185056530e-05
4.920236245369070045e-06
7.460789878547792215e-07
9.464026978387000426e-07
2.487031754378947148e-06
3.298945772952353341e-06
3.482209740793407776e-06
8.197749543719420789e-06
2.756909499683832046e-05
5.826499434680873854e-05
7.155156585434410070e-05
5.708199752989765737e-05
3.717421386556118599e-05
2.969765912982314041e-05
3.763923064781023474e-05
6.581018856013004297e-05
2.634237752462881670e-05
1.632029279524372829e-05
1.323573851285903552e-05
1.087466306118970402e-05
1.297606414061473595e-05
2.065461940309414916e-05
2.588108647633226468e-05
2.798526935463282675e-05
3.972017602783721669e-05
7.161204903493994525e-05
1.089479540938534413e-04
1.165799985712872731e-04
9.430609062956471316e-05
6.360424335926948632e-05
4.243399219685530747e-05
3.764942801880029842e-05
5.280589881372696454e-05
9.398850177412016056e-05
