4.750692998906507619e-02
7.388042737174287389e-01
1.542457703395936797e+00
2.288351879837740910e+00
6.755840411676743429e-01
1.452557215436346860e+00
2.381530051591890240e-01
2.466421473776862685e-03
1.310768258349305677e-04
1.235521021095161267e-03
3.129194101620385443e-02
1.631448078680349531e-03
1.454293803532316439e-05
7.206842399602315321e-06
5.661698335049517646e-05
3.054420488046117807e-04
5.213316403268767945e-04
7.796030173538890740e-04
2.890386424153037024e-06
1.326533625117092274e-01
2.666420655225272718e+00
3.850749978741749291e-01
7.653373140226125138e-01
2.194294381488053891e-01
6.192629741491571110e-02
7.235307379641394698e-01
1.091805682997936344e+00
2.034772528813101999e+00
8.651946306944883203e-01
3.809397973218810185e-03
1.363021467764042906e-05
1.006885516327409176e-06
2.770883209581732475e-06
3.230226676118917793e-05
1.807793623051343241e-04
5.426985133862282642e-04
1.149187498566340435e-08
1.587072915299335765e-02
9.848406705344618928e-01
1.026072889316683168e-01
1.679992686062390828e+00
4.999967597831486699e-02
3.676465225119784105e-04
4.730048738432158020e-03
1.653082400841499600e-01
2.838811358267554930e+00
1.104047774590591668e+00
1.060372973039433175e-01
7.166877585139354821e-03
5.345525144229406472e-05
3.049150032874473394e-06
6.486968650508922268e-06
5.747548874415152863e-05
4.564115323988864699e-04
5.055392986297854146e-07
4.387661853085639968e-02
1.765544009631089484e+00
3.015846041383075105e-01
7.631092138840021855e-02
4.183072236074470438e-04
8.541322222146688532e-05
1.352245204625293889e-03
1.072167980170837809e-02
7.506938650080645647e-01
5.417681477786890021e+00
4.567162588176906013e+00
1.993433449171749139e+00
3.225008702072176825e-02
1.438988374827322215e-04
5.957847449807460005e-06
1.000128884989089820e-05
1.534555983449960141e-04
2.937806580681958518e-03
9.983578010261177083e-01
1.273762536646149579e+00
1.539688572217230877e+00
3.215169527835845531e-02
8.021019749197479283e-05
4.999021871153516705e-03
9.430237219214835376e-01
1.123785967014972326e-01
1.564840552110562666e-01
5.922567696868308307e-01
3.120630923455002814e-01
1.170398414820720268e+00
9.092504486711769918e-01
9.060527475137372666e-03
2.513945366123166941e-05
1.801882249993643489e-06
1.424635025987302814e-05
4.292651612819986529e-02
7.892443219085427675e-01
2.107079300227382088e-02
1.138013478655008626e-01
1.561555496741662274e-01
7.193644799746093258e-04
6.351899366605626325e-03
1.907549611510008125e+00
8.258612263393833031e-01
1.563573316294454840e-01
2.300241667849841840e-02
1.388718883783479630e-02
8.187781646988583351e-01
1.897168285072429184e+00
8.260528355878965501e-02
6.636861231484723509e-04
3.333506647079491934e-06
1.838604948716176536e-06
1.746404752280483145e-04
9.728053918599478822e-02
5.510451406231359206e-02
1.259139552949298801e-01
6.031027795795265156e-01
6.400166963293998056e-03
2.833775663596643096e-03
2.519894547101255711e-01
1.127147117434642798e+00
1.734001550297408212e+00
1.262731099726782102e-01
1.310869349229148648e-02
7.409580782443784264e-01
3.642527983606226094e+00
6.560303065934516287e-01
5.805840559790822336e-02
1.932276732096778352e-04
4.373894929637440030e-06
1.570251904311638926e-06
1.204843548408133201e-02
8.078562503670307926e-01
7.602074035142212249e-01
5.248531435743365448e-01
1.935970950578285235e-02
3.959968107243034413e-02
5.838216989754470010e-01
3.423525677965047476e-02
1.394215378332983590e-01
2.822099736791079838e+00
1.512045994450336717e-01
2.289344890035383551e-01
3.357248173848091266e+00
2.256982996178085177e+00
9.651285182638000837e-01
1.923640783726469558e-02
9.646489293274547504e-05
4.744329041962517567e-07
1.709784794501524195e-04
4.752973315985418307e-02
5.500515334744657814e-01
2.054458472364197319e-01
2.361420115611293901e-03
1.537965334444756776e-02
2.738814657169552080e-01
2.579209394774979367e-04
1.540583524536426004e-04
1.034171912715938779e+00
8.273577705992025688e-01
1.477037564132118591e-02
1.652005306633815007e-01
2.211566749922127428e+00
8.351882008551332337e-01
7.613336090478160616e-03
5.574211230530610962e-05
7.495765522662415719e-07
2.919682486031099206e-05
1.396897782175774740e-02
2.393306560904021385e+00
8.809718104011352580e-01
7.129754404334335627e-04
2.889491194265670932e-03
8.080859476310141565e-01
1.153221397125830114e-03
7.784947677094069616e-06
7.758335757390733348e-03
3.256297180883508530e-02
1.759411824158486632e-04
3.458234243355487805e-03
1.679449089861775768e+00
1.219223455790508781e-01
3.217905171770835419e-05
6.766325331539810290e-07
1.653629023136574396e-06
4.168270706499908342e-04
3.736244263735841870e-02
4.003511853200450998e-01
1.168845497922804011e+00
7.339927086477972783e-03
1.314204064484823103e-03
4.161803728227141119e-02
5.093863268129634287e-04
1.230977595382440339e-05
8.087412530428852303e-03
3.541514954936621218e-02
2.616348598126221785e-05
4.617750225538257668e-05
1.137422094064872435e-01
1.048613638765828054e-01
3.823326770269739640e-05
4.554462133472718013e-07
7.545691088128692563e-07
2.161576904607252769e-02
1.799042299768151221e+00
7.913700577270538217e-02
4.215331526492939185e-01
1.769574028835187995e-01
6.903579458981516388e-04
1.088814602688043014e-04
3.139295094788367729e-05
2.948468149897818537e-04
1.004334987730596929e+00
9.155260249716907772e-01
7.309144071921441408e-05
2.050095023656640437e-05
5.984494821123239466e-02
6.887144888489473704e-01
2.203027677896757588e-03
8.009376755671581492e-06
1.479821597347795641e-07
4.856911638607520204e-02
8.007505476224928032e+01
1.841520116913435201e+00
2.764943262472267627e+00
1.711005904481127882e+00
1.257861959208854581e-03
3.146917259356164960e-04
1.259865910162042205e-02
1.219727258793917718e-01
8.629243877219625602e-01
7.934332901506711833e-02
2.963322837187516256e-04
2.055495662591999995e-03
1.956423526071981112e+00
3.304293431118998203e+00
4.924174696183339361e-02
3.790097838015399779e-04
1.643346727215927644e-07
1.683590814614899190e-03
3.851914589255719612e+00
1.256952187971116963e+00
1.123337326598828900e+00
2.761419869820663231e-01
7.200766170637823904e-04
2.509881788384238366e-03
8.812060123475288220e-01
8.962966902835621807e-01
8.236551138547414108e-02
5.072833409717793923e-02
1.903260742569889280e-02
4.380236221123501306e-02
1.781537165228633590e+00
2.914581681957655768e+00
8.456509975444769234e-01
3.368556731539920635e-02
4.349048082108940852e-07
4.167177393455334059e-05
8.312978554968905587e-02
8.755741079820086314e-01
8.147039307129534391e-01
7.527045328924613088e-01
1.185013753140120585e-01
5.827064885158265289e-02
6.610659788312155116e-02
5.444547949190917807e-02
1.511965519238781253e-01
1.727211747549175502e+00
9.256440548258031420e-01
6.527471144173156714e-02
2.217888561581410622e-01
1.413713670952266299e-01
1.493889775700985370e-02
2.538331489018966821e-03
7.604390433032068996e-07
4.693193161591682462e-06
6.191064034526377879e-03
9.085906705780718573e-01
1.416987538316229811e+00
1.025759036521739942e+00
1.868391232547569114e+00
8.176372957807758191e-01
4.747720200652161965e-02
4.542959237583828885e-02
4.249750645989915920e-01
1.797200689219152325e+00
6.160697021088016312e-01
3.246403194362381672e-01
1.486592211220765680e+00
6.652147560260187817e-03
2.830443310398569046e-06
1.587840985091076988e-06
3.986390852594839816e-06
2.177110740623273055e-05
9.271710627312320643e-04
4.423435492883578263e-02
5.631039286112193842e-01
1.607643756657258782e-01
6.695768852297417917e-02
2.489983669278706679e-01
8.044521974465873582e-01
1.178123929610601417e+00
4.359465247965229606e-01
3.673798366901517842e-01
2.406600114552243652e-01
8.027222085425540499e-01
1.374161693132942785e+00
1.967061136452534422e-04
1.385129441086878330e-08
3.040273221347362901e-08
2.388372889122788363e-05
4.592557420461312184e-03
3.095375256310772816e-02
3.253261243911164530e-02
4.196829148347605565e-01
5.236639266433800177e-01
3.418360976977636856e-01
4.666258428450927309e-01
2.510855699544426223e+00
2.337697965527354871e+00
5.066983393203317726e-02
3.675621154083530406e-02
2.373659844841951583e-01
1.894038956147910735e+00
8.210052148791799898e-01
3.267156710105182456e-04
8.714118013271897568e-08
3.892208336911191076e-08
1.369943966450986086e-05
3.452688934724997688e-02
7.286971129163276606e-01
1.944105745553963982e-01
4.420444144560424782e-01
7.393718794014521034e-01
1.376556067193332122e+00
4.898025696092046521e-01
6.820461225352272283e-01
1.480918656810455314e+00
1.344712918660153356e-01
7.137139022897528995e-02
5.419967159399292633e-01
5.345410678437737317e+00
1.925506553381029828e+00
7.633799026177179314e-02
1.970867801067741174e-04
6.120561246704387651e-07
5.313399417810387641e-05
5.329269301962039768e-02
1.785333946350340928e-01
9.407710338117325488e-03
6.776311577013803544e-02
7.883931716644594356e-01
1.225112968016274229e+00
9.482409751670695108e-01
1.015559071934767132e+00
1.667116378435807178e+00
1.757809866732320536e+00
8.350170321495150594e-01
1.658144684336280150e+00
4.374014409815334403e+00
3.936128081529505773e-01
7.423269678436258401e-01
5.887019856475672608e-02
1.138152885590236067e-05
7.288222525301154804e-04
9.163668597768357404e-01
8.628643555215544936e-01
1.933894904364011434e-03
1.136413094673179892e-02
1.153872141173105215e+00
1.686625844843891553e+00
3.076041040177472485e+00
9.990419692090229953e-01
2.333128098094837122e-01
5.006625945243201592e-01
6.911192803330272749e-01
2.955815083018265454e+00
1.064475999600859035e+00
3.654080811540273439e-03
6.210299224426398326e-03
9.599335311942642363e-03
2.642398968226384931e-05
6.711957158314785655e-05
7.665909898263638389e-02
1.982019256498716908e+00
9.288140146779730322e-02
1.060893173613633583e-01
1.465319153080400838e+00
8.827149819902030403e-01
4.763596159844676325e-01
2.020176950234246482e-01
7.196307199759415241e-01
5.563032001527639103e+00
4.425913357945485238e+00
1.855299416303186177e+00
1.077525091775902340e-02
6.563394443186090579e-06
7.412678897095479443e-06
8.702185485591112165e-05
2.838699985191602617e-05
1.712899180069188333e-04
1.239627286330991993e-02
1.125678235798389798e-01
6.229576016799924787e-01
1.266346022467944366e+00
1.132055890567930989e+00
5.113884731802423866e-01
1.135339650663272637e-01
2.108461748366675381e-01
2.033367608403331417e+00
3.271617735765853574e+00
2.723995048644085148e+00
1.000266873953174068e-01
2.896791837291436299e-05
1.411702703099889252e-07
9.689551807436093785e-07
2.715618483995817117e-05
9.500311175717576393e-05
3.438430932480817520e-02
8.292051899447057117e-01
6.389343950621022283e-02
2.592950366015182029e-01
6.900307379425384413e-01
1.072425713906016570e-01
1.099659373406803309e-01
1.663149506474825567e-01
2.652369381579858576e+00
1.003401043902972578e+00
6.249473093293217082e-03
7.309539954876507171e-03
1.685900765970721254e-03
3.260197072810247686e-06
4.566156892507948097e-07
9.713210840883011477e-06
1.359874382462691737e-04
4.180806819779733156e-04
4.564968995794044422e-03
1.070541759298295981e+00
9.227620316088951391e-01
2.008465014191927356e+00
9.318395305168325482e-01
2.047726294861324237e-01
7.092002666451782122e-01
1.126284576589239861e-01
5.639642728386086434e-02
6.943536371598835188e-03
4.737271054187816273e-05
8.378088278798950621e-05
2.268983552070108131e-04
2.582097932226489086e-05
2.741524694028118882e-05
2.265247253288782598e-04
7.268606407563436714e-04
1.113292837779319977e-03
