9.713971883895591915e-06
5.356789608371393984e-06
1.594306974862621763e-06
3.517802523559368549e-07
4.336334100990421142e-07
9.903353601999790736e-06
1.808904106938513017e-03
9.748875007018558206e-03
1.617579814220125090e-04
9.580807987874496817e-07
4.126860095379339223e-08
4.649784539559440715e-08
4.810892156539336682e-07
4.168973001183818030e-06
2.059609015993019171e-05
5.637860314399408733e-05
8.089294693479984341e-05
9.686398619423108002e-05
5.342636602225213246e-06
2.993779825242849440e-05
1.004727961436919401e-05
7.899521079412399214e-07
3.090006054886961021e-06
1.281818137405930545e-04
1.445634570872432294e-02
9.247980669327453551e-01
2.040708106156009283e+00
3.411060093925846748e-02
3.791169534096373243e-05
2.996420890638151221e-06
3.999381183663113526e-06
2.065546663616974916e-06
3.307747790716464975e-06
1.642049118186662888e-05
4.793103473433739424e-05
8.087675887044799708e-05
2.030330483102900867e-05
9.798480637801840892e-03
1.523329604554368548e-02
7.399310259233731358e-04
8.178834417887637098e-03
2.022730987781851120e-02
1.223055069148499445e-03
4.966128681494551105e-03
1.058848600015294572e+00
1.803265227574640361e+00
3.590104573643475294e-02
2.833214311636131702e-02
3.957391701516654002e-03
1.157886727617857878e-05
1.141543890868373485e-06
4.617341114161788047e-06
2.563795131958659839e-05
7.556053973606458658e-05
9.823010902388933563e-06
3.155697781401188562e-02
8.124655218028402626e-01
1.961626373522742661e-01
8.186857226208683613e-01
1.940124202068948395e-02
7.382731777065925449e-07
2.213502437257227297e-08
1.718713231671398532e-05
1.288219439213843936e-02
2.393936552088158087e-01
1.749990328274633411e+00
4.579734669266980612e-02
7.947907839959610316e-05
4.155436721157360685e-06
2.665132197347123332e-06
8.805792216620415388e-06
5.336801140418130477e-05
1.975038913554657618e-07
6.171649442158466388e-05
7.778610910214252272e-02
9.642534318373875424e-01
7.919558276890702186e-02
1.686551994071938725e-05
4.101027148417750906e-10
2.620519376315165988e-11
2.857509440350224409e-07
1.779864745263810138e-02
8.324922362999099823e-01
1.360962678670923354e-01
3.915391618280488276e-03
2.849254197968650003e-03
4.821429582952004825e-04
3.131388751896731500e-06
1.181543905009910241e-06
1.908221520184977691e-05
4.788712603186774626e-08
8.721048412678099723e-07
9.158582352809446769e-03
1.906958251087505829e+00
9.524918571941300149e-03
8.948797215076088695e-07
2.469242847399653648e-09
6.986378874843277475e-09
1.785063615431871137e-04
1.056847590674224291e+00
8.926815121839482003e-01
5.887143448126179457e-02
3.567739503665956491e-02
9.195108409599442867e-01
3.087947231579146051e-02
1.170460282750266822e-06
6.669868091654351274e-08
4.036449562663800255e-06
7.064640600934821542e-07
1.434073932137348562e-06
5.794368469536995700e-04
2.866686122541719367e-02
1.212176510920298829e-03
8.715366775543309855e-05
3.276445473169694515e-04
1.864119853006561455e-03
1.165334306559976385e-01
1.611207399942406138e+00
6.206074265193561867e-01
5.033106920287236941e-01
2.361619037599290427e-01
8.794748990508900466e-01
1.993092075919384448e-02
5.714289062973795871e-07
1.971948090824903436e-08
1.527239909362083288e-06
1.486385005519953289e-05
5.132536445114583601e-06
1.003903398199129141e-05
1.655048953338222385e-05
1.853461009363430956e-05
1.568774011609173251e-03
9.981964669125840128e-01
9.156888786481758302e-01
4.584586322724476526e-02
9.558973139515773709e-02
7.706130382342618601e-01
1.141440395144970449e-01
9.158143657508385077e-04
8.219080302048438480e-03
6.254288819875010452e-02
6.541165176615290362e-05
3.710600694766398663e-07
2.114037774527062037e-06
4.563859333306574993e-05
8.726779850154236647e-06
1.547981795414176422e-06
4.144593024498250285e-07
6.844555187223849253e-07
6.182162830803166387e-05
1.589020430334980513e-02
5.947603685795497738e-03
6.388862616218936861e-05
2.689976094432757793e-04
1.599418119501776550e-02
2.034887325468064372e-03
4.662494962879890179e-05
4.483963413542228771e-03
8.882418939860869944e-01
1.027415093795924599e-02
1.073864071273097955e-05
3.406731859578362970e-06
1.423739107191006549e-05
4.430328053494913488e-06
1.071304420403881996e-06
2.372584264697486200e-07
2.325571748689503798e-07
1.407181876452356841e-06
1.322637444428199268e-05
2.063730585950899050e-05
4.688926798413973084e-06
5.485473626512321183e-06
1.260750963920548621e-04
4.314739095470498421e-03
1.706972398067964011e-02
1.920470314167452633e-02
2.896571701177390323e-02
4.480718444392237272e-03
6.776237818992760929e-05
8.803169208761477490e-06
1.309499591256376139e-06
5.591704720757374026e-06
9.051481074810169468e-06
1.000412754449348312e-06
1.027704917198938254e-06
5.270115724136212664e-06
8.152287679859217254e-06
1.072015658724339047e-04
1.185066423751478595e-03
8.180151058635318424e-05
3.252024844266504126e-05
2.293596853732277063e-02
8.992764487677733509e-01
9.218754598629606833e-03
2.134088714645767607e-03
3.250409699530327351e-02
5.230109791730392331e-03
9.043758956826313488e-05
3.167927903125575687e-07
4.143358708302700868e-04
2.012423877136670924e-02
2.329595490452845280e-04
1.253441575039417174e-04
2.470260340784194864e-03
7.496040826696198081e-04
8.656742444458475488e-03
9.767059950430816428e-01
8.543331680821483753e-03
2.315590944147737117e-05
1.167848158479647134e-03
2.305924973628118574e-02
2.507680299290633921e-03
7.135684517418429407e-02
1.853086771193330540e+00
7.884363348668514335e-03
2.010802051700451913e-05
3.328581273714164425e-07
3.957495339123184158e-02
2.389040892053317577e+01
4.871697415130388231e-02
1.656164502153769161e-02
9.418441882512875729e-01
3.102556165024261681e-02
1.540118256429907559e-02
9.635143041506509798e-01
1.143047103316927049e-02
3.485919620307579908e-05
1.477342134814235925e-03
2.162017836042052707e-02
2.132681433295835483e-02
1.897313483147614610e+00
1.355196179504805087e-01
2.221845366917402412e-06
3.064577049766064378e-08
5.004426914014288925e-07
9.744788233196853208e-03
1.992388615785815054e+00
1.115496203813949420e-02
1.238356353665343891e-02
9.693950214610090876e-01
1.353669387650857127e-02
2.696567089637635179e-04
9.521575879174944438e-04
6.195308165966380732e-05
2.476652159568792591e-05
3.900153262396584969e-02
8.394747075482702492e-01
1.566327316291453164e-01
8.989775773404388159e-01
2.996660192913461196e-03
2.987682530892543996e-08
3.700999226579988693e-09
1.098091573044763729e-06
7.835013466976673252e-05
6.421182285550384007e-04
3.393183655346245208e-05
8.744740253899236466e-05
2.261213629321441512e-03
8.725701073311416711e-05
8.044576130036047226e-07
2.205235116948895208e-07
7.973248576949747160e-08
8.853572202322333083e-07
1.215637342935083640e-03
1.180505749323629977e-02
1.531967925305769687e-03
5.801888997219188139e-03
5.621877684105471224e-04
8.653321662119199167e-07
2.897819208464465570e-07
4.317917520799549774e-06
7.146209577495264173e-06
7.456989946626699013e-06
8.746149595569658896e-07
3.665159960172796937e-07
1.023010139350766112e-06
3.741919834625200490e-07
2.193306625635253273e-08
5.875956479399270501e-09
5.679111428977624995e-08
3.934359700405626189e-06
3.782258634524819771e-05
2.407345661183954712e-05
1.696984541132744029e-05
4.688963328970983469e-05
3.206238782737997798e-05
7.895558809862084963e-06
1.325411314648884041e-05
1.812721917792389892e-05
2.448660962099004013e-05
5.166589203707112969e-05
4.717300131367776915e-06
4.171452734898819998e-08
1.038026940965631538e-08
1.864872109326829221e-07
1.308908177342588607e-06
1.296801030367578784e-06
1.402264135144309172e-04
4.915745149209819337e-02
4.907156507505333956e-03
3.402245920167318348e-04
1.684507139549975977e-03
2.276148491569442297e-04
3.574319628693373409e-06
2.690091651558574795e-06
2.660791421584981738e-05
4.019422821512658064e-05
1.765344323711030600e-04
6.492420044955066194e-03
6.442657874857427025e-03
1.011911539474129609e-05
9.478982210521821428e-08
1.350621337151245734e-05
2.451291714885260251e-02
2.247912650313032071e-02
4.044013815991974459e-02
1.771087134342038016e+00
4.215827548422229620e-02
1.472405626816629398e-02
1.967006197854669125e+00
2.853861044938047278e-02
4.676687727420923386e-06
1.053066807113068844e-06
2.053030450439092858e-05
1.418539073544468861e-05
1.872603959821378668e-05
2.762771603997474235e-03
9.129780452961592241e-01
9.946211019986475610e-02
3.652325932674049721e-05
8.961106330085540864e-05
9.082150424156147928e-01
1.902871842482656728e+00
7.658485400485010031e-02
1.829035685057769922e-01
4.006093929302239828e-03
4.783576899054397223e-03
9.280137741487812786e-01
8.480546055447790721e-03
2.188594423802059616e-06
1.087090968052256844e-06
2.597694692138702852e-05
1.791866620055163429e-06
1.958337556638695533e-07
1.079926067184134538e-05
7.805303615560335584e-02
8.101761638069184812e-01
8.392741263470081476e-04
1.681805409810042755e-04
2.179810807455881405e-01
9.004206632906467389e-01
1.569930474794996034e-01
6.549613742299427166e-01
6.459673980117441872e-02
5.116480506208225670e-02
3.940092694738458329e-02
1.867367678481365910e-05
1.085892251393880886e-07
1.135220173283889408e-06
4.403387677897004814e-05
9.674223293707558976e-07
3.621154535811513557e-07
8.792170386268013645e-05
9.050259102691909918e-02
9.753151268403210949e-02
6.809877964797806521e-03
6.464014953494295890e-02
7.863655249917719248e-01
2.273520178080049720e-02
3.343298807339389975e-03
3.555393175664570832e-02
1.377097265076533406e-01
1.788285468053198324e+00
4.584968849630412235e-02
1.280161142465282090e-06
3.734998832130236396e-08
1.941552325709633968e-06
7.092930760575474945e-05
1.331904538946510038e-06
6.056738091730546615e-06
1.195906011556579877e-02
7.219532965604186225e-01
1.770445301957246712e-02
1.342683467220369062e-02
8.835255748739009318e-01
1.336305340281419285e-01
2.006818263379400486e-04
1.014598212705754776e-04
3.272031374261705726e-03
8.455578171066752829e-03
2.520046033631173285e-02
1.317971820288385424e-03
1.252524001423383916e-06
2.907898618652923279e-07
8.391014651413567752e-06
1.054836719511932885e-04
5.094006158866171185e-06
5.545410545049429195e-05
3.934679096401154375e-02
2.267213533213792431e-01
1.318903142998822161e-03
2.354246049214036326e-04
4.242335084658628921e-03
1.263246442004760037e-02
3.416085923394525901e-03
1.904731144436911869e-02
9.068708478564765363e-01
2.864697995436059352e-02
3.286677827387350908e-05
1.449197967904947730e-06
8.038898959314572739e-07
3.725778281601164971e-06
3.704900293112150882e-05
1.332751435194213640e-04
7.021413862741095798e-05
2.663056627597393342e-03
9.485908065075646656e-01
1.851802795353136410e+00
2.859142158282455132e-03
9.254513764178716784e-06
4.047719947335667482e-05
5.014419065788047747e-02
8.103492313244141654e-01
1.756380753701561603e-01
9.186274078025594703e-01
2.598252697653877577e-02
3.395946399780292500e-06
1.549578841092488336e-07
1.656264831666484418e-06
2.259428590986036297e-05
8.678070329947653748e-05
1.426024842405112700e-04
7.888418333145200134e-05
6.388321011457198228e-04
2.393705556254368400e-02
4.669809387625842995e-02
5.083213121418987549e-04
2.167961236814416067e-06
4.348305617163999859e-06
4.569072824094668785e-03
1.830343056689221967e-02
1.517492383537896272e-04
2.389797649648760063e-04
3.857512286835945085e-04
6.724622444042674001e-06
1.663298279966188065e-06
1.285764122389756150e-05
7.290818650334845075e-05
1.308260091745801874e-04
1.537208478262403507e-04
