2.800306375519368970e-05
2.153215043687298737e-05
1.889677342996969362e-05
1.853022414888516974e-05
1.971840000161172832e-05
2.200612409746233658e-05
2.441417432171775654e-05
2.696378666169865467e-05
2.951770747906963375e-05
3.014866257885422961e-05
2.820642293893167000e-05
2.377644254871240858e-05
1.886916216231925293e-05
1.604306883807013730e-05
1.516764166291004202e-05
1.552270143193677635e-05
1.870901536755683976e-05
2.811593839610068720e-05
2.395142250970491791e-05
1.751804805425163895e-05
1.512098941345022191e-05
1.430667820838068573e-05
1.344213351822726429e-05
1.236304497980521646e-05
1.179856283418870588e-05
1.222656095202469671e-05
1.177440755791943952e-05
1.092744861594061192e-05
1.408049923227702115e-05
2.175311551372745899e-05
2.614244684802243229e-05
2.446426358350297690e-05
2.116645862764116124e-05
1.852489556850173011e-05
1.925620826068522029e-05
2.651467991517951053e-05
1.857910230775957396e-05
1.301396873145627929e-05
1.210167284940441565e-05
1.251269553772030059e-05
1.018705147551965016e-05
6.315800208870457288e-06
5.316284361571366657e-06
6.870881552887259110e-06
3.681547208424797153e-06
9.687429880585950036e-07
1.313536389303005468e-06
8.108648172580420438e-06
2.719637329765206226e-05
3.005803388909266587e-05
2.201211617192778570e-05
1.757712561161317019e-05
1.857540082159523840e-05
2.595913370007072560e-05
1.349935970080088893e-05
9.368661635300730192e-06
1.020593768540394768e-05
1.240027171073880137e-05
8.059686561848488945e-06
3.135099388274411741e-06
5.192854536813727729e-06
3.996120682549982061e-05
1.209269219176300094e-05
1.322163482961784001e-07
5.454741095920018383e-08
1.154373527936727717e-06
7.708134782871503847e-06
6.329575026441317049e-06
3.573211834835454312e-06
3.796826666319095703e-06
7.687472802621987200e-06
1.852405711921906073e-05
1.471858464275961997e-05
1.130064458291412558e-05
1.411947211447140638e-05
1.743788799363791016e-05
7.374569724016838542e-06
1.799288856323224060e-06
1.367244564686003357e-05
4.311145444795847458e-03
5.839931675236988314e-03
7.971414920456718837e-06
3.899183574573727073e-07
1.164249306427291418e-06
9.176941563832508519e-07
3.709860103005693707e-07
3.073344043660995784e-07
5.062530279513158245e-07
1.841932590410249557e-06
9.188475937340046087e-06
2.888388673843349927e-05
2.531362912282351821e-05
3.042565807123654917e-05
3.024119343430030615e-05
7.515812176898601389e-06
9.089278617014630792e-07
8.690924940619931057e-06
2.682163347460685132e-02
1.890371720265376698e+00
9.480726527753920163e-02
2.553192170083283530e-03
2.425194780144627023e-05
2.586160200916213677e-07
5.116410400724735235e-07
6.606067145704614402e-06
5.627708723859823051e-06
2.502226330441766601e-06
5.600541450374861426e-06
5.473900970949699922e-05
3.819398976269055342e-05
2.879116725275772428e-05
2.099964105965493820e-05
4.283682491632611080e-06
2.465860292553046055e-07
2.631457606237255706e-07
6.488490756177318105e-05
2.940497419294098302e-02
9.871462935529888849e-01
8.923401822875143274e-01
9.592893249868880918e-04
2.445491699657833089e-06
1.368733844133636921e-04
4.037967836439444042e-02
3.599671133983549983e-03
1.727422341676633014e-05
4.225533958747062066e-06
2.805045873868373200e-05
6.041264670347436854e-06
1.623744836858554315e-06
1.697928150079693860e-06
1.261942465727966298e-06
1.265789082109715237e-07
2.261801187784939022e-08
6.355513758144154107e-08
2.317607267281058500e-06
2.049217879429453618e-03
1.023579998746208197e+00
1.446806734714608800e-01
7.694757970700197292e-04
9.664676750509351363e-03
8.453265927973879768e-01
1.197793934421841414e-02
8.382124186923687771e-06
1.333944365573773498e-06
1.499801683931507636e-06
7.661492374325656176e-08
1.602870709080617046e-08
1.928147789720402253e-07
5.388154915105566105e-06
5.553437218818343270e-06
1.940591999090429648e-06
6.343163087774802985e-07
7.518100344936905305e-07
2.770731193633839450e-04
1.096603676138931283e+00
1.676559270899599330e+00
6.141937379172832980e-03
7.985144957902408011e-03
1.764948237065168957e-01
1.649792473121318350e-03
1.131818520579668226e-06
3.058145263637915620e-07
5.287929582242818660e-08
1.406589836290237796e-08
6.341392575947586007e-08
1.728389845010561729e-05
4.330432826601985155e-03
1.374001828851654540e-02
1.176618616253967235e-02
1.516551980962758820e-03
8.884854684476868657e-05
1.911703628323475120e-03
8.567972719028756901e-01
3.417117775872107188e-01
1.524892776643149012e-03
8.676990604772887028e-03
8.268720489580845268e-01
8.603016408142869983e-03
1.655733833887337632e-06
1.492736690438969606e-07
1.446438507409948975e-07
8.955721827777698380e-06
2.378427380243243374e-03
1.256146084537877183e-01
8.324776525624997259e-01
1.090815012333574918e+00
8.737444417503259508e-01
1.499945839733292027e-02
3.604569695809479790e-05
8.049072734931281520e-05
8.394745846647957976e-02
7.676871831850671235e-01
6.535878432964166429e-03
1.704912954422694573e-03
4.650858695338771359e-02
7.455424285871528264e-03
6.185878800890700568e-06
1.494957420703994439e-07
6.230448953501912114e-05
6.876442729119239261e-02
7.881097366244550706e+00
8.909337744908081280e-01
7.603329337775188712e-02
1.038246504894358768e+00
2.105735948077573472e+00
1.575093534592896275e-03
2.677655231190064686e-07
8.446681659511274134e-08
8.719203939643850544e-05
4.152794768608409487e-02
8.627046976775142734e-03
2.052123694626103534e-04
1.368404190272724807e-03
2.956478765617507470e-02
5.583411049276592935e-04
1.179997092219522105e-06
4.379432616423548433e-03
9.175042490153227925e-01
2.007620902430501530e+01
1.667559941745531960e-01
3.174260014486804480e-03
8.421204820036881644e-01
1.898976715670385840e+00
7.063936320518969156e-05
1.361450105738904601e-08
3.087001976564947549e-09
9.665387945973164284e-08
5.685866395350048629e-05
1.095072006108349129e-02
2.018145468665449860e-02
4.029836813070603041e-02
8.731238229916231663e-01
3.144897376677951994e-02
1.078304897034488419e-05
2.790067390624772245e-04
9.876749823281894686e-03
5.067474731211038197e+00
1.739023229305720841e+00
2.576761605439650826e-02
1.166697248329921388e+00
9.945261302744069776e-02
5.241532178570942311e-07
2.196532563760949011e-09
1.192706377322411594e-08
7.572214747681854828e-08
5.898759330322390718e-06
2.149147040386508931e-02
8.412722210916212529e-01
7.033854986297341516e-02
1.189506649618604986e-02
4.613460328024552616e-04
2.993638135150658755e-06
6.406057426319643233e-07
1.834782936844830587e-06
6.269255408599638119e-03
8.873152090559923710e-01
3.920958982454504360e-01
1.553549008257645525e+00
1.194396846882686894e-02
1.129778630307657589e-07
3.289534839702540025e-09
1.525485530861099962e-07
1.005891798349927813e-06
2.461152076494538968e-06
3.685097353466411547e-04
6.729014356563299548e-02
3.506388395948945025e-02
4.007765508084018590e-04
4.350863565254355523e-06
5.027750390878300736e-07
5.973844987513340043e-08
2.348947121942931528e-08
3.719244666745473118e-05
1.934782217376730395e-01
6.411366821442575636e-01
3.047330366135677648e-01
4.647500345760167961e-02
3.476912828802435372e-05
1.999548819651152276e-07
7.668254371478609925e-07
2.902151580881082869e-06
8.163605193821035133e-07
5.772078032698516846e-06
9.031746968522836802e-03
8.907163548601703118e-01
1.400543086898871012e-02
1.309514628528837096e-05
9.819223862338376000e-07
6.951171040836360564e-07
1.164469121581695574e-06
1.295948083907826976e-03
8.907192867898600097e-01
8.221389549375821004e-02
1.551901218734237642e-02
8.236215169774142586e-01
3.493935730943735496e-02
7.514030748479914169e-06
6.062747964172915975e-07
1.490140332640323994e-06
6.080262058405103936e-07
1.061412516807142349e-06
2.772132149240883500e-04
3.318751041253958228e-02
2.923732366091195186e-03
1.602816246969558116e-05
2.901254960391709283e-06
9.457941006149332328e-06
4.701065368242267692e-05
4.876988055745517213e-03
1.670334795098461431e-02
7.694407934897659509e-05
4.683301533415953048e-05
2.919897793027331420e-02
7.594699861983540863e-03
2.459350859708847835e-06
1.245075056995060890e-07
4.834229363412359908e-07
5.966465598599067337e-07
2.996441693387257068e-07
8.431320000323474030e-07
4.501986367325395798e-06
4.338472723034218749e-06
2.684846777128346527e-06
5.618424720604816421e-06
1.440298309048311653e-05
2.204967005117742363e-05
6.100974678689864835e-05
9.248294793135608381e-06
1.011129976942222240e-07
1.838347661464913071e-07
6.242887034519190536e-05
1.564049377749962631e-04
1.591214856265792380e-06
2.398502473167027235e-07
2.467299715062267506e-06
1.069646978456689848e-05
1.653561283672415822e-06
1.641618193723161011e-07
1.323826561652698901e-07
5.179047800787707028e-07
3.187060139047551457e-06
1.464393676999671591e-05
6.662894562122158827e-06
4.152870863078270453e-06
2.916694130719899284e-06
6.116620531625547234e-07
7.927906253416455094e-08
5.522677826182920265e-07
4.290615805874173393e-04
1.424205573561987404e-02
3.362925863945335960e-04
1.684633842156145611e-05
5.623272114379143215e-04
1.341649168592941484e-02
4.433893114969281657e-04
2.501940839370666430e-06
6.267898032737368450e-07
2.584235506929169323e-06
1.314609857037385569e-05
3.351194504889764322e-05
2.627572523682631909e-06
2.061824759214232871e-06
1.929765283547630613e-06
1.247135896211812524e-06
8.661067693459093532e-07
1.254433072706188897e-05
1.429092256041098428e-02
9.333078944240160713e-01
1.152500938274409435e-02
1.807073972246236125e-04
1.241916929732191782e-02
9.428620660103438356e-01
1.525694173366148008e-02
2.101296003696295333e-05
2.871732071926331691e-06
8.407119059438568400e-06
2.390734820936868768e-05
3.770462506867564229e-05
8.146782690186335569e-06
2.097800425925725495e-05
1.098015316322284416e-05
3.015943672416700636e-06
1.615461419763689723e-06
5.535419460595501694e-06
4.689101101184071311e-04
2.021113436988504833e-02
2.208430303148783795e-03
6.534315329698679991e-05
5.653663551618902210e-04
1.219821950273367386e-02
8.869737807429959632e-04
1.179306647964811304e-05
4.188001960821470217e-06
9.911380415350240803e-06
1.832728738888449578e-05
2.498166867300442850e-05
7.441053049207919630e-04
1.488225998490030205e-02
9.879232765990055617e-04
1.039255049964702003e-05
1.080625327424830379e-06
7.498863323331943682e-07
9.928514384132399275e-06
2.141287322422187438e-03
1.768673205113294178e-02
5.178702115843919615e-04
2.232500323257102768e-05
1.576472827524343239e-05
8.901503172615256245e-06
4.195569651720987912e-06
5.968265401256650407e-06
1.096992993054277335e-05
1.369360750515977844e-05
1.729339979671137723e-05
1.602042577780827398e-02
9.393701809373081746e-01
1.529845305894780329e-02
2.025042448872046760e-05
9.850853523142332515e-07
6.627052929563400653e-07
1.054052506162530120e-05
1.175335872214614864e-02
9.333424551861663199e-01
1.404088596415430101e-02
1.759223983823421370e-05
1.404141564432688181e-06
2.171918867529010035e-06
5.801437797263857377e-06
1.301495360882952834e-05
1.735231710934149403e-05
1.639817701287219916e-05
1.859911564120014015e-05
1.050803539802148620e-03
1.559198828027736489e-02
7.204909084013460694e-04
7.466635609982737481e-06
1.394977416050416895e-06
1.493800516284915587e-06
9.549299471824074627e-06
1.025634357367591776e-03
2.003689629800907077e-02
1.004389114488453503e-03
9.376951652318352804e-06
2.177597358914738053e-06
5.117344074814133034e-06
1.494032908563961604e-05
2.795228905738483547e-05
3.153661541828702090e-05
2.791775516950940146e-05
2.887109702973650164e-05
