3.119291237636400305e-05
1.150455929258970737e-06
1.175342470611063943e-07
2.221271841921784021e-07
1.021283177561047151e-05
1.713856234911793398e-04
2.087474489776075664e-05
1.031981526670934517e-06
2.609020621570169298e-06
4.624500683136444876e-05
2.073689298499728549e-04
2.395999028788942152e-04
2.096666431149026217e-04
1.789929795515082355e-04
1.562695973824458965e-04
1.585351340630707160e-04
1.951760157184618269e-04
3.130273617999429340e-04
1.500646549197235199e-05
2.346908122051196319e-06
1.048153523881756474e-06
1.708945932069614912e-06
1.093309863351728505e-04
1.019488280167782542e-02
2.203103789778845930e-04
4.148052222408868650e-08
1.060855641088825296e-08
2.092877871723362951e-06
6.085585449671922464e-05
7.010765375890711535e-05
6.687867084480172541e-05
8.926857406552203371e-05
9.484727438504880228e-05
8.825223327729108758e-05
9.919431615532125525e-05
1.731595080084900244e-04
4.969465090199927366e-05
1.237671356239506727e-03
3.983954556298510002e-02
2.076657684715431731e-02
1.877902110334228949e-02
9.084783687797990392e-01
6.085808706361103826e-02
3.083112609087959467e-07
3.553824725086771964e-09
4.286781716776412779e-06
2.077323303638955781e-04
3.065394316655877557e-05
1.535544617478243437e-05
4.895897773102030656e-05
9.499062700675716677e-05
8.569097195465428098e-05
7.900518307437051657e-05
1.319130063541619838e-04
1.493615089571824889e-05
5.811080398329925185e-03
1.919852585382125998e+00
1.839074193732254781e+00
1.818327406536315027e-01
9.312474983113501192e-01
9.817061891133583851e-01
2.321956560864084633e-04
8.607317195778976774e-06
5.058968067992457643e-03
7.331865515517599005e-03
1.645651026131989445e-05
2.409320255763291726e-06
2.191516174021983931e-05
1.078087406584118892e-04
1.100712146197715231e-04
8.325512868071471286e-05
1.238624058250674268e-04
3.452473794965299495e-06
6.944188849522991893e-04
5.729671112188263610e-02
2.974378332226077504e-01
4.976669021622036060e-01
5.686774084121380968e-01
5.819133207515820860e-01
1.321484719673798047e-01
1.414067995426254998e-01
8.531976735544761770e-01
2.386765597447247644e-02
1.551577092920738380e-05
1.006133935007969261e-06
1.011573952679478118e-05
1.005252861501683566e-04
1.402171463218563675e-04
9.820688685020862786e-05
1.299402332068689560e-04
4.032544113247603563e-04
7.533626333966879363e-02
8.059943022961640891e-01
9.883124566691025015e-01
1.272643799669740838e+00
1.436470580811507025e+00
1.550544551767310431e+00
2.857100092188538554e+00
7.415731681971750033e-01
9.794833561510957187e-02
3.953953796416723870e-02
5.439576170962295539e-04
3.796735156164270659e-06
4.673374993897119949e-06
5.907682615436031737e-05
1.485895666033707450e-04
1.188910377053460177e-04
1.468697415940819258e-04
2.313311872259737542e-02
8.490760748425821847e-01
1.268027039143057477e+00
7.155720918189195645e-01
1.289165459291033156e-01
1.057481993535585862e-01
7.692884681348217679e-01
1.978870466272121709e+00
2.658828010917479445e-01
1.454590222966521407e-01
1.839434452065459080e+00
2.474202901246279340e-02
4.023770297687382116e-06
7.413595831691922226e-07
1.937614974425667290e-05
1.256594901457254638e-04
1.408894448981541235e-04
1.738262074128315649e-04
9.188138931675343853e-04
1.153795239786577220e-02
4.205068951934243411e-03
2.354880638732182938e-02
8.595311282750975335e-02
9.453047126651603280e-03
9.714480989291554222e-03
9.518817467900417273e-02
7.008099404082989148e-01
1.870659556299921089e+00
2.983919167318533017e+00
1.058322898566325596e-02
1.142594402528324833e-06
1.751826521518488101e-07
6.978589723867570608e-06
8.858360435803971651e-05
1.494680549570149989e-04
2.023375971898248242e-04
2.597865764092420829e-05
1.661493013511334063e-02
8.812131451133704135e-03
1.883313566759653446e-02
6.550710339516966352e-01
6.254018378573918124e-02
9.353150577206866684e-03
5.865237254442303566e-02
1.190002988815106244e+00
1.113288915248423772e+00
1.126480452750392214e+00
7.945942861769894616e-02
3.329672572418546610e-05
8.828799933307538751e-07
5.991648196654874492e-06
5.372313020227491970e-05
1.255561701677980133e-04
2.129077069475437446e-04
2.617075571575939191e-05
8.588730746096182034e-02
5.337815451991269056e-01
7.488181493624865848e-01
2.711440009003585061e+00
5.983893536067668162e-01
3.962494062460743538e-01
2.881799403348363486e-01
4.995152760739641207e-01
1.871124752141805903e-01
7.368628785275331827e-01
7.655559432332332825e-01
1.926554902940413004e-03
3.038558369950653283e-05
1.965012410842678932e-05
3.932334965125585465e-05
8.990337471430207743e-05
2.057939033759368676e-04
3.849341159974601972e-04
2.455209935298731036e-02
2.106749274583008535e-01
2.454819554510092150e+00
2.859499536502380757e+00
8.124688654971075064e-01
1.193615372651986473e+00
2.086668766101061334e-01
8.676568002078045849e-02
1.969696568353811530e-02
7.773729383813741955e-02
4.080964482959423267e-01
5.854311295735389192e-02
4.051175043808941459e-03
1.583409325730723459e-04
3.153862872628566960e-05
6.135989076893667328e-05
2.043033015043128886e-04
1.061458482163365157e-03
7.923674063274989132e-01
3.435543363632087566e+00
1.893633955107191236e+00
3.678500208457794241e+00
2.107390715877593745e+00
5.093552838803323546e-01
1.665634583728006768e-01
5.739375141090640176e-01
4.052128172948830098e-01
6.465431047977407975e-01
1.815583898419678599e+00
6.951597434629004368e-01
1.795763450422533519e-02
7.390345350355427654e-05
9.104242019745210343e-06
3.793163822810256266e-05
2.148811856210552744e-04
1.472008062528704911e-06
1.220145397874766058e+00
1.210941111625702860e+02
2.773717125982329446e+00
8.568039943246361645e+00
1.142321208685283018e+01
2.323522658529194318e-01
1.532068607027025318e-02
1.099823972655111504e-01
1.799273611231913206e+00
3.127403828466995606e+00
1.225538626085751259e+00
3.572292155637648570e-01
6.086551834234009938e-03
1.975934566481215077e-05
4.567752201414521255e-06
3.444045187205573976e-05
2.346488123856705417e-04
6.836420317947647756e-07
7.188076245539337661e-02
5.554936394710816572e+00
5.026784781735985641e-01
1.398482291133023470e+00
3.396210631752571985e+00
8.893187840314809023e-01
9.377531532914266249e-03
8.891173843099423003e-04
6.752746479330618001e-02
2.110037445428083913e+00
1.702875594365248935e+00
6.557941240791608228e-01
1.047404142858703729e-02
3.998792268532461739e-05
9.820482690796274424e-06
5.210075262885263843e-05
2.553259137697203572e-04
6.578488545512103762e-03
8.224466410225892421e-01
1.593625427424869567e+00
2.407637515586339649e+00
3.585966289484567415e+00
8.841974104393464096e-01
8.279209255482538055e-01
1.483929558805861110e-02
1.637152481680352351e-04
4.549503457886752700e-03
5.507519888726315482e-01
1.598394163820616720e+00
8.066649105195457248e-02
1.430095413263148950e-04
2.384167185605078250e-06
5.565911812872965295e-06
5.830833153977481889e-05
2.585914863388217720e-04
3.242586523779997666e-03
6.760398441628716337e-02
4.109847348740821582e-01
2.749712435755247153e+00
3.952936604489108774e+00
4.282195136372483613e-01
7.761865676331916597e-02
4.613131726281328830e-03
1.047064479748964841e-03
3.114900902005147965e-02
5.947000313658322712e-01
2.211541473210044018e+00
1.905636963602932166e-01
1.336459652986839478e-04
1.725602699774757945e-06
6.129092694542942479e-06
6.997363668791112214e-05
2.716917889894567874e-04
9.502636221482558560e-07
8.923438850408206644e-04
6.969995784845742781e-01
1.988302227204512107e+00
6.588033413762163226e-01
1.055358495345898318e-01
7.268819849014963863e-02
5.026319653288262301e-02
3.916472721943092816e-02
1.665777488080427249e+00
1.781498813445119289e+00
4.873400740428230904e-01
7.585918849134741793e-01
1.058913680225699247e-02
6.703593168244310668e-05
3.451499231341295339e-05
1.248163707855355544e-04
3.198489275516707428e-04
9.111120454345254044e-08
1.382670178391688046e-03
1.143286799506972429e+00
1.427373739678493014e-01
1.866493336171095099e-02
4.384350149528735280e-03
5.839968810562068402e-02
6.775487705235244684e-01
8.895409371159737622e-02
1.513505066691003487e+00
7.224299087628943683e-01
6.053567772756954929e-02
5.652180607965788528e-02
4.243787727417880329e-04
6.672891345068898018e-06
1.779663023049061479e-05
1.337826655416438375e-04
3.622338997127045658e-04
9.081818213695637580e-06
7.674702333787668251e-02
8.062713695311995998e-01
5.240751982434743023e-03
6.269237623351393493e-03
8.077611898870558013e-03
5.546035170174046236e-02
1.041082379260733992e+00
2.919948691613850622e-01
2.131897860459238014e+00
6.933068667977583255e-01
5.796136237834641491e-01
9.078409923690819450e-02
4.122705017184720335e-06
5.230662153727638137e-08
2.582622782618397057e-06
9.814596719672961066e-05
3.632708232024864934e-04
7.817072591670016363e-04
9.370485895808993160e-01
1.073624334235752986e+00
4.847312895630417375e-03
4.276556064086017850e-02
6.470036403109226120e-01
4.988324310639321579e-01
1.267083340811781866e+00
1.547254986256959342e+00
9.189012358182571116e-01
9.678778222362918737e-03
1.557655001462053372e-02
1.083761656259675174e-02
1.637211153339841564e-06
6.219559198354683384e-08
3.879030081432675232e-06
1.081750447000274525e-04
3.339764652857042681e-04
1.243172456775875766e-04
3.543567667807746152e-02
9.638589272440772904e-01
3.491850883825352997e-02
3.755202987920122637e-02
2.132994832099146976e+00
1.834370315143134089e+00
3.501088507295657126e-01
6.985574694662217698e-01
5.699830919669670454e-02
1.832297935245022280e-05
3.693590738999583322e-06
2.793325776216874819e-05
3.085199824111545678e-06
2.183095577865907651e-06
2.868313949007406940e-05
1.498035917515215109e-04
2.854251965546240975e-04
3.230065204699238176e-06
4.396687226297600593e-04
1.020074936916699260e+00
8.843848016758776298e-01
4.607004609122410110e-02
9.406989106732361883e-01
9.312544461573288856e-01
1.284461539004232850e-02
1.715980989440797980e-02
4.913657270655510251e-03
5.247159340855565770e-06
4.247770957836955488e-07
4.189853816014145952e-06
1.672838953294422017e-05
4.214423620019337811e-05
1.062361195617715252e-04
1.517494229089252867e-04
2.259783759858837815e-04
1.922964557922159392e-06
1.686308636230144953e-05
7.222706414112511387e-03
2.162957099734050606e-02
2.677709794016407217e-03
2.586926856549632073e-02
1.404647835127121117e-02
7.861230816999168055e-05
5.276538904274460077e-05
1.546825104920841049e-04
1.639035279333963394e-05
6.260416419581381999e-06
2.576802412493066165e-05
8.420131848264114085e-05
1.267997351012698708e-04
1.210764515008517519e-04
1.119635586931669779e-04
1.780436916442106976e-04
1.137071868845652986e-05
3.644263266784780193e-06
9.214408864654325537e-06
2.543051041062330798e-05
2.311836425970614848e-04
5.791524876611904744e-03
7.330384658776643381e-04
3.584185049888521682e-06
1.992222815121732639e-06
1.997642026130500088e-05
5.018243290663701933e-05
7.252615129623753154e-05
1.285581373093712008e-04
1.661017148622153630e-04
1.430407644307381504e-04
1.062727114116761659e-04
1.026463911927906643e-04
1.835533808128975012e-04
1.068577827078294142e-04
1.525148836299097723e-05
4.768645013281033763e-06
3.296149175593372858e-05
1.454588622477720819e-02
9.552918848932657747e-01
1.689749491088810354e-02
2.505738558080261518e-05
6.320832833500507210e-06
4.373060379252342866e-05
1.783766647321848790e-04
2.833064336546774762e-04
3.041800555271185254e-04
2.636142669565197296e-04
2.057457646380919279e-04
1.691153189422055279e-04
1.838519728808552618e-04
3.143283147479515550e-04
