1.411318214612476175e-04
5.513600950160149790e-03
2.106621675914234493e-02
4.869234670173484722e-05
1.121402788613312534e-08
6.500808078771447511e-09
1.259813595421157306e-05
1.509754530870809942e-02
2.107714409597338107e-02
1.269193554751231283e-04
8.617487339421089085e-07
8.921958363880634511e-08
2.177598569594945104e-07
6.521220526014686334e-06
1.489694304235517162e-04
4.583578850176397426e-04
4.390826895806721137e-04
5.343348661604108889e-04
4.237560164896208258e-04
1.448450338476348423e-02
8.683133481856935010e-01
1.008351958393880615e-01
1.211355302161238036e-06
1.143070226131627263e-08
1.413249731886814873e-04
9.762210195719841499e-01
9.297831824879760898e-01
2.074780108307150081e-02
4.220190416350197990e-04
2.194014493249507990e-06
4.105961061640238607e-08
9.773113834077011726e-08
3.293225328673630958e-06
4.599408695838426680e-05
1.334731859436152153e-04
2.676882619934971850e-04
1.000315300222354674e-02
1.839539099648962103e-02
1.070041485689324501e-01
8.109007273616084532e-01
3.283288316641970548e-04
1.873049491382783043e-06
2.557651234237030575e-03
4.528058547886668062e-02
2.552969940502520900e-03
3.711343179933477426e-02
1.979097739434934278e+00
6.475100421514209947e-02
3.042555388545507695e-05
2.834631737476518362e-07
3.543189672981006170e-07
5.320979694673675578e-06
5.207758920192450362e-05
2.129915220927483413e-04
1.690936716469543938e-02
1.764450470178797081e+00
1.385817591794000547e+00
1.815727444039609173e+00
2.278368428969629600e-01
4.912549721557635946e-02
9.006968176009483296e-01
1.517141834408170312e-02
7.204172319634330240e-05
3.164960890350453169e-03
9.029323963025730482e-01
2.842344882551324226e+00
6.093783797091754245e-02
1.604355898790435649e-04
6.459353993444837794e-06
1.059366468058244833e-05
5.967371045662097246e-05
2.777648437653508886e-04
1.024846478666852262e-06
2.076963492569158520e-01
4.414143110822591254e+00
4.074030977305604373e-01
1.444296630284016114e+00
2.212623539530619521e+00
1.819898222224991535e+00
1.083328580216194326e-01
1.990739195410547516e-02
4.020398369079200562e-02
3.780844610706743381e-02
4.357341880079406704e-01
7.125949760746718153e-01
6.863490837053656812e-02
6.562244931984997920e-03
3.675751046596556471e-04
1.023185651451355964e-04
2.970306145783022512e-04
2.135242293324184345e-10
1.905651020977847240e-04
2.097875571343828793e-01
7.133036371288334343e-02
2.021531912309509349e-01
2.942595005649535633e-02
1.812488960119514741e-02
1.106849328807789357e-01
7.078737256420913893e-01
9.308209260543409691e-01
1.035930411527583306e-01
3.731325960810109588e-01
3.519345219022862459e-01
9.573028753879403441e-01
9.594881694281570672e-01
1.011930815376622635e-03
1.153991629366485729e-05
6.689343660674879977e-05
6.987958585439080429e-09
6.608768404991024114e-04
8.148087208447052365e-01
9.924437411900026706e-01
7.376288058304111273e-01
1.459161563222563171e-02
3.695152222737445313e-02
7.520903842318749088e-01
6.090275516084279195e-01
8.391517816126522478e-01
1.858243995941001592e-01
1.924646693901495287e-01
1.036103715327788138e-01
1.773900207790356065e+00
2.099189342178280793e+00
7.752582527676912414e-05
1.799856291324983053e-07
5.303107009983365872e-06
6.466555138215939776e-07
5.093627440487850933e-03
6.832771157500228121e-02
1.076215855088163108e-02
9.291079832858470389e-02
4.131839604341065036e-02
1.357142809655870197e-01
6.625851076306105147e-01
1.488442654705404433e-01
1.246523062005593374e+00
1.636634116960595353e+00
3.539138967925007928e-01
9.954614263937214269e-02
2.089637859215803584e+00
3.991328074888433441e+00
2.031200707241108600e-04
1.545342623014920570e-07
2.196578358354782204e-06
1.224332312627079430e-06
1.011528996760350206e-02
2.301423019094745587e-02
1.799592860381454482e-03
1.999421761689098853e-01
6.411161806835189436e-01
2.283684326708431134e-01
1.015510339469140044e-01
2.650127044545179042e-02
5.803404535448902779e-01
1.521897311162855759e+00
3.373311538107944818e-01
1.556528132838497780e-01
8.347725436911626051e-01
8.948779172956216499e+00
3.364824293390191595e-02
1.002959395671114278e-05
5.662079464152031836e-06
1.695377464821934822e-05
4.379074408885876707e-02
6.612418672351665361e-01
3.366018801367761659e-01
1.333267243997909635e+00
5.938639287747070616e-01
5.672153286394939764e-01
1.066060946849732183e+00
8.509935011267942828e-01
7.915873942176966382e-01
5.401308155731786992e-02
8.970425628891359748e-02
6.173460149767773242e-01
2.541547493072829345e-01
6.006250605424391154e+00
9.837461982398502114e-01
7.702281191799107308e-05
3.030873047576065224e-06
4.762369770450103693e-03
1.332483754438979207e-01
2.020337532083962273e+00
2.187985088878618534e+00
1.172334397384370841e-01
1.971664907406439626e-02
4.290261184069406319e-02
4.824845818690731702e-02
4.085773192700442591e-02
2.940218718275430451e-02
4.011631077847494821e-03
6.139457583713685968e-02
9.592630800840152849e-01
9.042232165618351025e-02
4.926036167831572499e+00
2.980060805334009633e+00
4.708483609515490070e-05
5.689724662856092832e-07
5.025841073173518969e-03
5.376425147755615752e-01
2.368153431653906082e+01
8.875605579735486472e+00
7.025201999654505647e-01
4.306410020801583194e-01
1.825883628833628869e-01
1.586356122086991088e-02
9.192757214527252484e-04
6.976601120099669602e-03
1.434369360313041686e-01
8.162266851153914260e-01
1.137375180507297801e+00
5.216875823412375074e-02
2.669329356153184118e+00
8.258955398306488505e+00
4.523590936021386778e-04
2.798079356754204508e-06
3.221638622849066840e-05
5.066456763444030509e-01
5.622319074081895707e+01
4.148798485704495498e+00
1.465670640661230983e+00
2.336549705056326087e-01
1.097731180179772614e-01
7.334545812529894571e-01
3.747071905884589299e-02
9.103799509872773088e-02
1.484056738560036948e+00
5.429653437123168613e-01
4.977305369672841429e-01
1.252804031923501760e-01
3.520417780179041944e+00
5.582352766145498357e+00
6.381399928183766881e-04
5.348061410843261188e-06
4.741321203407279357e-04
7.630216645873862946e-01
3.246309150748773131e+00
4.523427884288894751e-01
4.865760633910468785e-02
1.068515252083775150e-05
9.187943651061232647e-07
2.710029893053073416e-03
7.000720235651460011e-02
1.163179362086916302e-01
7.836467146386759397e-02
3.015213561651560251e-02
5.667634713105758337e-02
7.535947551544544543e-02
4.269218197364529566e+00
4.690445529086795795e-01
1.257859158270648424e-05
4.336634727423348327e-07
7.929279283308139983e-03
1.701870872674256241e-02
3.380300251968632735e-02
3.647875876776786597e-01
4.689208643234953414e-03
7.431284556465141312e-09
3.202049570801805703e-11
3.327367086573768406e-07
2.237297183707201084e-02
7.283175519133929798e-01
1.644849685732808209e-01
7.948643969449957769e-01
9.925415245183935031e-01
1.760349395392367955e-01
6.481812996250813086e+00
7.335603774642242003e-01
4.994984878863893501e-05
2.374384425132723943e-06
1.670949859173550024e-05
2.373130987524415094e-06
5.927429751239502798e-04
6.003850901351457381e-01
7.723096006463210650e-03
1.701785900775976939e-07
4.669679612103029643e-10
1.134614058165824828e-07
7.584853705269932640e-03
5.555946626370050073e-02
1.885934105164519372e-03
4.540374088945936526e-02
9.903839934841368597e-01
7.414827249269109188e-01
2.635456580804180327e+00
1.004781640996173370e-01
1.010848545786803050e-04
2.043853322867544430e-05
8.818396212986760086e-07
3.956201506289624685e-07
4.639791004706232463e-04
2.853903496887158497e-01
6.827926026643550694e-02
4.921666156029972684e-03
7.874478999110698547e-05
1.921687131891444537e-04
4.427137857936458420e-02
1.403712484155644714e-03
3.357580711974048778e-06
1.630340279213671409e-05
4.774602689581274213e-03
3.617031320570065489e-01
2.314834520474078616e-01
3.386284160910249682e-04
1.233073603334144290e-06
3.951413949027977150e-06
8.992562268980138027e-04
7.075762780669991522e-03
1.824206561014425632e-01
5.339550196885339828e-01
1.887360518580937230e-01
7.600323047426958967e-01
6.396157037140363932e-02
6.891863718529397942e-02
7.969093377360066954e-01
1.800516068790089172e-02
5.984800363334541245e-04
5.007813623223617309e-04
1.824563486783827015e-02
2.539591075846112211e+00
1.878601764571934840e+00
2.057052844948232661e-03
4.336700212591132273e-06
6.482213059713632458e-06
3.634470330415127265e-02
8.644313385091239033e-01
1.815730880236492206e+00
3.038210671914728378e-01
1.636940851858880233e-02
1.159517322327626061e-02
4.905754612325946909e-03
7.799113914147325077e-02
8.596087791628019836e-01
4.520147665726459985e-01
6.113215208691487046e-01
2.280085824923409610e-01
8.798055255985388623e-01
4.541573792678845756e+00
9.537093921671918606e-01
1.485490380203185155e-02
1.525214848405677035e-04
6.501483058153250457e-05
5.272070217093799763e-04
1.703794362946826554e-02
4.770639076572124604e-01
5.464611677439003001e-01
7.496897963447887725e-02
3.211521725106207537e-02
2.542565154217868439e-02
8.747967424249346591e-01
2.181562228145209836e+00
6.415085030934445376e-01
1.506732430766474229e-01
2.446909415166520496e-02
8.066197547901358123e-01
1.753612070417915447e+00
1.675341011363504912e-02
4.615496932569788501e-04
9.331655691147663684e-05
1.433137019945457738e-04
1.722217087963579814e-05
2.185113746308389466e-03
1.538261960817171481e+00
3.226701143842448882e+00
1.182654126097138381e+00
1.582666321820349831e+00
3.760993473400661147e-01
7.147588589052167318e-01
1.408334912040137277e-01
3.904886657078789763e-02
3.222305499980099297e-02
1.197802011446846317e-02
1.867910497468930620e-01
8.011504371108982281e-02
2.040259042538693592e-04
9.821446788466491959e-06
2.140313000686396589e-05
1.570639872910249051e-04
4.909847146290908078e-06
8.015635591671899096e-04
2.394241086361232895e+00
2.808659269839173689e+00
6.384758199251781841e-02
1.388164339637384254e-02
4.122881942695728018e-03
4.671945335788048673e-03
8.800883497490489572e-04
4.579006829960711317e-03
9.176626030009993329e-01
3.975688229239251914e+00
8.656384051069576646e-01
4.810561741244871563e-03
9.762117928944063022e-06
2.160653279304742070e-06
1.738204503329083804e-05
1.977626849966845186e-04
4.687961502525696759e-06
5.723942407858833605e-04
1.749355618100887799e+00
1.010908611419772729e+00
7.215466867175773270e-04
3.520875760190010439e-05
6.877411745740346586e-04
1.687007014576313163e-02
1.831565895144530390e-03
5.948814952041440876e-04
1.172916956955503791e-02
4.915778097804210378e-02
2.161418230988707001e-02
8.196149435344603912e-04
1.842821430040550242e-05
8.662268176527188035e-06
4.037356999215313465e-05
2.493463850168477843e-04
8.087811953896549159e-06
5.529098359744603116e-04
1.477383233547470143e-01
1.332678459664684949e-02
1.138289116770054764e-05
7.034521249934008460e-06
8.252976821955320189e-03
9.368408092795289521e-01
1.415597523086459600e-02
1.628370773621705023e-05
4.221155685443382994e-07
2.093074544225677854e-07
2.235213394907095516e-06
3.056191302095105346e-05
5.930660023059685163e-05
6.668168474462831579e-05
1.196943851854884953e-04
3.322068657308520074e-04
1.036965068626094516e-04
1.706255909981375246e-02
9.133911677955478536e-01
1.272079872575494590e-02
1.297643433648517963e-05
8.559308785070255816e-06
1.376416941704194105e-03
2.303998910341282028e-02
8.013626845737816841e-04
3.074643374231841565e-06
6.374925323114315677e-08
2.560900662591762331e-08
3.963155843991809124e-07
2.061233759360544675e-05
1.884133797166184321e-04
3.151303984410347772e-04
3.572801945790268492e-04
5.950684052040607639e-04
