2.014328612716630856e-02
9.116681292541723991e-01
4.220609730940258153e+00
2.574459007886574557e+00
1.448978340764519146e+00
7.613663422299665751e-01
5.672432588955780841e-02
2.660344915665321247e-02
2.406819717540822044e-03
4.776173883151646349e-06
1.057359486100414513e-07
1.736693206698114343e-07
8.275144861222280689e-07
3.064655105202449926e-06
2.061077560652528823e-05
1.172463518322266237e-04
2.459252513877922841e-04
3.328057336237799798e-04
2.974577393301896643e-03
1.017562471703384652e+00
2.870420993725144587e+00
4.241022393768101861e-01
6.042370216120782622e-01
1.850986761726850283e+00
1.452349305222234932e+00
1.640207474559910450e+00
1.013763091343945932e+00
1.003181289737499204e-01
4.201673886917846844e-03
3.368656624510320665e-04
5.181345394330215767e-06
8.697647710080682764e-08
2.297929560100959421e-07
8.741278667843513812e-06
8.167798302514176726e-05
1.936668789262852399e-04
2.985929895132668265e-05
2.202025857802390046e-02
9.785511661705309505e-01
7.338815659025064164e-01
3.072333317245905526e-01
3.023979769256041616e-01
4.601276616345518211e-01
1.734521301112059988e-01
3.894214462397317944e-01
1.502261209262031549e+00
1.049662294679107655e+00
1.030171731542915747e+00
1.301296620101901865e-03
2.216897844486030211e-08
1.755201909186003744e-09
2.408192954693821881e-07
1.900983758555928395e-05
1.281878935722687615e-04
4.676734473416877591e-07
4.582328424222014546e-05
5.751593336566452816e-03
2.003306274545568755e-01
1.654885067963194123e+00
1.920018325796373437e+00
1.218314666396629331e+00
1.984605666506327193e-01
3.864196761318809958e-01
5.394396067483528956e-01
2.703711910657036754e-01
5.609057219608259537e+00
1.341505618470734407e-01
3.640974271773045049e-07
5.386343445734923892e-10
2.212710336474270364e-08
5.123294678865028270e-06
9.405045204889375600e-05
1.114527563805244381e-06
2.324043861066414976e-04
5.837604195186603569e-03
7.465723806710117608e-03
2.955357510869326132e-02
1.700640567081719290e-01
7.742454660399067379e-01
8.529269801779273408e-01
2.412316297602168813e+00
2.612690489347740730e+00
5.268495675802843392e-01
2.569488361019025557e+00
1.813744474568079079e+00
6.797334206313516546e-04
4.340318294919644584e-07
2.939549422438120700e-07
5.663286559507789161e-06
7.096228658616920005e-05
1.828711950382526835e-05
4.029195046272832786e-02
8.674251525058720436e-01
4.356766893699534626e-02
8.799699782749326529e-03
3.849478410004561913e-03
6.724033326111431182e-03
1.500663720703603599e-01
2.836810068992196676e+00
5.207785242959810823e+00
1.494307741659856692e+00
5.849401588800015039e-01
1.904961050062421668e+00
1.160837457010538420e+00
1.577264204156925143e-02
1.136858707060808778e-04
1.015154979340758274e-05
2.451933844004835258e-05
1.398749119445406000e-05
1.229027116283223225e-03
1.472497537915839518e-02
7.198896389184772371e-02
8.640855289982525278e-01
2.385327702956194576e-02
3.290499456181956040e-04
1.057369616570543423e-02
8.626338229747863018e-01
2.985829392556027972e+00
1.527303763985354834e+00
1.680460725002876632e-01
4.628011723560616075e-01
3.627743523975585749e+00
9.279588640246030362e-01
1.907239370306900187e-03
2.632477822800516875e-06
1.705810575219121250e-06
5.272956554381291784e-06
1.376581029405381693e-06
7.578157766374581720e-07
5.401091168074271224e-05
2.470443143793055532e-02
2.165136824316649024e-03
1.032141833966989518e-05
6.396271904934981527e-05
1.066301602902136950e-02
1.241480100533634667e+00
2.136090946599372042e+00
1.800452173481827123e-01
2.992127878412960684e-01
4.215903081244301576e-01
1.185289172128602520e+00
1.204181429126903631e-02
4.979977403508868858e-07
5.865023237783273125e-08
8.229449730116925396e-06
2.108368800399313421e-07
1.012384984077797955e-08
2.409384717167430651e-08
3.991379576466748871e-07
1.731438764303294561e-07
5.247233802091572187e-08
1.110422807660550205e-06
5.780768655789255512e-04
9.043074126419202718e-01
1.660857348824071655e+00
1.398125623156034614e-01
1.930942006721725057e-01
8.388016761787896181e-02
2.434417628881405005e+00
5.196547295797594029e-02
7.053324710989463328e-08
2.372805198392010022e-09
4.759511375122252469e-06
2.478690064941223901e-07
9.560698811594521483e-09
2.907956049313285862e-10
4.477963849138636872e-11
1.261663843101824373e-10
2.570427119328099734e-08
1.588668923048917929e-05
5.426745160445452460e-04
2.812129361277748360e-02
1.061373516472085693e-01
2.142241233395907329e-01
6.163134329057879945e-01
6.398343436493952874e-02
1.472045848601288398e+00
2.402467291512207920e-02
1.308670085848562049e-08
4.983594723365770293e-10
8.895198261006430167e-07
1.567305727849580963e-06
4.500475903896495315e-07
4.585719273202999272e-10
1.369448721467581636e-11
2.203565839324426445e-09
3.394266812006608875e-05
2.994865822301417610e-02
8.366160486368319840e-03
1.225472331806596454e-02
1.156131766422403701e-01
6.044810752552013389e-01
2.223195093003426326e+00
1.386629532161512690e-01
1.384245409593645171e+00
3.270228836349901858e-02
2.887519217851383192e-08
8.040960119404336312e-10
8.332641539695441021e-07
1.158933693276636414e-03
3.559825966028717925e-02
1.295432472465184109e-05
8.571705574679576991e-07
7.144069355204998297e-04
1.590336812364232522e-01
7.056017988368906702e-01
2.995887947745209251e-02
1.137725845649740219e-01
1.440207820459760146e+00
8.474035322609826393e-01
1.544896893611023669e+00
1.114862620415963124e-01
4.081785782019149433e-01
8.507573063077327261e-03
1.256614699710714628e-08
3.655451784315524708e-10
1.435860624406169644e-06
3.831718400882686698e-02
4.289774238648546145e+01
8.896194730463021783e-01
3.431107986973343515e-01
3.584855245427514880e+00
1.045318267299257364e+00
2.589613972359229854e-01
1.079153544327004881e-02
3.098708465849605090e-02
1.256525422171796968e+00
1.646495267130370088e+00
8.805214120196360739e-01
1.281456191347007112e-01
5.930192008145011018e-01
7.936738428747798155e-03
1.862433645439466907e-08
3.317676742895646256e-10
3.686777956274112124e-07
2.459475638405692543e-05
5.627470109873352472e-03
1.431525240132486276e-01
7.037851276255807642e-01
2.003196118581014595e-01
2.193572681093814425e-01
5.647594570829848060e-01
1.797056043052862664e-02
7.161554787442745221e-03
5.645658160803344039e-01
3.658174566355953949e+00
7.148427858460746354e-01
5.077203150341313975e-01
2.843118295693910724e+00
1.915818520411174397e-01
2.561628655992369188e-05
1.042070053699613130e-07
1.605744059011661934e-07
8.081585803924101308e-09
1.398496374451815962e-07
7.659763641644005928e-04
3.763182249105793270e-02
3.650142070612606010e-02
8.169624827344844631e-01
2.595991936524418287e-01
1.226570946321119127e-02
3.367534798331661000e-02
5.880196244197726241e-01
1.937727009575615833e+00
7.564881853706891812e-01
9.523875566134952786e-01
1.563408413831154142e+00
1.642090162616942850e+00
3.359879511634763366e-02
5.238407148289996078e-05
1.196021257932562939e-06
2.407092699739455726e-08
1.154855392787574960e-06
4.275121904796062161e-02
8.341596588073044716e-01
2.796579531305813382e-01
1.662302059213421224e+00
1.181902585486430263e-01
6.520205043580160065e-02
6.164810245374010567e-01
8.792380522003707677e-01
1.499307745203059428e+00
9.666828237697983051e-01
3.339478895552344118e-01
9.706861880781154639e-01
1.080321172934319174e+00
2.618942726624438975e-03
4.381346550461135291e-06
1.496192796764608896e-05
2.293651366273575264e-06
3.131166682918125701e-04
1.994862033792065947e+00
9.838407169215026560e-01
2.439638938998444154e-03
4.390305952062831946e-03
1.744521484703222269e-01
7.386774462742797809e-01
3.728864189368980009e-01
1.013567990519819162e+00
3.855407124730699131e+00
1.477022615471145661e+00
2.493769046070918871e-01
1.650418781105620569e+00
8.235723835335796716e-02
1.218411476629054918e-06
9.423586708655647199e-09
2.239499966930561314e-05
4.381544450844818367e-06
6.136396586152071558e-05
5.575783623779195786e-03
3.208977252727082110e-04
1.924067375568239309e-07
1.068867328313807824e-06
2.113840835325625500e-02
7.562294950910295466e-01
3.991731706009272185e-01
2.440947970510742859e+00
4.805824459320367503e-01
1.326363617306612896e-01
9.525656440634987232e-02
4.583325974675950959e-02
1.733932403774254957e-04
1.651806710090266180e-08
4.928403434886790572e-09
4.586136763512775609e-06
4.811096291055196876e-07
4.341276467159494844e-07
7.385572503932030115e-07
4.787557467516700547e-08
7.226469217575536733e-10
1.082325514316804547e-08
1.471877654838305775e-04
4.906887518402370391e-02
9.638678001038475385e-01
4.827023343802621547e+00
2.411557738287454233e-01
5.855878966345159364e-01
1.011905127770227564e+00
3.393569436248662988e-03
2.601807059603563598e-06
4.508453355676463913e-08
2.739184361574979926e-07
1.242886576300225112e-06
1.596598066106619282e-06
2.943631295355549479e-06
2.334740889774446197e-07
9.286413003205839911e-09
1.436370612059055971e-08
1.081944928872779461e-06
5.891895774505855575e-04
7.208653231920930660e-02
8.504768690769444195e-01
1.503148193369262531e+00
5.086644063129486248e-01
2.381773765886122884e+00
1.928720685783950506e+00
3.817241185475527595e-03
8.668320081149533479e-06
2.014689568434920731e-06
1.435554968199385694e-05
1.856656072270597217e-06
7.412349913931117135e-04
3.967295169189948012e-02
2.517052730245653209e-04
2.148970131721787960e-06
1.675451341858231070e-04
6.079447671179343676e-02
9.248543992749147513e-01
4.011139077251296925e+00
1.069063985263363659e+00
4.992355863640201563e-01
1.460518966071646885e+00
7.887419474638117656e-01
2.960741827855676786e-02
3.422974186472659214e-04
2.124863079667171624e-05
2.116728764200114226e-05
8.322061316718826738e-05
7.942223083439504158e-06
2.506085384039674624e-02
1.860752203158427598e+00
1.731813629150346853e-02
3.357197081468630911e-04
2.888363855882685946e-02
7.928738025547317214e-01
2.560863025215396882e-01
6.425016231417403079e-01
2.942291512269122888e-01
2.000928812287964542e-01
4.736150698295955586e+00
1.066596617968297078e+00
1.184878013986111634e-03
1.072700702693385195e-05
6.590724993725819765e-06
2.402706915495067888e-05
9.344647321470833060e-05
3.486449539508565182e-04
3.810998481982160596e-02
5.129918683014256242e-02
2.699519527364421453e-02
1.725098001293667513e-02
2.500062065460733132e-02
2.514729673383865605e-02
1.387623542997456529e-02
2.489640967771540314e-01
6.654883166932195060e-01
4.397026597266721903e-02
3.203726610811097331e-02
4.752284941117722664e-03
2.035393644667945036e-05
1.242032776794098070e-06
3.551332663073329121e-06
2.110414159703179519e-05
7.907336996673543607e-05
3.013769104769811399e-02
8.399537275117392454e-01
1.381852765141954043e-01
9.091613495989476768e-01
9.400291121678451267e-01
1.580118263072842477e-02
2.978119776814796074e-02
8.461194748036038327e-01
1.983132463854769822e+00
7.307982566122575574e-02
1.069818603043708172e-04
2.420798451010497455e-06
1.233517112271026141e-06
8.276432859907249100e-07
1.817821223508074711e-06
1.074702274644795836e-05
4.208476598300356662e-05
1.092963607431630892e-04
8.273512202721858624e-03
1.035736643306789162e+00
9.584137773947812855e-01
1.018454122413297691e+00
2.962225105666708297e-02
8.713559514097695790e-05
5.191185933811374650e-04
4.183916453673320462e-02
3.954798579876756676e-03
7.434290913264505186e-06
6.286200680672036556e-08
2.878193345828025201e-08
2.580733756015108071e-07
3.119373164601538026e-06
2.126853062243031314e-05
7.496119094275766103e-05
1.446206770896883069e-04
2.439489355256478783e-04
