1.048633960721329084e-03
9.514864230599974215e-01
2.000124902101128921e+00
3.727205505805789021e-02
1.500683472591933954e-03
6.115658605501091214e-05
5.696338369627292514e-05
1.084899798489645691e-02
9.905502621916894013e-01
2.757435294864521175e-03
3.421982886029543855e-07
3.041565216614900446e-06
1.771252007588783079e-04
3.297960877125216922e-05
1.444504670074686302e-05
5.272293582188160364e-05
1.501231759422681322e-04
3.223754153227484853e-04
1.558895565634134232e-04
1.429517267616757514e-01
8.934531941810892608e-01
9.900183025478548338e-01
9.466658524617020953e-01
4.859548853525817724e-02
5.985671685594264220e-03
6.807967407713721997e-03
8.452524202521398689e-01
1.146036599018602997e+00
1.444477540440226642e-03
5.967436512130484295e-03
2.856678810278972906e-03
2.498262808731435026e-06
8.737905994773783394e-07
1.121235306805060260e-05
4.427503125960160222e-05
1.304537515996917105e-04
1.499573822101135830e-02
1.856941930136964292e+00
2.026996882576879155e+00
2.289178303151446769e+00
7.537820699218924503e-01
1.355451859794851444e-01
7.854510949631334782e-01
1.460075424561093627e-01
3.603771723770295421e-01
4.465699771283518693e+00
2.197192682916560835e-01
8.438085792574657740e-01
1.199371643920736467e-02
5.673734322107500530e-06
1.212732922489662847e-05
4.191388731583404553e-05
2.148064751124043780e-05
5.247927443495988166e-05
3.349450554282965790e-03
2.069294782068879096e-02
7.185862821234438591e-02
5.995977975871807919e-01
2.185548959536781355e-01
6.080947777449886155e-02
1.164574167413286787e+00
5.345863961431064348e-01
1.413426649040816219e-01
8.648508507510510590e-01
5.834245738831789208e-01
3.582412325196524527e+00
2.639375459026169213e-01
7.697340608663848921e-03
9.265940926429537539e-03
2.616453534773810117e-04
8.181719795129250314e-06
2.076221241825100717e-05
3.834130141261175222e-06
4.251971130166031374e-06
5.874431724135840537e-04
2.410894584650684347e-01
1.984902372593498443e+00
6.738434615250462612e-01
1.931520503091445073e-01
9.817980903742300203e-02
1.731372607947243292e-01
8.774054633677422776e-01
7.400685430619624583e-01
3.884029595182043160e+00
5.334901731548092663e+00
5.417274414053763198e-01
2.542964181790411532e-02
1.666916278468982035e-04
8.919955277337875105e-06
2.705800786987558264e-05
1.183952316323162598e-06
5.974510762269117620e-06
1.052598462775762231e-02
7.997463078474270626e-01
1.230714957101789048e-01
1.274507248075777005e-02
2.943307782201689399e-02
8.457765145522453398e-01
9.386477849499782478e-01
5.836468689965207401e-02
3.352713731688101301e-02
5.436619650795496694e-01
2.225985283436876738e+00
6.652293686988023369e-01
8.845268212044360423e-02
2.828163040700089857e-03
1.621473864849685043e-04
1.368586808662385621e-04
9.248866712432770340e-06
4.195158293162679590e-05
1.128821422510220551e-02
7.535996023303344164e-03
2.453973998645895704e-06
4.877891086696870213e-08
1.426046442962504818e-05
2.941939520616774356e-02
1.165551723469319609e-02
5.478505904598248138e-04
4.566215404768424191e-02
1.534269978362777342e+00
5.478937570787266731e-01
3.656345846578775038e+00
2.626321172449070929e+00
3.539992336375767136e-03
3.989728585624439055e-05
8.014492714312576550e-05
1.221143909180101208e-05
5.865355730544579421e-06
1.267432522044729254e-04
8.050630574421815586e-05
5.699524300026577299e-08
2.794968356554198472e-10
4.112365538664223171e-09
7.618661758721944585e-07
7.738635581226918340e-07
3.495946472981336666e-06
1.054275734067055235e-02
4.346803772628160534e-02
3.567494531950631161e-03
8.886180480867622578e-01
5.641866754049591481e-01
1.536037309043714093e-05
1.907804351063634704e-07
8.064772605362469855e-06
8.857152134769007544e-06
1.204777450915899131e-05
3.279741217164688655e-03
7.427541239278737106e-02
1.050950084201475801e-03
2.036040543042022863e-06
1.658845363009579700e-07
4.546680086069991174e-07
1.741420310309086609e-07
1.340815672326237157e-07
4.560286623113429206e-06
1.383041122006715087e-06
1.380762713255326573e-06
4.517272977893399544e-02
1.560057666047344638e+00
1.200952866452119285e-04
3.419596674968589217e-07
4.442201769608890870e-06
1.347243488236728966e-06
1.178015526651240626e-05
2.023715275957433182e-02
1.825770538666894760e+00
9.085064158784595945e-01
4.989909547527832112e-02
6.917903385557916743e-03
1.685899178841531593e-02
7.792957255029017314e-04
3.700456881554695353e-06
1.983774758579108045e-06
2.494386515988098021e-07
1.794537895029929024e-07
3.765350968366710811e-03
2.272609815416553047e+00
3.978174817850889562e-03
2.805315274128709395e-06
2.159118216207763008e-06
3.643248119557550963e-08
1.393151791261100225e-06
4.838264519167822337e-04
1.494248280665006791e-02
5.007659862771272063e-01
6.270760196425112509e-01
1.523825070646881996e-01
8.480152610781994671e-01
3.237306720380730973e-02
2.812257169892704912e-04
3.871001250215517792e-03
4.224034775695164994e-03
2.508685585048815682e-04
1.914557484292467304e-02
7.853399621552824561e-01
1.821330509642834355e-02
4.676962019150489465e-05
3.360308227064492373e-06
1.067351220822504578e-08
2.001691122403109996e-04
6.057275516780143837e-02
2.837751869720427089e-02
3.884772278546272384e-01
3.085482363486398150e-01
3.631186246016733510e-02
1.701705828448845867e-02
7.853199714835960767e-05
1.590074279331585920e-05
3.298870501459535282e-02
8.552807429563510366e-01
1.447634503321277022e-01
9.104330147162181808e-01
3.126184435247660431e+00
1.027069557009021361e+00
1.716283646057262247e-02
6.431397945338428895e-05
1.348994477297176360e-08
7.703170708242319809e-02
3.170831444810399447e+01
2.293428992110348730e-01
3.272203746925382295e-01
9.012813426621608670e-01
1.869720491576410959e+00
4.949895321811834809e-02
1.095818322552160373e-06
8.109848460505311562e-08
2.059652620455998840e-04
1.803453825417316789e-02
3.902236913296139309e-02
7.691823879108360407e-01
5.277769335202294521e+00
2.687473228167541972e+00
1.984649059091854809e-02
3.737058619604859388e-05
1.973803397465739167e-08
1.497909070582364825e-02
9.832143220134629269e-01
7.564540278416194419e-02
1.548403001042229388e+00
1.284026229185770251e+00
8.729339792033247170e-01
3.027719501424535470e-02
9.398300502803479358e-07
3.606966458306132663e-08
4.508877110584199298e-05
2.456320120085395131e-02
4.755689964107072398e-02
1.515926264948793400e-01
5.732335788697563217e+00
1.349751516894793113e+00
4.368067248598279007e-04
2.087909929661657954e-06
1.108861424477718451e-06
1.704690535211128219e-02
7.908890079546142260e-02
3.192098084156320265e-02
2.026475480559616127e+00
3.538496736403923260e-02
5.994511420072567471e-05
3.670470095073770526e-06
4.380034882353361977e-08
1.891347509404899757e-08
4.758399958930272335e-05
9.333922102034122315e-01
8.561634974127366737e-01
2.504277135908884386e-02
2.061952652839285971e+00
1.731703678678665481e+00
1.666503322758243260e-04
1.811626584138627556e-06
4.051859425119330636e-06
1.276933399995829575e-02
6.407054084105067160e-01
3.628360992745115476e-01
1.761627285619750349e+00
8.395925783697871791e-02
2.143333922651979875e-05
3.580910925231368951e-08
2.965797425277210393e-09
1.465167029973389622e-08
3.475402266758352842e-05
1.095505221335175694e+00
1.095232513324627233e+00
1.667522457903045097e-02
1.024614661517923686e+00
1.690386166346998231e-01
8.805717745398654070e-06
8.757379773863498846e-07
3.320426161296492592e-08
1.980972379592687625e-05
3.265532701930533022e-01
1.592386482269164683e+00
2.802264964922973056e-01
1.825888946927797685e+00
5.783134641004585713e-02
3.976722126534706892e-06
1.854296845282516793e-07
1.553919064920911516e-05
1.321492204697985451e-02
3.081353821624615019e+00
5.882637121096876420e-01
2.927826000638571458e-01
5.709416209594220248e+00
3.601763306160051751e-03
1.094675860368711638e-07
3.123681426221584786e-07
1.266951492206594100e-07
6.699198934627540521e-05
9.058062697370824479e-01
8.311663395845564350e-02
9.083256845709948091e-05
1.930238319054974200e-02
9.157862125264135678e-01
9.097599856540283412e-04
3.504956506417762261e-04
4.989027365618617371e-02
8.756385362236231984e-01
2.864370959180732257e+00
4.651012185005617416e-01
2.788427626571798434e+00
1.151804965567358119e+00
7.744146493353117118e-06
5.160697640329847789e-09
7.516755044746688076e-07
5.179869950247089461e-05
1.260223798424084038e-02
9.581967435611552508e-01
3.259620229328015310e-03
3.443081685025544888e-06
1.725828550146305245e-03
1.130339419619316166e+00
1.980132394573060756e-02
5.072508637959335237e-02
8.477322736691049743e-01
2.423701594156068562e-01
1.059259461597797936e+00
1.710448996273657540e+00
4.981159677064476377e+00
3.646507365334109019e-02
1.607835568822671320e-07
4.656348691307052188e-09
2.822790188252173018e-06
1.953902095330372200e-05
5.659388201731566868e-05
6.784576480430752968e-04
3.385174533348222700e-03
2.794836498812003182e-03
6.492970013073064151e-02
6.908547735080681207e-01
1.118668666056025184e-02
6.306925079852665483e-02
1.697714528250733101e+00
5.038551027328111998e-01
2.198756803612006205e+00
3.771990709905316042e+00
7.411669883950531279e-01
5.691984475799247850e-03
6.613979222145698904e-06
8.531412420547657958e-07
1.050623712779083823e-05
2.227061909867908261e-07
1.793211205488259786e-07
5.847124674533786938e-05
1.763835928020093258e-01
7.214084339576756211e-01
1.758102042625266093e-01
1.708513147027122814e-01
2.589233767211285633e-02
1.124758441028910760e-01
1.142963285471070511e+00
1.570459936911247967e+00
4.639072418905399786e+00
7.433803369453609200e+00
2.116288241850950436e-01
7.806915928291141213e-03
1.220140289724489652e-02
1.341630389475224547e-03
2.688228953777292238e-05
1.687522454355128854e-07
1.371524933385555210e-05
2.321681460776591627e-02
8.193384128953011825e-01
1.153357154608152801e-01
6.451683960317326771e-02
5.832203598452889715e-01
2.316044984335989376e+00
1.441756955059988687e+00
3.061039041082452838e-01
2.895640925906591612e+00
6.058301952524615785e+00
9.472044770249216095e-01
2.392120350190970676e-02
1.475741358203319295e-02
9.031690473360670657e-01
3.111218351883890051e-02
1.629649097410926326e-05
6.740770594991982055e-06
2.254279240112887911e-02
9.653199640224874312e-01
6.741377070265877625e-02
2.484496181271379778e-02
4.641006222569752510e-02
1.713152350305039914e-02
1.425833247625234723e-01
9.490528507904522071e-01
3.305823384738604820e-01
4.651996043769983658e+00
1.264578833130562407e-01
5.421804901999047459e-05
6.946515175028258708e-06
2.910270592848591574e-04
2.370052924643022488e-02
9.653401670708299052e-04
3.705131723725098625e-06
8.409059536038554668e-04
2.039120377846296073e+00
2.843938194902468020e+00
2.467607729038754083e-01
7.495824640940840222e-01
1.463986396930171824e-02
1.113503404510958388e-05
4.583010830884570556e-04
8.823384026587953732e-01
9.449387315106527740e-01
6.512171811151794276e-02
1.573969170022689409e-05
4.885452959308774660e-09
2.059743060130685672e-08
5.576089767358978181e-06
9.549360700273074184e-05
1.900615394746230566e-05
4.193300924674052420e-06
2.038462010858608370e-02
3.921880307310093627e+00
4.148365208191958864e+00
1.811167220920343102e+00
1.359037451917635142e-01
1.686446823579918335e-05
2.597198211684877752e-08
1.017024256422318585e-05
3.647240078972021488e-02
1.014271746875379868e-02
2.099291346677055914e-05
3.693484805952727594e-08
5.154384160310099323e-09
3.182753595797621445e-07
2.345486821297062266e-05
6.507652050751442112e-05
3.424878520044365415e-05
4.505471951626826806e-05
