1.768361500400190094e-05
1.360610885668324214e-02
9.790273564871958545e-01
1.175889625027302411e-02
5.082537413757010243e-04
8.298287814437008830e-03
1.020232109406989107e-02
3.405695802291022929e-03
5.753276580018617213e-03
5.252696808184094629e-05
7.976040002191369788e-08
2.885851770571253974e-08
2.033454411917099831e-07
2.447033312326245499e-06
3.672583430670396876e-05
1.834746037311882642e-04
2.537738015990028849e-04
2.979917820838390969e-04
1.738845819434222610e-05
1.498020788756274958e-02
9.621273234352243353e-01
1.654899775034146536e-02
5.681197274579669575e-03
9.891566057524341371e-01
9.233191051887165157e-01
1.027867840028745955e-01
8.645233958034200805e-01
7.951396700392224237e-02
1.681797040786589450e-04
1.450963234239054123e-05
5.951692348015292227e-06
3.962565392025663199e-06
1.617099937774732829e-05
7.716442312617169570e-05
1.350068477563321899e-04
2.009845436357167372e-04
1.314833467947028633e-05
3.832603051381851321e-04
1.605812013569039636e-03
4.605790320831320455e-05
3.905560152271926681e-05
4.981580713611460064e-03
6.456817909322894872e-03
9.539690462825904313e-04
3.646571145311799239e-02
9.491222414306187405e-01
9.948436242425222620e-01
9.890949420884345145e-01
5.363169014790580835e-02
2.889747972251620269e-04
2.483339572028062439e-05
3.299211384288144329e-05
6.520413135149856064e-05
1.483504792615325876e-04
3.848696165381510897e-06
2.510698029646542683e-06
5.179597406625552300e-07
2.017794657614665549e-08
1.790019346553698748e-08
1.641203657041395860e-06
4.783399718681866108e-05
1.623603329459644834e-05
1.507750815782713350e-05
3.654131693484838372e-04
2.345156951594957323e-02
1.975701295447778172e+00
8.764163822570930629e-01
8.063106585290159009e-04
9.405403562072442265e-06
1.066779234550629894e-05
2.907926565775871094e-05
9.829148436212810835e-05
3.429448966187944437e-06
5.766252620101260072e-06
1.977586651216767474e-06
1.841274950171589426e-07
2.141077777743467064e-07
1.779990701269359638e-05
8.776813006228954481e-03
4.953119857894687332e-03
3.032166689732876931e-05
5.295269959068352930e-06
2.178998158293116879e-05
9.469256572960266585e-03
2.043459407847708631e-01
6.524118506789104363e-04
1.936383007431709318e-05
4.622462710335688307e-05
4.619918862925005335e-05
7.273712254813517828e-05
1.103418434541527529e-05
4.592436573187169691e-03
4.173378101686684577e-02
9.348402211835197401e-03
1.433478101089689233e-02
5.517413632892814723e-02
9.599150790736640237e-01
9.182644855395597494e-01
8.269632925184904060e-02
1.090166614554230300e-02
4.737307311325207430e-04
1.727478881727100013e-02
7.164041675619768901e-01
1.597151727067729066e-02
6.434792476063300702e-03
7.609327949513466048e-03
2.522374204223794638e-04
6.599504789487669807e-05
2.458038799209748906e-06
3.108082198935722615e-02
7.734603266993774762e-01
1.438145223787049565e-01
7.253567702225148794e-01
6.387725953397091483e-02
8.099352181774686216e-04
8.537233710175075405e-04
8.115481690617351584e-02
7.389995365671414573e-01
3.864219414750398596e-02
1.965498389420134717e-01
9.181494520271551441e-01
3.040425375030068600e-01
8.197365345582644514e-01
2.432658807577936164e-02
5.065562113459057486e-05
2.448011202114859915e-05
3.532477656788554644e-07
9.897460865805080693e-03
1.605376568006228188e-01
2.056403108111088882e-02
2.444355827121947877e-01
4.015654776041757343e-03
1.224522396684940718e-06
7.790761601582925699e-07
8.844776212123711982e-04
1.218813605214169316e-01
1.691045122719522231e-01
5.417014206148272892e-01
3.176503016344738306e-01
6.558943244028199171e-01
1.297814699340892886e-01
1.108432116023776004e-05
4.842804205554484934e-08
1.964462711850984717e-06
1.329234329056778344e-06
4.100702844603491132e-02
7.450724176814024213e-01
1.236511817451466655e-01
5.446021626939364646e-01
2.036457149191464935e-02
2.445543573568333779e-04
1.206926926812904754e-04
4.547690465966409620e-03
8.145844985928116788e-01
2.138952366544823569e+00
6.655771975454004286e-02
2.717523957726026423e-03
3.192473773509792168e-02
1.239888816863823949e-03
7.235941656809305147e-09
1.604623091440316764e-10
1.714569169340192714e-07
1.989390343753715938e-06
2.611383606628902600e-03
3.181511291269857600e-02
6.144668603686332525e-02
3.314713690202268914e-01
1.704960178622293709e-01
8.973430043876449158e-01
6.542006248208181995e-02
1.110019632345171300e-03
6.265907034473379433e-02
7.898815403156267401e-01
1.242631126048463234e-03
1.430092253664659463e-05
4.239052136473937284e-03
1.439891338870224850e-02
9.500319809464176260e-07
3.747162153488472081e-09
2.230476152024763765e-07
3.850749455139004641e-06
5.026869197430739291e-04
1.209170029977470889e-02
1.277061157952271708e-01
3.229411758454889814e-01
1.670195670082764428e-01
1.764955288770163166e+00
3.920932320610796135e-02
2.964133315839232583e-05
6.813271953615523653e-04
2.487611487484750472e-01
2.826579456591729340e-03
7.894881592375973926e-06
1.754882493620295823e-03
1.895005324278368208e+00
8.128655545170640484e-02
5.551715213309673969e-05
5.991799514460050378e-06
1.098820838347582977e-04
5.248665516961947136e-02
1.825483100695165062e+00
1.031965599375902265e+00
4.067541828718700403e-01
1.406141534909929047e-01
8.295605002205039269e-02
3.709830631696621472e-02
4.751864840152760470e-03
1.109872794283336093e-02
6.543889179606833251e-01
1.609624547636203523e-02
2.522479119954160751e-06
8.578680464502121120e-06
8.700427696747337070e-02
2.858579350436127431e+00
1.209345829741073110e-02
5.499964614645459212e-05
2.573919535304675186e-04
9.074848731570648308e-01
2.027423455915316808e+01
7.776418404460260225e-01
9.132617322596379150e-01
5.801404215492835803e-01
9.277763225905798911e-03
4.898418819801733659e-02
7.998088853116561703e-01
1.446872973069498747e-01
2.463563423092332560e-01
7.015657606576668898e-03
2.029350406496186700e-06
4.534643024578891079e-06
2.845982101999098776e-02
1.081263936965790595e+00
6.279123989361268428e-03
3.200209411718824156e-05
1.044925584664915353e-05
9.907658854783794877e-02
3.720995553408295464e+00
2.453049856079627389e-01
1.068533886017296597e+00
3.460434918742800181e-01
9.678240978154346212e-04
1.051790537900215402e-03
1.249690582260595643e-02
3.937645473388142608e-02
7.279464516820063347e-01
3.020323331602570507e-02
4.029544382122660258e-05
5.870604568540702334e-04
9.071374425515668083e-01
9.541608248728054020e-01
1.429392880633454863e-03
1.968552870673169033e-05
3.279332532301363573e-07
1.882323448379133067e-04
1.193686032528154355e-02
4.046389930384566153e-02
7.196009307888273643e-01
7.997688222346214237e-01
7.530962233248396365e-02
1.356446547957547476e-03
2.700242903952879844e-05
6.124767080947531158e-04
8.321284564257984406e-02
1.190044378483571651e-03
3.524695642605531543e-06
1.341897965449855143e-04
5.648037900045800586e-02
1.633207004335187132e-02
9.878958952041145593e-05
1.498497224973765740e-05
9.934226096834244561e-08
3.196196354449192480e-07
1.495755048715095251e-05
5.240055005568585063e-03
1.899213733089740452e-01
2.170741403249749624e-01
7.511226862961516426e-01
1.714084364169765617e-02
8.543777884165591123e-05
1.085070872839431636e-03
1.639346559214463440e-03
7.090212575069468226e-07
1.901351792717262925e-08
1.765038283346199920e-05
1.308974040269932082e-02
1.978387882419597749e-03
2.257753831437281150e-05
1.420410424148863352e-05
7.414537728475943548e-07
8.596287010084542639e-07
3.057787798957828677e-05
1.858068602258572399e-02
6.907105411622883606e-01
1.495406492909563956e-01
4.002640840086925389e-02
2.070282982684496301e-02
1.279416509008704239e-01
9.100705734973462135e-01
8.354652326458681440e-04
2.720198219544603847e-08
4.790877030400355445e-08
2.023162891683056176e-03
9.055974660839174462e-01
1.207335549226329525e-02
4.501452521387128836e-05
2.917772206045792904e-05
3.011461731378968550e-05
1.873140490452298050e-03
3.319928371560745828e-02
2.582793831422236855e-02
1.628542049781990242e-01
8.089077981725322219e-01
3.049516261158478209e-02
1.051046648107165603e-02
1.806116236872826519e+00
1.028183842924479618e+00
2.541657974978699442e-05
5.338554741169756178e-08
5.429094135703890647e-05
1.073397462451115114e+00
1.055689448826778953e+00
6.493195946645213823e-04
1.110509445825788405e-05
4.206710062590913063e-05
2.547065391860434599e-05
2.069373675115772013e-02
8.546272986880426581e-01
2.172210345365964499e-03
1.730067908014645578e-04
1.984429909027551897e-02
3.726121364762798732e-03
2.870662950835719900e-04
8.645723421528926644e-02
1.269309270819438118e-01
2.690912169086541198e-05
1.097417061298381565e-05
6.675141894945382792e-02
2.771588904680347021e+00
2.400601135695890759e-03
1.053586746134694916e-06
8.981906192969694271e-07
4.316403821192095458e-05
2.354658900089185128e-07
3.304792498989852313e-05
9.666078723129588324e-02
2.255600653920186022e-02
7.222825441580076966e-04
2.558988301652159042e-02
3.346923303349605763e-03
4.381665938853839508e-05
1.677033208740359368e-02
7.650835983451793609e-01
8.281592579511477814e-03
9.278313654010224287e-03
8.669862828187374637e-01
2.738565167955991919e-01
1.040311886088023167e-04
2.804250080948956163e-07
1.065281130797898197e-06
6.604900088526149981e-05
2.769326111663643257e-08
3.218654281871584360e-07
1.223659357685612410e-02
8.339532002318775783e-01
1.285370275006510743e-01
8.584858964235589918e-01
2.235967501422799278e-02
1.758055756786238859e-05
2.883153271689941331e-04
4.800327250986762689e-02
1.569534461932326486e-01
9.310081141793332682e-01
2.142531364012014716e+00
7.671070999252818101e-01
1.124637152387870410e-02
4.289394407041109751e-05
1.351722943463171356e-05
1.182963016991652236e-04
1.910854801597537367e-07
6.332239605252546796e-07
1.901073532161564250e-03
3.031057306252097142e-02
4.237654023184337683e-03
2.671067062104749354e-02
1.249788645340654336e-03
2.863155933839629549e-06
4.714075004639107049e-05
2.083293546060811102e-02
9.224079486174209253e-01
1.891808868027604396e+00
6.742221756106796249e-02
2.180228830203675625e-02
1.329003915083261898e-02
3.505816037277307683e-04
4.819649003663993927e-05
1.307876091597885227e-04
2.403250788490034106e-06
2.250004903078154536e-05
1.084023415706353299e-02
1.348202856178610208e-02
1.673945339974921946e-03
1.519549797372011200e-02
1.272066976755805660e-03
8.762104607725669536e-05
3.683501401330045028e-02
1.915120965619809379e+00
9.777849480722305975e-02
7.697673176241117765e-04
5.188176719498093149e-06
2.316686446270361852e-06
1.945331403861685264e-05
2.904501229428918687e-05
3.403858581639951483e-05
1.109560315236495079e-04
1.956102031269905416e-05
2.433145539059022519e-03
2.016973003957292843e+00
8.901347391669012232e-01
1.064401437632511160e-01
8.610241483977105759e-01
4.684014608404619973e-02
6.966723036512779965e-03
1.951636165296352088e+00
1.011179570971165065e+00
7.928181066290251736e-05
1.202755883405103936e-07
3.869669285573026181e-08
2.319743158109450434e-07
3.729072403392161386e-06
2.059221494666841040e-05
5.304202948750514127e-05
1.409593841122311613e-04
8.539694267020017985e-05
1.147788258908434035e-02
9.735710000396817776e-01
3.894254757036013509e-02
1.852727700035091503e-03
1.392070933834720602e-02
3.006543780106308086e-03
6.010627786393785317e-04
1.234645653712710366e-02
2.282881905954171984e-03
2.092576306141172343e-06
1.270236172764335435e-07
1.239540785400585581e-06
2.081539348753087154e-05
1.040919550330190340e-04
1.745297659273741865e-04
1.986903157419673313e-04
2.786920749585509571e-04
