2.468215854578951566e-05
4.377461722355996225e-03
6.021395831881909189e+00
2.902340563705291920e+00
1.355956684567008116e-02
2.963969983386728971e-02
8.930359409121175762e-01
8.968309705097118889e-02
4.550451078248997702e-05
1.629982788342304057e-07
2.228056553071338912e-07
3.867346029820446501e-06
2.793637878884950757e-05
6.706848883527681147e-05
8.871586396289374678e-05
9.191829811726607202e-05
1.140141159442158945e-04
2.097030897539710684e-04
1.229178004323377127e-05
2.461269249709120005e-03
2.973812529681009842e+00
1.153107671411238933e+00
1.561378491744244527e-02
2.458351986946472403e-02
1.095566154339853299e-01
8.048203303304813927e-01
2.041364732733116139e+00
5.945257378100091139e-02
2.328118456106095606e-04
4.674357867345023023e-06
2.617941153393778049e-06
1.084930997148969463e-05
2.605280531772480901e-05
2.981271393783675174e-05
5.225476581954246325e-05
1.611087591892432398e-04
7.235139061909231115e-06
6.225526992262892401e-04
9.748050723389647398e-01
1.796014894266104722e+00
1.350771166314564398e-01
6.119632261107983418e-01
2.543123326002778573e-01
5.674952238213164940e-02
9.614051115096583500e-01
8.160831206917463776e-01
4.132675522126939599e-04
3.795189910823776523e-07
8.332731343474788383e-07
4.367577190324761711e-05
6.720847337800282329e-05
1.368042150243963360e-05
1.719519428374267916e-05
1.000867255434524156e-04
1.367125289431175654e-04
4.825304462667785906e-03
1.413078692041576656e-01
8.932126878856963201e-03
9.378268872394187640e-04
3.405646295566946979e-01
1.679346937619629720e+00
1.071398763537589373e-02
3.849624293961519811e-02
3.036814409224478650e-01
3.242243902156427483e-04
2.449351459579142258e-06
2.586714702974663663e-04
2.212383068351948812e-02
1.178920196935333243e-03
8.409938270426057423e-06
3.919520325888586956e-06
3.949176671045853448e-05
8.765686079479256473e-03
9.538417521233537588e-01
9.038025717574935669e-01
3.380118732545525206e-03
1.676829509066154154e-03
8.395146045730660367e-01
1.451429047366183389e-01
2.188310654646594697e-04
1.732906930078566970e-02
1.561600066551369626e+00
1.472822116570404218e-02
1.143984155612610271e-02
1.080641457379839965e+00
8.684091234590309849e-01
7.900958616838878179e-03
4.818082789542983327e-05
6.839371866388363247e-06
2.990895190741912926e-05
6.835054117073001380e-04
2.748938299024771340e-02
2.212019118564146833e-02
1.464870895184246452e-03
3.093032288549749098e-02
9.656138164584283645e-01
3.161245046841275894e-04
4.719264040431637367e-07
1.605071588061431163e-03
3.367471640662455523e-01
3.828355502431182028e-02
1.014142861470062051e+00
2.787666302935399187e+00
1.268455755820663833e-01
8.270948325976594517e-02
7.046951274192143032e-03
1.166752203696654717e-04
5.642735529458764199e-05
4.527574324588388153e-06
4.689960361240911929e-06
2.513772155145211806e-06
2.176081904295582959e-06
2.228606810227646206e-04
8.964816023890834207e-03
4.357583705780839774e-05
3.328334143323130622e-06
3.073947907761235415e-02
2.643574540423964780e+00
2.092621709901510418e-01
7.473872536917268716e-01
2.704952594366670238e-01
1.367350667909078277e-01
6.591472729536004271e-01
9.621443129665700408e-03
4.078229328843950444e-05
2.986566643637872113e-05
5.448068487321610910e-06
1.199607393663052467e-06
3.106702841037812161e-07
1.621769402343272487e-07
5.044205136298350329e-06
2.542987103376343535e-03
9.798144524998128255e-03
1.737898795839419195e-03
2.359661168313523238e-02
6.072776462834147265e-02
3.338284367478257415e-03
2.008651271944799331e-03
9.423664105829173548e-03
5.355396686372609905e-01
4.910901415616537591e-01
2.372691482226769110e-04
2.025939095653980580e-06
1.185286033883743814e-05
5.266263876191172328e-05
1.800474103320325725e-05
4.719603997302423462e-06
1.238925494280102841e-06
1.169641542562130109e-05
1.719612181003773999e-02
9.387732785144069503e-01
5.130494032000847485e-03
6.168813660290168205e-06
3.786023791869803156e-07
1.623534422509419677e-07
4.331719961988635843e-07
1.033398823861654450e-04
4.139448090121795043e-01
5.967379312168346051e-01
2.188659232993081559e-04
2.757973570897659841e-06
1.682078960308094971e-05
4.128709808502428736e-05
1.952179220907952710e-05
8.086161029228408953e-06
2.122798572821108377e-06
5.834001362465834272e-06
9.611546081763751260e-04
1.706770712494757800e-02
9.418779111721821472e-05
1.857135665743639675e-07
2.379695930289053289e-07
1.174822322702000194e-06
1.092918775448286442e-06
2.261711418445518920e-04
7.519761037569532292e-01
1.757845423238962590e-01
3.279716360734818710e-05
7.039906314258964827e-07
7.707737296425439764e-06
8.206078757405623752e-06
1.987700398898936845e-05
3.143111008411883387e-05
2.799997640004705898e-06
5.166802920429365687e-07
3.384791556590630194e-06
1.291431472303636429e-05
1.358268430784336860e-06
2.124241263528910028e-06
1.911432677649065352e-03
2.364523816138297888e-02
3.632440178768051595e-04
2.813708225394661970e-03
1.009496743168264210e+00
1.100801075878038437e-01
7.520868590383851667e-05
2.544927309741548379e-06
1.238954031597551890e-05
6.432140152468474196e-06
1.154791841987598848e-03
2.654919926391101012e-02
1.295979238717425222e-04
2.710368452794285598e-07
2.528593447982584129e-07
1.127190248159774101e-06
5.235038392654061261e-07
6.922128927755292269e-06
3.160093989171960938e-02
8.227250772684676638e-01
2.864369570647203045e-02
7.294439509297195867e-02
1.098392414097331793e+00
6.451246381856258205e-01
5.699393308761241395e-02
1.967009510256757885e-03
2.610162214410864786e-04
6.385005217015235196e-06
2.771961154904313204e-02
1.290197591177850533e+01
2.746999756853771291e-02
2.712915714503393308e-06
7.273966824408463936e-07
6.480424543294545138e-06
3.647297740373290871e-06
1.001139204411075032e-05
8.022260170712353783e-03
1.129494534170235154e+00
2.201725403524014357e+00
2.711097488091703589e+00
9.427043673141296543e-01
1.486993646163802918e+00
8.651951413358904830e-01
4.887462634801817418e-03
1.043717725301359386e-04
8.105152642021453726e-07
8.297055705857036027e-04
4.019907851771987950e+00
1.029977186843402892e+00
4.357234816830484847e-04
1.587182139341964152e-05
2.862334988699558383e-05
8.471766424844764701e-06
1.331335908632988239e-05
6.956489244325209965e-03
8.128522896910002071e-01
8.076547306090620104e-01
1.499648042215279142e-01
9.264648751029312679e-02
2.526116558701361203e+00
1.127457301771542658e-01
5.377196623060246999e-06
2.288882630572920966e-07
8.775577584753595201e-08
3.687398995385414713e-06
2.044238461493890976e-02
9.223810096290185889e-01
1.674736069358043894e-02
9.278534500063712184e-05
3.404284160011259917e-06
1.033259681291580964e-07
3.958047512533964835e-07
2.290585474029922883e-03
2.178826441626629806e-01
1.080646294206409896e-01
5.191819228289217686e-02
4.414448286469434962e-02
1.198447345976014988e+00
8.310150859477219085e-03
4.022720771499165783e-08
5.254924870627696358e-09
1.377967751707072920e-07
4.104083340995402984e-06
8.609287850936118199e-04
1.089015866551448081e-02
3.217027972854835226e-03
2.751866567479366844e-05
4.670496375390304959e-08
1.928892416320312192e-10
1.073818094095250745e-08
4.673656866275273727e-03
6.364617875777107692e-01
2.500855169768201880e-01
4.559471361488190433e-01
1.194339415298247831e-01
8.008901067873964719e-01
1.959366682703972407e-02
3.599621338554866109e-07
4.288832137986985819e-08
1.840384530926317972e-06
1.808122437783637581e-03
1.884473462131264904e-02
3.325827412027692297e-03
3.230315567710981620e-03
1.123793267947480710e-04
1.064882120159831231e-07
5.316049425390168153e-10
3.475131482339289045e-07
2.048086869544697153e-01
1.045562901682074886e+00
5.500848906101927366e-02
1.886716511442713962e-01
3.439548356335247470e-01
1.901029242258584162e+00
3.444651989794766250e-02
4.615727953834118857e-06
1.149022085586671425e-06
6.170214310245576289e-06
5.932356086513687621e-02
7.829224044451825737e-01
2.339599123544050807e-01
8.232958907231952006e-01
7.557871459437709438e-02
7.120845609723768215e-04
8.675452703897879749e-06
4.875276294317144009e-04
1.695418215147754815e+00
8.857850558659243756e-01
1.740360968229945071e-01
6.897138721531842487e-01
6.899211120834155553e-01
7.149984223754994594e-02
1.121472759648685738e-04
7.463863845578877826e-07
5.380498108823404861e-06
2.082548003091067615e-06
8.883219335976568322e-04
1.202082942951891546e-02
8.173544877823778199e-02
7.646905857847313692e-01
3.263888347227843489e-01
6.633960090303230306e-01
1.617748814561484616e-01
1.314081985356058135e-01
1.962601383707668345e+00
1.726926057729451403e+00
1.161464149295609261e+00
7.169578505037500493e-01
1.668673282708057690e-02
1.375637082009115403e-05
4.494635176940636827e-08
1.080023520768209745e-07
1.832998375689134102e-05
5.984202411447661765e-06
1.071595559356522176e-04
1.892333246403236251e-04
8.346760639940279747e-05
2.949397198589293656e-05
3.078345797917198776e-05
7.596533442778247158e-03
1.031490907726069883e+00
1.690384844948858545e+00
1.164074375758763713e+00
1.149111150492445610e+00
8.866541259524641783e-01
2.332798019789184440e+00
1.027788401452921219e-01
7.902977049678598374e-06
3.462855849540313083e-08
5.966487918925589507e-07
8.287328326259975472e-05
7.595380298571341308e-05
5.166457094085028130e-03
1.924429226909934662e-02
7.797376967775479235e-05
2.063022811685260758e-07
1.084939202332826737e-07
1.398084642493247982e-05
5.221773514319960618e-02
1.168371475791221803e+00
1.360162156401126810e-01
3.243026644013093374e-01
7.211145299276010556e-01
2.179705023485672744e+00
9.526976833110502030e-01
1.049830415053532419e-03
7.275895601565338278e-06
1.759788618871706842e-05
2.163423605316469459e-04
7.794638749327827734e-06
2.244273550642166166e-03
1.828700815336423480e+00
1.264562585549565132e-01
7.671728854408269883e-04
3.295689268522701987e-04
1.679550180893686943e-04
2.008690177817136838e-02
6.148372864383756520e-01
7.053232046893724572e-02
1.738318199860046764e+00
3.105142299813941076e+00
1.263752343816384495e-02
6.341634420135162627e-04
1.925058385979042401e-04
6.951475616463937985e-05
8.196907505158948276e-05
2.034357259298016148e-04
3.396423456835640842e-07
7.340574575205218572e-05
1.319554437645065637e+00
1.616334457521876988e+00
1.950233828518354862e-01
8.330368354813357801e-01
2.383700482483799843e-02
7.060565967940825305e-02
2.554863286424001179e-01
3.169054809468880088e-03
8.020325752345300319e-02
9.419491347108075452e-01
8.634057430441555332e-04
4.974646916226978701e-06
9.318609690260583144e-06
3.702847720769798442e-05
6.281569994474937814e-05
1.137130081334665027e-04
1.137112825796624666e-06
4.467849453683162193e-04
3.743289864638248865e+00
2.649422690475233266e-01
1.430454872265228897e-02
8.860392301695643180e-01
2.484624344748552760e-01
1.737043827462300127e+00
1.909573744079188895e+00
1.972402823270809054e-04
3.438135565959424549e-05
2.452419353518947142e-03
5.878411660431596616e-04
2.165666721452591892e-05
1.632798765875465819e-05
3.626446195263815364e-05
5.449511218407433939e-05
9.303697679680961077e-05
6.076192150393810452e-07
1.357657747810834864e-04
4.162272755183733963e+00
3.715751648503957227e+00
2.501581724799643580e-01
2.779427265245994594e+00
8.346251467052555328e-02
2.914034098907254330e-02
3.993807318413158947e-02
3.117060695510100795e-05
9.948500173300250533e-07
2.999990280094198757e-05
2.119470383087601714e-04
1.094400549682922292e-04
7.519542185303115941e-05
9.103571424788398005e-05
1.105581387322242433e-04
1.609822441982700287e-04
