2.133220442547209550e-02
3.967590247333498521e+00
3.011225993236510856e+00
3.012354491341631135e+00
8.161988822276854405e-01
2.321509000102149056e-01
1.757870576223076187e+00
1.316480605092684164e-01
4.363356299984947131e-04
1.325609571465876735e-04
4.770414198961951679e-03
6.826692717983833501e-03
4.207150318663055737e-05
2.872909300498781614e-06
1.452418315726747648e-05
9.280927159140723995e-05
1.929301871133735533e-04
3.102397941681347602e-04
3.619790529943275360e-03
2.967164071294070560e+00
6.016346192324967035e+00
1.588117806814489941e-01
8.504361189945323137e-04
9.655860490124559532e-05
1.838075558843225597e-03
8.852865134961696025e-02
1.754175275462387606e+00
2.212216450665291489e+00
8.653063017262452306e-01
8.886730839132076995e-03
8.867184794590607588e-07
1.281194606715315935e-08
2.837200103904299757e-07
7.810514752943232335e-06
2.627772349048318684e-05
8.290822547340123412e-05
2.134996557077443712e-05
2.884305986716893117e-02
1.955129833774032155e+00
7.365966713355273088e-01
7.325808766543849548e-02
6.680194744015203155e-03
1.727160962631877467e-04
1.790421883920299470e-04
8.162391695574745809e-02
1.889883254346439445e+00
1.067017601453727371e+00
3.901615246878968601e-02
5.991422912209859222e-06
4.056564990815639787e-08
1.477634189392662113e-06
1.634783106762362518e-05
5.302299848152754256e-06
1.108020689312355133e-05
7.129026693205269124e-06
3.914910417385691725e-03
7.905978863375634491e-02
1.711385628953247529e-01
4.043130344359584072e+00
1.858410584374202701e+00
4.572689212396220085e-04
3.700365607807139429e-06
2.692466240491696024e-04
3.904662480589217444e-03
1.934616376032565616e-02
8.970780961076469939e-01
5.972714314769131394e-02
1.110376237342346889e-03
1.823586300462994719e-02
4.913971517927024669e-03
6.990843222465274700e-06
1.823079307608384555e-06
1.268443358559112047e-03
1.018750552277480903e+00
8.226497985341617580e-01
8.603771620756808791e-02
7.609310522475400962e-01
1.218444282392036726e+00
1.255253165264521090e-02
1.103978703185623696e-03
1.501439925849106134e-02
2.152466969901242668e-03
2.352872510080907897e-04
5.689503002592809222e-02
8.324941067663289562e-01
1.262277056320360302e-01
8.412849755499386406e-01
4.395377058962517819e-02
7.046374661369537054e-06
7.420722025115962740e-07
9.646721264570546489e-03
9.735088960045199524e-01
6.788722432984155286e-02
8.225719044476695590e-04
1.657103361191981754e-03
1.008995809129843990e-01
6.882626434668971394e-01
2.921266216035232066e-01
6.952419592404095461e-01
1.271946277567155281e-01
2.783065440002842686e-03
8.811681446773994564e-03
8.742269848887436468e-02
1.047463387299591049e-02
8.867985780238729632e-03
1.378795534051095598e-03
3.101725824169736470e-06
9.815046283211414251e-07
5.649211179141573006e-04
5.247708649035553834e-04
7.682725642650487205e-06
2.158412131449483662e-07
1.121011886543542594e-06
6.238944501812599460e-04
2.840165471701965386e-02
4.067611622670093928e-03
4.159182666228549742e-03
1.644559246371729011e-01
6.404791578899388105e-01
3.314750688588942729e-01
6.584608358342888268e-01
1.261913504296433841e-01
4.302457327658557734e-02
3.736748083616792549e-03
1.113944828164112828e-05
2.786066752897527529e-06
1.254899797345098605e-04
1.670893034860090613e-05
6.096812082171239575e-07
8.489427620332174995e-08
1.645181614489309755e-07
3.869571774040198142e-06
9.501537761483932446e-05
5.094577269445097400e-04
2.839867276693630507e-03
2.556166346556305521e-02
2.102217487204281407e-02
2.144463412798036303e-03
5.011215860917033263e-03
7.539748812335687889e-02
7.659478431929541697e-01
2.769724323377232775e-02
1.775312436702869355e-05
2.872423122023586517e-06
7.389165445046288561e-05
1.394787769053828866e-05
6.343841046360591418e-06
5.383090943397322869e-06
1.603670939959042392e-06
6.901733102436807199e-07
1.584919660048976733e-05
1.951569849886348670e-02
9.099519334285049998e-01
1.268862996409066829e-02
4.466176752954878940e-06
2.675780379834285360e-08
1.970117659342516242e-07
4.150914884006980587e-04
1.768435728497917692e-01
5.794639210479822673e-03
4.081801832959471817e-06
1.615925496140891660e-06
3.978234198551622633e-06
9.160633733223010310e-07
1.122121433875302791e-05
1.476939152020460757e-04
1.675021996170002872e-05
5.254881513853914069e-07
1.907884303927758046e-06
9.552666876884370909e-04
2.772448235196562846e-02
1.789075286649170055e-04
5.849962884254078240e-08
1.544582525595280149e-09
7.572918030548333951e-08
1.347890909476946687e-03
8.469840739900723614e-01
1.136435792959919651e-02
8.313721892720187139e-06
3.328475869669474520e-06
1.087485152056654932e-07
1.103382546794416024e-07
7.960508508143548923e-05
8.841473173878565059e-03
5.576779438970287011e-04
7.713737756836333754e-06
1.106936335393625453e-06
9.739965583708705382e-07
1.104806029732010902e-06
3.993911195167602040e-07
3.487703575060213376e-07
1.557796196631618603e-06
1.998065214948443756e-05
2.243194879021355274e-03
4.778505931251540023e-02
1.554788484283357430e-03
1.090821607291980989e-05
6.701419973864676053e-06
1.130932598215596279e-07
9.003591980997889297e-06
7.371508415499006261e-02
8.910470956276460575e-01
4.099274786311918328e-02
1.094625489558203116e-02
2.617256285343601708e-04
2.030474984215410190e-07
3.335541530670046316e-09
2.799555685861709435e-08
6.118663537109200908e-05
3.063948538000350538e-02
6.619501702820956672e-03
1.553611097433271293e-04
1.054596838572132426e-04
8.192000360154374757e-05
1.357185702362129452e-05
9.016160735731858214e-06
1.765732719314200611e-06
9.419799515913112112e-03
2.491911438579440485e+01
1.060975808181841229e+00
3.914081416466432678e-02
9.063134341214945655e-01
2.631728060245691267e-02
4.776206919838100044e-07
1.713562858310488921e-09
1.374893495693233917e-07
3.419385183590400740e-03
8.818896930927926370e-01
9.652540684887829861e-03
5.782889204295721088e-05
5.591820520834359532e-04
1.174316922688034559e-02
1.019377017235594809e-03
3.346834906011548013e-05
6.169129161863717961e-06
2.310070907766637038e-02
2.979050448387992489e+00
5.344781836634742225e-03
1.196425169546380636e-04
8.446822629891876169e-03
1.496513022332249428e-03
2.295440363384051262e-07
1.991918807204633775e-08
3.872989730644496180e-05
1.240809444766199504e-01
5.528807974973582590e-02
2.768420045361062081e-05
3.964702878916704779e-06
6.689035117080023053e-03
9.418749664819436873e-01
1.447009689720578363e-02
5.569048118632605177e-05
5.758045342062644986e-06
2.497483252392610278e-04
1.296411119109714197e-03
6.069567203153678900e-06
1.727965803584261678e-07
8.252564138142333422e-06
1.431819839770974846e-04
5.223883753363488848e-06
3.316474738762820911e-06
3.439331198952586943e-03
6.868323628423391725e-01
6.000886984775694044e-02
1.862891957494236536e-05
1.378053259770356929e-06
8.924745886314266758e-04
2.101364066219823731e-02
2.579163206002458566e-04
7.358954266411622529e-06
5.138439776630731313e-06
1.978131206164878854e-06
1.361870176164784815e-06
1.302383269417570613e-07
1.739821991499462752e-08
1.821709720707450138e-06
8.692851047814068380e-03
3.361429456779362057e-02
7.820714198994219851e-03
6.363024652996011887e-02
3.097117648677761848e-01
9.397279759151000444e-01
1.283191404523112075e-02
2.456145718349556995e-04
4.634758740289937964e-03
1.226356633934592814e-03
2.864533540683086298e-06
7.376713939553356763e-07
2.019190210119515434e-06
1.149733088558816081e-07
5.103984768570550361e-07
5.478385895132351553e-06
1.436908374026481478e-06
1.178277211176740023e-05
4.941553879048326409e-02
6.965449824263540979e-01
2.689525906937574318e-01
5.115760560040356619e-01
1.859563509371545409e-01
6.752466538054332501e-01
7.456358169743611264e-02
1.746551251272849409e-02
9.519139462047173650e-01
1.451225398319693806e-02
1.731485082812397720e-06
4.123207121252353739e-07
1.391557223314939224e-06
5.160384134970350367e-07
1.936565292003720583e-04
3.903204441681101117e-02
9.694414264485068551e-04
6.119706767516994226e-05
1.077593263169842296e-02
1.825826407832417952e-01
1.053773877019079930e-01
5.726548585457381241e-02
4.094655767714967809e-02
2.413276688931647596e-01
1.122351114499801211e-02
5.356606971554998646e-03
9.621952050227368103e-01
2.291548981710480812e-02
3.813711464164235968e-06
1.051115729855603620e-06
3.985996438381844604e-06
4.715695645370252112e-05
9.896948314397273350e-02
7.913236907278442533e-01
4.204660252934580111e-04
2.571611133886682259e-05
9.144568053788840190e-03
7.668297756650760411e-01
8.880564887901900573e-01
1.441333148057071141e-02
8.829839707697800452e-03
6.783786516758242291e-01
1.730265411341161755e-02
1.795742388343875957e-04
1.464536922281947651e-03
3.767373393890469037e-04
5.920542664572120011e-06
7.322252438463535201e-06
2.726589407670791733e-06
4.300691618886116115e-04
7.925812062386762280e-01
3.579602433310653531e-01
1.767726458130947954e-04
1.250034904662415366e-04
1.519774654400723665e-02
1.883862241725411946e-01
1.029677182308117001e+00
1.645825567276058485e-02
1.861151503023754069e-03
1.925091129870203088e-01
3.561450766888388242e-02
5.577834962819761629e-05
6.396106621228922336e-06
7.215089138395327164e-06
1.071605927287709864e-05
5.428316432222191475e-05
1.604147016147634140e-06
1.819949668806987398e-03
1.307235983274823932e+00
1.441870198687418281e+00
1.010169154689819632e-01
1.438874501103482306e-01
5.809079528573359852e-01
3.914054991136459716e-01
6.352213804241871875e-01
1.067695062576900777e-01
4.281578552284659445e-02
8.438075132309459381e-01
9.808520193150885857e-01
3.246215213307717621e-03
8.220476575679404861e-06
2.466260626960575283e-06
1.834786972064315590e-05
1.540757882064781859e-04
5.441979346865488935e-06
3.094834806331519389e-02
1.636570476592968726e+00
6.838029070256358422e-01
6.371865135693789428e-01
1.054874673648290712e-01
1.486794667540791981e-01
7.813105043002465111e-01
1.353374127476798250e-01
8.177923819622189006e-02
7.766400535160062901e-01
1.228427069697911600e+00
9.010127089080988139e-01
2.899292633270002945e-02
4.448124012863335041e-05
3.725123006088080355e-06
2.193363799827165314e-05
1.652246926274622497e-04
3.022468021815891152e-06
1.986044982965344888e-02
2.044799825455741793e+00
8.161743681315841714e-01
4.471186194700024763e-02
4.899876593999966513e-05
2.204073082497669310e-05
1.497924343125171158e-03
2.756700249912973294e-04
2.517317199979683564e-04
4.572185965701303090e-03
9.561727156669272290e-04
5.562266383517186497e-04
6.788195317420746278e-04
3.608681826385867509e-05
7.546664203875056979e-06
2.605663902122143865e-05
1.257937803542068917e-04
7.584416067574009363e-06
1.249762195820156539e-02
3.032597558144992433e+00
1.001060089969032285e+00
1.997765718653278684e-03
5.530352030807398659e-07
2.059330307105298537e-07
1.132836169760590649e-05
7.722137102195979975e-06
7.347868658037724314e-06
2.802288541352197405e-05
5.048792758521841792e-06
4.957434395340038521e-06
3.260134518453248250e-05
3.105358044390926845e-05
2.180965122165624866e-05
4.347060016102289806e-05
1.181986317901011473e-04
4.414001445125522241e-03
1.983618693093172736e+00
8.961942854697797500e+00
2.965652244007341634e-02
1.724302513279205121e-05
2.847728887668364724e-07
1.005105978245626638e-06
2.058927463690170327e-05
3.088493721450032056e-05
2.758838340522215625e-05
3.079516335585743165e-05
1.214839645968140030e-05
1.411269148336187378e-05
4.780040188079918387e-05
7.363125631313232635e-05
7.436453391357208075e-05
9.938614187527847980e-05
1.721224397772121270e-04
