2.918917333828041530e-04
9.954971446289451187e-01
9.772755274418809535e-01
1.067766385797474932e-01
9.193109554752880719e-01
3.045894255789445906e-02
1.256753925941857686e-03
5.735068743715896616e-02
8.951765714537387453e-01
1.031787601074791831e-02
2.965350702824885278e-05
1.241762410985327179e-05
2.737068731569214386e-05
2.821435807658409484e-05
5.350236284709298558e-05
1.505943333830925507e-04
2.580131118131768521e-04
3.356145050768479421e-04
1.919546886150572851e-06
6.500978140048428722e-02
1.811212499076443994e+00
1.855627806764280352e-01
7.363523228380253194e-01
1.201212717150201836e+00
9.290624972977628016e-01
8.885983999318747273e-01
1.963169916587217678e-01
4.156458312703640895e-04
2.004967511644514844e-06
7.333459812323755980e-06
1.113669783001146077e-05
1.173926016840329983e-06
1.544240570070587245e-06
1.721812987319784212e-05
1.011991160623745730e-04
2.341696464312551505e-04
6.873264063225918233e-08
1.403152773513418857e-04
4.444410126494850385e-03
4.962867462024330399e-04
1.582950420420120010e-03
1.052020770674991640e-01
7.389888516673528418e-01
3.482154880564000132e-01
6.803367686151694516e-01
1.471184219351722236e-02
1.541150922930542458e-04
9.490463285792723452e-04
1.845792144710697380e-04
2.571348868434768012e-07
2.435455242670887943e-08
4.739430952306553017e-07
1.761980280805580028e-05
1.510604483192505185e-04
1.131625597609338024e-06
9.855484586582200640e-04
1.090431979582892480e-01
4.971673907540039017e-02
2.022863796743397391e-02
6.524948671061281229e-03
7.747940821630092611e-05
6.307212972877479954e-06
1.317546808748360334e-03
6.491911380292980649e-02
1.089928528999324769e-01
8.540409069529669717e-01
7.918996429591303177e-02
1.029664371234409356e-05
9.972610784595697731e-09
1.690342914124052743e-08
1.476170100520348971e-06
6.321844602536857939e-05
1.125716128808913725e-05
1.013744052481759840e-02
1.714347172312570722e+00
2.906956736509542338e+00
1.914395511043362141e+00
5.538850950477919137e-03
3.256100864452949708e-08
1.473889659032481786e-10
4.363411093911702452e-07
2.320979790573548390e-02
1.802843675015838976e+00
2.200519834042768075e+00
1.865559246287559647e+00
1.854185513323838505e-02
4.428611344271067385e-06
9.192511875816955823e-08
7.779884832728216326e-07
3.237846608578594048e-05
7.296757455953992561e-06
5.829542971543844564e-03
3.635874769851841770e-01
2.416675831690313914e-01
1.950404962273334375e+00
1.108926159216663682e-01
3.970543781091829947e-07
9.280458732100278320e-10
1.293682509649794308e-06
8.332543526292699940e-03
1.196283723491523704e-02
4.425933449414964503e-04
1.167047933888056867e-02
9.886891416026993840e-01
5.421695955267748918e-02
1.319817329838217054e-04
1.016129744581423198e-05
3.829402009453614547e-05
1.613873362953059592e-05
1.635831757723548580e-02
1.520761163254258586e+00
7.868398369886181465e-01
4.095983074150995051e+00
2.778214898597954452e+00
1.255716463730668486e-03
8.011911125983860529e-05
7.328016327442625662e-03
9.352030590586469377e-03
8.060965072569117965e-06
1.789580081279708918e-08
8.407574407148527647e-07
1.502450489033162022e-02
8.663587393067018194e-01
1.044079667914070766e-02
5.996237172979839781e-05
3.617956566103418779e-05
2.829502143292846462e-04
2.399289336019825788e-02
3.831491772128005069e-01
1.150158624250983586e+00
2.113558450928906485e+00
9.190874750129207627e-01
3.084722594772596471e-01
9.033304001009504480e-01
9.647948170987969974e-01
3.680600680308389067e-03
4.893726536809806440e-07
1.391840514099182676e-09
2.006693993779680974e-08
3.449871509589543710e-04
1.380469572115731458e-01
2.819577386376702528e-03
9.860760295392704129e-06
8.527469715454730092e-06
1.237272608099092980e-02
8.990457062523734555e-01
1.941412536882111350e+00
4.669459375610244933e+00
1.924629897584634985e+00
1.722211933692314734e-01
5.329944641628309165e-01
1.346765908963722946e-01
4.069459581796590168e-04
5.078546793836702081e-06
6.388682905228318214e-07
2.733351592211458499e-07
7.282771621191816793e-06
3.396946106186207043e-02
8.463587037745292641e-01
3.559794817546581129e-04
2.142660231196573518e-07
5.386127178204696625e-07
8.042357922575088514e-05
6.103022754609545297e-02
1.769513646663098738e+00
2.619444725660255990e+00
6.753907470034549165e-01
2.372206388514169484e-01
2.045299723500529077e-01
1.060293764449352392e-04
1.114993948153534630e-08
1.728592376238706086e-08
1.662319782529504146e-05
1.329164402099179774e-03
6.386714454264876516e-03
9.385842127716456096e-01
4.112198074722235752e+00
4.878501862051369347e-04
9.038374984240614885e-08
1.535358959484408125e-07
4.429535420432814249e-09
6.376672678649535173e-05
2.679494626832968907e-01
5.559821347665251379e-01
1.509637901337263499e-01
8.118350571086826450e-01
7.911894892070469032e-01
5.983315455818986298e-05
2.553864111605153673e-08
5.024139741817488387e-07
5.766737110047263047e-03
9.797145436341624380e-01
2.942415662497011378e-02
3.018691092363022521e-02
1.880098010316169077e+00
1.002376357150372710e-01
6.119159186345806886e-05
3.349651860226042764e-06
1.096888023996552281e-09
8.815288327894658807e-04
5.802986326404689699e+00
1.968845035484276140e+00
4.431044366944000834e-01
8.470450903889489291e-01
1.259039479726538291e+00
7.401355564110453748e-03
5.059235099138631149e-04
1.879191252858022389e-03
4.612680767315653629e-02
8.937401656583506826e-01
3.266115817277506078e-02
1.016668473196131496e-02
1.062774276774130833e+00
2.810465313423295086e+00
8.446263869028299703e-03
3.659829373575470440e-05
1.887251972128406233e-08
8.692553666978980464e-02
2.992212953257055119e+01
1.708889331038482728e+00
1.662211417526034518e+00
9.012028330827402955e-01
1.233724028658995886e+00
4.200433915022542264e-01
7.235981493115389851e-01
8.052772334134386534e-02
4.858359818351148376e-04
1.469903709090489285e-03
5.878725120008832655e-02
9.232121111287578952e-01
4.086923138488364415e+00
1.143044852857843185e+00
5.029700517111988442e-03
2.226934669301418467e-05
2.808451457685784274e-08
1.715619377164962281e-02
4.630510160626588601e+00
9.121530161889881416e-01
2.648184951725421232e+00
8.275864250872241312e-01
8.158563384354490522e-02
7.105883558988186806e-03
1.442800966171913467e-02
1.960469713986335606e-03
2.565910396179936783e-06
2.895122076360600203e-06
3.077359239150111603e-03
9.421891994935445158e-01
4.836839321598697339e+00
1.924647420197951320e+00
1.522997985893147395e-02
5.123162053788837865e-05
1.211891938332412651e-07
2.433212305808650673e-03
1.550432374013331449e+00
1.811801635363473828e+00
1.609112320585256661e+00
3.670231583845737222e-02
5.230764041693635900e-05
7.366623543018199640e-07
3.799413527477125231e-06
1.782555936680133832e-05
1.009336476243447207e-06
5.116082495682370961e-07
5.202896441903670705e-05
2.688018006840778296e-02
1.406617558382779354e+00
8.569477912724617896e-01
3.581124569404681157e-03
2.205430279307141778e-05
8.998752310741635940e-06
7.968505976564564316e-03
1.236137955934133670e+00
1.522211125980008406e+00
7.397397613642357761e-02
2.912056641995454490e-05
2.294240939996159173e-08
6.616450345644669025e-09
1.514282162213983060e-07
2.140872550063659467e-06
7.832166437453246125e-07
1.540736254245171604e-07
2.601268033311870712e-06
4.569282017674240574e-03
1.489659990901859965e+00
2.386517763944377424e-01
1.961468996231075781e-04
3.102149038114412683e-06
3.001952404642879756e-04
7.356322999675693475e-02
7.270762995149837593e-01
1.349217290550424053e+00
1.956272489823125682e-01
1.741403953612677955e-05
2.675859301867698473e-08
4.629111720890614615e-08
1.671492621861399710e-07
2.167280468611258433e-07
2.869738616282541421e-08
2.571723644334532671e-09
5.389352287372679937e-08
2.387942400063987791e-04
3.739120210112209519e-01
8.273364178856769113e-01
3.136639647197287609e-03
2.454914382636844968e-05
1.671606193507250765e-04
7.649793706850254171e-01
1.604943070690413531e+00
4.633661732181162951e-01
1.640195462907058088e+00
1.712993894287424476e-02
3.023342258366367948e-04
5.795341426369904060e-05
4.188705564459548918e-06
1.446235347159206004e-06
1.100088203861223362e-07
1.671377692949027593e-08
4.360254009126281523e-06
1.414311199455597912e-02
8.629388379041533774e-01
1.015793019919040141e+00
1.627272888650886651e-02
1.347421728533832776e-04
3.654542870329925632e-05
4.397210974987419418e-01
1.691179985338366887e+00
3.949466679978476669e-01
1.813235408620156752e+00
2.414145358196928992e+00
1.823738079651359811e+00
4.601850367951183796e-02
3.234924013715245218e-03
3.073478235914563206e-02
4.499976059408704668e-03
4.574617916749778418e-04
1.133346698135581226e-01
3.821477897041477778e+00
5.231736112539286943e-02
5.202482078702565542e-04
4.826316172554016794e-05
1.810467123281818332e-05
8.015252137597779145e-03
6.409900205154738240e-01
4.110296969262707267e-01
1.462575994099113208e+00
1.147431945188655877e+00
6.442783242898677543e-01
9.921965118804969563e-01
1.156333454556728556e-02
9.660280452624720945e-03
2.926520856276105587e+00
9.524079579940040174e-01
6.026007043028333565e-02
1.726272059080449450e+00
1.291206170093823324e+00
3.486031232347319448e-04
5.556808355118417557e-07
4.522420345311491073e-07
5.854195038402567441e-06
3.637897947231789886e-02
1.392466230223820059e-02
1.002902019714022042e-03
8.607367718212489971e-02
2.560368813289257139e-01
1.233153689085035448e-01
1.758072900502126445e-01
7.435235624564627555e-04
1.707039157303889734e-04
1.214521717293762931e-02
2.185843271991747688e-02
4.484612195857055200e-02
1.220505210659648121e+00
1.730774900704885155e+00
7.374185585633896527e-03
1.611374460297933123e-05
3.963169520381376575e-06
2.592423026888002150e-05
1.575510063621790973e-05
9.201379202531502005e-07
8.398462920252223008e-07
4.686501733675087732e-03
5.948125315296947102e-01
1.080004863597013864e+00
1.667296019345541724e+00
1.500260195131577524e-02
2.784237165980438331e-03
3.057732826275723001e-02
7.820135556885660089e-02
7.832050762944133826e-01
1.009182642995898327e+00
7.298853598650126284e-02
3.595822834312639195e-03
1.577315885163843730e-04
4.391162370628923895e-05
9.637194700004633600e-05
3.039875408238396310e-07
2.756488802785246464e-08
6.666752699645670030e-07
9.014298734926387557e-03
2.740462158155435035e-01
3.116904273799256386e-02
8.076214370129532194e-02
1.856393337454205761e-01
9.516333850657867632e-01
1.843190744323457864e+00
8.878458057394560121e-02
2.350909168391143722e-02
1.151079752749157659e-03
7.127348130342193084e-06
1.831938468544072959e-06
7.295089529860130899e-06
3.468991874619914732e-05
1.281767914966236682e-04
3.812223728246968758e-06
1.556842429380918690e-06
2.627270629847941723e-04
1.013230313217976963e+00
7.889116027617052440e-01
3.282244342201181154e-03
2.163875612640717497e-02
7.712266984336842990e-01
1.269011946456868878e-01
9.646699478781237862e-04
4.055186225528812888e-06
6.642537650786117858e-07
5.100135845737402316e-07
1.400346351315307393e-07
2.966833318888853681e-07
4.463697093430556665e-06
4.483467638053682304e-05
1.763753848675449697e-04
7.699017512346555375e-05
8.240459728258652764e-05
7.038383478808125579e-03
9.792600520935166308e-01
7.629481236748042461e-02
5.319124883248813442e-04
6.557932031185903510e-03
3.154119642598336021e-02
2.645988524716369852e-05
1.925207239374089225e-08
2.483087812588227373e-09
1.857366280720760498e-08
5.181147775330528580e-07
4.277515287948021503e-06
1.639760943968100471e-05
5.948927233301473341e-05
1.636307473765968390e-04
3.352342915045305387e-04
