3.055231317037535823e-06
6.143624584825062296e-02
3.717188246190240797e+00
1.365306046477678503e+00
1.700115506666786347e+00
1.225166488593791403e+00
7.994181835415457016e-01
1.010230971428820179e-01
1.062181652841224545e-02
1.496507655362911294e-03
3.232712271684572245e-05
1.271080161788310402e-06
1.169292468331100272e-06
1.159774459212750209e-05
8.578951224580850252e-05
1.322231214527816402e-04
1.047947499457939011e-04
1.290151260146126010e-04
2.268214213026198140e-04
5.124714106552354792e-02
1.917579930819175438e-01
7.676638713483301402e-01
8.898104040061234621e-02
1.262595228987843426e-04
1.897196571317953532e-04
5.439466670381614549e-02
1.873502837298074430e+00
1.010100445079854969e+00
1.488320223983978334e-02
3.223150574125968593e-05
4.559081068929080094e-07
9.519956054916843022e-07
1.718071112436276961e-05
7.384287466771702736e-05
8.377909638615117500e-05
1.070848140726905583e-04
2.315486561503976928e-02
7.847885410894305247e-01
2.759204029533260036e-02
9.218449460966799541e-03
7.562058596081209323e-04
1.253555977674725086e-06
4.076810626172122901e-06
5.078399277635226375e-04
3.332716927859508734e-03
7.928962479904053118e-02
1.935884772900471118e+00
3.066487954009461392e-02
8.651694310203068109e-06
4.964956885728294903e-07
4.490287091547045103e-06
4.323735487365624439e-05
9.793745451479104612e-05
1.465653778181744821e-04
1.151279112373522007e-04
1.178386435857990688e-01
3.746890928550595384e-02
7.343636574185829699e-03
8.550796490787574908e-03
9.539638850035111767e-04
3.060416063328817281e-03
6.923118380948969008e-04
7.358945010129932710e-06
2.848210306617734023e-04
9.543535637243908409e-01
1.988964433116787278e+00
2.967637458885822102e-03
1.030844748521994189e-05
3.025843144558057617e-06
1.442078949381547924e-05
8.013224883109919662e-05
2.169693045207118584e-04
7.789323348919596247e-07
2.712193342814586683e-02
7.527277574711936925e-01
2.769933924888188237e-01
6.519051448390563719e-01
3.061916654453068487e-01
7.595944626099482289e-01
9.187541377451059754e-02
1.124293429444433740e-03
1.874052690545873704e-03
3.868562904972954603e-02
9.990353989989554373e-01
1.030808119591484662e+00
1.502274831601163206e-03
1.464311920507012896e-06
7.170544932827236876e-07
1.576341353250822918e-05
1.904120783739091886e-04
1.348331558782974589e-06
2.805660974717319629e-03
3.121233226804417948e-02
4.294147517021951188e-03
2.673137780476222622e-03
9.968687592369338858e-04
2.757086920538188383e-03
3.533450903915946045e-02
9.439986957394747025e-01
9.939118012359774434e-01
7.577508954182809314e-03
1.905788520772807443e-02
1.893730036328373334e+00
9.478938754076807194e-03
2.098660031343811342e-07
1.139669547405405895e-08
1.002826673496958295e-06
8.755875509768322375e-05
1.908656673816230483e-06
2.977256979977345417e-05
1.848718640671522461e-04
6.282456688350505621e-05
2.067975736425254341e-05
1.168506182946736193e-05
5.523373616573894819e-06
2.420701188552774926e-05
2.379101715122172375e-02
9.449725380280785680e-01
3.178273293480469216e-03
2.455385432205850569e-04
4.821798064044771626e-02
3.718302362226454105e-02
6.313514318564931423e-06
3.813050948847344985e-08
5.518722931285727565e-07
4.895316428686235008e-05
1.021417811950906077e-06
8.245569820764319001e-06
3.358323868455971931e-03
2.722092027842152456e-02
9.173467287429242986e-03
1.800876258805789859e-02
3.969393464574303603e-04
5.675164574868484400e-07
1.008236265345594022e-05
3.783966264598987578e-02
4.390998120072448635e-02
4.698038432646680284e-04
5.366662907667369559e-03
8.956189202253500570e-01
7.775309048420482594e-02
9.145325684530277778e-05
6.272498092773806888e-06
3.638755851395149342e-05
3.261435646453918229e-07
4.368497918549198422e-06
3.231012697120504151e-02
7.951188133406948966e-01
1.140596569571057373e-01
8.651225692023480907e-01
3.260293201271689117e-02
1.364027023698652117e-06
4.970159409432727008e-07
7.298887971501103085e-03
8.787902370036966282e-01
6.691750014503069534e-03
4.263680814609740826e-04
4.681349428184063827e-02
8.571269194141307723e-01
3.454128730068713269e-03
5.512577987009322700e-06
4.595491651208890797e-06
6.009840884706473505e-08
4.910878840513393412e-07
4.461673534816410110e-03
1.792781916070319004e-01
4.998979218099829612e-03
1.404730941703580434e-03
1.860467477572135572e-04
6.670191277162535578e-07
1.363816282956470933e-07
5.889665353044614955e-05
3.615286588986508370e-02
6.147626458089688190e-02
3.003240352776283349e-03
5.607487481775770728e-03
1.694300551870292215e-01
1.536381588298394232e-03
2.690881261188573714e-07
1.219132403747837415e-07
2.936942774929073862e-08
6.226189490880311798e-07
3.508427073115903683e-03
7.220773439079869460e-01
1.375584383940755273e-01
2.701306584533895135e-04
3.283236069606170279e-06
2.265734148144740526e-06
9.083941099177912999e-07
4.863621472686140174e-06
2.374848190823150400e-03
9.664347821233200131e-01
8.820331157332061967e-01
1.319046405715449954e-01
1.703652209315888788e+00
3.973258775898758782e-02
1.439404378467591976e-06
6.833535356685267885e-08
1.536772894536882601e-07
1.807692583362378218e-04
8.372821842260062819e-02
1.837254109114812295e-01
7.482981398430204045e-01
2.869375022566425168e-02
4.345889021989708255e-04
4.144271099063526198e-03
3.327633668700064485e-03
2.900239351635131371e-03
1.860271660908936406e-02
2.124851374758550404e-02
1.220160671099060085e-03
2.386319512361548668e-04
1.190780306785419601e-01
2.067193264501860916e+00
1.132053462421940418e-03
2.787700258825024375e-06
3.350359931576367863e-07
4.870226375154287912e-02
4.871056483119481584e+01
1.832663221672449771e-01
1.323378273518703852e-01
1.870946049405009193e+00
3.398796787106930783e-01
5.662056555033284644e-01
3.431997585305659459e-01
7.676727079826721756e-01
5.659398190569461112e-02
5.242814071046290269e-06
5.705315081347012657e-09
1.772572921506838434e-08
4.106902320486412205e-04
8.026079914531580872e-01
1.404059163301464748e-02
2.195704932300965225e-05
5.787875744796311367e-09
1.049406696991262951e-04
5.160785220461122869e+00
7.007572727428728054e-01
1.538751326427205413e-01
2.703020342914174368e+00
9.903516016386182397e-02
1.375458926127484573e-03
6.155789725935404072e-04
1.370060186835334558e-02
1.789789614465011388e-03
1.636518288662192229e-07
2.815389929295042801e-09
4.183214721631220772e-07
3.203258689605512945e-03
1.763548470681330638e-01
1.917155599692607019e-03
1.152006106445793337e-05
4.099672997914036088e-10
2.415025535769833160e-09
5.414436481687866687e-05
2.927004649200291853e-02
1.397347930367450197e-01
5.015997237939674724e-02
4.714125553872822036e-05
1.391948171220124702e-07
2.724632779312848478e-07
1.456363130950737926e-05
1.183967578472921463e-05
3.571593399684191621e-07
4.041299846252669327e-06
8.755795512374943065e-03
1.954715835017318826e+00
8.931090888796525684e-01
4.115909012677034830e-03
5.746344197174417111e-05
3.031300592768251414e-08
1.926595109328851995e-09
7.258983781296040356e-07
1.203046178273303041e-02
8.463101299219260021e-01
8.313295661312841353e-03
1.073092521426763596e-06
1.764747626089512960e-08
1.434758894257503392e-07
1.326649312756574994e-06
3.657561866391800049e-07
4.470211169174330984e-07
5.818346913218566804e-04
9.985258365939494452e-01
1.046604736189823859e+00
1.752194664835947033e-02
6.008375508293801624e-04
1.298645929203453512e-04
9.106087596301264470e-06
5.138507622078668320e-07
3.007761830082075007e-06
1.553586562267354233e-03
4.135350500764047033e-02
4.644690176997388789e-04
5.182148854121127284e-07
1.306572635950338206e-07
3.125509939393596865e-06
5.886219540922834576e-06
2.296069197865296716e-07
9.297858226142133434e-07
5.169887551387475355e-03
9.546852797084171005e-01
1.647078144112553919e-02
2.441308684826343215e-05
2.527443984207202925e-06
1.164122037428216449e-05
4.216617418137613243e-05
5.575447119865586726e-06
2.860142951937094570e-06
2.169471689473871488e-05
2.343150613588644365e-04
4.212894734271708364e-05
5.780505647894525466e-07
6.154882675286760122e-07
1.790204913879086656e-04
1.524355603107790729e-03
3.276431168733322404e-05
1.463353359557288268e-04
1.142094987972597786e-01
8.766772368467068421e-01
5.753895686602442799e-02
2.718035975789019295e-04
2.840839732153557438e-06
3.558919858983820896e-06
9.950798667205408893e-06
1.633706982238256565e-05
2.946321437458734543e-05
2.050560606650989038e-04
2.174186664040351352e-02
2.508599228146129664e-02
3.140009726152618235e-05
3.978221411776680231e-06
1.092597729456769480e-02
9.963708894888910761e-01
1.296426152709409529e-02
2.244379978105662601e-02
1.706800811693336861e+00
1.365626186791961016e+00
7.897183071918792985e-01
3.011158658146764408e-02
5.054808318651700556e-05
6.960716455101779678e-06
6.311287742476433836e-06
1.089553004907057232e-03
1.038280970225445056e-02
9.225534228967779277e-03
9.216321850120477999e-01
9.455520875974514627e-01
1.175270103095060986e-04
9.542443148778216317e-06
2.917947824525457534e-02
8.788559627666684415e-01
2.177491778897374178e-02
8.325276817554247422e-02
3.093402887587506811e+00
8.418371059730294093e-01
7.542649631810828537e-02
1.662341533796601661e-03
1.718505224024710702e-05
1.018634299319953363e-05
8.242809575310693158e-06
4.297139956973780595e-02
9.322194452032344092e-01
2.408997350784058272e-02
9.547264063550281454e-02
2.217409064751792169e-02
6.966266017536545801e-06
3.452231614254252303e-05
5.494490871611496657e-02
3.829418209916866933e-02
2.323437905075101742e-02
8.962393366100993575e-01
1.009543740668513490e+00
1.584549505993550211e-02
1.839075527710534036e-04
6.041862978176989945e-06
2.513802949752879280e-06
1.802315827658117252e-05
6.533096191241056917e-07
1.734444470903710907e-03
8.171945845650322449e-01
2.912043011597945097e-01
6.955756096733205496e-01
1.265723406859907141e-01
1.000462506341174884e-04
2.162444390821218181e-03
8.083840374183354216e-01
1.097848450488644600e-01
9.786802223193405981e-01
4.009415424334286548e+00
3.010272454798919913e-03
6.411326571981867741e-06
1.383210338848455716e-06
1.589985697065839362e-06
6.714685928188439467e-06
5.972801981898825561e-05
2.131945942207366079e-07
8.730012914151770497e-05
2.984306645323214213e-01
5.661256821693548824e-01
3.717639332732333157e-01
7.192586041431875410e-01
3.200764207759447533e-02
1.634047618383803469e-01
9.248047941786743387e-01
1.124454634900313582e-01
1.846310582354700136e+00
7.204066256355293185e-02
9.063217321620484819e-07
1.666421791055942490e-08
4.617490144054378645e-07
1.036306085728237424e-05
5.108535878314432400e-05
1.466916982671173132e-04
1.019566941066733772e-05
1.690114500586304769e-03
7.891844604568237775e-01
1.805582507720845109e-01
5.531135996672729115e-03
1.212185045510062904e-02
7.719211908479270412e-02
8.198278608081671637e-01
5.539979063962306022e-02
9.420512350075865892e-04
6.455744366716484675e-03
2.283466831036136987e-04
6.734563496517475566e-08
3.679433006439844369e-08
3.780173601549475448e-06
7.398982625966897368e-05
1.616778902622619581e-04
2.101020386823552674e-04
4.538552152309380770e-05
5.346111937571873182e-04
7.478335242905372049e-02
1.967881906089008037e+00
9.211472663898255808e-01
2.175245425423001644e-02
4.613930650385325918e-03
2.205947279574243039e-02
7.956586623990910675e-04
9.002072479746411760e-06
2.728369819369633550e-05
1.958492929501816924e-05
1.521389925718401610e-06
4.004950160363389235e-06
6.648187358304145206e-05
2.524930168072581776e-04
2.769907298469991507e-04
2.809650837950822462e-04
