2.041007317295625290e-06
1.008856521380901809e-03
1.947733995806259832e+00
1.073884191793163190e+00
4.021559771117515919e-02
2.205252217477479681e-02
1.594520454517296335e-02
2.330331938945060660e-02
9.733636036757567847e-03
4.432819042988550562e-02
4.942334505430566807e-03
1.513165302372124120e-06
1.693564470256071872e-07
7.320850215996463116e-06
1.207058570293821040e-04
2.103451890211307444e-04
2.905210804060386716e-04
9.584054850588594621e-04
2.173782748369873475e-04
6.299450763682873378e-02
5.131824084571082523e+00
3.607543690975933970e+00
2.203418663814843192e+00
1.554068917111659953e+00
4.081404952331714187e-01
2.477368415342376728e+00
1.356206944405549342e+00
1.672472609331040028e+00
5.129229486481046152e-02
9.719579895729685950e-07
3.811302022727394147e-09
5.121588332046948854e-08
1.840467505603300028e-06
4.172411313310456126e-06
6.649008788794540095e-06
7.732014410333153359e-05
3.523525854740144903e-02
8.197226894919650286e-01
9.350552877775227811e-01
3.892632026924011668e-01
1.574107285810566470e-01
3.967807254774279729e-02
1.929102923060916491e-02
1.656638684131502559e-01
3.989794518141360352e-02
3.049852174615348688e-02
1.204577127339497289e-01
5.341595657171338161e-04
2.043648093620563049e-07
6.941073134914568606e-08
5.542188724461805991e-06
1.211173864003382965e-05
2.076867088125118638e-06
1.270639611429055019e-05
1.101723061836483615e-03
2.213161945196418304e-02
2.748870858968031072e-01
2.286953919918803368e+00
1.033728662509732388e+00
5.493639610632490289e-01
6.255477151057713403e-01
3.151102945331110683e-01
7.966497892899987443e-02
7.333284192928674061e-02
1.811485636950819655e+00
2.975809220385648324e+00
3.983621305704848278e-03
1.175445588004667667e-04
1.707381451211812881e-02
3.059926319869495440e-02
9.371477998737222067e-05
2.170802771933894596e-05
1.171744291644900038e-05
6.952504424926603428e-03
9.545313190821071991e-01
5.467694989120770011e+00
3.162221005874388702e+00
3.655038570141443177e+00
3.822102461770842119e+00
9.568946480143369904e-01
2.067805433411634919e+00
6.881283838119482965e-01
3.556118142794292836e-01
6.773957075714281295e+00
2.175514683683893224e+00
6.169696104271266829e-02
8.231060298557579813e-01
9.944068477976808484e-01
1.439098037888508720e-03
7.794998830550814624e-05
6.225812057826388821e-06
2.086011343420826614e-02
2.584246432201660948e+00
3.115643721840640090e+00
2.175098584885950537e+00
1.964269765923745137e+00
3.476681057149202392e+00
3.241337247723952153e+00
3.615635978228894487e+00
1.124534056313786889e+00
1.999955205524101554e-01
8.374168729574460457e-01
2.217692778571441981e+00
1.995083425414316269e-01
1.142840244596894095e-01
2.003386311919472598e-02
1.694469466022757210e-04
6.807790238670755880e-05
3.548061503494287527e-04
1.110256891559997933e-01
2.412446696463818263e+00
1.092073521671912628e+00
5.026949059471155223e-01
1.273928373063783370e+00
5.573175724695593303e+00
6.202676935079087350e+00
3.850245184760825889e+00
6.055596778093271126e+00
1.350201075728369560e+00
3.190036289224792432e-01
7.381721614289914468e-01
1.971390082056055704e+00
8.332900424465730094e-01
2.762493186632640312e-03
9.570347011499170963e-06
2.197003215140718905e-05
1.848195576372744023e-02
7.480229966529214902e-01
2.657176971094964202e+00
5.071083175979149704e-01
1.801206579735480373e-01
1.023060413610701547e+00
3.048991577185001578e+00
3.319436255247723011e+00
2.845581630433274167e+00
1.916964959738132412e+00
4.849882487871381431e-01
2.821034189344285292e-01
5.141604784105765491e-01
1.754582678673926699e+00
2.166003653966143805e+00
2.690273942099412341e-03
1.478176911183537941e-06
3.469706704569544285e-06
5.806779470086984940e-04
1.255274914970442024e-01
7.994807718300174226e-01
8.508077292707924566e-02
7.324297679325786348e-02
7.174680230816873339e-01
2.070877545091169836e+00
2.767075263766192172e+00
8.333524286683559046e-01
3.259356315935311721e-01
6.560117809252529186e-01
1.382151255973824711e+00
7.311121547991309422e-01
1.847943076907763715e-01
9.492690726503648646e-01
8.907206071572982761e-03
4.216617695490423524e-07
1.908876315623113651e-07
1.039308804560213095e-06
5.334316151939814434e-03
1.729914564125014875e+00
4.316083995503341986e-01
4.836041154840415301e-01
1.875098726646537983e+00
1.460751874881606405e+00
2.362490233487446467e+00
2.157480470432466824e+00
4.126951215680326968e+00
3.521835123687278468e+00
1.336379637974612233e+00
1.677166303155491089e+00
2.824815626579827432e-01
2.705333710365781297e+00
3.543323512239060502e-02
6.301226582368016003e-08
5.603272343668134814e-09
2.163297662534479051e-07
8.878174311291044769e-04
4.266580760090299407e+00
3.706806000330961748e+00
1.292587130459650124e+00
2.020106006496941387e+00
1.624895514611328640e+00
1.017077661327157267e+00
1.859561347263733455e-01
2.140558752645779439e+00
7.270456326384413082e+00
1.274790097971461256e+00
7.083434999158481071e-01
5.953287817571560614e-02
2.135392238720870139e+00
9.871331311728825941e-02
5.454405721743250743e-08
1.510016088863624524e-09
8.763032706947877272e-05
6.701941936777969233e-02
3.977674895081072748e+01
2.001556739520457739e+01
3.119291295133884034e+00
9.780835625862165372e-01
1.151914902938030005e+00
1.909115330471014227e+00
1.029117336743897160e-01
9.616587109020621194e-01
7.599700019152487052e+00
1.448459829133001531e+00
4.678847708684997220e-01
4.750131141182876993e-02
2.757592436787914103e+00
8.760043627708444802e-01
3.088330760786196419e-06
2.158490697429735880e-08
1.283208420377852411e-03
8.548824449786347479e-01
3.421466780480353265e+01
9.967549440390280679e+00
5.962410366849643317e+00
1.398150544181583799e+00
9.844563186101016328e-01
5.992117546432218944e+00
3.673316186801245387e+00
5.453661300478167995e+00
5.438666239778997991e+00
2.264720005431050787e+00
1.738462212290344588e+00
5.044502001299122629e-01
1.852790068772440568e+00
1.306133877979656521e+00
9.398963421025927426e-04
4.591087719405038446e-06
1.015804437055772948e-05
1.403275991097295283e-01
3.093275904824113098e+01
5.971123733121044275e+00
1.205991780643086653e+00
5.116206453102284391e-01
8.249964214040729216e-01
1.293269678020638080e+00
3.075410431998783611e+00
2.751742893782015642e+00
2.560389626855639200e+00
2.367809321283936619e+00
5.884437651810644487e-01
1.282669426447337946e+00
1.397337948050156653e+00
5.427199573465745219e-01
2.267606501031927541e-02
1.671168861915814927e-04
8.252305028978918822e-08
3.016590111155713957e-03
3.574234065525434101e+00
3.508855719013303620e+00
1.027574155479322737e+00
5.358176964328458247e-01
1.213591619312552217e+00
4.378338558093964883e-01
1.490213531136144409e+00
2.373661298149184251e+00
1.662370646978166722e+00
2.477708611253388316e-01
3.053818394823424633e-03
5.366466688617472364e-02
1.003294218364092272e+00
2.632105141801637238e-01
9.784691601928224153e-03
1.075915034433469410e-04
9.225768593046718827e-08
1.290625113821219049e-03
5.608765796583105034e-01
1.608672789023815941e+00
1.966595320624928478e+00
1.218162371875197936e+00
2.010915702191319987e+00
4.624764142994357008e-01
1.543316546306440884e+00
3.526586358956038225e+00
4.355653531935786305e+00
7.247398526846069444e-01
3.301390350524766731e-03
5.759797437123629488e-02
3.899270963657413436e+00
8.310254354937663956e-01
1.505485271485994779e-02
2.320044486958203634e-04
5.415397405552422470e-07
6.097919500492389108e-03
2.766581690165529350e-01
3.164354441120762473e-01
1.021260294587680306e+00
1.978153619193314006e+00
1.826050869583205394e+00
5.002165343374660456e-01
2.630440283864514672e+00
2.343861894224799070e+00
3.889197699034005584e+00
2.995044708962537161e+00
1.493624300622968526e-01
2.886281734231893381e+00
2.177340192160513332e+00
8.988171435318405983e-03
6.652676327543568168e-04
3.768373307657489212e-04
1.134272472692429671e-05
1.018891454700230625e-01
5.475575842582233177e-01
3.421513992249963776e-01
1.097208243005249217e+00
4.904592559990759604e+00
3.456050818391455337e+00
1.050048527241182139e+00
3.067619705865280988e+00
1.602368367396792781e+00
3.247502454608500955e+00
8.610252428103392086e-01
1.151527506072946155e-01
1.740545370483722376e+00
1.945707673266425242e-02
2.218332890848896936e-06
5.529012406392593446e-07
2.691242077564386670e-05
1.377361389888550605e-03
9.035348816353143686e-01
1.332782559377004850e+00
3.495117747710794642e+00
1.297266350356498510e+00
7.295522198759674115e-01
2.338592130292601379e+00
1.725935055363666315e+00
8.611476834739391073e-01
1.426271964007377768e+00
2.196699600395805252e+00
1.342846767228407234e-01
1.140243253369591647e-01
1.134337096455584337e+00
3.838254123022558778e-02
2.413646744291705326e-05
6.822392422614375164e-07
8.632897882680854094e-06
1.511560676110714485e-01
6.700267636326525666e-01
4.137871903559405817e-01
3.813806431232467098e+00
2.121400210951717380e+00
1.007943980653250193e+00
2.370978222637912580e+00
1.172157005242221661e+00
1.192334591433370061e+00
3.925472805412854704e+00
9.117856261936594375e-01
2.019430628010934203e-01
2.454310637397884687e+00
3.153585819219712150e+00
8.200430429819229872e-01
3.566534704355357743e-02
1.248465195805048588e-04
3.453000384143566336e-05
8.567064109606447042e-01
3.156818782594427719e-01
1.564471973702893592e+00
3.214515025493730249e+00
1.928130698285903444e+00
5.832466784014179062e+00
3.625530693811283900e+00
8.221785237290916148e-01
2.025867303205326042e+00
7.564888360255371813e-01
1.679155968919533448e-01
9.282270354437214266e-01
4.280091688672580830e+00
6.636976384942687435e-02
5.419271426050895762e-03
5.377598099975724674e-03
2.812423474404348906e-04
1.030308806412304651e-04
2.750910093112260597e-03
5.455997563816385697e-03
2.921055800111354461e+00
3.328852766955178399e+00
5.419310235821099830e-01
1.805354825936402952e+00
2.465779471757792773e+00
1.534129818937506551e+00
1.347185002573972445e+00
6.125453757874435023e-01
1.208132679449741564e+00
2.245113310924581995e+00
1.717878031862612120e+00
1.542144697357932144e-02
6.353034153739363225e-05
2.301132042179627755e-05
3.586160025733487979e-05
1.614053162865742327e-04
6.754274980086258602e-06
7.502428261716712543e-04
1.172628240784025611e+00
1.583147583111705892e+00
2.396958717251646220e+00
2.421293521599496845e+00
4.827119162985702427e-01
1.187388965278919351e+00
1.068288848879769048e+00
2.166442470990558977e+00
3.572405412725762286e+00
4.123463803261702421e-02
1.416341658304425509e-02
1.073073023205393592e-02
1.165012616949113344e-04
9.834027792613760297e-06
2.800218212597224942e-05
2.756101428872679074e-04
7.354819041623542682e-05
6.879651344501402921e-02
1.696961044355278725e+00
4.505810255631302885e-01
2.782012736258978602e+00
8.772015715630050725e-02
1.086248930932356537e-03
3.432906867038656440e-01
3.390309850986124474e+00
4.955332979374310609e-01
6.427544027388231163e-01
6.598889028686560215e-03
1.583922041769532147e-04
2.310218367354629630e-04
9.280820617865602657e-05
3.949074580980273312e-05
9.304836294047925959e-05
5.026567860649014093e-04
1.352835584726425067e-02
1.931179701984554242e+00
6.167763978444690487e+00
7.800781144765410957e+00
7.057635557534480242e+00
3.818815070927671432e-03
1.343229435265854538e-04
9.016733615141546698e-01
1.093523056923108250e+00
1.046446185488772700e-03
9.162148344368299668e-03
2.467899973338286146e-02
2.701959248518866273e-04
4.572435895799229546e-05
1.006058515806151503e-04
2.268152061490882540e-04
4.561524069591713646e-04
1.204008590460456472e-03
