2.091968387318934749e-05
1.910389005341179479e-05
1.889613841774444978e-05
2.035941641489453274e-05
2.150389139574111939e-05
2.017240800135170067e-05
1.818797782742518799e-05
1.738159437808837549e-05
1.719264222797815906e-05
1.709560895747089658e-05
1.704622908510281191e-05
1.686641962224974620e-05
1.657962456759792173e-05
1.612656552539764394e-05
1.552594851568376967e-05
1.548018323533676918e-05
1.680870640186765008e-05
1.970504121279429097e-05
2.020472196352330544e-05
1.856816969720207668e-05
1.840513375209378244e-05
1.962213847874838215e-05
2.051014532803201661e-05
1.947173932513916549e-05
1.798757137910446033e-05
1.706134606794807630e-05
1.599709608714102040e-05
1.501661512348408891e-05
1.468621997003282286e-05
1.465218245932009299e-05
1.436249916597812608e-05
1.356781732844943494e-05
1.260785823406063308e-05
1.246441188999870761e-05
1.395327052716279487e-05
1.737312720389881657e-05
2.185203336148720102e-05
1.932661843369293226e-05
1.593800165169701735e-05
1.271825445519451044e-05
1.138025861092473944e-05
1.252571171043900247e-05
1.537609261713649751e-05
1.715047031109213086e-05
1.596141493997934400e-05
1.393759709724816639e-05
1.318874597128566486e-05
1.351263954365128024e-05
1.368533795801492463e-05
1.300279734449490012e-05
1.192703303114284996e-05
1.156317892888784585e-05
1.279912544348038887e-05
1.620104845299256038e-05
2.444661200631122235e-05
1.714622048462257221e-05
7.363350841080461740e-06
2.367491349310698093e-06
1.292830923319651788e-06
2.088196749475363927e-06
6.063070707856915451e-06
1.305993015858300983e-05
1.561457691624820615e-05
1.378134763657649665e-05
1.256272810163721546e-05
1.288679723227982425e-05
1.346882551717848068e-05
1.329811918970625675e-05
1.259445733379830864e-05
1.219163798396048678e-05
1.301722530883663686e-05
1.603270603451629740e-05
2.405805343197294635e-05
1.126055706175892988e-05
2.307375302912482452e-06
3.412511742936900253e-07
1.221556967624172753e-07
2.334190254163559402e-07
1.393315755370145290e-06
6.987217100217400724e-06
1.419684304507375576e-05
1.484480348046258382e-05
1.334502710038525660e-05
1.300007138499044728e-05
1.330790011215360146e-05
1.351858075036280146e-05
1.353639423827525200e-05
1.340696537240285129e-05
1.381575395175991335e-05
1.622532724476553445e-05
1.782965852854305152e-05
7.270245704367769909e-06
3.466049910407980548e-06
4.150249345190475948e-06
5.006468613454239008e-06
2.502148523352663105e-06
1.956664880629941281e-06
4.930095660664760306e-06
1.268594553836110346e-05
1.671824114031887236e-05
1.532977761505689517e-05
1.371065095422406101e-05
1.297971279086152528e-05
1.305493315643226350e-05
1.369812350001687405e-05
1.413254741346976420e-05
1.449396539097954244e-05
1.651536511707960318e-05
6.996609220899812468e-06
2.811873025256494289e-06
1.341347122527703875e-05
2.032854686937690062e-03
4.853515979900330235e-02
2.205166841743211315e-03
2.030807200919580269e-05
5.496707652335461096e-06
1.145038408642954710e-05
1.838659507673028956e-05
1.756287964415303204e-05
1.440550187850937153e-05
1.228523937543752886e-05
1.181417752142027360e-05
1.269548757189049310e-05
1.384040584313440274e-05
1.480530995255907990e-05
1.699924719728406332e-05
9.740857183930630857e-07
2.575542060974407486e-07
3.825809018023357955e-06
7.356956716337202662e-03
8.289683486629759734e-01
1.205226335613885855e-02
1.703190930994060736e-05
2.758356424950899975e-06
8.408962972341269806e-06
1.869483413665394870e-05
1.936751719198213202e-05
1.513247039744841378e-05
1.198942299831997827e-05
1.106475007116562392e-05
1.192702276306825814e-05
1.344173853642681865e-05
1.489466079676571818e-05
1.729232315936083292e-05
1.575726319137558127e-07
1.376581149149150321e-07
7.769674578336800014e-06
1.103269286301503116e-02
2.212572675255195798e-01
5.364359240825115026e-04
5.804434924890805192e-07
3.285436218892050851e-07
3.665360550981355356e-06
1.562836039956250206e-05
1.977943050700150572e-05
1.593204852536147284e-05
1.271602140059002326e-05
1.187208152246144736e-05
1.275240771209797047e-05
1.401226380347851322e-05
1.499810839915710015e-05
1.690824491492917591e-05
4.184528434104984586e-07
2.232619484520141813e-05
6.671998972693890008e-03
1.004556284091450369e+00
7.387943067499007643e-01
7.094076868652359456e-05
1.813839820051481859e-08
2.649648413237574160e-08
1.089634849695405167e-06
9.693000896990865980e-06
1.747050546069509955e-05
1.615685546264179079e-05
1.375344972525195097e-05
1.336347146942110813e-05
1.419464104138165073e-05
1.471122783338178266e-05
1.474439160454001427e-05
1.598191634710419219e-05
1.208561399189450956e-05
2.534702065589887476e-02
1.005547525448922341e+00
9.199717195911510936e-01
2.622567629717310056e-01
1.641222547869392934e-04
1.726997043339370645e-07
1.928374924842240723e-07
1.628968803756212599e-06
6.152889877775576836e-06
1.294331291539312384e-05
1.538537121839865065e-05
1.426540016646391296e-05
1.401580373119921347e-05
1.448243016424344508e-05
1.437389140855571364e-05
1.402666728383167106e-05
1.521181774990468254e-05
1.302508689307076823e-04
9.889605959366259968e-01
5.821798443731188932e+00
3.541262234540463738e-01
5.472026774990828013e-01
1.420998357913449417e-01
1.092971364947275918e-02
9.916322143058489951e-04
2.652840192546126373e-05
4.875394788110107600e-06
8.379131310591183499e-06
1.408002901790539224e-05
1.470755354781547987e-05
1.426215604719895948e-05
1.418523842022034140e-05
1.379774613709939002e-05
1.364958577442552140e-05
1.524394868148875130e-05
7.554930060174690600e-04
4.059119831367500986e+00
8.010972041859415071e+01
8.785547100263077169e+00
3.299226589636622187e+00
2.895291354271703366e+00
1.874950757918248723e+00
2.639691387679114071e-02
3.052893242751570843e-05
2.117865630744605198e-06
5.434399656770531929e-06
1.348572078276412421e-05
1.578513584659806845e-05
1.495831080133799252e-05
1.421571256099675612e-05
1.375204125174547500e-05
1.416374538121479887e-05
1.640697335710839270e-05
1.841014425889544743e-03
9.430249041753643313e-01
2.986200593044006624e+01
8.154792067952842061e+00
7.005075233037374449e-01
2.533317796329752625e-01
3.133929120890183856e-02
9.252045913314338520e-05
6.262572876111742967e-07
6.005633509872191779e-07
4.758836423318368937e-06
1.469197821515118391e-05
1.734932602886243882e-05
1.561604131820874304e-05
1.416354891469753945e-05
1.397367274769289758e-05
1.541108492356530659e-05
1.858711388421399298e-05
1.902049860015893735e-04
1.507535295588293030e-02
1.158535962788384888e+00
9.091592528605346724e-01
2.221208962214059057e-01
7.425609634346143073e-01
2.580618097609304121e-02
6.016755648098023505e-06
1.097090012377959339e-07
6.154941669890273128e-07
6.805395601377725577e-06
1.748256662895334552e-05
1.862453848109069720e-05
1.579242513279359352e-05
1.389996559401594564e-05
1.415014690626262337e-05
1.664271731761963758e-05
2.075256834437652276e-05
1.857764032536124121e-05
2.914685083803947047e-03
1.909937971496115328e+00
9.453605293772604501e-01
1.625380543633243857e-02
3.479722220591098536e-02
6.106904438560651141e-03
8.752877606751562973e-06
4.897428490151278512e-07
2.303817028041883037e-06
1.209813832501964635e-05
1.996475843847338559e-05
1.888762607146511133e-05
1.574964840692450469e-05
1.386503432273718973e-05
1.424982084669823715e-05
1.706416728980248522e-05
2.157537174533647497e-05
5.155219550592029632e-06
1.966814242485108162e-04
3.584420715933792773e-02
8.140972713666342828e-03
1.878833795674811412e-05
4.321666001008566333e-06
8.009144368131745082e-06
2.591407324760798398e-06
2.338754152447005202e-06
8.041981474836468506e-06
1.791153774411803157e-05
2.024004563358879888e-05
1.801205257439822407e-05
1.555779867485850812e-05
1.407961121500848343e-05
1.430500592295502068e-05
1.670988872234024239e-05
2.098520197608076102e-05
1.609201395350945088e-06
1.305246073741196141e-06
4.682135364477660078e-06
2.440405244013234816e-06
1.537524073856834889e-07
8.306619104348921474e-08
4.329366923938986715e-07
2.095807105315784634e-06
6.986230322811733492e-06
1.548496729923766647e-05
1.951131375941865737e-05
1.818479342674936118e-05
1.631359221758373022e-05
1.506386797428014849e-05
1.426345812547201200e-05
1.431512376051210698e-05
1.601917945152610146e-05
1.964895028942099467e-05
2.324280120887638241e-06
4.029144827159375575e-07
2.079095920153712285e-07
2.704404166713121559e-07
3.765747237708839142e-07
7.652298442440941898e-07
2.574385030420108420e-06
7.825054414464157820e-06
1.525418220689013637e-05
1.884314004319464028e-05
1.757982753910160824e-05
1.559797086820326862e-05
1.473537590328893302e-05
1.463154824760033101e-05
1.446470637011489218e-05
1.430610582206081047e-05
1.522198192316848404e-05
1.809280351013774793e-05
8.875667799758270006e-06
3.299768814570988191e-06
2.037035697491121075e-06
2.874710342710194577e-06
5.615057781187403379e-06
9.817973241092948822e-06
1.468207083353041793e-05
1.880773659827288387e-05
2.003462537571121612e-05
1.814063125196196640e-05
1.556336999607310989e-05
1.421159019929941613e-05
1.423395320036869403e-05
1.479905102798932413e-05
1.486036631314016885e-05
1.436286302054692352e-05
1.461972383949283400e-05
1.697026119430894385e-05
1.968193003531535902e-05
1.535255450766760132e-05
1.402141137266859559e-05
1.624518301279852730e-05
2.003856741418860252e-05
2.200410438940563951e-05
2.155293099402539185e-05
2.021038182167665703e-05
1.838312024822039118e-05
1.615999239195132250e-05
1.442850071198117135e-05
1.395054882787253782e-05
1.452664515198904814e-05
1.519882771036615286e-05
1.510354748353338499e-05
1.443545672523269323e-05
1.456193545009411714e-05
1.685469723360779546e-05
2.293014160500807656e-05
2.154272447194976867e-05
2.106693190796617455e-05
2.121641646185322492e-05
2.102606273016196145e-05
1.975204091134756876e-05
1.794063487079539473e-05
1.645723632243560109e-05
1.530636271249099191e-05
1.431326375695441646e-05
1.374259101913812658e-05
1.396293222517949483e-05
1.470000861299450326e-05
1.506307816294219796e-05
1.474038118810373050e-05
1.439605393937875163e-05
1.507877866707193783e-05
1.766818143578901477e-05
2.128158473478195496e-05
1.933470119849034572e-05
1.800515558674489140e-05
1.711000783551802187e-05
1.643495328576827162e-05
1.573262294998446496e-05
1.499093652858916844e-05
1.435425238734735648e-05
1.389983586317716590e-05
1.372674664410853839e-05
1.390763075311104994e-05
1.449406973564915744e-05
1.507493104787321468e-05
1.491311689580240233e-05
1.439939336966539914e-05
1.463961357327451617e-05
1.615919912706099328e-05
1.905266258845797033e-05
2.017096014704266424e-05
1.756750664136776116e-05
1.601418038268341256e-05
1.534602125719312059e-05
1.513823780348871957e-05
1.506539857480089921e-05
1.501147774924958910e-05
1.494245016316091194e-05
1.498011878559590441e-05
1.531389671585587690e-05
1.591073619822448512e-05
1.660528876810278743e-05
1.680693813644204641e-05
1.602602629186707897e-05
1.533293328296825311e-05
1.603374024661178055e-05
1.811323770953995974e-05
2.099451913787296462e-05
2.137112745716562311e-05
1.882122213016586929e-05
1.754298684956557538e-05
1.736328608384408344e-05
1.755991409434310159e-05
1.768769705673554603e-05
1.776262415975407029e-05
1.790957727058421000e-05
1.831467174108637793e-05
1.902275798356422892e-05
1.981115833258346106e-05
2.036831439789197303e-05
2.008477286346625171e-05
1.886732530770011357e-05
1.812929761418770105e-05
1.901407534512489884e-05
2.108584469088730672e-05
2.348000066738301100e-05
