2.201606711822782462e-04
1.557638896226403447e-01
6.869769098025213516e+00
1.102011476592114469e+01
5.129446880311377299e+00
9.206859461744085760e-01
3.742604197954201711e-03
5.307722116522974607e-04
1.404385784648068164e-04
5.638224989427905359e-07
4.828662605754960295e-08
2.152317397626088400e-07
5.240774861311141507e-06
6.825517270771221600e-05
9.666312716825078933e-05
1.261185243563589390e-04
3.953976414488294595e-04
1.294888598759771914e-03
4.468057256157872970e-02
2.540588678848044069e+00
7.430472907436168839e+00
5.654213661071956665e+00
4.090046395424331571e+00
2.722289435915569378e+00
3.554858989154785487e-01
1.885405201281902920e+00
3.991534008136942369e+00
1.064205130296279889e-01
1.775216986665125504e-03
2.700672141932987868e-05
4.401027669586955905e-05
2.428190077630391745e-04
1.117053053400853305e-05
1.308857846094423266e-06
1.263793180256539588e-05
3.294472344519560779e-04
8.199363087186997689e-02
2.091338481152060780e-01
3.048933625317677532e+00
9.505954533609306534e-01
3.428704502151366795e-01
1.001483513332672048e+00
7.879290983085136535e-01
9.337591592990618361e-01
2.013491007926745624e+00
9.836953774005333884e+00
5.898329826796540054e+00
4.179753154830701672e-02
1.192949850784660350e-02
1.148761701705882168e-02
1.076333087965866873e-05
2.720478824374562510e-08
2.424880912264205953e-07
5.375313948574332769e-05
7.981854958075337292e-01
1.571511599464352482e-01
2.448607735830740317e+00
1.221670044511118380e+00
2.590982027425041245e+00
4.032015640196932260e+00
2.807810512748812881e-01
1.993083131946422545e-02
6.380546936380339373e-02
1.404300038939503281e+00
8.747965156802148812e+00
5.459177353850833470e+00
5.969527671538257252e-01
8.076837550216496575e-02
5.101087172595244546e-04
7.098936728691669689e-07
2.989512867874931682e-07
2.038693254279661256e-05
5.551752585652944272e-02
2.328880918111073117e-02
2.193967751623648876e-01
4.533355456052832744e-01
7.410124910567560397e-01
3.720686649590175810e-01
3.144609649021457565e-01
3.278249285434584048e-01
2.732315939733084509e+00
1.502226296173480247e+00
4.910277469710858655e-01
1.296599984811065376e+01
7.040516930093090764e+00
5.274143990945797666e-01
1.934571459097119417e-01
2.838200012432163296e-03
2.301952826684258713e-05
2.349355883249109234e-05
5.579427994601924776e-03
6.614897260842549087e-02
6.176489750397268219e-01
7.183429497601458991e-01
3.222168864608569716e-02
1.901676929144526310e-02
4.712296824839877218e-01
6.950000214051857972e-01
2.361870393101819676e+00
1.080233481191695599e+00
2.447930742871428089e-01
1.565852597721914208e+00
8.991489278817740072e+00
4.723545017936766399e+00
4.975612821417776943e-01
1.724195585200051506e-02
1.644963593478308481e-04
1.820138111853495237e-05
1.665505790795945504e-02
7.795276191584926684e-01
5.782650011553520653e-01
1.867690098051085629e-02
9.989947704767605276e-04
4.992473204412885279e-02
1.335499289028670322e+00
5.375014133570671371e-01
1.460650366536736300e+00
1.423919930189592398e+00
3.859858850876427105e+00
3.589455143920516345e-01
2.942086760942801971e-01
6.561059528714277000e+00
5.358235513664467708e-01
3.896153121334518243e-02
2.460759054377596906e-03
5.010218277325405355e-05
2.300479723907196904e-04
1.176428630052248625e-01
6.191556790676586708e-01
3.760880551029190891e-03
9.132658522399423728e-04
1.702869111723545603e-01
1.059952873692467240e-01
1.715867920824068471e-01
2.713489992275860185e+00
1.971416156954892973e-01
2.719246032835647586e+00
7.132976808178786987e-01
8.380264240242353557e-02
3.997884773363630462e+00
2.699483708447655506e+00
8.078252422319640580e-01
3.659073289629845988e-02
1.062424007325921870e-04
9.329485404608059318e-08
1.214762435683235239e-04
8.899471864252334052e-02
1.233271416628053084e-02
2.238348886762799722e-02
7.649756739203240619e-01
7.261971881710311411e-03
1.153964179242026981e-02
9.009381338202815392e-01
1.869365817126331653e-01
2.432572588946836145e+00
1.816880191727518579e+00
2.306886550604252684e-01
8.355610151966612609e-01
4.483150815032342917e-01
3.461609511525599869e-02
1.228985982910342565e-04
1.465041505433571021e-06
1.170146402135263092e-08
4.121455306794174413e-06
2.532515870301986841e-02
2.827691311678648747e-02
1.931925084079599148e-02
6.484788598989897623e-02
4.877557414730469506e-04
3.187650558533132819e-04
7.319069280179674696e-03
3.057542388602766184e-02
8.634043734926781788e-01
1.026095610513182876e+00
2.438761730647220072e-01
2.954027007814514216e-01
1.608921483913446471e+00
3.280594518836787987e-02
1.034369518905137888e-06
2.275566866052103578e-08
1.648355454014311202e-07
7.557842297761253045e-05
9.222900968701821522e-01
9.115166500383727888e-01
4.193463383569679542e-02
1.393618606335821249e-02
8.622822266864003590e-04
8.771290953256684038e-04
5.678985681266269635e-04
1.430517509505415362e-03
2.096970716461991069e-01
2.980528155437538018e+00
5.773635089764980188e-01
7.165933026284308782e-02
2.971411549841380229e+00
1.045611209491074556e+00
2.930549965491688252e-05
2.124741161808353911e-07
1.478462615594587829e-06
1.239695694237523448e-03
3.177223613603886943e+00
1.816920774467933875e+00
3.405880040908276229e-01
4.569911330304011754e-01
4.307804816892423783e-01
7.791512780664620053e-01
6.018401222637260323e-02
4.233261308126761574e-02
7.536609421927759067e-01
4.972150486838694761e+00
2.316546624953459421e+00
1.173554870346515538e-01
9.676504089856474700e-01
4.035323659011300634e+00
6.898392117445311007e-03
4.083695933183369858e-05
1.025637193442924052e-05
2.292880788303788483e-02
1.377154396226825384e+01
3.332075206529836464e+00
1.566615233789941497e+00
2.579257487117580627e+00
1.679226219366618533e+00
9.055914782409958397e-01
1.584643879207024708e-01
8.840966416689024499e-01
3.044719856497976274e+00
3.427058615281522336e+00
3.557118783671215478e+00
6.784415297070673923e-01
4.285619833870446982e+00
4.763876703902241161e+00
6.411239378668370965e-03
5.666964422420550526e-05
1.315513819435158379e-05
1.226421096276767396e-02
7.067332670788398552e+00
3.826610806267391585e+00
1.256593200370532681e+00
5.769571986529800078e-01
2.295851752828142189e-01
1.415528076280279934e-01
4.998379027348583831e-02
7.297592198105181671e-01
1.524658197311808960e+00
8.721508773320324481e-01
8.592035064278992218e-01
2.317262159771786567e-01
6.646060452947075703e+00
1.324241879926831844e+00
5.007861333094872276e-05
7.177733204656278024e-07
7.234744992746685907e-06
6.341021948804216634e-05
2.043738157194274329e-03
3.754370137214113265e-03
1.068143468915687747e-02
2.450869420743437624e-02
9.873921718659618707e-02
6.264844360180549243e-01
9.008330690162066889e-02
2.050775131823983910e-01
4.218184684493327952e-01
4.235670041374482997e-01
7.886008021733132978e-01
1.003837734182187191e-01
3.138605781361950786e+00
7.259415654968610632e-01
6.950484780497232103e-06
9.731746184913426581e-08
3.371138951950678771e-05
2.370073105818208979e-06
4.375629621797851318e-07
1.904951166056846779e-06
1.252266160215117141e-03
4.683567216704154212e-02
3.207914767793037386e-02
4.967757743851804186e-02
2.663751549766386287e-03
9.373555507292587055e-04
2.357172582672064504e-02
1.187474876823168435e+00
2.715884352422897940e+00
1.678146411756055167e-01
2.763492138265356779e+00
1.304716916298150009e+00
8.646408231737460072e-05
1.354929241399954369e-06
1.960971142573091021e-04
1.143682411454934612e-06
1.474160271113882869e-08
3.709113039894923407e-07
1.149707832129867255e-02
7.681597442667577047e-01
6.223922956237962906e-02
8.659653266620902234e-02
1.276553608142979961e-02
2.453705674843819316e-04
5.437230582302988308e-03
1.928500571505195493e+00
9.379816256332781377e-01
2.653737851878312792e-01
3.906091836888057500e+00
8.195209170564982104e-01
2.395705820270282831e-03
1.644722941434616562e-04
6.231957344863654172e-05
1.611295444115765130e-07
2.278066751145222843e-08
3.020707096695393945e-05
1.392500770904445406e-01
9.896324563910156857e-02
2.077973127524124566e-02
7.670227878403783617e-01
1.893435981258573042e+00
4.108760335573347772e-02
8.220482972452769488e-02
2.822070632298051329e+00
4.562187947361315277e-01
1.350924149830225574e+00
3.391705020470838328e+00
2.484020041826053363e-02
1.102411576335144945e-03
1.206907872794576748e-03
2.438065940052597050e-06
9.444178452026817364e-09
1.504932040329043135e-07
7.956503945093892222e-03
7.177288700522987952e-01
1.223887972375597294e-02
1.315000468652201618e-02
2.320900166589766056e-01
1.320415788809150115e+00
1.556302440188506830e+00
5.275065313066318318e-01
1.397543525243295726e+00
1.259113324221404318e+00
5.146906424506046740e+00
7.829154464027062721e-01
7.925158003361948162e-04
7.570859534933400080e-05
4.417128499580750883e-04
1.831067606229178682e-06
1.798619553860187701e-07
3.113185474122434268e-05
1.074802998793602110e-01
1.534456147351594413e-01
9.923119148506397494e-03
1.308009425982368246e-01
3.410090975054942408e-01
1.117630601045852989e+00
7.139514060421168651e+00
5.706706496625590930e-01
7.495988901217436329e-01
5.483473062778791096e+00
5.124954249196923328e+00
7.030060620795544613e-02
9.991683386672832218e-05
1.732772975146682374e-05
1.663592348156952194e-04
6.889392939309189770e-05
1.298918694022258317e-03
1.278866532526232724e-01
6.129902812870610118e-01
7.242845838034150940e-02
3.207222657461442084e-02
6.105954444758860955e-01
1.922492631958963694e+00
1.861770607098647723e+00
1.681563343778825548e+00
5.708058360507402007e-01
2.189566512809814292e+00
6.543100753437093076e+00
1.787812242296015874e+00
1.518971462675343560e-02
3.828240287349971488e-05
1.036254357551679734e-05
1.252256768390563673e-04
6.304031145146615897e-05
2.281432944619741707e-02
3.667127261145174622e+00
1.724959013978918598e+00
5.542661459903328591e-01
1.231520511726538647e+00
3.232163565891431389e+00
3.330558559397474916e+00
8.283174608880237155e-01
4.920759823147236589e-01
2.554285391985015252e+00
6.484093249766419653e+00
7.645855713731796177e-01
5.450168529008365959e-02
1.561088216600802370e-03
2.951356937266058836e-05
1.809477693591608459e-05
1.767257416953215603e-04
1.266315583174117301e-06
6.395116974141782165e-04
1.277465313643760370e+00
2.368089010601851729e+00
4.826967211921513456e-01
5.568048949896707844e-01
1.499245902331584890e-01
5.960209945025680273e-02
5.688874120475170271e-01
4.468557468642104347e+00
4.242775128466965029e+00
1.789632158820203545e+00
7.012375877704327132e-02
7.298525581633590834e-04
3.539066054055019304e-05
1.480236554049953501e-05
4.383484979649037935e-05
3.082209763777364738e-04
7.662898107440312240e-06
2.717475765785499261e-03
9.242243177412047261e-01
1.124803807382208420e+00
5.600782188526993999e-02
1.179642707997030637e-02
1.325614059496840226e-02
5.810729764428301108e-02
2.562772829774297101e+00
2.345927339939736511e-01
3.116082506630211578e-04
4.908685296246995556e-04
2.047413301258543816e-03
7.920397743827995265e-05
8.439955212900176887e-06
2.070738911860631450e-05
1.142489688132166975e-04
4.977514776981281771e-04
5.575376734810202212e-03
1.013784242827119764e+00
4.893099604738293529e+00
1.126146332971846320e+01
6.532878645789861771e+00
4.655862562317105713e-01
5.976243920343146110e-01
2.322509339322531563e-01
5.813846509824411105e-03
8.855297251655323376e-07
5.808155679263821578e-10
6.891728722482314081e-08
6.700449916252087146e-05
1.200158702074158057e-04
6.368320771718861679e-05
1.559303820630608282e-04
4.344854639861950307e-04
9.915315933416326936e-04
