6.600688517659934133e-05
3.152666212248490823e-05
2.833383225969867249e-04
6.528809914794754705e-03
2.131547782900613253e-01
7.863678398694475824e-01
7.639055162930903642e-02
1.911498841629324583e-02
2.546803886505195035e-03
1.087301585642435741e-05
8.487548545198664239e-07
4.689757813012016073e-05
5.062587100408081492e-04
1.893577949680754277e-05
2.565202027226296567e-06
2.074422430298463325e-05
2.755094304667809351e-04
1.214273965064229790e-03
6.433572445575584220e-05
2.806338086138062521e-04
4.644268075806187029e-02
1.789359726729134570e+00
8.111169601805710005e-01
9.106852754058158972e-02
1.061102248861819919e-01
8.212842567645645131e-01
1.036178080498229237e+00
3.300335537305153916e-02
1.423447235681137794e-03
8.205577836855958151e-03
6.113069401141902302e-03
2.569021516523573516e-06
1.026687342635897832e-08
1.440349156451614263e-07
2.177402274386713499e-05
4.910444994166353761e-04
4.299661385652011930e-05
3.536249444539048357e-03
9.613304427493646331e-01
4.292957790833877851e-01
1.553185335996085104e-02
1.263530923809588480e-01
8.971398379067818674e-01
7.550957535467647808e-02
9.102300127103593597e-02
1.676023720706917519e+00
2.322378784218117609e+00
7.354116254637513839e-01
7.217930334502127565e-02
9.578051658388774838e-05
1.741883718515581350e-07
2.282239573103107540e-07
1.345671987461195858e-05
3.921150372605122845e-04
2.158212952610482971e-07
1.735002841385032150e-04
9.185654978090108669e-01
5.203633998694209284e-01
2.056017229649768560e-02
8.717739864607894074e-01
2.850754007274300061e+00
3.098093803701583090e-02
2.127608813486779604e-02
4.189315360124899468e-01
3.317063038259748353e+00
1.741877192978649402e+00
5.452950442583087698e-01
1.965113152151448106e-01
3.557312200262629804e-03
7.323214543982498460e-05
6.982523515834118070e-05
5.459145215861564183e-04
3.059731466874648802e-08
4.095573287794997418e-05
2.259317908564100474e-01
1.305230495028095739e+00
2.397770556553530941e-01
9.826791954944459340e-01
4.120060421514033955e+00
2.519173955411760257e+00
1.163047632560858080e+00
1.651468411342585929e-01
4.266063483786830535e-01
3.162437265768289762e+00
5.777052608299946712e+00
2.513732062646899301e+00
7.102416998218482116e-03
1.646706972135094949e-05
1.539842139085408589e-05
3.595302803906824012e-04
1.727079829037139302e-04
1.009958002074456823e-01
1.635739060440715598e+00
2.856934268962731949e+00
2.499355935682414653e+00
2.184172741054870137e+00
2.949458821850264645e+00
4.951390229323026304e+00
6.442546839261170888e+00
1.318134277279403355e+00
1.134245986338971557e+00
1.408906189109244034e+00
4.361474513248899676e+00
5.497248739778386462e-01
8.777351607109071927e-06
2.909242052373122042e-09
7.763656908749868268e-08
7.457323009669930894e-05
2.757688180962324098e-02
8.137554973656497825e-01
2.220629625383679362e-01
3.769695884062118085e-01
1.283202769437863822e+00
2.011700080441303662e+00
1.829997347344384906e+00
1.327734898250860773e+00
3.473864736448526447e+00
3.746564663818647833e+00
2.511601343740839098e+00
1.016139549691804089e-01
1.960262430233096209e-01
1.587755154594438833e+00
9.156065268125010816e-05
2.217276598706436937e-09
1.385109899136021716e-08
2.680575636736621880e-05
7.421629358615165241e-04
3.785611426503462940e-02
1.890104299182879533e-01
1.289450303217227090e+00
1.893143485882102794e+00
2.089511163602265853e+00
5.690920133880367437e+00
2.671310998385515667e+00
1.072469390401484368e+00
6.174559942681435709e-01
1.570891711203814101e+00
2.253546574969445548e-01
5.072567499432929089e-02
2.089300606030214169e+00
1.531258338865922608e-01
1.085144275543156939e-05
3.477475989638994551e-07
2.273334094432086875e-05
3.003754960468015721e-05
3.284808922243335344e-02
2.720602230531159016e+00
5.589898029321546780e+00
2.228664398615079811e+00
7.583430491888855096e-01
5.913931736698986308e-01
5.146385331694826037e-01
2.049206170890019330e+00
3.460499574502073905e+00
7.183857976955226654e+00
1.281031175308491754e+00
5.168384366685516845e-03
2.759451951797846359e-02
1.721832438757607386e+00
3.964516821266570769e-03
2.070560639185106526e-06
6.198839420931660968e-06
1.524316579498282273e-05
9.076885658178235686e-03
1.932551881400460081e+00
6.126640645442034128e+00
6.086421440139961447e+00
6.711763697329864442e+00
1.299565376765680069e+00
6.634185477134740827e-01
5.944775095890169503e+00
6.125044957873924112e+00
9.128629795900831567e+00
6.239011865347590113e-01
2.406833182934288310e-04
9.782222930059527796e-04
2.281028726702547527e+00
3.022306139099202940e-02
1.703487189102815066e-06
1.246199261299545150e-06
3.187544802461181868e-04
2.913869744176642365e-02
4.220832716460168221e+00
1.150101361222496799e+01
4.169184396482084054e+00
6.352385107902960293e+00
1.992018649012230691e+00
1.295948129681144145e+00
3.776088757269486784e+00
2.357507434391080903e+00
7.889307269725130745e+00
2.745212051321404445e+00
1.188179524546511233e-02
1.231565462424158951e-02
1.609360480103749103e+00
2.359241562172675541e-02
2.918287407865820805e-06
1.772223051742385441e-06
9.759781502735228806e-03
1.882437071379980953e+00
6.186710075003638565e+01
2.146798270580802992e+01
2.885442109993322735e+00
1.510804875795559887e+00
4.611216533320302569e-01
1.158630624813896226e+00
4.923769119125589455e+00
4.902623834262594293e+00
5.460666163313562471e+00
4.228811550239728767e+00
7.360270820951863024e-01
2.197465086012660718e-01
2.273990436826484884e-01
1.727358833001501129e-03
3.074761590526747327e-06
5.752445260830940633e-06
5.297891688606598710e-03
6.054459057738894145e+00
1.462099592902438303e+02
4.030105484840881758e+01
1.947430942083630967e+01
1.308153824655560271e+01
4.876834479646126042e+00
5.549567027046048651e+00
7.235297815622279138e+00
7.006026858035951932e+00
4.614811511237287611e+00
2.950368895146130654e+00
1.037615960274765214e+00
1.922049404107057713e+00
2.864053112053063010e+00
4.992656487544965167e-03
5.502414133404853326e-06
1.057598621602753028e-05
2.783988176394330393e-03
6.062970229119253318e+00
1.216698880882406968e+02
3.087058823824830611e+01
7.405235385298922779e+00
2.856917368526958434e+00
4.138664953337223729e+00
5.575375616542025625e+00
8.469405867383443365e+00
8.485755350333366920e+00
3.998279590009722551e+00
3.861240353469928444e+00
4.403061933024602914e-01
7.094826535855723870e-01
5.044874051800336545e+00
9.263591586497707878e-03
3.751033238522804232e-06
4.703733403781714534e-06
6.561532309549044295e-04
8.034791004680474913e-01
1.531677422381771336e+01
7.265447511158597216e+00
2.200838105314688598e+00
8.294547809695318463e-01
1.437590631548239850e+00
2.314736909578926305e+00
3.237931249411807322e+00
2.274411085851176129e+00
2.153443256531616612e+00
4.711957617791011188e+00
4.285566088719134359e-01
5.730661987661348489e-01
4.008815016663282549e+00
7.896047933966593088e-03
1.889256009351229881e-06
9.945145124397141641e-07
1.182703893178149506e-03
3.155018126112667520e-01
2.708319686066568810e+00
3.601077369112603677e+00
4.144049860378852479e+00
2.622561642410691896e+00
3.754397074813937252e+00
5.044173180485377550e+00
2.916895289936551006e+00
2.944160391071911409e+00
5.799530935327951831e+00
4.771152813095622669e+00
4.394311704639290439e-01
1.414445100945164624e+00
3.827143464299137765e+00
2.159800192504138239e-02
1.780262826351633535e-05
9.708592455410395029e-07
2.430903111801642133e-02
6.596346586223956754e-01
1.095891332282067809e+00
1.723909331091217689e+00
3.402867727516623031e+00
2.890783337551784182e+00
4.023148098946026430e+00
5.886521892685163238e+00
4.253927296929799873e+00
9.779436414691486945e+00
8.384244853148784316e+00
3.151865279658128571e+00
6.653510779574159928e-01
5.996904682036634515e-01
1.270651017559312479e-01
4.683801716194956749e-02
3.339263861122111418e-03
8.129707169183848843e-06
2.495730399680166824e-03
9.667286300985865333e-02
4.131688585198019514e-01
6.310508738503242121e-01
3.282394861216681559e+00
5.436147468194436172e+00
2.633356596400501459e+00
4.213074537125738317e+00
5.073108574185050124e+00
8.674072363704004474e+00
7.155244176574674597e+00
2.672998776678592314e+00
2.022284684819871448e+00
3.835939735345595736e+00
4.319308948993794139e-01
6.331289379781422921e-01
7.014943671015136384e-02
1.429000708169487379e-05
3.934554599830801150e-05
2.239353500979748487e-02
5.494309083306445629e-01
2.837058459122695497e-01
1.037515810029136398e+00
3.924065760295554650e+00
3.071400728642648126e+00
5.417956238355101206e+00
7.827875505045383875e+00
4.656701809120700197e+00
3.579997365695735567e+00
1.061474792222110386e+00
7.766305021706437772e-01
3.353510024956794400e+00
9.837828991662028733e-01
1.244880444200508474e-01
5.883913773027919401e-04
7.092612921276125160e-07
9.222178893973599117e-07
4.774494777629650563e-04
5.053372909734912127e-02
2.266452600850465404e-01
1.368507773808403938e+00
4.864070729058600051e+00
4.221164841942784740e+00
1.962533640926277023e+00
4.024163866470820139e+00
2.404127652913144786e+00
2.336286158765315868e+00
1.404442280661394760e+00
4.658231051076882068e-01
1.308484564846297271e+00
7.563991120231856602e-01
4.737945078726589834e-03
3.364420028550843468e-06
2.369013967957173806e-07
5.312598429339188505e-07
7.080874185520805121e-04
2.198146325763805087e-01
1.681837315049899750e+00
3.534817181409578346e+00
2.217567871655305556e+00
2.477339187860505998e+00
2.612427897181671899e+00
2.390897031666614492e+00
1.264762977372472230e-01
1.227868435229551580e-01
8.577533394924340415e-01
4.538569227098553371e-01
7.176932844691134017e-01
1.272511080621958057e-01
1.456808460607665861e-04
7.671605254323545152e-07
2.593362056993841991e-06
7.744620326318756893e-06
4.799574107084347147e-02
2.560064670753024796e+00
1.368374551279769147e+00
1.417682106374155815e+00
1.304009612492727233e-01
1.090365131606203103e-01
1.736782073096438062e+00
2.269065774686401582e+00
4.262184957429818177e-02
2.775656753662635381e-02
8.948801540396553733e-01
8.891219037211618437e-01
4.556584023089476493e-02
1.638742327796482556e-04
5.495723608870761138e-07
4.613884939330806060e-07
3.196111563943918759e-05
9.853584872802794274e-06
9.492756199186229774e-03
1.985536975611103538e-01
1.231536300941371148e-01
7.476756447324793553e-02
6.353754201599192070e-04
1.602487460631540873e-04
1.941557623938184457e-02
9.967507942191692338e-01
8.013052406910675662e-01
6.363612064976295613e-02
3.268943564971878157e-02
1.812499410131685265e-02
4.048226360699602603e-04
1.586059519433588706e-06
1.568100761228127599e-07
2.604663061958068344e-06
1.960212040937577081e-04
2.138347339806313251e-05
5.935922811831399575e-03
1.878786786421752453e+00
2.841065133045487912e+00
1.612987489901683558e-02
1.719101503872583772e-05
2.516976225415371664e-05
3.638250399730035521e-03
4.583132203473316846e-02
2.478859476350466634e-02
2.110773622610018208e-04
4.127628661932142583e-06
5.712756054460661200e-06
8.630007322537785926e-06
3.772397309264859960e-06
6.287463152079729200e-06
6.151307161914920175e-05
6.571697687320899022e-04
5.990109433915960697e-05
6.285386461754951561e-04
4.701834224415174512e-02
5.168301445961406143e-02
3.477410794290255211e-04
4.367835100355437833e-05
1.542305588087579046e-02
9.441593145746477456e-01
1.460841388942139656e-02
3.769678141384946550e-05
5.173464680982630310e-07
1.187941173875517450e-07
1.150014153569275163e-06
2.292468627764861056e-05
1.202162611963601972e-04
3.019221907451063829e-04
6.463582877681594337e-04
1.447661400734655138e-03
