9.333484159820049086e-01
1.111198412904382371e+00
2.933916691363191553e+00
1.066098703481096699e+00
8.978018658975913668e-01
2.172880490219144048e-02
2.773421796745731478e-06
4.938457261650741607e-09
5.116137201884219179e-08
9.646807962877091509e-05
3.490526143141440413e-02
6.878109686387158354e-03
5.201358906990691266e-05
1.768831061498841236e-05
5.201459146990416901e-05
1.158014431247319609e-04
2.190685183049478403e-04
4.759734985741692322e-04
3.421950870618344770e-02
1.986741559037810356e+00
1.869886811596747300e+00
8.755414225436805586e-02
6.562197444104388155e-02
1.239560913537172786e-02
9.764657670269938231e-05
3.939217377565467496e-06
1.778659710978844029e-04
8.186120949928016310e-02
8.054256646452893076e-01
1.212381496733192822e-02
1.370189585211203400e-04
9.963925917632819823e-05
8.087390447751893307e-05
5.731872836320726076e-05
1.190320544307094596e-04
3.687796310614126129e-04
4.026843597439020350e-05
8.173899326353982345e-04
4.994812985056485549e-03
1.520864794104172246e-01
1.614042868469715675e+00
3.751766389317645611e-01
5.181111978587910061e-01
5.549730678307891463e-01
5.252621019176231254e-01
1.190428181979100053e+00
1.124548753382439648e+00
5.539322250896288463e-02
1.086989131584171521e-02
6.454382231515983295e-03
2.284801788511574977e-04
2.932721799197522875e-05
7.947051497783478614e-05
3.945449745370135149e-04
4.462926481278127399e-06
1.889900004103970833e-05
1.019990794512734165e-03
1.028524590093498059e+00
1.017567534435297905e+00
4.229908387574792678e-03
7.714795307038593841e-02
1.789711409803466546e+00
1.257411628379141999e-01
1.016612467393295249e-01
1.525232352980316008e+00
2.238922593064233801e+00
7.818183524836054277e-01
1.683241883936984970e-02
3.581264586585206750e-05
4.436890991807995597e-06
3.580327308080374075e-05
3.697633460245610044e-04
2.325585637418129748e-04
5.837011545066305047e-03
5.022412118519108126e-02
8.046034219856177394e-01
1.265157167109312586e-01
6.867176459862865353e-05
1.444337802439344483e-04
9.348316172877596530e-03
8.500492588166604080e-03
5.417326643444830836e-02
3.257849329046031417e-01
7.950905355011784748e-01
2.222774261202264512e+00
2.428557790301782635e-02
8.865358050006697427e-06
5.754940759141502884e-07
8.597821611169318304e-06
2.184867389300008142e-04
1.503495878746253372e-03
9.796418923830260139e-01
9.323190453575836978e-01
2.388216058638545636e-01
7.903648276407546636e-01
1.555824234825292293e-02
7.363198697212845235e-03
6.809504885748682290e-02
6.839488026124564135e-02
5.517771172092980070e-01
4.063675556984076842e-02
7.143913386738224777e-03
1.851525772968198424e+00
9.649174767644501660e-01
6.089016334682842874e-05
2.099909236111443592e-07
2.126049501082015182e-06
1.161071612113354372e-04
1.242981456173232412e-05
6.505589087596617970e-02
2.856434839406232662e+00
1.178061544863244103e+00
9.245436473128767485e-01
3.807922799417249454e-02
1.033613460342886897e-01
6.478806215583957639e-01
1.734437564358729256e-01
1.354381322593897874e+00
1.320161414260892334e-02
1.046598473062891930e-04
9.359721550048112626e-02
2.011567841586854755e+00
9.229059481043080763e-04
4.194350431584989219e-06
1.959470509944422702e-05
2.835808829749264298e-04
2.408431218499921795e-08
1.009105439638158495e-05
4.641386599050435074e-02
8.071260709835794689e-01
1.825090079795726669e-02
8.916367669755035741e-05
7.264661675480476406e-04
3.649990705410043057e-02
2.173735595605991999e-01
1.411138889996475410e+00
8.751129015096760499e-03
2.980408253582179272e-04
5.623925517993966228e-02
8.338259558003048300e-01
1.188214525813911654e-01
1.879459091996851100e-02
3.219293261728233945e-03
7.653361265921117176e-04
3.252119689245506435e-09
8.383885787253415586e-09
7.722679619413467926e-05
1.527593691284279409e-01
4.906621377376125387e-02
2.686527052190143018e-03
1.065283124810979462e-02
6.181334346125477719e-02
7.141577970011180332e-01
5.212940466760745961e-01
8.561960067640130012e-03
6.954719890390376191e-02
8.161256305541192413e-01
2.157182538812013883e-01
1.907772481010257426e+00
8.477007855934003411e-01
1.006356536803771273e-03
2.764013741945275623e-05
1.821517862593311343e-08
1.052468227044419110e-08
9.048629400993629776e-05
8.929561384358239984e-01
1.886118948969474296e+00
1.045715297831255164e+00
8.741028311053919975e-01
3.896756010251933161e-02
1.463252747334562176e-01
6.132159639925279793e-01
1.056521503744083795e-01
8.472231683693695059e-01
9.004640351332007797e-02
4.555186169672752541e-03
8.682934114723827035e-01
3.184479308254880570e-01
3.053394965921428392e-05
1.068426685290922715e-06
4.357955496413791961e-07
5.127336475195293065e-06
1.316617393602663617e-02
1.043392426363819236e+00
8.996097594953149368e-02
1.438546553322300747e-02
1.753569040611600415e-03
8.881339348393071570e-06
1.152420089141951255e-04
5.704376514789036290e-02
3.951240332319460452e-02
5.580378537444202411e-03
2.012778120515009979e-04
6.094223970350724426e-04
2.097382022932938739e+00
1.694728590913365140e+00
2.088481314719902533e-04
3.855757007610414293e-06
3.424857803395276344e-06
4.517127160757645164e-03
3.122424817481042947e+00
1.788473748019665521e+00
7.382499837011992361e-02
2.038105237490671004e-02
7.756578717752658173e-04
1.457059245501720762e-06
2.485726806551196672e-05
3.591763771434047792e-02
5.704711291473418648e-03
3.302652633201055984e-05
5.577719936810503254e-06
3.782106634708159109e-04
9.179926867452740114e-01
1.231347087968245102e+00
7.110700422021406066e-04
8.968925618833417928e-06
1.827994382708801048e-06
1.672321726150622148e-02
1.453147874551249075e+01
8.649357949688155855e+00
1.570094236331138537e+00
3.008161361736242156e+00
1.030706658516599816e+00
5.591891432575950630e-03
2.548718711753078514e-02
8.561972983224581668e-01
2.143528207022912281e-03
1.626735789496228473e-06
3.319072901011414797e-07
1.501824138497951042e-05
3.403767746291794238e-02
8.779514245361678126e-01
3.763593612412774979e-03
1.616704103760923698e-05
4.892889356577807548e-05
9.731807430406996806e-02
9.536229300075595106e+00
6.259430188406700957e+00
4.480858808641615121e-01
2.181944620599011730e-01
6.398081967294674266e-01
1.477086995831497218e-01
9.442250918225881806e-01
1.353928146907383834e-01
2.264645115649288613e-06
2.352877707396972813e-09
4.324877514004638942e-09
6.018041257335853085e-07
6.385976421349712738e-03
2.007453868085698812e+00
1.901497594032152891e-02
2.764889252225545356e-05
4.803312897995964600e-03
8.220446505575829121e-01
2.411914872614067562e+00
1.832133679747151911e+00
3.098185390732783873e-01
6.496038389324625129e-02
1.367936841723217944e-01
1.095805183447404046e-01
8.310971282338817101e-01
7.987462972638338654e-03
1.977869518894550874e-08
8.946894259338822191e-11
4.606172353122555064e-09
1.095164549955565645e-05
7.752621386872803055e-02
9.299193956754724377e-01
1.316939475063848763e-03
4.292744297032031888e-06
3.216937188606968593e-03
1.871431928124968891e-01
4.636737412975927008e-01
2.446114405683765813e+00
2.503433806431569320e+00
1.036089793477356968e+00
1.732388349511741810e+00
8.420687271843069199e-02
1.191053108986473742e-02
6.150273210847495868e-04
1.212758282179857206e-06
1.930486837284097800e-07
2.849610112485547284e-06
8.515485905438430333e-04
8.501327823194764211e-01
1.128120344147818477e+00
6.859481748511030239e-04
3.707326751465541389e-06
7.856521891643339014e-03
8.251221586942475428e-01
7.722561689314086930e-01
2.224765939528153602e+00
1.591292097356248547e+00
9.752394451047922963e-02
2.018582313084325494e-02
4.482726149130457144e-05
2.777335184069201758e-07
4.106081770199168045e-06
1.493046270674955800e-03
5.162690847722902626e-02
9.342396163358737335e-03
2.448345843040142678e-03
9.186418876833905844e-02
8.744571472857410877e-01
1.195478158950616029e-02
8.423603269685421449e-05
3.976738291707187546e-03
8.117023399951966978e-02
7.533464646769441955e-03
5.185541549949670981e-02
2.324898562286372983e-01
4.987264284922820513e-03
1.372235389644963074e-04
5.639667088099178790e-08
3.345526907321213650e-10
5.654140893727687066e-07
2.088683298763900284e-02
1.842714824801917839e+00
9.204104906739895009e-01
8.509264537432824349e-02
2.138180444064960439e-02
2.114132285768380998e-02
4.241052248248855863e-03
3.268014057008019908e-04
3.218879577785934993e-03
2.152092866416799657e-02
2.774567232954701888e-03
1.039287758779699755e-01
5.748881996985407694e-01
3.951801179413773346e-02
1.571138890414330858e-02
2.830712877272202038e-05
3.486623379935351906e-07
5.436892165926968806e-04
5.522211877944765285e-02
2.460130152862438982e-02
1.374947707880485037e+00
3.657345932923324661e+00
2.456386385685144919e-03
1.395829926940055049e-05
1.811739923261607515e-05
8.631124564741955458e-05
3.357195398300676092e-02
8.208688945863010789e-01
1.508989360259494206e-01
7.520324421725091968e-01
1.288251329766622266e+00
4.139129255338789282e-01
1.467166221662465908e+00
2.544422924906561412e-01
2.731836983958224607e-02
1.882844815780470693e+00
9.905563352824434675e-01
1.344805167141686734e-02
1.515565490923368674e+00
2.404308066862306692e+00
6.433778370282243638e-05
1.087048598754822009e-07
9.168082132510072998e-07
4.811348370964156000e-05
3.193992311377539736e-03
5.184025712201874997e-02
2.101047456192225472e-03
1.791337705063269538e-03
1.019306926605955399e-01
1.196989736073793331e+00
8.838455292642940497e-01
4.780719455827768805e-01
7.682488088338539078e-02
1.561260175579986809e-01
6.821569284792865506e-01
4.856944283922855488e-01
3.065238961927526873e+00
8.066266691382104614e-01
7.167336030028515327e-04
6.311843203293847148e-06
1.093242815316177873e-05
1.284579129539487475e-04
1.224385212588124548e-03
1.286454559154323607e-02
6.914262455806140619e-05
2.750278540581906373e-06
1.701930926242314608e-04
2.792821655111992762e-01
1.803341518968435420e+00
8.929224859359893851e-02
4.986218747415113901e-03
5.026311586062365624e-03
2.597195984384615408e-01
4.385639883814715922e+00
1.693469865236512384e-01
4.240081359804485396e-03
2.213509785274179239e-03
7.495620628381986783e-04
2.177534762133388638e-04
3.010850713575828554e-04
1.970079710594547368e-02
9.069883846877214717e-01
1.583136288959513527e-02
1.841977351204942474e-04
5.276925595795723106e-05
3.128769102256127865e-02
1.756629162809941080e+00
1.055525487199463902e-01
1.163905718009431295e-01
6.586895226219646737e-01
2.197101260679746204e+00
1.177736951581897173e+00
3.981266666071353794e-04
9.938116809990729619e-07
1.350076267723757539e-05
2.268916192834494791e-04
2.427512363717960315e-04
3.173439054523318056e-04
2.457190228097482637e-02
2.966886567989767354e+00
2.158072337112766359e+00
8.438740137355121851e-01
1.973081236527788815e-02
3.178090713997362704e-02
6.829040089691146287e-02
6.541174478207097132e-02
8.514860968466974045e-01
1.199006784554675464e+00
1.865564150723939552e+00
9.066050536491465639e-01
3.052742480142547682e-04
4.169358325036164567e-07
1.883464526291120683e-06
4.419466608290379615e-05
1.452806445096380876e-04
3.260328390506329801e-04
4.000026814022376170e-02
3.868164534789019005e+00
5.184925240079885533e+00
3.710765586566484142e+00
4.230136397871657183e-01
5.451044110317418978e-01
3.409523304596991933e-01
7.503492194627153777e-01
9.745232884941198992e-02
1.861664643636495625e-04
7.833739714559979700e-04
3.955325634798093765e-02
1.414806120333489490e-03
1.963061842339409156e-05
2.247359932514832336e-05
1.039283751378296256e-04
2.516996131418286270e-04
5.500632517458700762e-04
