5.142711947676179701e-02
9.253540729777004481e-01
6.043597361087785558e+00
2.025433855894194224e+00
4.907607314852953095e+00
2.103218345290962590e-02
8.814568873656007024e-06
1.038169589872999134e-04
1.357445030159221827e-02
1.837130075459227161e-04
3.451115066109760433e-07
2.976438702927737286e-07
4.582454351600685130e-06
4.829700660641341630e-05
2.379327975530826295e-04
5.064962502108414635e-04
6.195313747276423502e-04
9.195452472762219789e-04
8.179856448351314757e-01
4.460515227042517461e-01
1.315804140002520217e+00
4.620066952927519566e+00
3.732744542015289380e+00
1.328352412812308370e-01
1.568409518332221364e-02
7.775791473906569495e-02
1.823729918425219809e+00
1.117058995414806688e+00
8.573333089811481858e-03
4.519441530346019533e-05
1.981548304374978410e-06
1.443617479478535306e-06
7.905414526461273934e-06
6.545178303651970613e-05
2.532813103043751344e-04
6.232200666845502017e-04
1.137375862229991208e+00
1.589220773129311537e+00
8.301336750255763341e-01
9.229797779639017818e+00
6.152056262267065811e+00
1.105876794937366459e+00
1.649210208963663993e+00
1.182067606204755261e-01
2.040451482298616392e-02
9.477281840990712247e-01
2.915464877908374941e+00
1.794207681406195798e-02
6.377707742346533999e-05
1.022465973856469185e-06
2.706578460774188490e-07
2.865625439373491757e-06
6.704516397519006744e-05
5.257233185184203737e-04
6.377159764742462364e-03
1.025867376631371064e+00
1.570852134187512794e+00
4.447285071178035842e+00
4.032601482736290599e+00
1.048691918915653831e+00
1.030713855744986196e+00
1.712332892937923901e-01
1.888651969150299814e-03
3.763855339265852369e-03
3.018628932345958707e-02
2.478822269208669909e-02
3.156478441677739583e-02
2.062815491041108398e-04
1.664140967066105560e-07
1.064357880972024698e-07
6.007781077793281259e-06
2.143567362675491991e-04
4.204867225849040605e-06
1.000455376805701492e-02
1.380377660021018471e+00
2.588363733687501611e+00
2.094111706604365963e+00
1.452863299102466810e+00
1.684628215920892957e+00
4.207491589981005475e+00
2.012757352921921705e-01
3.140644209365602013e-02
5.682745685955316317e-03
3.779916118976787542e-03
7.951504736103411908e-01
8.426528425776746989e-02
2.931802008296559906e-06
4.267509392490837210e-08
6.885644085264106696e-07
3.981031599054011693e-05
5.313417086045027384e-07
8.110038094587352026e-04
7.102113693934054561e-01
1.086407043961755692e+00
3.898702610608281716e-01
9.530388275863692638e-01
1.951692360326878761e+00
1.128889562659859624e+00
4.259540974865440033e-01
1.408051811392951658e+00
2.043996627867199212e-01
1.377017474628348427e-02
1.226135799494426415e+00
8.929766341502430871e-01
2.968746654608343089e-04
5.472484772867570893e-06
8.239334574767154660e-06
3.694931865598729317e-05
7.131183038813317751e-06
6.504490971624725913e-03
1.205067142436233363e+00
1.090975631323064521e+00
4.258569803280797816e-01
4.570737568820443242e-01
5.163493854326501875e-01
4.156010578509873876e-01
1.222313896275074807e+00
2.975544576016832199e+00
4.880400386220503650e-01
1.314542369117496223e-01
7.201143243855087084e-01
9.630053066023774866e-02
8.638878530222481381e-03
3.871207161739012581e-02
8.185751509006364626e-03
2.832183328145913273e-04
3.893001533889109509e-05
3.275269629903916624e-02
7.482984338340313846e-01
1.024388044385226015e-01
4.190662763347576675e-02
6.206804809158493474e-03
1.119993512992337745e-03
2.724749919771677492e-02
1.163715576173327548e+00
5.595741741799697966e-01
1.179719248747307103e-01
1.827433181623986103e-01
3.588312656736029893e-02
3.507446696936897192e-04
5.656203736027764183e-03
8.513545478048730741e-01
1.027699935262285993e-02
4.006042642335597576e-05
1.413104611501677251e-06
3.554260212010998984e-04
4.355614448452642395e-02
4.512924483462054520e-02
9.617075153416010380e-02
1.291600839265888423e-02
5.522597280248789202e-04
8.406963187083196093e-03
3.393688431813011303e-02
3.143818765212933602e-02
2.273584199979251652e-01
6.439186221869060978e-01
4.249311066868900061e-02
7.131213811349807179e-04
5.361843018759729351e-02
1.152982646976477427e-01
4.244110430883714221e-06
4.808839927597336462e-08
3.737778358990617581e-08
8.492559546097868954e-06
5.192984735805018792e-02
9.221269211598985827e-01
1.898698165755418499e+00
1.569354658727432517e+00
5.247360111063020804e-01
5.695020941358955868e-01
6.712903991852242624e-02
2.735686038342087234e-01
1.498370552284558732e+00
4.811067454554426304e-01
7.713754415504154860e-01
2.508438293132080887e-01
2.680724268476346595e+00
4.188777246959324990e-02
6.509232427579774806e-08
2.507274946690171292e-09
3.343785312170806465e-07
2.904309783891253008e-04
1.071775726143509910e+00
2.683409682676077157e+00
5.878971613675766372e-01
1.171263063910872759e+00
1.703060434939497103e+00
1.510042863607869434e-01
2.356425023613218164e-02
7.751881988273823243e-01
1.066469597413895354e+00
1.757873339260934975e-01
1.640812831734335120e+00
1.866300982534843389e-01
2.458528453347844436e-02
2.594515679117339224e-04
2.947777037524145915e-08
1.713550640589769871e-08
3.966717064235122676e-05
5.511194407389026495e-02
1.166818185460576807e+01
9.713120390022114137e+00
3.110506708288213851e+00
3.017820805983713051e+00
2.059742401220861829e+00
1.177487332433279493e-01
1.937043651187396812e-02
1.297559246570738067e-01
8.817686229530680153e-01
1.195894811392264501e+00
9.248098233604417073e-01
4.338967318674477602e-02
3.031180181971040305e-03
4.041376822079882446e-05
1.413448954700408856e-07
4.117589450907850049e-07
3.916310401839702784e-04
9.471833986899644842e-01
5.339679647423593423e+01
1.233687495585654759e+01
6.532414445448107898e+00
6.412557980559904003e+00
3.590149740543874035e+00
2.153888275351593773e+00
5.733247736875966005e-01
2.186480594463620919e-01
1.160493617263002042e+00
1.283317472487949251e+00
5.029635345225348386e-01
7.888029516855501466e-01
1.963239096363127434e+00
6.750610603181565750e-02
1.215826020003399609e-04
2.989009262572581846e-05
1.103662677499620673e-05
5.561125798009194932e-02
2.649628003583912061e+01
4.718006762853688585e+00
2.510398012703526582e+00
1.705972580218354073e+00
1.261609217559672702e-01
1.841663827353926530e-01
7.988911590156867748e-02
4.187620145093059326e-02
4.959014647410439625e-01
1.156613462083633914e+00
2.400221073542567307e+00
1.213914740945653215e+00
1.965309199279465568e+00
9.092723219349222452e-01
2.898776813957305246e-03
1.296902593736852223e-04
2.312735346333742404e-08
1.044215474437591566e-04
2.374161684759898083e+00
2.499527370226721779e+00
1.368755813947750699e+00
1.115107489568757382e+00
1.164217158242020211e-01
7.032060838898415156e-01
5.697322551569750093e-02
1.120008905415000207e-02
2.888642340092412164e-01
1.142549684838092272e+00
2.051324329801187396e+00
8.127687990153402431e-02
9.289072336505445338e-02
5.464376923403539699e-02
2.944001915745482039e-05
1.714895211932998720e-06
1.982412646891928570e-08
1.126052327366317891e-04
7.971722784538557427e-01
6.958932969317582762e-02
8.100044103236732351e-02
1.552863848939662228e+00
3.131556855103869164e-01
8.174384669627033917e-01
7.536413797583861596e-02
4.181406071523124934e-02
6.520797623811833699e-01
9.248443880226736580e-01
9.659253363364450617e-01
7.319268187228950007e-02
6.560283820110726083e-01
4.826453223289998290e-02
2.839213359601606983e-07
1.218895727272615496e-08
9.560003990506317143e-07
1.122741156200374874e-02
1.150550731942961535e+00
4.159755736624017215e-03
2.915268952479812062e-02
1.065131325012349306e+00
6.200917112157013945e-03
1.068169928046326092e-03
3.089332885119224197e-03
1.138762368924496199e-01
2.820740649758385565e+00
3.719755372168117358e+00
3.521943879225037488e+00
2.317485291116158086e-01
1.155376222975437628e+00
2.616207864396815144e-02
7.607242466959857394e-08
3.133094785158355558e-09
4.026817458073343464e-06
2.712014687305663863e-02
7.181698392710317291e-01
3.548328470893748199e-02
1.100390629747005189e+00
9.192570532641386460e-01
2.722546827266286891e-03
9.446747657493618708e-03
9.101698763957827287e-02
7.333144844525186778e-01
2.477760888748961943e+00
1.414048517036813613e-01
9.557320941177038787e-02
2.306198874869742899e-01
6.513724795024804504e-01
9.546004420446495622e-03
3.164970770628798546e-07
1.044676678238284392e-08
7.644117618674943344e-06
1.294057111973335832e-02
2.568562328939886230e-01
7.457649331956554828e-02
6.226316576847699125e-01
9.493611633973299269e-02
2.060870788398484060e-02
3.002480264750976957e+00
1.829123659077237285e+00
3.199403075792587314e-01
2.257801311948868683e+00
1.380517657018800193e-01
9.286723629832223381e-02
5.911917751548698696e-01
2.960204507251680273e-01
5.112920391866776493e-02
7.221913230172600595e-05
2.096027619805999390e-07
1.316351371572726941e-05
1.224015568044640491e-02
5.988223339408169643e-01
1.911835975082143424e-01
2.147004333406121457e-01
1.209997398154306070e-01
9.268140171804387095e-02
6.991487111207129734e-01
1.774437015964455966e-01
3.922948817134411931e-02
4.748391043534019307e-01
8.072213098379124041e-01
1.951965381332781524e+00
1.660659696185295964e-01
1.291237740612827777e-02
8.012569582305142379e-01
4.505439332022474069e-02
5.650938679838452280e-06
4.586325829587989121e-06
2.364859841471184804e-03
3.708503856541754962e-01
6.466660226360442243e-01
9.942527577601958377e-01
1.679684578105719028e+00
1.654420382525263022e+00
1.905097850756990230e+00
2.403189893111926878e+00
1.176118116033597838e+00
3.689778153792986348e-01
4.841534310183140399e-01
2.818762445022015228e+00
1.578415839207797031e-02
2.283306224695780566e-04
3.309834049117313381e-02
1.040648626109580768e-02
6.768080934017942831e-06
9.330500133452693606e-06
1.207820914364119216e-02
7.219808650945893636e-01
4.576458884389516535e-01
6.500594441016954717e-01
8.270289955204620513e-01
1.919853586105650267e+00
3.374164771190453660e+00
2.291864817606542370e+00
2.011794027481764058e+00
1.357238081302426069e+00
1.753906373440214495e+00
2.028307881463403906e+00
3.977879376316443422e-03
8.576927186560324295e-06
2.104155387618203440e-05
1.766498376726315317e-05
2.789842745341814538e-06
1.463656026020897406e-05
3.074595567111094996e-02
9.798926402601538799e-01
8.204944921729476759e-01
3.287306184712617263e+00
2.092181193516273296e+00
4.328677716512862039e-01
1.059967406846882704e-01
1.368082832297721207e-01
8.406480062665140363e-01
8.420406962066134815e-01
9.070881295643432041e-02
4.525491095669552551e-03
5.680624460530116757e-05
1.973263886246327230e-06
1.846926615460522852e-06
3.955174500347232777e-06
1.409781237488333692e-05
2.912111985757058605e-05
7.202488281405423215e-03
5.081844707535624478e-02
1.192905839744970442e-01
7.195303501490314391e-01
7.569291099461155081e-01
4.672637121792815318e-01
2.261366133908514209e-01
6.737555789326795663e-01
1.942097441820654635e-01
6.132388320626600909e-04
3.968513362223512696e-06
6.343526537750280540e-07
1.274383213053420901e-06
6.258907638748718979e-06
2.274833428460460854e-05
5.318149702904439123e-05
1.775692026061895907e-04
1.366640079092169835e-02
2.973097839389871044e+00
3.946163304685445627e+00
3.049680633300039467e+00
7.954096998453946021e+00
6.909546103466338351e+00
2.002263770370866780e+00
7.478065968530195340e-02
5.759065299645765509e-03
2.829035851147581839e-05
2.505780811167743625e-08
5.174146309143212801e-09
1.039553115308923092e-07
5.878784190821673604e-06
1.191538484790691656e-04
4.161592518472637852e-04
5.587232485675460054e-04
9.149871001834924966e-04
