4.949996087815461410e-02
2.744958169958191085e+00
3.544836947463901655e+00
7.197483692597547389e+00
1.785260829311418274e+00
1.517738004323261780e+00
1.245656375403393357e+00
7.992802018838650602e-01
1.079113169660310012e+00
7.748845870185345520e-03
3.294760233544076966e-05
2.647053813414893859e-05
4.514050778777367357e-05
1.377787410078058100e-05
1.125748998025362694e-05
6.735300111281221163e-05
4.409869089974229419e-04
1.401011279274959028e-03
4.535635140599645356e-06
1.509070005053914643e-01
6.567668535354768800e+00
3.840406459365818037e+00
2.144773219152146471e+00
1.245828493695555705e+00
1.024588867622046456e-01
4.254247686489136954e-02
4.021846348583852482e+00
2.923884358175441456e+00
3.318561521830934447e-02
3.907929015852085360e-03
9.209967405323043034e-04
3.447186554693534247e-05
1.160444361433785290e-06
1.829372612509453870e-06
3.965492967698871623e-05
5.612579966102927828e-04
3.828746682646001281e-08
2.881172846815586389e-03
3.903332329166631975e+00
6.792260423403472913e+00
2.275927442745857121e+00
1.567393316865130615e+00
1.037787096790498964e+00
5.766212421576926150e-01
3.646995279374144250e+00
5.017170321133527011e+00
3.206689370031901909e+00
7.385887784660889466e-01
1.226756207403355281e-01
5.581398326865298284e-03
9.104307945400497227e-06
3.383213909216747489e-07
3.750909106597186340e-06
1.935266526904948757e-04
2.090867188690291267e-05
2.996451312592717658e-02
3.305817589968178982e+00
4.029801607520339779e+00
2.510134643289926970e+00
1.780983718104577784e+00
2.403978137999519316e+00
5.204330910146854450e+00
2.394050468114815367e+00
1.207937353814646952e+00
8.560778146944814537e+00
7.274651416101256984e+00
1.287919034898474369e+00
1.302854886817612912e-01
4.941809198712219338e-04
2.494958406022234969e-06
1.810214298394428762e-06
6.275061146971082349e-05
6.591088728944077997e-03
9.050097818335401945e-01
5.539146799984326464e+00
1.146268156394083526e+00
1.650108588255203124e+00
1.970850466965921033e+00
9.708414269180392075e-01
4.402907075631473433e+00
3.917889347437274239e+00
2.377866009312178175e+00
4.968748894499243285e+00
7.064951223092929666e+00
4.290500527453080970e+00
6.207156331938684657e-01
5.958221684094575088e-02
8.256998737393491522e-04
1.687831313887026182e-05
4.663966272303042332e-05
2.509612126227927565e-04
5.651540589485284927e-02
1.704205454769692762e+00
4.638551618943398402e-01
6.458869557913626824e-01
1.536604518584142376e+00
6.415094344147657113e-01
1.803177371208486424e+00
3.028782839302537333e+00
2.750599158823973323e+00
2.660305543113180349e+00
2.737016250999752653e+00
5.559109702686941823e+00
3.518724286507564969e+00
1.875791882883575346e+00
3.494779766150402783e-02
9.339973885502385288e-05
5.119957993316611431e-05
7.752797272447840688e-06
6.106416189608907495e-03
1.157369499278080083e+00
7.110995069593729623e-01
3.877740980612541799e-01
4.460972109211670533e-01
3.381079687646135756e-01
1.456402989804398640e+00
2.454405890180289429e+00
9.736169017514237911e-01
3.427906873585097269e+00
3.120645769163219008e+00
2.834489114342255700e+00
7.915500065852305589e+00
8.478712778686442464e-01
9.046622368532514008e-04
4.316236450764356757e-06
1.705843186233382561e-05
1.329598247751950999e-05
7.627403263436387769e-03
6.993828579817698010e-01
1.440292084018419683e+00
1.269123123129559882e+00
5.056652961620928394e-02
3.551627422693534163e-03
9.530423101417065390e-02
1.100291918900463850e+00
2.101508268665958912e-01
1.823188129586829076e+00
2.352606789210503813e+00
6.321715170727409960e-01
8.781559621500139912e+00
1.354545835166602874e+00
1.252282043557174213e-04
3.014920413173138156e-07
4.176664766208706857e-06
7.951764760071113904e-05
2.217099945954019782e-02
4.434576491343578675e-01
5.214034301398559057e-01
6.684712445276436155e-01
5.205808306150036015e-03
6.636629038595330120e-05
1.266424235314447810e-02
7.872813060494455728e-01
6.713725273541112926e-02
6.189365695702175874e-01
1.261483661403181689e+00
2.396589868238215362e-02
2.061064430603448960e-01
4.627030252503971042e+00
3.931737978463484100e-03
6.996384502738123725e-07
1.541103887682132117e-06
3.265478055390893027e-06
4.078030307044780618e-04
1.401236886875975585e-01
9.051648426697658234e-01
1.132564132783274946e+00
5.834270093166821214e-02
5.877687876596774047e-04
2.684993119059620337e-03
2.434396649736679172e-02
1.515358113818216466e-02
5.593986806517968757e-01
3.466457750796263504e+00
8.358540550469463482e-02
5.984154836611079581e-02
2.197278463863646003e+00
2.191225118530692670e-02
2.493650686245396872e-06
1.344618789537785963e-06
2.306555918655733036e-07
3.470647446234187476e-05
1.818358675823577297e-01
1.819367695520769379e+00
8.862827381810949312e-01
9.224154179076109461e-01
1.524330933918516609e-02
2.964497077367300140e-04
3.463560974872169503e-04
1.531609183835497962e-02
4.295099246814780836e-01
4.708867831952936456e-01
9.072141895825833746e-01
8.919495290701056067e-01
1.706492944989583149e+00
1.037582595425751847e-01
8.951211360262016929e-05
1.554623808962460454e-05
4.111537778857749577e-05
1.957113258961383148e-02
7.739051776481972844e+00
5.967022003062905533e+00
1.625316269476983599e+00
1.776617071459902997e+00
7.216410325722491526e-02
7.366037429072650432e-03
4.633411465461877848e-03
4.556940152532961558e-02
2.431114227321559129e-01
7.157357604839743870e-02
7.162380683127607117e-01
1.291608265097523800e+00
2.330354527613232474e+00
7.902591006491398451e-01
9.811627431239591194e-04
4.671327808732062513e-05
1.118222907574907034e-02
2.969916222545636142e+00
3.020684555891497425e+01
5.264899414269025968e+00
1.054068462422887764e+00
2.200351398536390390e-01
3.287247560485756503e-02
8.760319437093311290e-01
1.009118203307896033e+00
9.400809210994766352e-02
5.370272110914522390e-01
1.144245125187976386e+00
2.017448372994124828e+00
9.029023131089026766e-01
4.582165463507920755e+00
1.260990881601704805e+00
2.929903798309710632e-04
9.668138659301137546e-06
1.392006993478877956e-02
9.529125948545235092e-01
1.294624221502770567e+01
4.555843506041454383e+00
1.106125347704223882e+00
8.096569111212356118e-01
4.297201943658699591e-02
1.465172275934125412e-01
7.246481490905564149e-01
2.644364946255792770e-01
1.179751102861342105e+00
2.070472567627259952e+00
1.782141953432247128e+00
3.791965931990519123e-01
2.049492158566307065e+00
8.914971362673234090e-01
3.015536344296628618e-04
1.153816954873797998e-05
7.809576825868670582e-05
3.862720613686911660e-04
9.763022868044013425e-02
2.257346976070573774e+00
2.169165689405532671e+00
1.853169852040941867e+00
5.055009072994338069e-03
2.835068680467215719e-04
3.075971858533417883e-02
1.015937284042661926e+00
5.347826561555790725e-01
1.783938733284340938e-01
1.001841039424392843e+00
6.769375122277241363e-01
4.191164807875412457e+00
9.772660625656267586e-01
1.284681659048863092e-04
4.823028499267911827e-06
1.495099611346115456e-07
3.674625824382409821e-08
1.397468339780236571e-04
6.333529450613128997e-01
1.008436619465624684e+00
3.764754313251958417e-02
1.492612959312300210e-04
1.691991151684414923e-04
8.797419023854391451e-02
9.882861008373097222e-01
1.824878092912913252e-01
1.795055691507536910e-01
8.452255532437175090e-01
3.419232546164001629e-01
3.598244785722961581e+00
1.157130637337000917e-01
1.356947993333243312e-06
1.217678693696731668e-07
1.095475804718401014e-08
1.489896123795598144e-09
1.747893494912536690e-05
3.321767643242306001e-01
8.528915736272554282e-01
1.374918900768558605e-01
1.917766628760183070e-02
8.905646645530082561e-02
5.983255640134825804e-01
1.716054317823860198e-01
8.965363912391027812e-01
2.939375706261810883e+00
5.853810550421969516e-01
4.101888209015465137e-01
3.037268687983911697e+00
5.704322172474099624e-03
9.141070357665508565e-08
6.268630835210238655e-08
6.347306124968174507e-07
9.573654265542603305e-07
3.691253317125122845e-03
7.612685828101403152e-01
1.884007084626495021e-01
7.454308742344257777e-01
8.734661394433792525e-01
9.818504732423317671e-01
4.330981627558412872e-01
2.672192561368236241e-02
1.582086872221527107e+00
3.466572203532927610e+00
3.086394960644398555e-01
6.466159380766580256e+00
4.989012180370385074e+00
4.818467990120624809e-04
2.580099003357973446e-07
1.914797865844519858e-06
2.846031915701655295e-03
3.116801813313264599e-02
1.093397386921659109e+00
9.057485748206203224e-01
3.238946297365689897e-02
2.342243373312568044e-01
1.477526963762552381e-01
1.057892932635096372e-01
1.226173402530842393e+00
3.274224248449140728e-01
2.416326544782686270e+00
2.285204777757957828e+00
1.048201248994965251e+00
9.347631148404879298e+00
3.878394993157281700e-02
3.503070130341361725e-06
5.675019278235800558e-07
4.632108971283998666e-05
2.755158952661770563e-02
8.110424474473935108e-01
1.040949362859273197e+00
9.374330749402266516e-01
3.427555951043569360e-01
1.355550763237610923e+00
9.655477409974594361e-01
2.522290712959789349e-01
4.283255974510024267e+00
5.011080925215717130e+00
3.292223115160163527e+00
1.985900492506031734e+00
4.640004150295005125e+00
1.796137836182485126e+00
2.049990592856580141e-04
1.888902175319720668e-07
1.511626251906294439e-06
2.355851183024712146e-04
9.364874780792256832e-05
1.099466666332398757e-01
1.167210768529695075e+00
3.937003160049097339e+00
2.529602935648603168e+00
9.305022735604724371e-01
2.687381688807107150e+00
1.761151905237470450e+00
2.911501043164177904e+00
9.811803429587615533e-01
4.931490056239817843e-01
1.238753696348092070e+00
3.382153871500772624e+00
7.804398658763736507e-02
8.081101028351272541e-06
1.874304957239177941e-07
6.759672013113643726e-06
4.770983442057556050e-04
2.600026643291291316e-07
1.115311806371623894e-02
1.466893979354185085e+00
1.623397737545328345e+00
1.716154627322139525e+00
8.899227278917002382e-01
1.753105076367665882e+00
8.028547034643398472e-01
4.712063380354976627e-01
2.880609961624958082e-01
6.549470046951634261e-01
1.493784218811242459e+00
1.674184109077649030e+00
2.594480430561529535e-02
6.917478416080418895e-06
5.837969626394051781e-07
1.800617078236755361e-05
5.209806900070569060e-04
5.805958232080945145e-08
2.057273718545206496e-03
4.428478508371898048e-01
4.635042327573334342e-01
1.317286385458699138e+00
1.082564944690074693e+00
8.854454701455456433e-01
7.124871310525014989e-01
1.148853711991099980e+00
3.164837519162095436e+00
2.767528202427466333e+00
5.772575778703981086e-02
1.335280783823817458e-02
8.025257660554899891e-03
7.419314423348969366e-05
7.587465782484991113e-06
5.027261293461371785e-05
5.026354719686054479e-04
1.985158845189097823e-05
8.165333118156001269e-02
4.513609351755983212e+00
4.651549726673954055e+00
2.434091937818316342e+00
2.117197596736127285e-01
5.471319118800211517e-02
1.572208191594132998e-01
1.817751570596504385e+00
3.003452863708750531e+00
4.882955510301027063e-02
2.837887411226559692e-05
4.865655343013257081e-06
1.086689074804110040e-04
1.326789668432171740e-04
6.671549802167495277e-05
1.550919152908639034e-04
6.111595784473615239e-04
1.709858931680998881e-02
8.988316067018399247e-01
4.297204426267826172e+00
5.616658086818548945e+00
3.323511725335244194e+00
5.893844626642907869e+00
2.887128567780889110e+00
5.814361726594566987e-02
1.328253919279944600e-02
4.876479984154750286e-03
4.207343820595797204e-05
2.647385465244007380e-07
3.857783068854918960e-07
2.072223043028491906e-05
1.938861884948355646e-04
3.340232516573788790e-04
5.367093996132507074e-04
1.178663761563093120e-03
