1.873515829993062365e-04
2.340098604660334291e-05
2.984292297534687713e-06
3.359326431127773672e-06
1.289980110533363508e-05
1.512823191952684318e-05
1.011670562379002913e-05
1.435122026406081755e-05
3.180522940015417094e-05
6.355103190989278017e-05
8.678174979594257307e-05
7.910315357565516812e-05
6.138927988912808707e-05
5.144951146687544582e-05
4.992826756279705974e-05
5.449753769294049576e-05
6.686835082924226861e-05
9.391496747907998599e-05
3.016607189936970334e-05
3.630333104516114764e-07
2.692608665398834168e-08
9.202162834488377629e-07
8.459163719209280793e-05
4.065136388599933654e-05
4.468461463154836926e-06
3.724223825174942993e-06
7.509526880606315444e-06
1.934610470070007596e-05
4.097743487193738766e-05
4.631054417283051708e-05
3.554918614609405751e-05
2.726796607751988695e-05
2.501154139412673240e-05
2.810529413491260958e-05
3.830550248276578444e-05
6.227402860237355570e-05
4.216665156806787900e-06
2.054013094548068732e-08
1.337811906182222395e-08
5.394560272789867070e-05
2.159404900105266201e-02
1.335720476165151238e-03
8.733722598282059877e-05
3.738154677050442879e-05
6.953486330398303444e-06
5.610442516416920799e-06
1.932937497027013618e-05
3.897351088974709371e-05
3.542847906932776691e-05
2.538575270234951699e-05
2.058709382153970751e-05
2.176666343650223573e-05
3.024755188132274595e-05
5.187098156625679886e-05
4.052603185320927203e-06
3.242691209209574982e-07
1.487981321546202048e-05
1.042815473029765905e-01
8.232864838646828387e-01
2.064053579940808292e-02
2.619047947626131079e-02
5.958533365613585646e-03
1.932454636669262823e-05
1.974440377029971342e-06
1.022431078318713280e-05
4.506722705930252655e-05
5.796305127361256709e-05
4.121157928398255376e-05
2.770765551848096189e-05
2.431789849035888697e-05
3.088236069000492936e-05
5.152349431705528690e-05
8.187808358733704829e-06
2.078833042513416178e-05
7.424506114381036748e-03
1.896521766657716546e+00
1.043614437712227394e+00
2.748000241033815017e-01
7.498268503333143098e-01
2.986003954408504579e-02
4.090995235148076162e-05
2.153686334268642852e-06
6.846357423421124908e-06
3.934721491140114247e-05
8.095952205757884319e-05
6.951336315154440918e-05
4.243513943660598176e-05
3.073099865779371380e-05
3.415126636481715115e-05
5.379965205836051716e-05
2.658399419111444064e-06
6.658830674328007348e-06
2.745950540292020473e-04
6.915988773951700988e-03
8.475614939311996998e-02
6.703066787371851909e-01
2.047951610057975880e-01
3.019356678990432752e-02
2.321247586303227563e-03
2.212994341053009037e-05
1.938137535574881282e-06
5.974915467714627778e-06
3.122136696941732860e-05
5.619942200045754976e-05
4.770925626558288486e-05
3.628143309368195735e-05
3.711411757909522730e-05
5.440732118340320660e-05
5.686956079240567900e-06
9.721692020375243944e-06
2.373770574998149282e-05
7.960325415376151635e-05
1.426953495640558012e-03
2.476179700675666673e-02
3.236528775601966307e-02
9.027362344954199536e-01
9.996367687706291250e-01
9.224109438206513803e-05
7.089167639678419296e-08
1.421155612716441768e-07
2.666477290270283345e-06
1.406456205265585758e-05
2.828024467844793003e-05
3.539020297547452722e-05
3.859096113050421303e-05
5.247993524968564257e-05
2.010829781986803438e-03
2.477020670788575990e-02
1.732442300746759797e-02
1.343273560172300943e-02
1.460624293842527864e-02
4.241008629662412072e-02
7.541337587081209382e-02
9.510439512171523502e-01
9.915265801211827768e-01
3.364607908505968300e-04
2.585678385453820792e-07
2.233474290049177832e-07
1.522017885992196577e-06
3.781715624704332108e-06
1.070461811130922306e-05
2.752006756094698052e-05
3.833863578408856852e-05
4.926899607674840289e-05
3.912952673914178725e-02
8.302589086575815625e-01
1.720195261582530277e-01
5.899866336414545387e-01
1.363852564146464719e+00
5.936880712826144713e-01
4.240687012274124007e-02
2.913811172930632146e-03
3.038735303723959918e-02
1.156863788012963551e-01
5.530531698833607290e-03
1.199155514439074165e-03
2.345979205417966426e-04
1.220255749234121052e-05
7.149770745260766505e-06
2.322794703570021973e-05
4.207529050670801729e-05
5.101156032264012345e-05
6.121100623923731885e-04
3.313165180301156504e-02
2.112556215553992173e-02
3.371646228747133822e-01
1.737148343305943365e+00
3.375631304359216212e-01
4.606474650431641865e-02
9.550084429526119016e-04
6.984200978621999713e-03
6.722992991241882876e-01
9.653337578413379028e-01
1.006044923697683169e+00
2.590532998527928996e-02
4.268162859514899589e-05
6.238670640395695985e-06
2.622175628603757466e-05
6.237635990925165328e-05
6.990892881159875441e-05
4.054448329866754381e-06
2.243999409068386450e-02
8.953524837298841854e-01
1.875351151929992799e+00
7.966707187672819046e-01
1.776858116464392068e-01
5.271158961107657026e-01
1.714900782198676421e-01
1.005374323425572564e-01
1.362253974130011314e-01
4.675867323244362606e-01
7.229452387630850296e-01
6.354610137858665792e-04
4.547131828037120578e-07
6.608684460686707498e-07
2.025447547295964235e-05
1.007526903080538155e-04
1.162602225918201538e-04
9.063190647885655432e-08
1.713253396021439598e-02
1.686823613050950144e+01
5.387579887770267639e+00
9.486008265624764624e-01
1.690030102921923350e-01
7.520986909536936382e-02
1.383404090647006590e-01
5.419212627722237441e-01
1.892084404310440393e-01
1.161338326718517555e+00
4.581343638617010328e-01
4.733415788220264523e-06
1.299935122266809200e-09
2.045401230909618227e-08
6.222980956938468800e-06
1.001666954052468444e-04
1.615835052041664796e-04
4.382428862124653626e-08
2.152022948604786004e-02
4.816227849352465284e+01
1.259225221779732706e+01
6.136151059319549184e+00
1.676726706185979188e+00
6.084709241547613806e-02
1.973503464685253533e-02
1.514900186825148820e-01
8.620668995332411710e-02
6.598854914057354915e-01
1.613393795132934461e+00
1.275324936833443655e-04
1.069553690159763143e-08
1.031506488541395126e-08
1.429271647398983413e-06
5.024449206239652748e-05
1.514275832685068831e-04
2.994976344118135971e-07
3.834904764469287269e-02
2.765609557809058572e+01
5.615601104199963167e+00
2.530696622246072280e+00
3.659240287689730309e+00
1.539684976042938302e+00
2.534459166390860552e-01
7.562301939113499349e-01
9.428025094563242670e-01
5.439233111759749217e-01
1.154320525482252835e+00
8.027663244600229120e-02
5.598143827938817607e-05
2.853339158013335497e-07
8.125152648413958883e-07
2.115010701922631482e-05
1.121933454028757360e-04
1.428742548758494392e-07
2.269529069119976942e-04
1.228825909085722451e-01
7.728420340207382555e-01
1.103321476285743286e+00
8.101508310982786787e-01
8.871480699459899366e-02
9.986851947657749296e-04
1.652291390501024054e-03
1.335731572998447581e-01
1.845367445558862285e-01
9.010391063033469650e-02
8.063552703699206070e-01
3.795532000664055688e-02
1.675764541234453601e-05
1.532122516319393525e-06
1.457218904177812211e-05
8.821946775027638148e-05
3.863977731264688885e-07
1.440274386309514272e-05
7.225258636207123903e-04
8.716775501845745039e-03
2.670614892281420599e-02
7.746604456254806322e-03
3.978826222463450904e-05
3.672499097683307987e-08
1.193840444489715140e-07
4.128220039833311282e-03
8.174030394110478603e-01
4.744211670405147629e-02
2.106132902713652236e-02
3.166244260672531653e-03
1.597496126274059968e-05
2.857704128275721842e-06
1.816194939601011246e-05
8.591917535170932386e-05
5.052098829973968334e-04
1.291314737155559514e-02
7.343897554994287561e-04
5.870173988721740908e-06
3.433936474050947997e-06
1.168145522263017078e-05
1.798496270654404354e-06
6.668539279665669218e-08
4.457434826013017521e-07
5.587028755842999260e-03
9.609068209844081609e-01
1.349161788144660930e-02
7.950763094874535434e-05
3.080266268711054938e-06
7.519772441751847265e-07
3.134687156329936089e-06
2.918978523706351069e-05
1.002830187618226909e-04
2.234629418955196359e-02
9.250098413861184143e-01
5.131402995134632869e-03
3.717847511865861517e-06
3.753173115432895147e-06
1.043122468261024579e-04
4.467012004820265195e-04
1.330058444733062508e-03
3.299268907589050521e-03
2.905656486428244423e-02
6.399229769710232385e-02
1.762649866894883122e-02
2.914881377212642007e-04
7.737057679483892885e-07
1.962731960340822992e-07
3.482735617972327807e-06
4.293970833600331999e-05
1.184013145255939853e-04
2.395308571227516858e-04
8.153271965800417201e-03
1.764236018333745562e-02
1.157714339291128318e-02
1.281231803200438002e-01
7.839349926798245827e-01
3.027531018689976205e-01
6.430243799032779872e-01
1.324484046047816443e+00
6.555200751670968717e-01
2.171816034455501809e-01
8.034029229985559795e-01
4.683196528533006137e-02
1.001682663868239328e-05
3.965049084458125510e-07
4.905914522537221184e-06
5.028122036215413096e-05
1.185436255108954738e-04
1.133607273488531732e-05
6.513622952788117662e-04
1.294508057630598119e-01
7.149765928123009706e-01
1.079096446204298676e+00
9.178088396744977784e-01
3.532916491976868800e-02
5.000749900413951378e-03
8.676464001159468406e-03
1.356598736973953570e-02
7.110901212363767397e-03
2.325570808843067591e-02
4.127401516335756429e-03
9.590014840538352249e-06
1.177830240892507793e-06
9.283867369516160558e-06
5.114775289411063237e-05
9.787261434427799189e-05
3.094542194262734519e-05
3.035542971372332845e-03
8.285332023837880255e-01
3.010450068922220779e-01
3.516108357700433937e-03
4.350150636702260687e-04
3.248776571928257262e-05
2.381725167290211194e-06
1.852067215565477498e-06
3.491037965801434287e-06
2.578911256600579135e-06
5.295380310489939196e-06
8.196912390149462858e-06
2.990880796550659329e-06
4.576629554048245088e-06
2.085283036631368922e-05
4.960858993981783881e-05
7.607287275177108000e-05
4.041126320490105037e-06
6.623823750681606540e-05
1.049919621634973904e-01
1.775615407422672209e+00
1.115243675603020193e-02
4.436588270046589545e-05
2.442430034715809337e-06
5.723042043568468407e-07
4.581572066444085286e-07
5.599769119211919857e-07
4.435836740600367346e-07
6.765090103098067172e-07
2.221726214523643663e-06
6.716826536184611170e-06
1.880796012495661185e-05
3.611936136624829667e-05
4.532762909252487370e-05
6.263616039016630538e-05
1.617676861352187206e-07
5.432058294769874952e-08
3.710140955208219877e-05
4.128813761179050967e-02
1.016044326562701335e-02
5.656649830284644806e-05
5.801309472717025562e-06
6.033394441452085379e-06
8.552158685331402480e-06
9.438586094915215176e-06
8.099221198180357373e-06
8.780525930303169057e-06
1.492363062952311715e-05
2.777300322104243765e-05
3.983562529214566518e-05
4.059918679554825612e-05
4.051402830939755624e-05
5.745390091416415954e-05
4.829335495031111078e-07
1.487407055383066171e-08
6.285455180529765052e-08
4.289070518907849209e-06
1.476373735236677348e-05
6.940053767275260671e-06
1.182846683360758074e-05
3.839028069144769526e-05
6.699036363492090170e-05
6.950720329477111034e-05
6.070568475880726273e-05
5.373355473758459209e-05
5.235122866410260036e-05
5.248902124140695396e-05
4.816777431512984502e-05
4.173675196871606320e-05
4.336515051602668063e-05
6.483346204365064821e-05
1.625489064179658476e-05
1.045376215579095663e-06
2.278860911685385320e-07
3.380267900710967883e-07
1.101493878588737646e-06
5.253386358803638844e-06
3.109338336300257943e-05
1.017928198089166654e-04
1.428834313041141757e-04
1.333458335462482918e-04
1.148389414467360943e-04
9.764828565212098669e-05
8.340461505404246254e-05
7.221244545388541330e-05
6.333035852824224260e-05
5.913352933237974503e-05
6.666241753105797935e-05
9.658129599271643700e-05
