1.133319653525734737e-02
2.004535645532829591e+00
1.904861237080821823e+01
4.881664965844956683e+00
2.053052395696506882e-01
7.672067778944406946e-01
1.258823703005784167e-01
1.746751600443054598e-03
2.962925931902434060e-03
4.998048402930285733e-05
6.350617372384680160e-07
3.771303485740920091e-06
1.798124449296188631e-05
3.172740081790305442e-05
8.357162090663595132e-05
1.554781677343249557e-04
2.508819013609474139e-04
5.823368997950849335e-04
2.731874446615771904e-02
6.858399197745341347e+00
1.910380413770630526e+01
1.685149940590380879e+01
1.090751507239639206e+00
1.091574248080417586e+00
1.831528732719018393e+00
1.964731497381325687e-01
6.740481624455062493e-01
1.857816432430705877e-01
3.558588190334878443e-02
6.179506323172151774e-03
1.766801289041821917e-05
1.832119502266417502e-06
1.285121019455368703e-05
4.180591094381088605e-05
7.884367689030001331e-05
2.742629914202548633e-04
7.038074512128546017e-04
1.047685255228559376e+00
3.062121135972788899e+00
1.219019678536507945e+00
4.405369868729763771e-01
5.141561561233699562e-01
6.003412583040201866e-01
1.621093695673327117e-01
1.175275881117770371e+00
9.813330029377591579e-01
6.693191162304209518e-01
1.741023127290148784e-02
2.933676394754623867e-06
1.358191137468563495e-06
8.147648998007832473e-05
1.175412256940505575e-04
6.692094236759490425e-05
2.085805412879131312e-04
5.103497197693624510e-06
4.021001974180488797e-02
2.695016297742697908e+00
1.005292465984592098e+00
5.219155275365493507e-01
5.725569305676286858e-01
2.356786626733317624e-01
1.178293095868268442e-01
5.275164192713986955e-01
1.819555443267303896e-01
3.778559962619406631e-01
8.622112358234558516e-02
3.431071740660419553e-04
1.321033683344321336e-03
1.411500278557794794e-02
7.237687047896373092e-04
8.041679662060373520e-05
2.205452755737722943e-04
6.241903810923256501e-08
3.739703378902520860e-05
1.291327468163043501e-01
2.253287815737582189e+00
1.120843962499604718e+00
6.589371105710440935e-01
4.777406253056606933e-01
2.476782407858492963e-01
7.343050276248018482e-02
2.774277309178102210e-02
6.639365470367500910e-01
4.528677703744786953e+00
2.310343873402563641e+00
8.234806463634645191e-01
3.642482041455210630e-03
1.225641214903408969e-05
1.071854097822696518e-05
1.843319841638088867e-04
5.500298489503183717e-08
6.872180790703819812e-07
3.061876662816536299e-03
6.541365253541743252e-01
1.886200573664869262e+00
2.552109782081455780e+00
1.383829916913730029e+00
7.291497677032390268e-01
6.948933609043053683e-02
9.063294691643717510e-03
5.577462922984674498e-02
7.752523646738709306e-01
1.056946883673648685e+01
1.894957646142513552e-01
1.458704962776992963e-06
4.189108965775474445e-09
2.524058521189391584e-07
9.250180400142668828e-05
2.298860504261978405e-06
3.032768878588937321e-06
6.150690000288822675e-04
8.054707568412444729e-02
1.504001878546881610e+00
9.492065810137320092e-01
1.793724645589427416e-02
3.606608768812234050e-02
9.030450574442224765e-01
2.121396380147562599e+00
2.829031748461787288e+00
1.636862487773945052e+00
1.901127849309837581e+00
8.399024420498581167e-02
3.540231291815584846e-06
3.644293594444696309e-09
7.003550683587271969e-08
4.068455445313174827e-05
1.932536655205473641e-05
1.485376504920636575e-05
1.228476359481998252e-03
1.360033552853836814e-01
3.759842693475666242e-01
7.891458112222825283e-03
2.885798525636795150e-05
1.043065079732264034e-04
6.884243350985323751e-02
1.861179955179898871e+00
2.196130432555060352e+00
9.398066308117861700e-01
6.441947162473129485e-01
1.633159868681083315e+00
3.195293080768204369e-02
7.788285579286727354e-06
4.477519061833779757e-07
1.773615310023981645e-05
1.820664415270833465e-06
1.050459440314833231e-06
5.388822039368655181e-04
6.523284299454188417e-01
1.718410537016846984e+00
1.108945737711130031e-01
5.067352883942133693e-03
4.563797592236040453e-04
4.490185147006991377e-04
2.357424927860337607e-04
1.854594432919007057e-04
1.732381339779915513e-02
4.013015905073346046e-01
1.204690890969530637e+00
2.069887793406164800e+00
4.323477727449279683e-03
3.023681171354081312e-06
4.266129063651825504e-06
1.450757891042903464e-07
1.829187246237994287e-07
3.085979702245018950e-04
5.046856590169208623e-01
1.133331248348656173e+00
8.595933564796857107e-01
9.018612272799432228e-01
6.353418929453346319e-03
8.116837478013461289e-05
1.110906954931117666e-05
7.057336914463795470e-06
9.941570168550099493e-03
4.549034740991981796e-01
5.635229290081274905e-02
7.475952077023713116e-01
2.162392264069989273e-02
1.077175221218276410e-06
2.307066684276508837e-07
4.656540485298875170e-06
1.005098276449141876e-04
1.188148020725936782e-01
3.252557789912369213e+00
1.630842720622955599e-01
5.921987131556782913e-02
1.380426091733539806e-01
4.220498275236809517e-03
1.015107853471229138e-03
3.078366371679575920e-03
5.023583237164856415e-04
2.987703566594597515e-02
4.203614121681776283e-01
5.002642062654798910e-02
1.198118989123208689e+00
1.891103874605153112e-02
1.710438069031621320e-07
2.422266491159964502e-08
2.183805928831742023e-03
7.757914254399962684e-02
7.564019272937164473e+00
4.179835271438173905e+00
1.589644214366798536e-01
4.557676746896210385e-01
6.022243800390740809e-01
7.248556640772822746e-02
1.157974384349468311e-01
8.046053601113462017e-01
6.840425097292170131e-02
9.423635797232196576e-02
3.448168706866733824e-01
2.369000289927324365e-01
3.554259533474647181e+00
7.276638593467073257e-02
4.460342587894457366e-06
3.680082985112271502e-07
2.025051388325798188e-02
7.848434403231889789e-01
5.480797500591378224e+01
1.838525255229819066e+01
2.603115954890240946e+00
5.937803213759128340e+00
7.626583838504156221e-01
4.937250256066283427e-01
3.297280887386188075e-01
7.178921750887763409e-01
1.397234381359599764e+00
1.538950661109624640e+00
2.864754950284163382e+00
1.696797848589080449e+00
3.423664829175902202e+00
9.537880043226490967e-01
3.871518647386203247e-03
8.481476172343135151e-05
4.293986820857787520e-04
8.644506423259917804e-02
2.350306819696957206e+01
1.284540382686587279e+01
2.193515963881156772e+00
9.850057738944487662e-01
3.505158703866865233e-01
1.819510280409948999e+00
7.238766713170124989e-02
7.371143897223376984e-02
1.748027462899280238e+00
1.219232881610855523e+00
3.479934249530446611e+00
2.928084148175035040e+00
3.910127694076160232e+00
2.888141819222388662e+00
1.015066814590948920e-02
7.579614568006477662e-05
2.575197683395763112e-06
2.152274685777393233e-03
2.247805012884977582e+00
2.712091913960918532e+00
4.479944955105777948e-01
3.070053423724906083e-01
1.558275992908305430e+00
9.921792446143085087e-01
4.260162859214544628e-03
5.967760030325199722e-02
1.991873084068598088e+00
1.277956058483512569e-01
1.568095029162929199e-01
2.949279891610177007e-01
1.941707825397838816e+00
1.271977158798675012e-01
6.594043204456725578e-06
1.382782295954234772e-07
8.083663860984876949e-07
1.044419242645948246e-03
8.144887526635846697e-01
2.012868467931073990e+00
6.937855232938694439e-01
5.855480865782486388e-01
1.483166229786696322e+00
1.593946872102314227e-02
1.236194996794929288e-04
3.017440785195284192e-02
1.661582387228563551e+00
4.432641313764430491e-01
2.495284662278186294e-01
2.690912604651937712e-01
2.749490781415898866e+00
7.096222738277844361e-03
3.018709825846294107e-08
4.425722452776221881e-09
3.593957977814476544e-06
5.058459814512406699e-03
1.449125432584631723e-01
9.476398230522517507e-02
2.703978745307192844e-01
4.003139917851829543e-01
5.354432314408790194e-01
1.612297263606976214e-02
1.092247234642237247e-03
1.853532578461281402e-02
2.463911981318510080e-01
2.508648236593710390e+00
1.853749113822124484e+00
6.341930822804459078e-01
3.206734640810587234e+00
6.925500954225418532e-03
2.079813274171023263e-07
8.583513130991110389e-08
7.390088318506073342e-06
4.877213967476919793e-02
7.483441998831151798e-01
1.254957588632447385e-01
3.925142706315947194e-01
1.138648855905454726e-01
2.274423034535865557e-02
4.188152478695669062e-02
2.141254406277756095e-01
4.565492785291891953e-01
5.514413722694989639e-01
9.232331217221502184e-01
3.495204423625057344e-01
3.171958179325291005e-01
8.251774363479495999e-01
1.034075497548183308e-02
1.746134355849414106e-05
1.085970403067792534e-05
2.344566860429161870e-07
4.471501349590522451e-03
1.948457318063525623e+00
3.380304390683305793e-01
9.247466418823835355e-02
2.406491969202680450e-02
8.893779424194957900e-03
7.611666474934511428e-02
1.641009935795648245e+00
2.739212377538547294e+00
1.040907804768439693e+00
3.629113999286885384e-01
1.560418603332935472e+00
2.846055386322043024e+00
5.667364785572588659e-02
4.439529872830468818e-04
5.109406779178325036e-05
1.513514798949473566e-04
4.569401901634158316e-09
1.698750751598521874e-04
1.224310610683903455e+00
1.310920152005510708e+00
4.452057932775368987e-01
7.703086850107342398e-01
1.932172704907289873e+00
1.243506965016880628e+00
1.614490971835963906e+00
1.287650441805044732e+00
1.120107781817157727e-01
2.025524970884942655e-01
7.117802956092832645e+00
8.716229075785690561e-02
4.264183638213277728e-06
1.828109719118908248e-07
5.171605284093979011e-06
2.334073395145374523e-04
4.218012484288450181e-08
1.739838450626889164e-03
7.550000275538061301e-01
7.072621384920876331e-01
1.293317333771218935e+00
4.662078423307844943e-01
8.163568797928507648e-01
8.210686384715228936e-01
7.044502060733723869e-01
1.071996614075542587e+00
4.276888178521225381e-01
4.591380389613596513e+00
2.970371819856179485e+00
3.892487392932129356e-05
1.344958072871965463e-09
4.538098206431920406e-09
3.116459102090064398e-06
2.999952552105183577e-04
3.598149704747372280e-05
1.899137122518240739e-01
7.255413425348539169e-01
1.042986995039963394e-01
3.174573052053809852e-02
1.248696943870844262e-04
2.438655743147062898e-04
7.015553507923592835e-02
5.959211004937090550e-01
6.298649901356602188e-01
1.792213766096938832e+00
3.188814578366419461e+00
7.420191466369706335e-03
2.821517119700661585e-07
4.762469804438038985e-09
1.918233746423274144e-07
2.871987292575664948e-05
4.921188214269715203e-04
6.660291735467746641e-04
7.189960370938879297e-01
2.455173728074321104e+00
6.533733075633640919e-01
7.499630900155861146e-02
2.820371289344263512e-04
6.588371783120418974e-04
1.204927293655569248e-01
9.223863104257058465e-01
1.938085185513370057e+00
2.876868946244544478e+00
1.343317983377046408e-02
1.202587742815665979e-06
2.626977886387548771e-08
4.012697738155544133e-07
2.042227088301890880e-05
1.906852846094258516e-04
5.614287734072670412e-04
1.600691552069492503e-04
2.661687305141688942e-01
6.541281696773180165e+00
4.438615025288506821e+00
2.752586183842003820e+00
1.198339125322092302e+00
1.756784015917469688e+00
8.950887201235797896e-02
3.103009250283741537e-03
1.621436867252008460e-02
4.125726619338692530e-02
9.935284146751237528e-05
1.213808053934000063e-07
2.185235096125663635e-07
1.668444160892205638e-05
2.150883274985759721e-04
3.727923726914578184e-04
5.311288948666439622e-04
5.111347180896104112e-03
2.892401521648913398e+00
3.014740228147002554e+01
1.589129854533557662e+01
7.998173037685807785e+00
4.029844741604265757e+00
1.013382339796603748e+00
7.602791057945362070e-04
6.254505707647316612e-07
8.466367538157164354e-07
7.386757715281907150e-06
3.322836050079115722e-06
1.884410918072911238e-06
1.927248413697821270e-05
2.793280221107194167e-04
6.896855906912288886e-04
6.208937518905636652e-04
7.598643680407524571e-04
