3.813193222787615057e-03
1.002742324565859475e-03
1.122611132984171478e-01
3.903752419366904647e+00
1.966347634313438286e+00
6.334216243436871507e-02
2.359051333102289358e-02
9.517682353390728434e-01
6.924926023448516044e-02
1.458193279692277215e-05
7.608655343009078282e-07
1.568254652233838604e-06
1.867982517401974467e-06
1.903815828167036291e-06
4.976841112823726404e-06
5.346093857268660468e-05
4.271571616479415633e-04
1.012767480253142513e-03
9.611992811031473405e-01
2.055746677085522389e+00
5.785893015518206006e+00
1.099631269794855593e+00
2.181119052436181871e+00
7.640319435797533476e-01
5.988681620658945631e-02
9.798781706094413790e-01
8.383241917281247790e-01
3.833392660501588195e-02
2.482280656411901820e-02
3.230274705603954164e-03
5.263193638405347678e-04
3.804894655724976911e-05
1.012468705963014337e-06
2.464332924472928839e-06
8.807097395113588879e-05
7.286467537899872461e-04
6.841532783060942473e-03
1.482433634701970336e-02
3.653034474958014033e-02
5.262830840738555449e-02
7.888785687696012738e-01
1.472646199978599191e-01
1.536892025663164768e-02
1.564049247050207647e-01
4.567737935777889391e-02
1.310580028800990560e-01
4.821126424809268229e+00
9.779236367916491757e-01
1.053649898084838332e+00
2.536830359894222744e-02
1.703569262190518856e-06
1.541718655461307387e-07
1.558970115846932758e-05
6.142703837841411709e-04
4.447147866024391612e-05
7.988713061961365226e-04
1.840635460787285946e-02
2.457402504576057523e-02
6.451028579851113449e-03
2.871911345388181917e-04
4.711815180608736574e-03
6.359008150588209007e-01
1.098865539567215124e-02
4.572282381118324829e-03
7.853806517238424156e-01
1.598586307152881858e+00
2.491367187385499449e+00
4.402222008996593133e-02
1.100649818594666655e-06
2.238780244533062079e-08
2.728892775088381093e-06
3.974369868107482224e-04
1.043665833261861247e-04
2.133468252144950575e-02
8.920299185007160014e-01
1.928630199075171900e-02
5.963360197516513786e-06
1.307896556687451787e-07
2.761639156530114260e-04
1.337132594524437001e+00
8.199524188659022828e-02
3.231881198367228709e-03
1.711063121202971715e-01
2.439005130887231587e+00
1.498036418288514193e+00
7.538648637821537823e-02
2.449498888874205129e-05
6.634591439743852256e-08
6.803320755398189290e-07
1.325467118461979145e-04
1.033532599572874785e-04
1.395700782445530395e-03
3.356432589633758651e-02
5.352041850913411003e-03
2.028456998312369455e-06
7.302390498000379422e-08
3.130849494564899777e-04
7.611946600754289083e-01
7.221099193677001926e-01
4.915363026675917402e-02
2.454106955164940540e-02
1.144210781936993437e-01
8.698665366317985814e-01
2.686381628199816962e+00
2.205003801275709843e-02
5.792313898338067601e-06
7.314666345291554486e-07
3.495939847587573116e-05
2.024939005761426520e-05
2.689853532065255699e-06
9.637769254664882847e-05
2.485577803046701631e-02
2.924626810044368003e-03
2.070808894667444016e-04
1.639864609941235271e-02
1.132226759634014923e-01
4.249239233892735390e-01
8.269900660728788377e-01
1.199202524891320419e-02
4.413214814745172743e-03
1.172653118954537499e-01
2.159130989450424920e+00
1.129074216935443076e+00
1.642092286315559096e-03
5.904957294019503451e-06
1.475130926945683046e-05
7.152899098556889921e-06
7.335406984457372780e-08
1.712848889409943970e-06
1.876222618534906933e-02
6.845302388282867856e-01
4.395445772505447435e-01
6.304221719670950463e-01
1.138733638753515881e-01
6.197048789468626584e-01
1.083394738933528556e+00
8.816338465744512354e-03
1.719586489601204748e-02
7.598145079387748080e-01
2.153949651954940148e+00
2.621190100175434079e+00
2.250871964047171034e-02
2.009628979206356093e-05
7.280870879160114598e-06
1.174265973313763287e-06
1.094793888078085076e-08
2.221480931894676168e-07
1.289313924083546493e-03
3.415489957052376679e-01
5.936909601023468985e-01
1.363043197263360262e-01
1.118160294003392452e-01
9.469033000952152557e-02
3.611285091168675901e-04
3.592451679258801243e-06
2.888743715673684526e-04
9.337361692397735946e-02
9.052879694728418469e-01
2.324220482197019155e+00
4.866407757234682968e-02
5.835434176417431085e-05
8.208901836014323932e-06
3.325729447158636534e-07
1.101179332420908992e-07
3.554775775995571845e-05
2.946423461801624816e-02
6.813881661456939742e-01
2.922096152212590447e-01
7.693036955644681762e-02
8.258832624998077021e-01
2.074362289506014034e-02
3.480510772883557826e-07
2.359871064927534313e-08
4.717210829945071633e-06
1.675798942173718103e-04
1.010717153929122612e-02
1.792195620220588648e+00
8.942007117142223294e-01
1.252762438226046526e-03
1.601487720360765399e-05
1.194539433139230150e-06
9.575207785974489724e-05
1.339832784820429168e-01
1.696513392743294935e+00
1.549455923391087619e+00
4.991552693094028492e-01
1.471731929425975360e-01
8.759912869802660706e-01
2.072744679508634752e-02
6.140561952072499419e-06
3.631730010198523211e-05
3.253731363167198295e-03
2.818687425400293067e-04
2.830526545705031060e-04
7.182171188967988174e-02
1.136165554075544870e+00
6.201799880694332592e-03
9.675132724294175848e-06
3.352157402256180582e-06
1.289151801651492249e-02
8.756789749692643454e+00
3.374028518086590545e+00
5.905332848458291206e-01
2.352784899662146989e-01
4.885821822560586225e-02
5.364617193680863705e-02
5.815704331419453699e-02
5.634070499088161127e-03
4.095014850102970949e-02
8.582452788966983270e-01
8.656179841571258471e-02
1.355147010610118462e-02
6.253909694658167651e-02
7.979224011430710028e-01
1.614255772737265698e-02
7.446727373923263667e-06
1.821910977376070754e-06
3.097759712191235429e-02
2.317347401449208988e+01
9.816000934712644010e+00
2.051077463741403761e+00
1.203254724927745434e+00
5.963769703533793320e-01
2.712878534207261438e-01
7.290638063427546944e-01
4.510062746554645285e-02
1.552281304969507737e-03
6.990281723235728349e-03
1.057105570370638209e-01
7.142921025206465657e-01
1.057528245225443753e+00
2.092404786884960011e+00
2.941344211529739808e-02
1.081878910293504744e-05
1.349418882979799264e-06
1.355607721940774515e-02
9.681587620912251779e+00
6.335955919649618018e+00
7.624586616277451157e-01
7.568052169110588145e-02
9.669855567089179205e-03
4.706376771463318537e-03
4.821934461050963322e-02
4.769906093643301419e-03
1.111104582708360316e-04
1.124392648670303552e-03
8.494249497108247518e-03
5.462615305091814838e-02
1.242980491783839403e+00
1.755787752971118110e+00
4.829941508844012854e-03
6.034916357305831791e-06
4.509385503554587206e-06
8.762030985869801239e-03
2.244315406088813081e+00
8.532141502110683895e-01
2.195140654019140172e-02
4.461946060578761571e-05
1.163860225438860174e-07
5.239989169601125527e-07
4.006406026136167565e-03
7.108299993156903807e-02
3.699078229522606565e-02
9.026956641672976289e-01
5.546921631982270479e-02
7.044895860746241446e-03
1.638323677877505880e+00
2.270521268450363728e+00
8.789577980669750074e-04
3.958311534629809216e-06
5.340421628583041068e-05
1.224246773093361218e-02
7.882504539560349910e-01
9.842838634001015441e-01
1.662313727489521387e-01
1.291016429914289363e-04
1.977176606198379468e-08
1.513867554202612091e-07
1.131037442109502841e-02
6.400054500792957679e-01
2.254666306626786354e-01
8.354083199095648782e-01
2.231903265684527862e-02
7.885137506660670412e-03
3.295354018205299163e+00
1.802044167091621629e+00
5.845755135837322298e-04
7.490131808267685973e-06
1.329608194288395620e-04
1.762531589010421507e-03
6.777092943476112352e-02
1.257674417953487112e+00
1.597364998766345412e+00
2.842623241344692780e-03
3.854076444856254353e-06
1.277561972324983469e-04
1.413180350984862832e-01
1.963316862513349581e-01
6.174712470888786553e-02
1.934997919236800326e-02
2.207625660940186647e-03
5.971752442231940267e-02
2.730665717120707381e+00
8.904552735613849301e-02
1.142661384800401045e-04
5.640097194738776411e-06
5.244983752410447712e-05
4.643303568822342085e-05
3.106553757516227442e-03
6.991722874359057593e-01
4.567128923147151243e-01
3.205608653207853566e-04
1.872670276621657857e-05
2.272766132738104558e-02
6.765990751859334296e-01
6.002511018562541739e-02
5.578940058814358949e-01
2.152692443170382275e-01
1.571105029925573202e-02
8.288740150636064730e-01
2.195836697927447734e+00
5.853766437222931301e-02
7.750576027349401946e-04
1.953939780703582764e-05
9.048287190087653251e-06
6.189931744771362386e-07
3.446815418264773096e-05
1.319727625347070499e-01
6.657271761692094003e-01
3.694593632372373138e-04
1.708007909136654908e-05
2.426137445009788132e-02
2.105081941528704481e-01
1.148856972330144707e-02
5.357932853259514960e-01
5.918009071073583316e-01
8.789176679977980799e-02
3.078066002051551120e+00
4.017687479656345317e+00
7.623497648317648645e-01
3.369394673956726399e-02
1.367707782846336870e-04
5.678540772026634971e-07
5.714554403513177795e-08
1.489795574397215199e-05
7.662628866945850326e-02
1.263310616616151461e-01
7.081396740891934447e-05
9.278278503721867961e-06
2.192699247145843758e-02
7.586571937712383029e-01
1.134711145783633274e-01
4.288924397170338909e-01
2.591401580501980773e-01
2.985247033262818928e-01
3.503935975648641232e+00
1.233291740875414044e+00
7.704110278906710352e-02
8.894423317553927424e-04
1.143140719223938526e-05
2.989326338666604340e-08
4.455596719436650584e-07
7.541876661044555341e-03
8.068367343804045966e-01
1.208205309175047499e-03
7.855036970310110442e-07
7.211079704418425323e-06
8.193408087149540303e-03
3.734571308672894607e-02
2.976250347262327303e-02
3.269278984992691761e-01
9.960139744429127306e-01
2.489119956227938246e+00
2.606518066515857157e+00
7.144537739765643991e-01
1.188737438646985702e-02
1.208647656510087806e-05
7.850034946157275957e-07
5.844248655472251000e-08
1.025330603279758665e-04
1.058708339182499847e+00
1.067426878723806011e-01
4.040530637115163200e-06
4.420289597367204358e-07
8.770680842348089600e-04
4.773092980057367513e-02
9.909378619116274677e-04
1.843968107394668111e-03
6.415870183930119097e-01
5.233549072492391652e+00
2.075649722913152306e+00
8.445922593220521746e-01
1.021932850703660911e+00
1.930356539265632929e-02
1.251873969741239450e-05
1.898390219524733835e-06
4.092921611072671321e-05
8.279977714698717739e-02
7.961181661678091714e-01
2.267370897380091457e-04
6.948656208180221163e-08
1.537159083906821394e-06
1.488253330988555286e-02
8.077160269256730141e-01
6.167546506546107282e-02
9.389635560450144969e-02
2.123901821343867624e+00
8.453682008453998753e-01
3.865259563527881359e-02
1.050527718236387784e-02
1.061741779622629375e-02
5.523924180091191460e-04
1.044545880841783697e-05
1.300421574571498875e-05
1.567989544411742611e-02
1.874695387843932304e+00
1.980555883066801026e-01
2.045687435798053107e-04
4.438016820908691159e-06
4.700565550860922036e-05
2.125808058780218838e-03
1.616041333588245921e-01
2.977607468444865457e+00
1.815821396962661982e+00
6.994480040901378259e-02
1.734061692239003164e-03
1.736540928000977670e-04
5.914033766603217230e-05
3.656235687218061729e-05
1.568886205603551974e-05
1.486521201982050395e-05
8.608513583111381266e-05
2.004510536446853577e-02
1.974773788119809081e+00
1.106675661385371079e+01
5.772870789759761756e+00
1.257002487512997257e+00
7.279418384348770310e-01
2.363262998697383543e-01
7.509762700603829222e-01
1.121972826373640153e+00
1.315777586136221075e-02
4.750835736214933274e-05
5.301633118658759812e-06
1.049113568980619790e-05
1.813913793009864784e-05
2.262579863691710797e-05
4.121978385771152698e-05
1.302345161770663542e-04
5.268206091677477129e-04
