1.167261582653932863e-03
2.184004201501682854e-02
2.254257945562341929e-03
6.082317680184050557e-05
2.290684644479978728e-05
2.197010436363384554e-05
3.543488699066545258e-05
8.337995354176975680e-04
3.200342747445143049e-02
8.948030029159127416e-03
1.178386558527138455e-04
1.714534367216440910e-05
1.417756852518836961e-05
1.495283476465268093e-05
3.972155178688574272e-05
1.375250133135361955e-04
2.924856963951370206e-04
5.952801414567894306e-04
2.182320740782798738e-02
9.275733315428962289e-01
1.399309162093264648e-02
1.619520633847737790e-05
5.739133541128639365e-07
7.524125388059262735e-07
2.546517202572518492e-05
9.570276125244825752e-03
9.485718954721281682e-01
9.122108468093744760e-01
6.137334310485632188e-02
5.584510645035743563e-03
6.031011340316898110e-04
7.469272521223742605e-05
3.868349369684843974e-05
7.541421642418543738e-05
1.693381110918944969e-04
3.826805313516379705e-04
9.775036693169198224e-04
1.146680378199703941e-02
2.184727038049061754e-03
1.586521620198100556e-05
1.238580946463097166e-07
2.352291411847853761e-07
5.938662128598340434e-05
1.829982435895967288e-03
4.895226142607115270e-03
1.096088420413200842e-01
2.012415187008189665e+00
8.202003868807420384e-01
8.236328441471817141e-02
2.310773578143261904e-03
6.315391326802122208e-05
3.818413255286348017e-05
1.289631580462290497e-04
3.867997010489566869e-04
2.692815401278655013e-05
4.281901283547077269e-04
3.148329789706565129e-02
8.078152273130908417e-03
1.904547049081293681e-05
6.874008003146371104e-05
2.159428731912612504e-02
4.759921523164116486e-03
1.092425714859430905e-04
4.729577773021791109e-03
1.780611684927134064e+00
5.454822282596262895e+00
7.818421090964104980e-01
7.711385592511012547e-04
8.606007738826282513e-07
1.600978073697500905e-06
5.342351567490799400e-05
3.914664831881724521e-04
4.984051326772285612e-05
1.649138338840621656e-03
9.937089646296244361e-01
9.008739916661109293e-01
1.102143795061621794e-02
1.106338262338402295e-01
8.505337606661242944e-01
4.348410168358325147e-03
5.364004250398722904e-05
4.584385241829362916e-04
9.225823624556790670e-02
3.581056601348639568e+00
2.197454943960232665e+00
2.785592526143578721e-04
8.256654628812005197e-08
4.525353415722751939e-07
3.271833992783294625e-05
2.679944906228439697e-04
8.308752435374213384e-05
1.142794838059589399e-04
2.339123175011314278e-03
1.927150448534490149e-02
1.115647684854150501e-01
1.757726598645229066e+00
1.863851937007046378e-01
1.841916386138655205e-03
7.952754944980047367e-04
3.853395058929572070e-03
5.281738539688221601e-02
4.588298426407363406e-01
3.614096723245887599e+00
2.046819100457696883e-01
5.827782644449196799e-04
5.858712089548509690e-05
3.937543511327246739e-05
6.735358065411648095e-05
1.667354901578776874e-05
5.045330797297567135e-07
2.222388941412987967e-06
2.606559628264173371e-03
9.685057092291188274e-01
2.205305001144394872e+00
6.808102034866672092e-01
4.783362467387528016e-01
4.006526153514031185e-01
5.759809621663127821e-01
2.567437648124820115e-01
1.205057043341987988e-02
1.043598295596881581e-01
7.866987432484979337e+00
8.795783469456796011e-01
3.130883297125223834e-03
4.757784739869117696e-05
1.873708907221479050e-05
5.875133881172408749e-06
3.860223411703276122e-07
2.419164258450830454e-05
8.221047673238911224e-02
7.583657734980183696e-01
4.035421168215694299e-02
1.583737586392448271e-01
2.505263532252407721e+00
1.510247390137384293e+00
2.629844987369949205e+00
6.825827087683731254e-01
1.077662522790188288e-02
1.814975675237252145e-02
1.084770341865516796e+00
1.130086643864115059e+00
6.792443156337274468e-02
2.188557914473898778e-03
9.993225967737333197e-05
6.666188950676134476e-06
1.221979372127740654e-05
8.473376479007817264e-03
9.721969905800998957e-01
1.644857613956464959e-01
5.718609439679404362e-03
5.656534051019379214e-03
4.997686030611352831e-02
2.039583576449591207e-01
5.611863295349085456e-01
8.994347341151409658e-01
5.684744422194520919e-01
1.923521243547882120e-01
7.252031805855769786e-01
4.053828784355572701e+00
1.791599089501417996e+00
2.429444799916536182e-02
1.441557471671985860e-04
1.269269675671982144e-05
1.023588176118338526e-04
3.251911992622634473e-02
6.969215364270805457e-01
1.385321619528960158e+00
2.443468461846685535e+00
5.177816766473952725e-01
5.985741480999072772e-01
2.108740568984144748e+00
1.891369306636520864e-01
3.334006863952766464e-01
1.242815581373125644e+00
1.961596041662636708e-02
6.118933846349615402e-02
4.107000982195662786e+00
8.149391251639885592e-02
1.611814567283920252e-05
3.180903270906010063e-07
4.404222970734100804e-05
1.024546628450541050e-03
5.209685149938752396e-02
3.336291734562949474e-01
5.109496154676649304e-01
5.244313597974138430e-01
3.432319525380590486e-01
6.577364727227023034e-01
2.395062408465469694e+00
2.540915141761141416e-01
5.298449585468750778e-01
7.202509977859358203e-01
1.450230843962811798e-03
7.897311797721535270e-03
3.804342624365476766e+00
1.989359476056355713e-02
2.298869291512824200e-07
4.674808148440836241e-09
3.935553953554660255e-05
9.972767018288522176e-03
7.460179115351773804e-01
1.918063170172960241e+00
2.398543926072553567e-01
7.849162725852194128e-03
1.085609021810043755e-02
3.583357633096159039e-02
8.727544390114611028e-02
7.466461954525115130e-02
1.189575278536456615e-01
3.937456633132045414e-01
2.391962825461977152e-02
3.691398834144404145e-02
4.022104962255760086e+00
2.061961391335334959e+00
3.723771983342293729e-04
2.504033397954264139e-07
1.753279012557357148e-05
2.640952129239289986e-02
4.334156085649969015e+00
3.025252230190522251e+00
1.528808383198529075e+00
1.171722171608591934e+00
2.146931047431490658e+00
2.508300709563634712e+00
2.547690736479658824e+00
1.374466104005709344e+00
5.080293299207959690e-01
2.292549766909690590e+00
2.108709459170449385e+00
8.180631344949380601e-01
2.223428169311538305e+00
7.743851835119397897e+00
4.658723876865616259e-02
1.000242996823090247e-05
2.665107455616446428e-05
1.522025775364007835e-02
5.384037831911334671e+00
1.442200993722372537e+00
2.938992840034281850e-01
1.698475680135660415e+00
1.978416695507432044e+00
1.239761244596624179e+00
6.935275330338078748e-01
2.261652179122168593e-01
7.101775971597069637e-01
1.382747565729345318e+00
1.821440355812281586e-01
8.631634781445408633e-01
3.076173818400417037e+00
7.449375612405051417e-02
8.737266413851695740e-05
6.159347510287869038e-07
4.324785049695926997e-04
9.871851619499175112e-03
6.728873115399832683e-01
1.130281111748172806e+00
1.813330844572313139e-01
8.471608728522592169e-02
5.166090303429154290e-02
6.440698224430348173e-02
8.162499728759271822e-03
2.953286582067228896e-03
3.397431444617561858e-01
5.577480742747754627e-01
1.758188758205292759e-03
2.678690000726182893e-02
1.851475616261762713e+00
8.805232468223864488e-04
5.982227374231112956e-08
3.247584284605363327e-08
1.261652197413767364e-02
8.529759719472020940e-01
8.378989522050138694e-01
3.984992115059228790e-01
1.178168992136142901e+00
4.981402530685985486e-01
3.349585369476843488e-01
5.221345700280342061e-01
1.321721570275058433e-01
2.098304328945704844e-01
2.382979952134095747e+00
1.441074297196929255e+00
4.011351965967432584e-03
1.048268729182461924e-02
2.140241665413028294e+00
1.713758056448288223e-03
1.514293449773227638e-07
1.502430545891801344e-06
3.279323402577719401e-05
1.361137545763335122e-01
7.268877606465845576e-01
1.278965447053065085e-01
1.448043938517561857e+00
2.744130569412027043e+00
1.675913336143966204e+00
3.291742414758040414e-01
1.301870348026407942e-01
1.274746163197377546e+00
9.994982241640033571e-01
4.510533822003503501e-01
2.466505531476126736e-02
4.689599037409877824e-02
6.779146881032262151e+00
3.867310171662267926e-02
7.503260990220154665e-05
9.594109009028463711e-03
1.368013752638668425e-08
1.757271129681521734e-04
2.003400657752416880e-01
9.796392552584978763e-02
1.401387629885385566e-01
5.931942990173003638e-01
2.035769029414058462e+00
1.703308654991589011e+00
3.303779889819473126e-01
1.121472178644357554e+00
1.707785242626989053e+00
9.996680988038014748e-02
5.010556979564760247e-03
4.410385917620985446e-02
2.062808702002489891e+00
2.972497889583253228e-02
1.701179669698376544e-03
9.567505164955812935e-01
5.188184772066867632e-08
9.981215339902595695e-05
8.040881313389390828e-01
7.600508481443443154e-01
1.430139003248609986e-01
2.208286479478100139e-01
1.536303638101258195e-01
1.129893843448888102e+00
1.520903451263754924e+00
1.178413584457403296e+00
2.845902927357490064e+00
9.570320585511861433e-02
4.804105792469848257e-02
2.013624138757400317e+00
9.345823059104958475e-01
1.774137116417240281e-03
1.726568490679659007e-04
1.924631154377346928e-02
2.008391360522281637e-07
8.053986305972164351e-06
1.151705170273694817e-01
2.257637593664286513e+00
8.998497273142402886e-01
5.982885454398590985e-01
3.524621592196219063e-03
1.383457175545890370e-03
7.298666765804580348e-02
4.122927965615277857e-01
6.424779776934782527e-01
3.916234636530764868e-01
4.638494076895637086e+00
6.995553688560894656e+00
1.135271924619011587e-02
1.666595072207989971e-05
4.169197293485864939e-06
6.892943253700212268e-05
1.506190691343533675e-07
8.497829591423647617e-07
2.589472076789301608e-02
1.660726415369550679e+00
2.127509647079223742e-01
2.535748122005148653e-01
1.436754542540835547e-03
5.023654197180180641e-05
1.837765162367792013e-02
5.524141149582570964e-01
2.342122925424142132e-01
7.651611126089606918e-01
4.173538860816080387e+00
1.481065402103147743e-01
1.281532656021034256e-04
1.534141710034311142e-06
1.675790629094582351e-06
1.798415752406649652e-05
1.297664989394659153e-06
4.282568585509027998e-06
6.791548065486615812e-03
6.048071298848862326e-02
2.943423107358644764e-02
7.519764968624381707e-01
2.253807511056349008e-02
1.037745313962331548e-04
4.130387275206837475e-03
1.425358424925603773e-01
1.986411584637008121e-01
8.612473781887637347e-01
2.070110857089026091e+00
8.003210433415109959e-01
1.136164204258769198e-02
5.345487308748739875e-05
1.151534113290286959e-05
6.307670564697159072e-05
9.607452852863347214e-06
1.734939833201442301e-05
2.098286079830892048e-04
1.004295899825663111e-04
3.537867306798190897e-04
4.705133097342794474e-02
1.189699945382566293e-02
6.838034344820727957e-04
2.074155149885698740e-02
9.615958288812823662e-01
1.796664586972395838e+00
8.849608118617366403e-02
5.849806024186469597e-03
3.134273644746610882e-02
1.647211879279058405e-02
1.909649139942471590e-04
3.435226386828671002e-05
1.572609169672832682e-04
2.414181702752809272e-05
3.722869419697807068e-04
2.714636920037221627e-03
5.732732326274722693e-05
2.496560047567061845e-06
1.517448503892041425e-05
3.106683310031331611e-04
3.457352624946567754e-02
1.910865102447431241e+00
1.075148307721629504e+00
2.488048657943345635e-02
2.149135672756946535e-05
1.424543489281045400e-07
1.101935382476398868e-06
1.610106912709434869e-05
1.861292522935419197e-05
4.408174066444453076e-05
2.814640399531528610e-04
7.485054977711148036e-05
2.389214393421697225e-02
1.954609291189320031e+00
1.709639575951118345e-02
1.145051822552937043e-05
4.193609675478410576e-06
1.006735341664898335e-03
9.812600254722958493e-01
1.014906119490676994e+00
8.616079801895095477e-04
1.589940929234929819e-06
3.464165403863370443e-08
1.018747576704756123e-08
1.295714683856661112e-07
3.696303511770051002e-06
3.436826518368609298e-05
1.911429741952177890e-04
7.361094619050681043e-04
