7.485607461537366997e-05
2.057608487825427889e-03
9.807114889037328309e-01
1.043481005525439764e+00
4.760879267999062537e-05
2.731325855639330872e-08
1.210977565334558623e-05
3.692867646663276771e-02
5.696639139458263383e-03
2.420450513548319987e-05
3.667725142218240991e-06
3.719724458248872822e-06
3.361077267271871011e-06
2.388245946455192832e-05
2.311960446284187180e-03
1.797076916047640402e-02
8.998006653644838575e-04
6.432164836669420575e-05
9.462844771003104527e-06
1.337951608529927929e-04
1.774057519991099549e-02
8.074747118525570366e-01
8.437950877624325607e-02
1.478394020984273626e-03
1.096487864128181527e-01
7.901367822202700619e-01
1.464061788094501505e-04
1.788784661718075226e-07
1.378708711854434293e-06
2.387917049020273850e-05
4.409587315760183201e-06
7.840884687673463832e-06
9.327941778330507000e-03
9.438893979942676316e-01
1.688664023421869442e-02
1.093374408310112078e-04
1.895797420718808000e-04
3.174957883398522862e-02
9.167008235526943882e-02
2.286059577112274921e-01
8.074361184975045180e-01
9.045647690928496076e-02
6.229464430859169566e-01
4.470245706208138547e-01
1.327266565706455923e-04
1.351146495634613882e-06
2.440120902581169467e-04
3.847670776702208362e-02
3.959560917816164205e-04
1.636225199286368429e-06
5.257573550282256371e-05
9.662466403592372827e-03
2.347811350063243145e-03
1.063063744986991093e-04
2.543409801419952701e-04
9.519600256138456285e-01
9.564949653848751510e+00
3.227166037345321481e+00
1.813022992108248133e+00
1.475676881580091915e-01
5.044088322436816041e-01
2.273333180614086402e+00
1.224740844124010686e-01
3.102613520118704775e-03
1.541838902390685502e-02
8.239231954148732440e-01
4.906653747424091772e-02
2.147134809540031139e-05
9.126236528724355596e-07
8.183643612969779990e-06
4.414603889610423348e-05
9.666212253932283602e-05
2.162809842915841476e-04
1.775570317836862866e-01
7.349095044023576939e+00
4.947103255623240159e+00
1.763374206434358493e+00
1.434077674908904143e+00
4.750763464724507834e+00
5.484639288591960593e+00
1.373605388620875445e+00
9.361563979054715601e-02
2.784920506638709214e-02
1.754070278215074108e-01
1.942058982252518717e+00
5.497614344081522275e-02
2.241606242783865215e-05
1.207835387488562718e-06
1.029163855430174083e-05
1.901745141269804490e-04
5.090060631733644980e-03
7.975032113681044255e-01
9.678252558081123169e+00
1.973312717627530022e+00
4.334041826391068497e-01
1.348518877455668008e+00
4.402409954031234030e+00
3.380864158154637256e+00
1.618785287006827556e+00
1.187301144968335498e+00
6.825678951043259168e-01
1.025918280877189254e-01
8.895688477520994342e-01
9.169217636951064732e-01
2.576681653803257672e-04
9.322221672742048854e-07
5.777619994176544392e-06
2.727920903016041931e-04
4.076174973788699939e-05
6.776628428721206965e-02
6.498933351121547908e+00
2.780183181821211047e+00
1.850240864471077495e+00
2.393420071368563384e+00
1.856184030204793833e+00
2.472754443152207493e+00
2.441098893648829371e+00
3.780928941891973150e+00
2.136537183491686864e+00
1.704052063467463227e-02
1.173410827027845590e-02
1.662308905208836896e-01
7.319199169160163498e-04
7.913035990645091599e-07
1.400506538030574263e-06
1.046712624516395646e-04
1.888628706871798241e-07
6.658138356830893036e-03
2.432664200297699253e+00
1.376010280313097134e+00
4.826145862971036316e+00
2.982224786218096391e+00
7.059190364017391417e-01
9.582943414483166000e-01
1.133633549811288832e+00
2.554176730659969419e+00
1.793088627648364630e+00
4.889821499981117370e-02
2.727560282065149416e-02
7.982401193555936914e-01
2.496411538998154558e-02
5.205034845117478614e-06
4.424884648528471142e-07
1.502010068359501314e-05
4.890251592231249474e-05
2.150493075186910297e-01
3.112181383050612649e+00
1.071415502587009350e+00
3.949171282470092414e+00
1.073058467785369396e+00
3.306082788712886300e-01
9.282483869028615997e-01
2.002815521552105960e+00
5.416784191784949520e+00
2.100423026902035861e+00
8.684034047420541302e-01
9.933554756384412043e-02
1.714602373861943974e-02
6.515152543693630664e-03
9.895699242077312990e-05
2.242442610274940647e-06
4.717845462846127382e-06
8.307725313579301593e-03
5.891171945597981630e-01
3.035672581968337003e+00
2.959439253109677814e+00
3.856005365049496980e+00
2.126377030820611580e+00
1.636532923739239420e+00
4.053602040304610910e+00
4.131466638955854087e+00
2.227103254618834516e+00
3.284443777402477616e-01
2.913827372251475367e+00
3.160290458325536872e-02
4.431543615954934966e-06
1.403346472627077209e-04
3.204370796027352503e-02
9.988791299031102300e-04
1.496613437883769328e-05
1.326363434011556403e-02
3.789073529476211788e-01
9.284675501427816613e+00
3.547151447913117650e+00
6.155974607296843537e-01
1.359468367166824843e+00
8.906046474508044763e-01
2.139273713060422910e+00
2.720491182899476890e+00
1.118079107694798235e+00
1.571630073393152915e-01
2.727022471796876513e+00
3.605619813975717569e-02
6.689223706290322942e-07
7.871715188891611602e-05
9.015502416120275697e-01
2.470026707453046658e-02
2.733701959222757921e-05
1.339611347721424844e-02
6.296190410395805515e-01
4.455155526354782580e+01
1.338269413759513959e+01
1.927095792099234872e+00
2.994831571788087121e+00
6.874644796529093549e-01
2.659958232994990013e+00
2.460698907206537722e+00
1.466724047111183316e+00
3.260067996347467134e-01
8.798177430545442990e-01
2.122860071333207421e-01
1.573959565504677203e-04
7.192020070259375064e-04
2.941405521561877429e-02
1.694887380600130361e-04
1.968119747829002163e-06
1.722508358382281244e-04
1.108544190096446558e-01
4.802629594014545233e+01
2.205433132471652158e+01
7.400682000617914369e+00
9.552063448092987130e+00
1.926481612555201783e+00
4.476812197491470080e+00
3.143839433888840684e+00
3.414110184760354105e+00
1.468189687649406272e+00
1.548113088307837781e+00
1.420484826701106096e+00
3.728602269600394398e-02
7.448408473162003440e-02
8.024999798010050076e-03
1.356637738775236056e-06
1.216072800219435746e-07
1.621605178383571887e-06
4.466020441893885085e-02
5.481377006530285456e+01
9.834575595415138594e+00
2.087572103077723451e+00
2.874161402797084985e+00
1.631365590943170796e+00
1.151911291080110811e+00
2.220930268310575606e+00
3.312311433146302608e+00
5.721352829489191327e-01
1.334948339708382115e+00
1.667336664652401712e+00
8.116959498814259322e-02
6.921173881608139178e-01
2.863177144295252566e-02
5.673577638021946803e-07
5.816289690981145856e-08
2.857505766949340461e-07
4.393526530234753702e-03
4.784246373408137742e+00
9.838892580279081201e+00
4.138925406364644566e+00
1.827199779792358481e+00
2.729487265571811427e+00
3.892503240488301430e-01
2.818318901605761928e-01
2.822125913457333546e+00
1.763098684685105111e+00
2.523810338252749030e+00
2.185395771085365091e+00
1.825998562783346379e-01
1.223240511090589733e+00
3.708112047439069553e-02
1.237764828106111766e-06
1.829335559635256425e-07
3.503610586912926472e-07
1.507971268344765340e-03
1.450297689328405193e+00
8.978488739840880584e+00
4.658869835560270900e+00
7.755244575116680972e-01
1.397145491039737175e+00
4.569819190542535603e-01
1.063957175166078128e-01
1.906644534713142436e+00
6.086655516222833739e+00
1.471195938667338332e+00
1.427951945589787663e-01
6.302529377780870246e-02
5.944873347246916184e-01
8.713374315447884252e-03
2.538334366103168032e-06
1.669863449847875285e-06
1.852951932181659556e-06
5.366777609408610906e-03
4.251977308794680610e+00
7.376978260688968447e+00
4.224903621246866692e+00
3.079651837993385044e+00
1.105182595322417916e+00
9.743249562777183126e-01
1.202651091737651612e+00
3.921797941674400878e+00
3.299550513662416140e+00
1.206645673166215849e+00
6.129210053173907852e-02
7.005523635626813295e-02
3.339607139115653434e-01
6.644401496651860346e-04
1.615542700428198368e-06
9.656076485562926139e-06
6.225498860457452568e-04
1.139914528280512457e-01
4.755603369638023992e+00
2.509331473957985281e+00
9.504171095835609595e-01
3.468974494700840072e+00
4.206522366529851786e-01
2.928296114882495971e-01
2.804978826701041150e+00
5.930204814970084115e+00
1.583334854501436961e+00
2.128637794315949350e+00
3.325826492103987619e-01
5.086034949640906300e-01
8.642908022004308632e-01
6.800117832983274642e-04
5.309040789900339227e-06
5.711280584903900598e-05
5.371227633480010755e-02
1.621639883634460322e+00
4.654886308696002395e+00
2.807385246152989566e+00
9.204637121011107759e-01
1.996029739823491411e+00
8.125899037724858553e-01
8.788103695520528280e-01
1.834460387863051878e+00
2.395006056649918502e+00
3.640885740148593341e-01
7.070994725383737967e-01
9.806357780322975115e-01
4.396064292332635959e-01
4.944071654137235927e-02
1.240230384275366941e-04
1.165110601202800072e-05
1.890058536420453537e-04
1.965169760736413867e-04
1.427686488071823190e-01
7.776744802826769387e+00
6.863740611565890326e+00
1.277776110912269614e+00
4.983172965597687520e-01
8.626320993812494065e-01
3.234246180281686200e+00
1.997226738305644123e+00
2.943280411026137688e+00
1.166293464761677529e-01
6.304309226776569353e-02
9.313981245752450677e-01
6.368004067796322332e-01
3.512158832292871808e-03
3.694304648565279997e-06
2.029498035386977987e-06
1.286528493907584264e-04
1.134633653666274402e-07
2.193214889706462337e-03
4.944342073658155812e+00
4.194174635156072917e+00
9.286197432085520065e-01
3.144700071181755208e-01
5.116782624502288490e-01
1.278020600562191467e+00
6.263144098860989883e-01
4.996964050532536339e-01
2.330881924318408197e-02
1.423960384106894017e-02
7.064984926311990154e-02
2.406412945944087223e-01
5.019803470075491318e-03
1.173720613818218585e-06
3.309351512629290425e-07
4.864869922946658327e-05
1.963461322780742784e-07
3.435899075561740096e-03
6.051829424241340405e+00
2.964813416303033744e+00
8.463220225932855945e-01
7.541350455271966791e-01
1.429091818819994364e+00
7.411822437225532578e-01
3.238142655182440488e-01
4.650645367159234045e-01
4.165082739921152077e-01
1.459779871963730269e+00
3.477198706907653758e-01
6.548555096937839215e-01
5.701543968523047068e-02
4.850500525698297008e-06
3.089623434142290858e-07
3.419818639080874598e-05
1.769545846180097236e-05
2.558952539297567469e-02
2.890084510441019550e+00
1.020896297438843359e+00
1.997006967312275616e-01
1.688954185257104945e-01
7.140497285771651992e-01
8.798052526536785656e-02
7.413681610192930996e-03
1.322296322578367378e-02
2.404957428288805044e-02
4.302067602683649905e-02
8.427314596890476267e-03
3.251745728575852756e-02
1.264334087709268958e-02
1.016550795776022676e-05
1.277989339321359279e-06
6.479091614973430389e-05
8.654135637256415959e-05
7.860616643038905501e-04
5.521234487706989241e-03
1.044330386094709934e-01
6.979759244964974796e-01
8.294838042928420752e-02
1.621140775178036078e-02
4.651476216646350365e-04
6.783055645826279207e-06
1.863757589228384273e-06
5.218237419461374579e-07
1.862692727135956839e-07
2.084622996820562112e-07
5.136292590314602299e-06
3.504500337446349014e-05
6.786791114268173732e-06
1.127381575782990493e-05
2.290104849284889702e-04
7.660775172385942311e-05
5.755723172757920420e-06
2.430917415248836315e-06
4.368575678590901220e-04
5.098337375100719243e-02
2.211977338694609205e-03
4.279402560299118701e-05
5.843854621323111407e-06
9.312259034917082596e-07
3.056649633097852564e-07
6.969609328700824422e-08
2.488161009275065249e-08
5.437328664541755122e-08
8.853306520036202552e-07
1.150280122744875182e-05
3.917403534409025895e-05
1.639660896676342747e-04
9.383503858796646063e-04
