9.510030252406967977e-01
6.728311043213570930e-02
1.945381191526520892e+00
2.036657875571118659e+00
2.019510450332195894e+00
9.402198858866762654e-01
2.518014380865995355e-02
1.570722805855877535e-01
1.763940008794574243e+00
1.332479510255116517e-01
1.122219637521638708e-04
2.358028076572340488e-06
3.740898127790159901e-06
2.495815999191837725e-06
7.376877520392818545e-06
8.859459291541966867e-05
2.571399470414516947e-04
2.767269177723464353e-04
6.702414432635309810e-03
8.726538004598920900e-03
2.005197769387965234e+00
8.644654528624188261e-01
2.390944308795637796e-01
6.128092335645543010e-01
4.802498366182926248e-01
1.265346224166101319e+00
7.568956084065667778e-01
5.536280381366099901e-01
3.857786503640991266e-02
3.171100825296682690e-02
2.536218568347919228e-02
5.106901691908013205e-05
3.078098566526751897e-06
3.430601729672930206e-05
1.939379492058324343e-04
2.463077555175417288e-04
9.543927101784268144e-05
2.719208233433938280e-04
9.613663681657504470e-03
2.834977385191602382e-03
5.871968677194185256e-03
8.358885324312229081e-02
2.418364233047615164e-02
5.561590100129333580e-03
1.768118537688450134e-02
7.537265145496311325e-01
5.770139945009467031e-01
5.683638559770030074e-01
3.768083437968174770e-02
4.702629070565590453e-06
2.149227043928851250e-07
9.595269955443499484e-06
1.688252050560570653e-04
3.089587007485647169e-04
8.776992582824075196e-05
5.646408859395749989e-04
8.016032843736189614e-03
2.864911996051857247e-03
1.310202811541784536e-02
7.939557842201877547e-01
1.056234878104003877e-01
3.160972651767482823e-04
2.367677061584538736e-04
9.162490639570193551e-02
1.584230890466218344e+00
3.800959723144914926e-01
2.813986132331189934e-04
1.597061209858981750e-08
4.889511488522950960e-09
1.377029979091674925e-06
9.177025739569732337e-05
3.288169956901089799e-04
7.054183534850299035e-05
2.168110700088185343e-03
9.561746827457432429e-01
1.061694340820159566e+00
2.428295253474288193e-02
1.196772664826200178e-01
8.877024356582122744e-01
6.220307124927977258e-03
8.410730931045519161e-05
1.336949871193157148e-03
1.868271818932030759e-01
1.735805792544707238e+00
9.706917672202247660e-03
8.892993512705406068e-07
3.362843385537119664e-08
9.221762809114936055e-07
4.295888302342060308e-05
2.703404398269334359e-04
1.131055640570931207e-06
8.766312881285305116e-06
5.468480607957922068e-02
1.796746872949524620e+00
1.605653671270069116e-03
3.840088380195216014e-05
1.492889156563168961e-03
5.943452801975265820e-03
5.312281873661578273e-03
1.063138268550248636e-02
7.732315311887196646e-03
7.358060068215911687e-02
9.862280024459295635e-01
4.731109389777972407e-02
1.475294780414444318e-04
1.119709664833074141e-05
3.238162951279162643e-05
1.971096010072530247e-04
2.318020107658487534e-08
4.612881604790004064e-08
2.322005439367016218e-04
2.047526176742095472e-01
4.521967220826658175e-03
1.745149042759214317e-06
1.493437830674911327e-07
6.579468995394553599e-06
2.478084793426265156e-02
8.455452481020363509e-01
8.763215938164956509e-04
2.098619296476576714e-05
1.186232812587778747e-02
9.111207605327296122e-01
1.380082288593735725e-02
5.018117297636414130e-05
1.698893026407939555e-05
1.039975009857738760e-04
1.957191058211207974e-08
2.169726387147513180e-06
8.310370113721050889e-03
1.755746533161958611e+00
1.026475626258428919e+00
1.471984966030054581e-04
7.772316610531435309e-09
2.670019333614653341e-08
3.121357426567675664e-03
1.149168761475122924e+00
5.064149762078939878e-04
1.652411337638756006e-06
1.826284419108347215e-04
1.136971591638492179e-02
1.154027409584538555e-03
1.663497251805177364e-05
4.637482015623254197e-06
3.444175806789748809e-05
1.551241338167625698e-07
2.385443068223509419e-03
9.999191225313621700e-01
2.887982251158351943e-01
8.529035806047118307e-01
2.567864348182934825e-02
8.256668042186399111e-07
2.072882834869626731e-07
4.958036706497128895e-03
8.669988403110211461e-01
5.169639888076018285e-03
1.101948617981878291e-03
5.061136790291886206e-02
5.661635944674150989e-02
5.858894923381833576e-03
1.988495080421010029e-04
8.366151172628930385e-06
1.676930324553884628e-05
9.822648353836989832e-06
1.215319587047765382e-01
6.692646934107757684e-01
8.804114741533707522e-04
1.259546842727203922e-02
1.077315974475371085e+00
1.675216578434735861e-03
1.365061108846541644e-05
8.918325368002198977e-04
2.583729999093715632e-02
8.114766644433646023e-03
3.501017601033658277e-02
7.868833271064591406e-01
9.605670753847621590e-01
9.411377052779063002e-01
3.155671700994393952e-02
7.867548998076848469e-05
2.341736160829665730e-05
4.779629534965345651e-04
8.701771705620371389e-01
2.398655381209436666e+00
2.034861938960012828e-03
4.070527797992207902e-03
7.750555941341910060e-01
2.507087194052257800e-02
1.600039392308481314e-04
1.438324289791378171e-04
2.982583895949924083e-03
6.751625029453221793e-02
4.376689773460698540e-02
2.895575707839110127e-02
3.357964073757506163e-01
8.949407636113502207e-01
5.867295898776267622e-03
1.894741736565664646e-05
2.081939861674644794e-05
2.753411234665289304e-05
7.113643136727913763e-02
1.964188251902032434e+01
8.854972210262941346e-01
1.478035795189035773e-01
1.948618742615363109e-01
6.821701206052173047e-03
3.796508510011250767e-03
1.276203426691562871e-02
4.447624260020661968e-02
6.989380180751266769e-01
7.001694573436476055e-02
1.494639967842890937e-02
6.281973204185498094e-01
6.828175408444231431e-02
7.119661522173345892e-06
9.627303320043665397e-08
3.072531432450990310e-06
1.293212114382897554e-07
1.127599219539801014e-03
5.268214744328643562e+00
2.098220720878861023e+00
8.771660154899172390e-01
7.553116614812840357e-01
1.248731292063401041e-02
1.920544648314123984e-02
7.445611716823858917e-01
3.525936549488740135e-01
4.216068071699645425e-02
1.479846321612316795e-03
6.960955893906915076e-04
1.498580374631548195e-01
1.229170878839883491e-01
6.183046300339931004e-06
1.026106360425535501e-08
2.106977620744455491e-07
5.472018868612430784e-07
2.605703157617628857e-02
2.174422279086480003e+01
4.804870364242537495e-02
1.634145068399131236e-03
1.548566759720226838e-01
1.415711380124746177e-01
9.149377889880697112e-03
1.680357575880411791e-01
5.787814629674368216e-01
7.649125346985945206e-02
1.073623095181992608e-02
6.141927393562072839e-04
9.258835704508642378e-03
7.518346850944467308e-01
1.745558092876413727e-03
1.015690852394644249e-07
3.057534817814550041e-08
4.086140946702749167e-06
1.596877499097426253e-02
2.036144469399241430e+00
4.183613698506365684e-03
3.941049740155880125e-05
1.312308983422629839e-02
6.055150651300340581e-01
2.687963133517199885e-02
8.286114011054013240e-02
1.435414701856734532e-01
7.298969019916182188e-02
8.369570386028869491e-01
3.263566731481466060e-02
1.343325070399322470e-03
8.362544519019735056e-02
1.064100453878947805e-01
3.567011816552773264e-05
1.752283065476764531e-07
6.564242947673475914e-07
1.929479843846235204e-06
2.724954213209263205e-04
2.009238272741689993e-02
1.913764747568886398e-02
3.871664932394143499e-02
2.511890603283314372e-01
1.438761108250825593e-01
6.956223863956723097e-01
2.783012947284475846e-02
1.729387082538874534e-04
4.074683569347321843e-03
4.811188807490005687e-02
9.452786214029517547e-03
5.551277846342310418e-02
1.807118711521617183e+00
3.400323826871215482e-02
2.150046513997933958e-05
7.141513343147447848e-07
1.763341772244205086e-08
1.321608100109662103e-06
4.379490674886921814e-02
7.262878472862496215e-01
1.382982295947801643e-01
6.429210797352087337e-01
1.273710469362192843e-01
3.744554087999801134e-02
6.318044281765835581e-03
4.610561179917885657e-05
3.883420256197554928e-05
2.050226772096937211e-02
8.146836051954780000e-01
7.227908857691905942e-02
2.163276647096103525e-02
4.027821290292279803e-03
6.767680671799269410e-05
4.490515905915800191e-06
6.453234460006473093e-08
7.621760692742664036e-07
5.634190527971029601e-03
1.472264038190150282e-01
1.708233011215852248e-01
9.644863106891858884e-01
2.329332703811337266e-03
2.080493148407778042e-05
3.807430274293276996e-03
4.601560943120420327e-02
1.309052392882848652e-03
2.084678587553463053e-02
3.107608884084590795e+00
1.113300414385542426e-02
6.212461395559039266e-06
2.121371212686998670e-06
8.973547227236362890e-06
6.858758405815078708e-06
2.554718752746888369e-07
9.787326021932621529e-07
3.171091670473286279e-03
8.431864746190117499e-01
9.108810652009049491e-01
3.139415580035172931e-02
9.633683094521537307e-06
1.126184192066735558e-06
6.613502493626528811e-03
7.975697330733793056e-01
1.218869482872463744e-02
1.195391206220913251e-02
8.469274054858060286e-01
9.866994553835486612e-03
2.652191806516933535e-06
6.209287642733327727e-07
1.296541795999647075e-05
4.782240617466886751e-05
8.247853710997739014e-06
4.348390020359997005e-06
1.150844457041290706e-03
7.917786135408036441e-02
4.727418562127577717e-03
1.207163278511050772e-05
8.868894035124068914e-07
1.930142041563625839e-04
1.124174118293334024e-01
1.486350916858077686e-01
4.077143136281109748e-02
6.475512898553315022e-02
4.946959768037390709e-02
9.748733173896526613e-04
1.274102901162074297e-05
1.025076607902612975e-05
1.024795683998956923e-04
7.642543476373518663e-03
2.797145433166846329e-02
4.254149694081041377e-03
2.625605240129068318e-02
2.848263539901137436e-03
6.992828886901087578e-07
5.379973025454779885e-09
7.074325460577581180e-07
2.217975048024651077e-02
6.610368131436302752e-01
9.177147859088770343e-02
7.879671710871101187e-01
9.655428426693773991e-01
2.660610857127951832e-03
1.739401833871777493e-05
8.624923041475129833e-06
4.859479803389256532e-05
3.121230676408592560e-04
3.270314520279446469e-02
7.922359402757748192e-01
1.560212700817480147e-01
8.142274925503536487e-01
2.861061338250603381e-02
2.059905287430621998e-06
3.091365537380714135e-08
1.925521154394230038e-05
8.382202622001243275e-02
1.885498111428302592e-01
4.962557533542091837e-02
1.069632229030412079e-01
7.087263545370417993e-03
2.802152162298123347e-05
2.961102748913754713e-06
1.219010282286666616e-05
9.015755809907073941e-05
3.359971322171640177e-04
9.205413946347903650e-03
1.376066366428619903e-01
4.774350818813433844e-03
7.012910054979908450e-03
3.856908745117274689e-02
3.692929519785092315e-03
1.372016162256133054e-04
5.124530316304396274e-03
7.970049162987441482e-01
1.039238718607575107e+00
8.113955810521732426e-01
1.775547641111291028e-02
1.255710837210704961e-05
6.099362081251083842e-07
3.747587877913528724e-06
4.087995646274414276e-05
1.337746255703836044e-04
2.520704909099343027e-04
1.681642003484116674e-02
8.190506798515575504e-01
5.214973074036693967e-02
2.733457938628324705e-03
3.601156092341754877e-02
8.829680074955164049e-01
5.314204863448632188e-02
3.558264642547721152e-02
8.124371336916762221e-02
1.699097843658955651e-02
3.526819063769714990e-02
2.279897886999397456e-03
5.248590915326326431e-06
1.529502367408615617e-06
2.117051500522787485e-05
1.283955668040611309e-04
1.744288735749379099e-04
2.106704187269152701e-04
2.054710842544224612e-04
6.241553882876808845e-02
4.036153048884160377e+00
8.349789435102646928e-01
2.049447973387031330e-01
1.818947175765998736e+00
1.174390504435940397e+00
8.466253193226149776e-01
1.852654573157575327e-02
1.026596180621798837e-05
2.689162504874318371e-06
1.275399038331943872e-05
1.216705431847478106e-05
3.126755677810498209e-05
1.787954326715422151e-04
3.443322240638817971e-04
2.718570855297613564e-04
2.735093657978899303e-04
