8.807913520848989486e-03
2.002334498573753674e+00
1.033014753428076915e+00
2.496150991868117952e-03
2.991435903608239799e-05
2.482424984664604562e-05
1.053700390585667946e-04
2.518882001621385166e-04
2.389163499041164920e-04
1.117191809058562052e-04
4.493996724432029386e-05
2.722412759971384104e-05
3.114519335045144759e-05
6.292980078000073353e-05
1.351459511310713988e-04
1.905150255298499503e-04
2.066372956358859369e-04
2.838589602581013927e-04
1.049015945260277751e-03
9.342224218531426372e-01
9.274519507074375779e-01
5.477227429662508574e-04
1.113337696497974424e-06
1.082307087966431535e-06
8.120554685861317801e-06
1.317506946878529109e-05
9.627248483206952729e-06
1.009294660698741875e-05
2.754088194829546222e-05
5.779362473106946867e-05
2.805696957192763480e-05
1.684836117088696196e-05
3.833678290661625280e-05
9.732923514943876914e-05
1.385265827473455857e-04
2.030404008711437147e-04
6.789323927328256821e-04
1.306140728945948681e-01
6.118732503492684688e-02
7.913490891670216145e-05
5.539473019477009705e-07
3.053334573014384741e-06
1.127642629098427475e-05
1.193181498183703952e-06
4.252764113416798142e-07
3.360150796399744763e-06
5.414728984588050575e-04
1.837316746112071728e-02
1.389877932210266962e-03
2.438777711948947175e-05
1.481112526708206968e-05
5.546025257586522587e-05
1.262420719210950986e-04
2.190265695037840971e-04
2.511033669255968021e-02
8.312625635456702966e-01
9.592247791839929594e-01
4.349128722068856812e-02
2.666802613290249115e-03
2.072178125048110969e-02
3.224799763629816480e-03
1.259260736649408467e-05
5.606947975180028082e-06
6.368410208721966815e-05
1.384519517646934199e-02
9.349345390517969090e-01
1.773021360416557335e-02
2.357012411668952769e-05
4.161439455057535726e-06
1.936118466773981275e-05
8.604432688714801084e-05
2.451606138492950886e-04
1.294911440855641208e-03
7.183280402808095259e-03
1.868031025932868072e-01
6.876006936287996085e-01
2.265174180096828360e-01
8.025441912210855566e-01
4.227938664878840014e-02
2.343202759222799171e-03
2.184014175961581164e-02
1.073711711758622289e-02
5.207278301146333645e-03
1.142249527081824409e-02
2.674497617022678357e-04
2.428338531124832556e-06
1.398020133717179488e-06
7.081975390895354487e-06
3.815730924507622970e-05
1.957717893462521998e-04
1.573685343461778550e-05
5.389870366091643709e-04
5.837834992500116893e-02
4.295940162429553316e-02
4.138315786251206552e-03
4.033079783087838675e-03
1.990810363599107829e-03
6.433435243758148236e-02
1.835667393714012219e+00
1.543841252050112689e-02
3.008843971819807873e-04
7.863114511385448568e-05
3.460065364727245393e-06
2.404047631732037497e-06
2.908521787014735539e-05
4.612434123923000930e-05
3.003805916095213417e-05
1.048454547106781036e-04
3.597409507605673295e-05
2.713656604374021369e-02
8.023213084727297550e-01
5.787414128099920008e-02
3.115377848821216517e-02
2.320922691741680519e-02
1.259762078216792626e-02
1.018587454982456730e+00
1.110045981394667924e+00
5.359241855194545219e-03
4.627126173194376010e-03
3.623382540066649032e-03
6.337144181417231077e-05
3.056419777647513764e-04
2.924674173780317243e-02
3.130952083148064603e-03
3.142694087533512849e-05
3.129838095433806630e-05
2.650522323169917914e-05
5.614609676465461344e-03
3.616909619583848212e-02
2.419140166770199565e-02
8.524987712553668828e-01
9.232478506585936051e-01
1.046501417781562776e-01
7.719449615501262629e-01
8.511456469660527713e-01
2.879227801258102404e-01
1.749061934509198002e+00
1.091273782860611608e+00
5.852212538466772772e-03
8.908944683949929916e-03
8.728332548582229400e-01
1.242955504907470449e-02
7.103578026390971528e-06
4.697920325477746366e-06
4.317378564472193879e-06
9.536153629218633481e-04
7.766431574494428447e-02
1.343490484503060967e-01
8.136364306713528283e-02
1.133361198310766683e-02
1.930230358043698649e-02
1.675605497551324874e-01
3.006836699029846183e-01
4.521744491396664789e-01
4.295518322859027127e-01
7.463340496402983693e-01
2.108854639536872008e-02
1.100844273606105261e-02
1.150724745078411937e+00
1.214227984292092291e-02
1.931216067770932309e-06
1.170641699168487587e-06
1.470682559653108304e-07
2.962320352937704618e-04
7.452729315788306774e-01
7.440994470875772482e-01
3.333260283235247971e-03
1.341285631193477696e-04
2.066344332756820876e-02
6.809942039762166832e-01
7.926615818189919338e-02
1.422856237939247245e-02
2.231497706680420079e-02
1.108246704544664230e+00
6.356036880515375520e-02
5.669704201000427476e-03
7.602130839655271144e-01
1.407528244417175813e-02
1.413321406966712162e-06
7.257867071329535292e-07
4.506785208995235403e-08
4.222303856839075011e-04
4.703892782080792423e-01
1.928417556171628522e-01
3.931772398943821599e-03
1.719201348338169841e-04
3.771252799622881041e-03
5.033813780641060304e-02
3.274420834017246346e-02
5.036634205944006543e-02
9.364152184226456899e-02
1.580085484452226074e+00
2.990419281714825142e-02
1.325640655785688881e-03
1.840391066021369593e-01
6.211059958372375060e-03
1.106902836528064330e-06
7.685486827992821199e-07
9.313050858635300194e-06
1.109059520804671628e-01
1.014795038176727537e+01
2.177372364699729612e+00
7.549713401438273852e-01
1.021433564977596437e-01
7.049069899067134104e-02
4.218412156186721745e-02
1.002590349302415890e-01
5.776603688237700318e-01
1.063207952408558865e-01
3.484149419035317274e-01
7.035928657676311648e-02
1.535986382173755264e-02
8.281537528918896385e-01
2.638222163392688405e-02
8.145704109731820557e-06
3.644707700061867285e-06
8.266678847453559761e-04
9.039858197093455505e-01
2.177183980933384433e+01
2.979151972832648099e+00
9.840985874779047959e-01
1.091260339088660380e+00
1.755674513043920859e+00
8.116359088064577509e-01
1.086943451989416776e+00
1.293680232705436861e+00
8.836512479744776383e-02
6.208458459676633456e-01
8.635612632487907891e-01
2.610015935175073049e-02
2.741653660761537992e-02
3.021612516446111913e-03
3.303043758971449138e-05
3.008891335470817034e-05
7.989747189807254988e-05
3.729425761358969721e-02
1.544161635134493871e+01
1.890901953147686942e+00
4.682326419252078042e-02
5.201755406773574120e-02
9.888987537497638536e-02
2.991121139228673509e-01
9.245037288525240760e-01
5.846527782733413892e-01
3.574231318836020715e-02
7.991921271553646677e-02
2.411786832265517544e-01
1.098704242366020959e-03
6.269706730949318886e-06
1.977735123497268655e-06
5.893426886776915235e-06
7.674817308746309508e-05
6.209035858728711471e-08
1.508735390407992373e-05
3.043708650929392023e-01
1.138357228746897487e+00
1.864976017931863905e-01
5.038621851194698964e-01
3.580511009175986747e-01
4.761531012088770498e-01
2.069350286729226829e-01
2.239958199192453037e-01
1.346539018648967301e-01
8.381996559634732891e-02
7.288136773252458234e-01
1.140895734028782131e-02
1.742967830050901663e-06
7.406707488436883727e-08
1.317268778967405120e-06
7.620004594741490857e-05
6.927287048998172549e-08
1.111707217661010906e-05
4.438176927047484538e-02
4.446618748142672772e-01
1.246220286930457499e+00
1.064949434768961645e+00
2.883797686730750140e-02
2.033793434511819292e-02
6.019994499004654998e-02
9.515793141739060657e-01
1.482773335610235721e+00
5.165797884415040259e-02
4.721624792529941633e-02
1.397197680005101209e-02
8.206479747308145951e-05
2.138180586600909109e-06
3.260371939963492471e-06
5.697481948917191576e-05
5.246729837056370694e-05
1.474031433470000471e-02
7.723043198100103535e-01
6.766221268254332122e-01
6.741780693430223792e-01
3.139229295162220077e-03
1.226201837761712167e-06
9.673270209811154352e-06
9.334994074406306741e-03
8.495029238334457222e-01
1.667493196518932796e+00
4.784723605429348769e-02
1.393702050485548603e-03
3.292290152695162737e-03
3.529648790004587255e-02
2.860001310881920937e-03
4.341358930259029986e-05
4.274180139067555685e-05
1.215633378492265965e-04
4.197941478604456586e-03
1.008117793521980804e-01
6.328095418889908563e-01
8.995975859748955861e-02
5.917464725063270328e-06
1.753888699962041290e-08
1.533627808678054885e-05
1.262864291750936258e-02
7.054536230014443743e-02
1.422654045896218467e+00
1.799719841830076161e+00
1.533079742547214901e-02
1.885533214239829003e-02
8.562126850833263747e-01
2.474610248587687591e-02
4.057081052668939149e-05
2.015618277643409890e-05
5.435118958374430122e-05
4.030819890619634458e-05
2.959366934200864945e-04
8.720128230910224876e-02
1.122168411357244017e-01
2.552349208510524433e-05
1.434600869434294409e-05
1.060260100576815578e-01
8.083404164744624198e-01
1.375143989857512128e-01
5.326316234274512951e-01
1.040695778686222400e-01
8.047286033677335942e-03
7.697838083591801439e-02
6.573139940308980744e-02
8.265815587128284771e-05
1.075829229422882021e-06
8.278685257002911489e-06
3.677514835902215718e-03
2.147529953630832739e-03
2.257725542224283462e-04
8.775147452188681099e-03
7.813991445011767567e-01
3.787887620829277074e-02
2.135400362936729080e-02
7.389328101686175598e-01
2.858017517484158776e-01
8.159369177022838260e-01
1.472620599427992838e+00
6.373714337172537228e-03
6.466984813252468246e-03
8.387675160554067810e-01
1.626727231838250021e-02
2.194170938716091316e-06
3.010914378041116997e-07
1.485896129391321549e-05
1.200589399182935488e-02
9.166815334362372614e-01
6.536971579347715389e-02
3.469785460911210644e-03
1.386110890826912356e-01
1.914083938624342229e+00
1.802824056794700702e-01
1.197626091414161209e-03
2.437949994461962314e-05
2.567138965406078489e-03
4.068553435898250581e-01
3.446118473998027038e-02
1.394101548859945534e-02
5.033430616062985197e-02
6.440985566589847071e-04
2.337585027424349818e-06
2.857685833059391766e-06
8.541801525504137183e-05
1.461667596467773458e-05
7.583440824280245074e-02
8.911007169085601864e-01
3.784477591500213026e-03
5.084489643550137855e-03
1.949603151126953149e+00
9.012742689000721175e-01
2.890390543426449082e-04
1.478103154659571096e-06
2.198724389466499948e-04
8.178813651812324448e-01
1.897810089310221437e+00
8.959258827196862549e-03
4.391708097936252478e-05
2.682585868453713974e-06
2.873743920271212944e-06
2.682710166162630735e-05
2.723845791840498682e-04
1.573452642699421097e-07
3.089151423007954885e-04
2.099057713169252826e-02
3.896148323446074497e-04
1.772993148906038376e-04
2.832383269703866308e-02
3.587917558270674323e-02
1.712275261750083007e-04
1.099734612553032824e-05
3.348722505310175370e-04
5.065285883440862752e-02
4.422066061264388198e-02
1.631592778951642786e-04
1.327236591899157489e-06
1.056646719607046634e-06
1.073926523783467286e-05
8.866643176398140080e-05
3.183334555491964179e-04
1.538109432650534066e-05
1.911638866849624209e-03
1.543599392821059200e-03
3.383390266102920144e-05
1.068029939423695019e-04
3.860795265311787062e-03
5.520461436635729470e-04
7.072547426752053798e-06
1.928467139261419098e-06
2.556459722394605764e-06
1.593249205052608082e-06
6.464404534876999311e-07
5.443156733914180742e-07
1.957924486629227761e-06
1.679070134839729344e-05
8.515433640361415790e-05
1.732283183729337451e-04
2.832908373495733666e-04
1.968582279614166861e-02
9.560146208908915089e-01
1.736184214916289270e-02
2.744099578692001172e-04
1.481709539787529062e-02
9.553452260629907711e-01
1.495778533450428313e-02
2.669089005745636393e-05
2.455372534874692732e-06
6.376192179722009976e-07
7.579129227854976979e-08
5.763146493661584398e-08
9.046875091448237875e-07
3.170740377226675396e-05
2.543910679585974872e-04
3.832900624612932969e-04
3.185259943489793526e-04
3.680889270158518075e-04
