2.553938077128667367e-05
4.212405246039315832e-05
2.409421700043782487e-05
1.626097942596840180e-05
3.113342097759672382e-05
3.052885740527205556e-05
3.477636845434909167e-06
2.991863267477215977e-07
9.795295820775234757e-07
4.012157857676777853e-05
1.187158165283990982e-04
3.354212582085571283e-05
2.665516659903435380e-05
6.107315866352867526e-05
1.016346468998544403e-04
9.891116875497821465e-05
9.649619938077239598e-05
1.407286634321978350e-04
1.063888856787344661e-03
1.691717781094460166e-02
1.435824180744109824e-03
3.041692944316921630e-05
1.240725606554505296e-05
1.498235095781323441e-05
3.160379190670138117e-06
6.735453816937328674e-07
2.208518531324105317e-05
8.145536999192477118e-03
5.380788047500147976e-03
3.380908630970627703e-05
3.483119647060845302e-06
8.892954998085652652e-06
2.643791444179510722e-05
3.790366639951881861e-05
5.067581989365532681e-05
9.835393150331724174e-05
1.711249258134478479e-02
9.386465879738372653e-01
1.448606354928656109e-02
1.770421328120432811e-05
2.821935882143234509e-06
2.832084989811095403e-05
4.601666448043888907e-04
2.846080898135322154e-03
6.441938565773204506e-02
9.191855041241494551e-01
1.374128502818962490e-02
8.271582853165465433e-06
7.116092825058771865e-07
3.395712187459732853e-06
1.072889970580660066e-05
1.364849155669294509e-05
2.457829610959552682e-05
7.280969033562168869e-05
6.489951029970520520e-04
1.280798104503055174e-02
2.632790684035243791e-04
3.371760022621740698e-07
7.653287412479699777e-08
8.997263144765016814e-06
1.167935138454847914e-02
9.583270657039012486e-01
9.669163227877172195e-01
2.889762733085466523e-02
4.720306402251834069e-05
1.209584691119659371e-06
1.562203122779423270e-05
3.004075556306344780e-04
1.034182257030646142e-04
1.293234632042651850e-05
1.380544596098795197e-05
5.886544906244548599e-05
8.254693214258498448e-06
3.230853525938375101e-04
7.126344910706457843e-05
1.012690865885502416e-07
5.358364937955416089e-09
1.068223691667656371e-07
2.759738688461183784e-05
2.984999778220020009e-03
1.542858728345469776e-02
4.543654849137452570e-04
1.318771167404798416e-06
7.950602137056573515e-06
3.822287310286996004e-02
9.929959895696843786e-01
6.597948991093369013e-03
2.335574521759198357e-05
8.136414432695931144e-06
4.602896305552717850e-05
3.526070907541734774e-06
6.244437271363613255e-03
3.863674992456305607e-02
1.027048715199598353e-04
1.444935986391185879e-06
9.842651705677098708e-08
1.700493384224146142e-08
9.996846568697814637e-07
7.575619242947575702e-03
3.851529473391156200e-02
9.010424002749617325e-05
7.213595379786473917e-04
9.021375338947962286e-01
9.795259740311743624e-01
2.942259341952459858e-03
1.284573159705869584e-05
3.699823504820266975e-06
2.624017158835874873e-05
2.640402993892864957e-06
2.693110195588784700e-02
7.644032472112931575e-01
7.329794083584213749e-02
4.368047713280022448e-02
3.019967389884322014e-04
2.919408395016164898e-07
1.493288190702806211e-06
4.698508428697805578e-02
1.793271285329707254e+00
1.703034642714999769e-02
8.121429303609369044e-02
1.006848464393635401e-01
1.101302623282223543e-03
3.016351243881569143e-04
6.662672910934978128e-05
7.175449178712007673e-06
1.553398334101572969e-05
4.277810312289953005e-06
1.983328326636554784e-02
2.538701533285107059e-01
9.559604217969600026e-02
6.312628271863174323e-01
1.061690651755978210e-01
2.840420308818878640e-03
7.147799887973901260e-04
3.548495295992944165e-02
9.742335190472615203e-01
3.995270550754539407e-01
1.535835023278801614e+00
3.765519039537061630e-02
6.624520566214150280e-04
2.905366264173938826e-02
1.461919841649147837e-02
3.359476910663859609e-05
6.903909557867235450e-06
6.796549324772529463e-06
1.313410856210386023e-02
4.845200570933638762e-01
2.118396980049865319e-01
1.577345786372498782e-01
2.057882558438916265e-01
7.387609759086660732e-01
3.948908529558043529e-02
1.595365708775202049e-02
9.508504939793236410e-01
7.719796587117283559e-01
2.466110360242385890e-01
6.594489077424678380e-02
6.006189152750945198e-02
7.975241483822629318e-01
8.020576035925684050e-03
1.637292988601802038e-06
4.494335634504199631e-07
1.709530463937461729e-06
1.211209460756464650e-03
5.609646050104005743e-01
1.724704475574319718e+00
8.092321963801343276e-01
7.981125532659050226e-01
1.239166621539829150e+00
2.250156830174882688e-02
1.439343450807591390e-03
1.771086228710043800e-02
8.920159289514506540e-03
2.820570987470892230e-02
8.288675501240575505e-01
9.542441020344404334e-01
2.447730515006172058e-01
3.469586563896332604e-04
1.148838380175930128e-07
7.489115457333119913e-08
2.000669127275073623e-06
1.930568687847025559e-03
2.455833208891379904e+00
3.336512964565820916e+00
1.998087514637074236e+00
2.529452788289479948e+00
4.995687023404811189e-01
3.143834936487497483e-02
3.481030582041058554e-03
3.046920163774134716e-03
1.939397393678328040e-03
1.059066008388060975e-01
9.206777226939004688e-01
1.583877882546100291e-01
6.863727758503911369e-01
7.425757909473823526e-02
6.430861142662911605e-05
2.775320149830920750e-06
2.205272106922743754e-05
3.090998079551753389e-02
3.337704669720818629e+01
1.074935663522321683e+01
2.210166844930725905e+00
1.960575912305688950e+00
9.789455288570926283e-01
1.721578697131107116e+00
1.156387552736065638e+00
8.550879411671059582e-01
2.012314907319387447e-01
6.788237910301245792e-01
1.258072055666311084e-01
3.089017985838302116e-02
1.137559436609918651e+00
9.069085080731048576e-01
9.120453223084894895e-03
2.251854238798496838e-04
1.421821957312645801e-03
9.514701106951213294e-01
9.991035243964208235e+01
2.772478834432522987e+01
6.408755067202605460e+00
2.402407794971762822e+00
1.799262065407813527e+00
2.351103258956087405e+00
7.679049912601818573e-01
1.203921332480343276e+00
5.219218372909331105e-01
7.348361270683294588e-01
3.779434697776365981e-01
5.981676861855276250e-01
1.302520110053692060e-01
5.279921657783577527e-04
9.141722472327566890e-05
1.779222917912567470e-04
4.144915772233176594e-03
1.016357921765935979e+00
1.595415932434472417e+01
6.464041845883317094e+00
3.413783787540120240e+00
1.641881156400566200e+00
4.148781634512829775e-01
6.733659379248531363e-02
2.390311146854439198e-02
5.277319773899872418e-02
2.346896170400040171e-01
6.676209565867459172e-01
5.222288416543850037e-02
2.109218093176495196e-02
4.542729909799620206e-04
5.272655415664242268e-07
7.792956427121550907e-07
3.826232555463730562e-05
7.077159391647546555e-05
6.660737679786247166e-03
1.014231944411035036e+00
2.706080421508808787e+00
4.067513128534948619e-01
3.755595460244257611e-01
4.761577040866583066e-01
3.174427864474269612e-01
6.045739169867557772e-01
1.570779169492032001e-01
6.146029438110029997e-01
1.349999202738144000e+00
6.192832516404840441e-04
3.318464882819146457e-06
1.049176767228254363e-06
3.017483576777303124e-07
2.276990433078765903e-06
6.519475444023497494e-05
2.230509211092097604e-06
1.527294806604101291e-05
1.066952480383758124e-02
2.085451516567095709e+00
2.760523634457463515e+00
9.167718785324757702e-01
6.590811469491149321e-02
4.258436074053037479e-02
1.941899908279820064e+00
2.953014448437429329e-01
1.122903037178854951e-01
7.357946844779018614e-01
7.704683328158482957e-04
4.284083721148076728e-07
3.731727728518550488e-07
4.481286583616650905e-06
4.415339806129820670e-05
2.119915749329814825e-04
2.656505168388795750e-06
3.470166865650573092e-07
3.458280438652414815e-06
1.113546651793528635e-03
6.456097164726087856e-02
7.762905728677641295e-03
3.284229693241251784e-06
1.931202342748088124e-06
6.062117435638590679e-02
6.275814000861015263e-01
2.142146488050111069e-02
1.506387692860287342e-01
4.044503893625812745e-03
1.558619186666555348e-06
6.501123428007917393e-07
1.958005151217086373e-05
1.594048923684085039e-04
2.913936809144084417e-04
2.682078434668469199e-05
8.090400117646808942e-07
6.310099123421755114e-08
1.494802785000454654e-07
2.075209570835403437e-06
4.547869309614285506e-07
1.032814224078650434e-09
1.181808492516036190e-08
1.265419001828578353e-02
2.203071185842615520e+00
9.157362739325007606e-02
8.444014450809156358e-01
3.121809564804616660e-02
2.197809307162507015e-06
3.149211757057383665e-07
1.376644872015578433e-05
1.349090945264912406e-04
2.171660383178941058e-04
1.697691245138332518e-04
2.111358786371349088e-05
1.295870839237165356e-06
2.234721710909929006e-07
2.170561666562182104e-07
7.554452487516991233e-08
4.605697978961984310e-09
1.544537952345951041e-07
1.200799944303643577e-02
7.233326961619486184e-01
8.452149154318384927e-02
9.378373857016535364e-01
3.200764089857297684e-02
2.664836515358544271e-06
3.314165099773191890e-07
1.072409788389033200e-05
8.909928431873482407e-05
1.454711035818153427e-04
2.120734108756506826e-04
1.183660491649606071e-04
5.192476103230173149e-05
2.532980764448888235e-05
1.787184203944938260e-05
5.097180429397709213e-06
4.576919001123353898e-07
2.956181076440898150e-06
7.867469843770812099e-03
1.767156985494327259e-01
7.134921136111391053e-03
3.331421053026655324e-03
3.160947933123291306e-04
2.517560804859037473e-06
1.710722828654483509e-06
2.048466217569147561e-05
7.281311871108848087e-05
1.025754092353351669e-04
1.059163925280667931e-04
8.456221165024102875e-05
1.043072640052030369e-04
1.590109737215138848e-04
1.889689660154602756e-04
6.048239070691882537e-05
5.837094851918711039e-06
1.665945279114664583e-05
1.703355312270762520e-02
8.478770993577621207e-01
1.075290826167457463e-02
8.166202157831628744e-05
1.083642284473633462e-05
5.646990475497213171e-06
1.464002421432182379e-05
4.955280206858693752e-05
6.852501791428345865e-05
8.182329784384925352e-05
5.909183048064868093e-05
3.590593830667667622e-05
4.245637205772805230e-05
7.593111556299454625e-05
1.135549304258659411e-04
6.116110860045986212e-05
1.200833274624665585e-05
1.694840548781457413e-05
1.618008493235791176e-03
4.245577763415855910e-02
2.164835461999980309e-03
2.978429143984938387e-05
9.910272616681650175e-06
2.170659869486259502e-05
5.252671375703412652e-05
6.973363379778003751e-05
6.137955850474095939e-05
7.399979099906158701e-05
5.601215488166500026e-05
2.738008729111726872e-05
2.427574275524818629e-05
3.371810092932292816e-05
4.816058127125654392e-05
4.128616333025065497e-05
1.502508239042864632e-05
5.425977876550221608e-06
7.668204119661392893e-06
1.602532419201051358e-05
1.061642885810493720e-05
7.749331080664455579e-06
1.702894115456085749e-05
4.341430051006201288e-05
6.322536786896160285e-05
5.713287835695523171e-05
5.016928727749996584e-05
7.041761893850876242e-05
8.401731720811561491e-05
4.546182294606663593e-05
3.692500145783031949e-05
4.014180959192945318e-05
4.846048987457130756e-05
5.321220936759797729e-05
3.618023806072707195e-05
1.155121641966477178e-05
2.871829477493616354e-06
1.500504980173993414e-06
2.702399217098585077e-06
1.097270673813004209e-05
3.789209644208962766e-05
6.406962317395028107e-05
6.305658809619675510e-05
5.078877363147310135e-05
4.815123011062548051e-05
7.482865004113568809e-05
1.588494611061398666e-04
1.133425830972441950e-04
1.013497014791696815e-04
9.825191439752326721e-05
1.007316932237285512e-04
1.158573453884172334e-04
1.271363718449417706e-04
9.157462377578101545e-05
4.303293385031372562e-05
2.567657922058204329e-05
3.406211825697853704e-05
7.191186089336451342e-05
1.190722072731347598e-04
1.251892202752013692e-04
1.018424148961141604e-04
7.854855253176656340e-05
7.407228563510899477e-05
1.085118334432062190e-04
