2.832511730870458463e-06
4.315370049806622376e-07
3.412124626647453439e-06
1.958422994413269638e-03
2.505742139669008689e-02
5.170324088469382441e-04
4.794583704391084137e-04
2.037695208030924562e-02
2.441507412861818396e-03
1.907972296673392200e-05
8.875460621361613787e-06
2.968864148884745177e-05
2.705945844196232280e-05
8.899928756881091965e-06
3.797751443267955084e-06
4.438410602704904906e-06
1.750726547184417407e-05
1.291194095359738943e-04
2.130890811533203027e-05
7.849679889710764607e-06
2.510466258208557443e-05
1.509020154943627699e-02
9.051735111996143113e-01
3.217567709364137912e-02
2.299267407051336365e-02
9.146552390886111272e-01
2.133915423087334381e-02
1.510451507307756949e-05
1.689429256667876912e-06
3.203199898524397611e-06
5.023827476197837472e-06
9.420625571924490477e-06
1.142757994100766443e-05
3.556340293747353784e-06
2.691830602846583646e-06
2.236640210120026967e-05
7.491350572081837550e-03
3.502789882319699843e-02
5.518682976748718813e-03
3.446752947205986364e-03
8.667688441790867560e-03
1.314896407050716127e-03
6.168794197691969145e-04
1.158299113172295974e-02
2.395877705877345540e-03
2.673875044207141009e-05
1.947103702693317266e-06
8.959463348117250291e-07
8.505464113666251421e-06
1.303870158565215804e-03
3.019977923829019958e-02
1.030950688903780688e-03
8.869914505017153242e-06
1.034856450739180314e-05
8.402116077442735656e-03
8.342508923842223423e-01
1.013807956638862251e+00
5.912910629482435315e-02
1.207694883576306867e-02
2.990649726967892306e-03
5.782976079362521981e-04
7.879492008842019224e-03
2.123237664008882988e-02
3.484681327236438791e-03
3.112632425896298260e-05
1.074657043803804816e-06
3.215158307784433950e-05
1.731901884472036163e-02
9.020543180285814922e-01
2.701799538500680720e-02
4.454177207623714391e-05
1.417336332842255558e-05
1.193544690444949636e-03
1.878773318039952678e-01
1.102818414109979273e+00
6.306934930381399296e-01
1.364522238820282451e+00
1.603914704091536025e+00
2.789262034668181234e-01
1.876990100062450040e+00
3.018864514515080089e+00
9.514302565817676083e-01
2.779559683660276417e-03
5.358607368816299834e-05
1.773043881889484804e-03
1.012833744863056440e-02
2.974330891743884320e-03
1.375654001920740882e-04
8.339393940140165084e-06
2.027611020937906822e-05
3.650713553549304186e-02
7.465630538791119264e-01
7.821392328744673772e-02
1.113983586872850998e-02
1.060622710071226077e-01
1.711859823715142781e+00
1.659870333618787219e+00
2.985048972613269846e+00
1.905084302377966887e+00
4.421495391496768512e+00
3.060581844849689093e-01
4.990333331605890238e-02
7.755652121677805155e-01
2.311995629932454555e-01
3.019777281692190263e-04
4.829083048600908234e-07
2.870625235978394784e-07
1.485216594191135481e-05
4.167761082429040885e-03
3.947152007156860126e-02
5.864444822534920637e-02
2.659097902786077341e-02
8.718318317126225528e-03
4.290802234956462430e-02
5.686874471732775715e-01
1.916216033050507583e+00
1.364332354798990510e+00
4.312357699430140023e+00
2.858360118266448868e+00
7.883439323836095580e-01
3.402133332657368836e-01
5.453690381138511789e-01
3.790088293284936752e-03
1.754598798914649029e-07
2.859745554132709403e-08
7.125194376049369227e-06
5.912505025086762909e-07
7.741203802088785697e-06
3.246248029163030513e-02
2.693377016421191872e+00
1.380535977855416874e-01
3.641196797763677356e-02
2.365153387649149286e-01
1.185750966514840465e+00
2.442245343746162423e+00
4.745254196636959243e+00
5.300083128742483218e+00
1.922365253135611018e+00
3.961428781857146558e-02
3.130834894249480138e-01
1.399770711761639808e-01
2.527975477013259520e-06
3.359128625985348688e-08
5.129014087978055712e-06
8.797514515224381120e-09
8.301321391777803435e-08
2.614550715719546770e-03
1.217457164394726288e+00
9.916390833073258637e-01
7.140017146696304717e-01
2.368102237088021977e-01
2.190020397902001370e-01
1.289468222668361586e+00
3.543799626090292421e+00
4.339234625437077497e+00
6.560242417364864131e+00
2.198626584515097071e-01
5.173956602371021507e-01
8.043235663876299180e-01
7.672831440349512895e-05
2.208906839840806586e-07
5.250221122129853015e-06
1.463637865952168664e-09
1.875877067157278098e-08
1.074663751130660282e-03
8.133594154913400542e-01
2.153771109685297169e+00
2.992542804774727561e+00
9.589176196259351359e-01
6.632544159453855892e-01
9.379000205582048721e-01
1.095503205173929739e+00
1.039606321791198384e+00
1.972532795861369426e+00
3.150322631378046911e-01
1.239025304175873782e-01
3.933437606006491838e-01
2.150249327202858468e-03
2.904710842186543395e-06
4.468992601789929860e-06
2.573087842295805317e-11
2.520307338943393085e-09
7.739804028210736566e-04
1.958326075198653982e+00
4.119537757118157728e+00
7.757472277527549531e-01
2.901469602075962828e-01
9.005484502812931280e-02
8.862093933891085698e-03
7.632219197477978223e-02
1.850681868164538946e+00
2.365832671293932599e+00
1.098350777277662838e+00
3.895494798787403345e-01
1.359269095380453596e+00
2.899066155160685138e-02
5.897632951699390732e-06
1.082257760983457641e-06
6.463883505725700458e-11
3.094177632388933518e-06
1.642330426765724605e-01
2.995531526334276773e+00
5.798193093679175014e+00
1.359944177448663583e+00
5.729763182442298985e-01
9.408359213500080975e-02
8.319399615757418470e-04
5.146524629618449802e-03
7.168436595638393305e-01
1.945395317196399354e+00
2.852468333675465928e+00
5.961146010129906303e-01
5.382574374297268704e-01
8.943736515443801230e-03
8.077370238600060569e-07
1.255294873786309322e-07
9.478683863357674190e-09
9.107428977121286018e-02
1.785782113241385787e+02
5.229988333909667553e+00
5.028450531388574340e+00
2.716189923715021326e+00
1.402822320074761597e+00
1.749942705398988885e+00
5.959429575990533856e-02
2.507043468363517533e-02
4.519298342766822074e-01
1.976316758478239732e+00
5.065932292893947420e+00
4.919043473550979706e-01
5.156444620249992505e-01
3.303228387136451782e-02
2.320210687329656487e-06
1.339490258347532611e-07
1.521069704521509093e-08
8.232774124965170151e-03
9.947769165038080175e+00
2.420658699368989808e+00
5.445388019133812207e+00
2.659869292409194674e+00
3.624160504032589158e-01
5.817957196151016808e-01
5.431650719199389021e-01
2.866817017789484168e-01
2.036993447075422736e+00
6.646700339027924898e+00
2.294299531450065821e+00
4.171987672008973386e-02
6.391119950095834612e-02
2.300669330499640480e-02
6.051704695980265933e-06
3.544859676087271905e-07
1.194151287146852292e-08
1.016017965743453360e-04
2.945740028635221441e-01
1.421600182936778811e+00
3.344396308620934288e+00
1.754188791901899025e+00
5.279571105139458514e-02
3.599109521193527561e-02
8.174421924326447098e-01
6.324206225079153088e-01
1.045960158609529511e+00
9.977659102650621392e+00
1.457163463568181383e+00
8.732221737562958705e-03
1.053862963123896462e-02
3.189945804328265470e-03
3.501253157410497636e-06
7.143644525660990140e-07
5.432177355200855641e-09
6.121259208234838269e-05
5.443872101728165491e-01
2.589343369470541667e+00
1.890614727299267939e+00
7.706678487203270922e-02
5.911342151216953007e-05
3.049513596426037037e-05
7.836374131236345519e-02
2.172277240192419079e+00
1.367807167136045665e+00
5.779168387078511770e+00
1.424201556230992427e+00
1.817340505193642541e-01
8.588095373763848794e-01
2.665164350399002596e-02
1.235940437072433193e-05
2.992356254430445050e-06
2.772587017431467918e-09
1.959793563527046571e-04
1.457714397560184727e+00
2.562966386944711683e+00
8.635505611430005501e-01
2.547680254089202453e-03
4.910571283817602529e-07
2.820386784796827239e-07
1.194383477089750551e-03
7.700503995727153717e-01
3.558224733868303513e+00
4.233012931199270135e+00
7.090949819893958006e-01
8.161661198057972300e-01
1.042633589065282029e+00
1.916396603284253831e-03
3.607458820905530200e-06
6.755369931159580188e-06
6.129429248466314858e-06
1.432804442697891145e-01
3.453124720792856817e+00
3.654269447854995856e-01
2.124993205038291644e-01
8.005762748877412807e-03
5.193161552828225429e-04
1.545704564394578123e-03
5.777505300924205139e-02
1.257892910611127402e+00
5.439396098258043821e+00
2.818667626972051199e+00
1.460516991429962053e-01
1.656405929254856635e-01
1.033559984186400126e-02
2.325761857933550853e-06
1.168652234129885518e-07
6.263159108645668568e-06
7.092329425130576223e-03
8.368408607086813555e-01
2.140410574947868572e-01
1.698204293836198531e-01
4.204893134604061333e-01
1.442338736523448850e-01
1.021146490212937907e+00
1.831933537303485737e+00
2.055146080457578073e+00
3.440569721461653963e+00
2.874315607452841981e+00
8.571756182208523089e-01
1.763868181251016520e-01
1.748351951550173311e+00
2.848297934880431037e-02
6.479941006624061990e-07
5.449296897123854334e-08
8.228060848183340605e-06
4.692044322559405650e-03
8.467076047520008530e-02
7.489690300530169043e-02
6.256313902484141876e-01
4.553240514662688088e-01
9.392057268633159650e-02
1.658629701091934638e+00
1.472849634003827735e+00
4.770629294196631953e+00
6.816453780899342618e+00
6.661455905431967750e-02
2.216187146222074484e-03
8.424483470379806258e-03
1.009256239439765279e+00
2.564145388157111627e-02
1.149505151228045106e-06
1.427751266039488514e-07
1.414529963788307946e-05
9.508078362970751214e-04
9.333373352155410752e-01
2.909968287198904768e+00
1.333022154002287296e+00
1.538414661617611534e+00
1.276315019092834735e+00
2.850890402598349471e+00
9.759163004093210914e-01
1.983478122666180843e+00
8.043244488142332893e-02
5.448001828915386429e-06
5.052413711693109542e-08
2.022418783401199226e-06
1.180931696136125605e-03
6.800923421617260153e-04
2.181150020030748500e-06
6.942269036787171564e-07
2.227542980913552043e-05
1.007197015404453977e-05
8.511136014139081274e-02
8.518557654207085106e-01
8.943749854950075462e-02
9.783658370520885716e-01
1.940924044265587955e+00
6.266760205681161378e-02
2.766851835145497322e-03
6.424648553400258378e-04
3.420479697095926534e-06
1.666736143086210602e-09
4.026668833357483271e-10
1.390810694854832189e-07
5.827316041635354589e-04
1.392258796187149754e-02
3.216251681149826804e-04
1.183160401966678837e-05
3.183555567089374098e-05
3.351901320622913471e-08
4.028431871723291954e-05
2.041936332484578856e-02
3.869027820886648122e-02
3.091003850707258610e-02
1.307611447980197832e-03
6.658113271043683403e-06
8.855550988606411693e-07
8.971597711478940018e-07
1.064580258129936684e-07
8.764704084207690466e-09
2.348357709106101273e-08
4.453546080900949222e-06
1.426620713373684055e-02
9.375984958928124113e-01
1.629468088027756500e-02
6.824980197310911339e-05
3.483841963818962222e-05
3.619333453951519970e-08
2.400230574170794093e-06
1.831925298626052231e-02
8.890732345048724117e-01
1.429489396163011530e-02
1.115313659725939757e-05
1.798521729501130486e-07
3.496349552154741333e-07
3.078464855556580196e-06
6.142118554922616444e-06
4.965072332203232127e-06
6.083236498206484284e-06
3.595064807146611350e-05
1.917415353937655014e-03
1.842211951318228555e-02
1.129646941507700571e-03
3.627648188403590553e-05
4.203826158824723147e-05
1.727769928073411468e-06
4.167520261992461760e-06
1.162316060178475528e-03
3.500477543059390961e-02
1.260191123711098355e-03
8.704583822112368691e-06
2.488963917902620003e-06
1.550687629054061867e-05
1.235398053098989634e-04
3.142146336539954825e-04
2.989502278393273496e-04
1.447109260961882500e-04
6.175983101246717568e-05
5.735956030115943655e-05
6.253244135747132589e-05
3.205001090269745935e-05
2.903110136651383628e-05
1.145713113456359975e-04
