3.272526604899646317e-04
9.824715364012026608e-01
5.938664630157673763e+00
5.349344568857761911e-02
1.336267293731350364e-03
1.135861802211209109e-04
1.126391916410683907e-03
4.801202793468811736e-02
4.562810941387403403e-03
8.867631002469271537e-05
1.904439254903206921e-06
4.944984456266482207e-08
8.693665421580310542e-08
5.502411986994448126e-06
9.853371993229860428e-05
1.450666856676225704e-04
1.893039320890470181e-04
5.210135374218633798e-04
5.477617953886460217e-04
2.119995130878905787e+00
7.032911163167431035e+00
9.653320576823164467e-01
9.495324441412973382e-01
3.810798912767954238e-02
2.729916431696421605e-02
8.061749691161311793e-01
1.018506713776832440e+00
1.033348121056620217e+00
2.053874020016315319e-02
3.089299618923189150e-06
5.189973580805319223e-08
3.513257720973112785e-06
1.516399408630493247e-04
5.822185134872380149e-05
3.957781736502398218e-05
2.393605237869417832e-04
6.145031223490923268e-03
1.828470876205427809e+00
7.563610134456671963e-01
3.878973904532949657e-01
1.707135463342762671e+00
1.022168722300324656e-01
1.146938879228660488e-02
6.724046753686331590e-02
2.332024192043598565e-01
1.689126030381133292e+00
2.035568599905708709e+00
1.919217059974415163e-02
1.682462689650804203e-04
1.970710058707610471e-03
8.212171003422282303e-03
5.094831825435648323e-05
6.172873125913968494e-06
1.036225247387573202e-04
2.138978190770866178e-02
1.166642287136935963e+00
4.086975697645411909e-01
3.718800293125911760e-01
1.569989019991200552e+00
6.625182261914024373e-01
2.155753148359068061e-01
1.716046718021015050e+00
2.045824694419297707e+00
9.980563734193258207e-02
1.958879815364217847e-01
4.706001653254830330e+00
1.264652865040263086e+00
8.444148408955624019e-01
2.912182156649687978e-02
2.974014061340375426e-06
1.709891603731475219e-07
1.691035400506801911e-05
9.965292539699655353e-03
3.637735436295478575e+00
4.932187211358797896e+00
1.215350844299945887e+00
2.812134894362498194e+00
1.028832392052514422e+00
1.738894576487426749e-02
4.454217582988364427e-02
2.039740937478771166e+00
7.041134594272775438e-01
2.553948741224965624e-01
3.810190501135113372e+00
4.019055559817962475e+00
9.712669989944712201e-01
4.925541346656040105e-03
3.074893363433785634e-07
1.531491250356907132e-08
2.462964837047072370e-06
3.567868128659650181e-04
3.832141179578504309e-01
8.537957482835794032e-01
1.946323524005191125e-02
1.190172038645438690e-02
1.224313581232233444e-03
4.320412077606823658e-07
8.038274867365960816e-08
6.106715514307089511e-04
1.182177623515256792e+00
7.407524199107025087e-01
2.140194433312545275e-01
1.080423689921441666e+00
2.960266473398534437e+00
1.233239237609571326e-01
9.763263542046658587e-05
1.033767065439687834e-06
5.420541601566420728e-06
8.047091968037634133e-04
7.385798463162418503e-01
1.135019183536376541e+00
1.155850586017670954e-03
1.179502104551057086e-05
4.859201990265033235e-07
1.715904761034254057e-09
2.221907911725160263e-09
1.160860251681941749e-04
9.617288867170447064e-01
6.176464756102351822e-02
4.672932642648253490e-03
5.926925082497298547e-01
7.312961151768440082e+00
1.541919170610823508e+00
8.981504121019413811e-02
1.201212669398060966e-03
1.133818525842647616e-04
1.059562198239186030e-04
1.110780829435941280e-01
1.893494364603985680e+00
1.726792428673992784e-03
7.524488010051897539e-07
3.149066872421868283e-08
9.235212431570915936e-09
4.569989658074126968e-07
1.082283259747039879e-02
9.515458713862451345e-01
3.003848912047271842e-03
8.874759593203382108e-04
4.918324881701169327e-01
3.588090096535049067e+00
1.685809349726364870e+00
8.143421249397275741e-01
1.191787519322826117e-02
2.248474907645423915e-04
1.029263161803573485e-07
6.436702762890871173e-05
2.065563382630749428e-02
2.689518749041451919e-04
1.776997763653539416e-06
4.056907788334538996e-06
3.517448240190070020e-06
8.477958320464204947e-06
1.425276644318692644e-03
5.274051783034998039e-03
4.540220087509916282e-04
5.729771495386085274e-03
4.928444466079364150e-01
2.277870936594367457e+00
3.424232758471547289e+00
1.235827992352068749e-01
1.617425287180947072e-04
8.861466482945731717e-06
3.553183807080160813e-07
1.610154391657654151e-04
3.283270381567288815e-02
8.125677481653013467e-04
2.685291912349105467e-04
5.812616457617920951e-02
8.503053512601756181e-03
4.251140521280883001e-05
5.295756076714863968e-05
1.286424329467991722e-04
1.721714784271656138e-03
1.235301094329850913e-01
1.845276032743730643e-01
2.371404178060192991e-01
1.236107167928712086e-01
3.286326622412570381e-04
1.211186107772342053e-06
1.404670169941053573e-06
3.555342692808416178e-04
5.431719895158633460e-02
1.772419901571323120e+00
1.017217347357132068e-01
3.811589359679382061e-02
7.282366668728410541e-01
2.765712085182016680e-02
5.651123924956247529e-04
3.121807675758459487e-03
9.460323937689007687e-03
6.437269792845448646e-02
6.359469045015007094e-01
2.215203159956016243e-01
3.444976780270820327e-01
1.952638325592456758e-01
1.918761267120155586e-03
3.319834998669429185e-05
1.487951523097382106e-05
6.270505916612059694e-03
8.661717573866168918e-01
1.346449432153169390e+01
5.594251220844789430e+00
1.292507317543991396e+00
1.739244811768137222e-01
1.963626460324079462e-02
6.519504738368465946e-02
9.187982479604701602e-01
9.337399854620428430e-01
1.251310670113488788e-01
4.212732876158413464e-02
6.299433711256220703e-02
3.326376576757342218e-01
1.965549029140713833e+00
8.386985794631355295e-01
3.611501449348062699e-03
1.978564842781911341e-05
4.319852714722164700e-04
2.083494912804200183e+00
7.963974813829705113e+01
1.231433108678536037e+01
3.633788023594696881e+00
7.284965986669712512e-01
1.157257448215999185e+00
1.786224067645125757e+00
2.116044913980017761e-01
9.367617438424288290e-01
9.391296338270229693e-01
1.099358764417454476e-01
7.232923286511963035e-01
1.088796554923519455e+00
7.823329255932107706e-01
2.277845203782231653e+00
9.476003384514363262e-03
4.189440226991393710e-06
6.445702151350932779e-07
2.229778833203563404e-02
2.198669390313268934e+01
5.176687870190600727e+00
1.067650317616533728e+00
5.337843059116660349e-01
7.205397474514628753e-01
2.114776032484275495e-02
1.088788441941997034e-04
1.818640448808462803e-02
9.334859311282118766e-01
2.582799935830246141e-02
1.273831858332925282e-01
7.757152224468124579e-01
3.197517079347043656e-01
1.635968251061052481e+00
3.374550524258027734e-02
1.401092856000990205e-05
2.802049324232807403e-09
5.009407957866694080e-06
3.853958779040329852e-02
7.732436042814148092e-01
8.849900274405361200e-01
4.327631737952406521e-01
3.665257354115245558e-01
8.162129978640554617e-03
3.277491843743833371e-05
3.925797029235478155e-04
6.993491338700501790e-04
6.474235108773950388e-07
3.078633803709157117e-06
3.088073707902617981e-02
1.039495326041474321e+00
1.293898137842581231e-01
6.124446984415829638e-04
6.004915211948883688e-06
2.687566039711874168e-09
8.784304466063586351e-07
4.987307114625904106e-04
2.630985110896546034e-02
4.353334002919879708e-01
2.944065892012248109e-01
7.695214236763565641e-01
9.179771726354254424e-01
4.052868633747114258e-02
5.114943972295998321e-03
6.820719568058411497e-05
2.064924363136960385e-08
1.094014573223298696e-07
6.859240166923770421e-02
3.715021539797880745e+00
2.485267115659425602e-04
1.169239187906235728e-07
2.727677921359717217e-07
4.747542849906077203e-08
8.730203026085477710e-04
5.571548143835965833e-02
1.188528559108973509e-01
1.271780187590538791e+00
6.155601906669620066e-02
8.451194466797583640e-03
6.186146029920951139e-02
9.377659654731382854e-01
9.903231365405580355e-01
4.140065376630604893e-02
2.114640242582390198e-04
1.312203259826577042e-04
8.887785046945593237e-01
1.330168503219007370e+00
7.031996466999130698e-06
1.215037883242506436e-08
6.315940068991817808e-07
1.348746843957655755e-06
5.012423848339188359e-02
5.634620887358835484e-01
3.202282964786176689e-01
1.327302433523533276e+00
6.371875848348147742e-02
9.544465627419375375e-03
2.964622891574930988e-02
1.129724804154401463e+00
1.927547410794773874e+00
9.970890647707617571e-01
7.932795469988198622e-01
3.438562108176027032e-01
6.837707532085852691e+00
8.026916509845152259e-01
8.880005464004536730e-05
1.961414982205816200e-06
3.939367355443942361e-05
1.210639655043058106e-03
2.180979620019984078e-01
6.765297748164306180e-02
1.548612620665309747e-01
1.159918257762827531e+00
6.791944193382092321e-01
2.138406058359723527e+00
1.692085847025601719e+00
1.301198608569871240e+00
2.266009539608989654e-01
2.310045190204505217e-01
9.655740072354315195e-01
2.675192389055052189e+00
8.252150495429180665e+00
7.627625463384797577e-02
9.422319676076455091e-05
3.136073827628785293e-05
3.782035221743596572e-04
1.430539742033161248e-02
1.403873269313688832e+00
4.745136925659616534e-01
4.840495642766641238e-01
8.126134814389867067e-01
4.968496456515277271e-01
6.443707094410439096e-01
4.572066335157825012e-01
4.865692710768134144e-01
1.730357876716989707e-01
2.919713412463277313e-01
4.383163649765514092e-01
3.121562262569781865e+00
4.790684673955115436e+00
2.109977286246415319e-03
3.296892974164642312e-06
1.040389998464823133e-05
3.426759970914986897e-04
7.429524030083638339e-04
7.166335855372067964e-01
3.288734354530843174e+00
6.368297799595167286e-01
2.661146230692090775e-01
4.138204104487885893e-01
3.575376944515915034e-01
7.730889263967954950e-01
1.283904441341463754e+00
1.140519331049007629e-01
3.065414638957857929e-01
2.810863422390779132e+00
4.880327291293663272e+00
1.022418840507068744e-01
1.738367133687164211e-05
3.708297834159534219e-07
7.609309022010322838e-06
3.242198274860994380e-04
1.268909090982362625e-02
1.451657430873859234e+00
3.446061206368009167e+00
7.131923186077032684e-01
3.381997910904045446e-01
1.935544456406895097e+00
1.283661833704816679e+00
5.615771302294291223e-01
2.733605361044185167e-01
6.061857981260513478e-02
8.658534688742225427e-01
3.070968840688172108e+00
2.055748268869395795e-02
8.126502770689387966e-06
5.623215559711161782e-08
2.561582393449494065e-07
2.109587904149003016e-05
4.210917352181756308e-04
5.880275936044158762e-03
1.542449679358044168e-01
1.096794108637033638e+00
7.340071897571625037e-01
1.612147740091016690e-01
6.820568049985820114e-01
9.846618288965225396e-02
1.520511343300546235e-02
1.545222476137009249e-01
8.436087714988745878e-01
9.884511293001025933e-01
1.173384499676606574e-02
4.102858728196212143e-06
2.670210155203590152e-08
5.100977180574870827e-08
2.798754890091899946e-06
7.935462561572411517e-05
3.993567911246622706e-04
2.504742688425729740e-04
3.599227908162028200e-02
8.041733819193349619e-01
1.883606840075333078e-01
7.845961299144671094e-03
5.021416227640558561e-02
3.255671002212492254e-02
3.688772055288933732e-02
1.760201831363789937e+00
1.454225652542864011e-01
1.417127650254889227e-04
9.407743597224120694e-07
1.201333730130609412e-07
3.822786990256676905e-07
7.421100459059020465e-06
8.184658397267203329e-05
2.052699109614417538e-04
3.219135760330666838e-04
3.760635084297614394e-02
3.850084656975665265e+00
5.245522463461624874e+00
7.708306513634257673e-01
9.572815656180523602e-02
9.660880336429913395e-01
9.253082303365020023e-01
7.075329737888375048e-02
1.415075590062207268e-02
9.691479462531161357e-06
5.142274761709953113e-09
8.620003706536723603e-09
1.042015006578333078e-06
6.145878964754000339e-05
4.844692541959740159e-04
6.612629340024587339e-04
4.351187826495590567e-04
4.525560699573955166e-04
