4.721293758497430713e-05
1.650659483393667193e-01
1.766236685906499515e+00
1.680788123578385307e-01
8.743089937950947466e-01
2.722269831548098859e-02
2.213961264116578740e-05
3.128852196593449636e-04
5.959653202086175744e-02
1.025437408630207325e-02
1.396363422810112354e-05
1.690632549204946968e-08
1.495653248023238288e-08
1.957378601391418454e-06
4.563881674826215435e-05
1.521599135065115828e-04
3.932287368500829265e-04
9.529628530500260314e-04
6.305337975825081598e-03
7.829087800048475376e-01
1.603438168997898261e-01
7.171523470356222681e-03
3.642168239642599309e-02
1.283263211498304095e-03
1.337858527233149571e-05
6.824538066864139878e-03
2.815960045649463783e+00
2.980577088952760523e+00
4.211005313871357680e-02
4.901708255639710615e-06
7.204188003023233465e-07
2.760349645430061212e-05
1.297993087285898309e-05
4.716057821902270330e-06
2.994828618970010050e-05
1.741142574868545447e-04
1.890957727013238424e-04
5.772507442085916818e-02
1.116767697701458006e+00
8.377137781038767050e-01
9.495361666791770627e-01
6.547965124162677397e-02
4.986008852625690643e-03
1.043420893327188653e-01
8.317377214467418234e-02
1.740935111024503879e-01
3.769823237112797987e+00
8.241664756357247601e-02
3.121605684529531188e-02
1.441193680982482198e-02
9.369601008928559333e-06
5.230667183979620097e-07
2.330830722609859363e-05
1.743618147727339206e-04
8.491219234191502716e-04
2.305386632223559440e-01
3.529814566791425356e+00
3.194185934680598304e+00
1.309476719053656923e+00
4.619727361684564104e-01
3.877946530990316609e-01
1.437438930439141505e+00
1.349480915097953371e-01
5.992835911719589931e-02
1.768614240203070231e+00
2.426597593483884374e+00
1.574198214626523873e+00
2.013000351519735054e-02
1.877919066484485156e-05
2.878388412802465273e-05
5.488921488303748902e-03
4.305167593721537581e-03
2.420827092819678034e-02
1.496816133937101778e+00
7.676044762468706706e-01
6.547295398347094952e-01
7.617184236824234844e-01
6.167152993158561136e-01
6.063263458166916475e-01
8.028626767560779198e-01
4.772195364325585998e-01
1.409561830457237430e-01
1.222258333965925842e-01
5.613503118839638928e-01
1.486323625180278718e+00
6.438969707900638051e-02
9.946368985343543440e-03
9.895758799414303142e-02
8.959209547784420247e-01
3.360613502675491998e-02
4.611267251660390067e-03
1.419785281025967238e+00
1.412274126436216415e+00
1.297931765836111140e+00
2.017297699768394015e+00
1.687733126017790575e+00
8.692800270302072363e-01
4.918205315542782396e-01
6.407262231402010011e-01
6.169991046696744474e-01
2.007839427269408894e-01
3.251774315351130817e-01
3.351914849762411830e+00
2.224688708653055347e+00
5.867872456683763671e-01
4.812948641387533588e-02
2.858267162514147378e-03
3.597084396093234776e-04
1.149633976067562964e-02
7.484677679736412292e-01
2.907673627610985467e-01
7.324088401933828152e-01
2.259088618869274701e+00
1.984918111261661622e+00
6.503266320381084764e-01
1.374954985806649543e-01
3.314575730156117395e-01
1.579765584633065378e+00
3.889533036707849001e-01
8.106838749033000446e-02
3.524460419450349824e-01
8.471437382172964936e-01
5.029326887736396134e-01
1.503615403816876452e-03
1.255440916869848691e-06
9.908965626434036144e-07
1.348322880174409460e-02
4.522543385917715715e-03
1.055993439852212674e-03
2.735290487131353254e-01
1.563059897374767804e+00
1.052062738924880225e+00
1.210757593973420976e+00
9.688249673413372454e-02
3.969310560953935862e-01
1.915768836880436643e+00
1.424267148863292420e-01
1.921766299725019000e-01
6.110390859986284395e-01
2.276681254029485624e-01
2.369176059112259036e+00
3.385242684172212052e-02
8.441938646391761228e-07
1.428198946062994772e-07
9.160518107872873267e-03
1.523830979208307644e-03
8.463458986438591710e-04
5.524038761603902170e-01
5.576941433354984934e-01
1.990540312507105281e-01
1.384257053934742965e+00
1.581195024751916589e-01
6.594140791185907347e-01
3.623757149867763871e+00
3.046646216858088230e-01
1.720143387677070201e+00
2.123057391347469736e+00
4.262689082275449709e-02
4.112372760889647094e-01
1.488316121674606272e-02
1.735190661196111451e-07
2.407367312630172071e-08
2.637798748288053621e-02
8.854879621802521639e-01
4.573071359243185974e-01
1.088896412396155533e+00
5.075161001653969439e-01
8.246724720900936445e-01
1.591875821265831492e+00
1.444174896747956946e-02
1.036987585433783894e-02
7.600652367228548645e-01
4.737290637974252427e-01
3.279453694973510358e-01
7.481677036696084970e-01
1.953616549160687443e-01
5.703719181627744383e-01
4.021212308285207829e-03
6.077525156772721825e-08
9.812738555159153732e-09
5.842561849538104961e-07
9.700359827725303641e-03
1.117925783948151119e+00
3.652488153015019390e-01
3.102020255139130156e-01
1.216944565185660299e+00
2.887752646886688201e-01
8.113695976213673678e-04
4.326123252725749585e-04
4.236924831599402919e-01
1.062691665144491537e+00
1.955480795246141990e-01
1.045600676242858462e+00
8.268304417446835641e-01
1.173718542782696828e+00
1.315337577466725305e-01
4.896233820789287419e-05
9.047405836577148740e-07
6.786855434797407446e-11
1.101317511808834395e-04
3.409679621237077907e+00
1.104749448629070763e+00
9.457316096714722953e-01
2.742244677993455504e+00
7.784247834312411074e-01
3.867691054958813379e-02
1.414904589500930350e-02
1.352293712297764516e+00
2.294391874262195596e+00
5.509895961657227392e-01
8.804237658715123871e-01
3.379565298951205388e-01
9.346894185895850971e-01
2.769791649357333352e+00
2.542957911274046356e-02
1.110265545475215272e-04
2.286751823014298453e-06
2.852043036423731470e-01
1.078229970829038962e+02
3.565398592918179510e+00
1.699970643918912616e+00
3.245344946740004399e+00
1.398399710036548615e+00
2.482509300817937969e+00
1.631476235931334839e+00
2.179557632648926546e+00
8.976618722977095510e-01
3.933534459054722210e-01
2.217605678500755018e-01
4.468445229078807368e-01
2.260485918150907381e+00
7.330084333062224233e-02
8.230872419642738011e-05
4.878844923175626560e-06
2.335900190569637977e-02
1.547120516924703759e+00
5.226760933707945256e+00
1.555092039158808337e+00
2.288696273949612170e+00
1.598946364830756917e+00
4.275601754515197250e-02
6.412996353332590938e-02
5.457863165363386893e-01
6.401940305671550702e-01
4.245859279904097283e-01
1.120475673203001898e+00
3.618643492188749478e-01
2.154086085646925164e-01
7.309176937892533088e-01
6.153805889775314664e-04
3.219337006956033877e-08
2.796698129252479582e-08
6.417206791739907311e-04
1.905768249854251362e-01
3.839688142413625105e+00
2.081571444916200164e+00
2.701254675712591702e+00
1.842015623541792380e+00
4.067688714754160578e-02
5.468994109295576000e-02
6.421420090611420495e-01
1.012205455590460046e+00
9.620794470507268992e-01
1.700141959519574586e+00
3.766265360240461102e-01
1.031435266167246012e-01
3.185323136295371338e+00
6.639608030409879791e-02
1.553975891146702473e-06
1.890499854117745197e-07
3.371225736477706237e-07
6.720844388355521476e-03
2.204407277516613028e+00
1.764043094145251622e+00
2.213437947640319425e+00
1.743911185628684191e+00
5.709374083869181993e-01
2.433231432133084571e+00
5.430197686767098908e+00
2.230627342293383997e+00
1.443142222134727648e+00
9.992442161860579652e-01
2.346659428376230150e-01
1.378237616309649916e-01
7.529698330993612743e+00
1.973006169811101884e+00
4.137696028016111735e-04
1.789513559663799362e-05
6.481444089522083638e-06
2.211050410506662858e-02
2.153980433998394339e+00
1.315185969690288115e+00
9.758518831561523443e-01
1.198701528576405551e+00
7.208474661967031460e-01
1.037812586677124616e+00
3.130264645309256633e+00
2.320661267811309436e+00
1.215073268753958491e+00
1.105856165805292335e+00
5.385414906308952920e-01
1.113272862876776959e+00
2.476890846486352160e+00
1.953431257227610310e-02
4.938697027057794404e-05
4.649517625194760149e-05
9.432097478424383841e-02
7.958484534318929216e-01
1.749795819297269350e+00
4.516706041476012401e-01
5.249274013909752679e-01
1.654123557089047791e+00
9.389223825471337825e-01
1.447177476813553909e+00
3.830454892443207360e+00
3.168107189899925569e+00
2.241842221247076772e+00
1.750832885320811050e+00
6.193398966723301369e-01
3.621098163739254083e+00
1.594703532780167965e+00
4.543897599031539950e-04
2.536459466533584075e-06
2.792035026555302258e-05
8.137671267919964757e-01
2.959144052514494083e-01
3.653775048227742017e-01
5.567712577982137923e-01
6.169643708820766737e-01
6.766084975099624366e-01
1.050802989929058073e+00
5.635048705992057982e+00
4.504178662429300317e+00
4.982658656568541566e+00
2.830830494623498783e+00
1.711251606043299622e+00
1.934468180835335893e+00
3.216515259481911304e+00
3.612266696765509266e-01
2.710932127204039826e-04
4.144627916513773056e-06
4.426594444720956354e-05
1.352997354045685219e-01
8.668749523129004597e-01
1.454887274995070090e+00
1.442842853922365443e+00
2.863848794474923021e-01
5.901268631056458824e-01
3.809743648930667526e+00
5.277702565765227227e+00
9.499750844361349866e-01
1.379345614398631570e+00
4.529949519267526536e-01
4.549296380391197325e-01
4.720855875927490786e+00
3.889866353069306726e+00
7.598606275345561878e-01
8.159603896193306713e-03
7.352268357414320436e-05
9.169611293652846706e-05
2.027814488137760426e-02
7.831035885705212030e-01
1.859672114212094440e+00
1.281191534325460069e+00
2.039005348406103257e-01
1.800296107975229987e+00
4.674495353763525429e+00
2.257939151967960356e+00
4.673385818972345396e-01
2.911953230466368114e-01
8.054860667713079625e-01
3.447535625373995494e+00
2.379930200455183886e+00
9.116023411090824757e-02
3.979139598371927294e-02
3.591206495909318817e-03
2.383382912592765446e-05
1.753170322742253747e-05
7.800571173969519847e-04
4.622132137466587742e-02
1.669353052233260470e+00
1.089043308227841456e+00
1.776384310845800230e-01
1.974054600999580078e+00
5.740942678164302482e-01
5.842526851162588297e-01
1.482203880900591964e+00
9.629874063915733196e-01
3.995809090730870317e+00
6.476499355249528023e+00
1.595225729495927558e+00
7.968412802115301674e-02
1.946317971425687993e-02
6.343498968488118844e-04
2.257858650293249314e-06
2.332528414882330140e-06
7.863261675507660466e-06
1.063735666259546346e-03
1.133652321278872499e+00
9.399187894851107616e-01
1.120905551863609351e-01
7.255140925408442021e-01
4.020582497471473227e-01
7.816678557596156152e-01
1.049137323639727892e+00
2.312460826637729561e+00
2.732316615572655483e+00
2.139667285888110712e-02
4.419527677169209079e-03
5.725464490936505585e-02
7.904896456320299469e-01
9.836827893534319522e-02
1.818184463878051238e-04
2.186858328626984423e-05
1.535321156166466774e-06
4.953743687916877577e-04
1.992858269091106305e+00
9.411939689379861251e-01
5.803966842126329420e-03
2.365084951573017367e-03
6.304718603953164691e-02
3.672293443794856227e+00
1.382273229728280484e+00
1.646717649783755677e+00
1.272010179426190934e-01
5.595486749268110643e-06
1.990254532543612404e-07
1.024085861813912000e-04
1.975737490228424431e-01
8.612199029063017930e-01
7.340216126641343347e-03
3.292721569844812694e-04
4.564917478804548351e-05
2.044385696831203802e-02
5.947758801588407529e+00
5.485376317201758750e-02
4.384267600526211482e-06
8.843980903372927397e-08
1.891411541111125946e-05
1.067051899882570237e-01
8.686756650979751138e-01
8.771711526817618787e-02
1.155257144160309614e-04
3.515581421476728253e-08
1.693006336719369505e-07
2.002893375681544415e-03
8.901950576814167126e-01
8.011044771778585982e-02
3.204307459952414035e-04
8.680002076054053981e-05
