9.187510317184776065e-01
3.147462235480020354e+00
1.896225003176100099e+00
2.626884615512178195e-02
5.534047152974128775e-02
8.755338743280410840e-01
9.978915272925298341e-02
2.060715723230517864e-03
3.961937023198918925e-03
4.370275025492445574e-04
2.595518046669186518e-06
4.504669495440748754e-06
7.031142460286211351e-06
1.444226378436064048e-06
3.098142395713957063e-06
2.735406151575695165e-05
2.125672314217163844e-04
1.178896769479722585e-03
4.416016219933551618e-02
2.031477204907959244e+00
1.636472835579849017e+00
4.789720425124094905e-01
5.832380317754022325e-01
4.490492081750526721e-01
5.981310538952673284e-01
2.157946974425872522e-01
1.824038620419060619e+00
1.076736038254636263e+00
1.962572102268252822e-02
2.425441286039131325e-02
1.252794798161948209e-03
1.103775171865496229e-05
2.110349875250615149e-06
1.543662047607916189e-06
1.094507568741616596e-05
3.009791130572606489e-04
4.363495429967402181e-03
1.844125223089492671e+00
3.646722830006372096e+00
2.478448185899762901e+00
4.978109363890729361e-02
3.833315704193734582e-04
7.135507922582012873e-04
2.116794675270451502e-03
1.276173343748511768e-01
7.753795514010051182e-01
1.960600248350585217e-01
6.985207627336452729e-01
9.645834677137114788e-02
2.235629384342833342e-02
1.154589958618695194e-03
1.779859949206781473e-06
8.830337829355016156e-07
8.104312717458335381e-05
1.087536036301171502e-02
3.095646891932124944e+00
8.227954995530293303e+00
2.581572918824932561e+00
2.486310725571271724e-02
8.192149642908126391e-04
2.345871317874807880e-03
4.614415098080984490e-03
4.566072844850547346e-02
1.383053725181221036e-02
4.176790371164301220e-03
1.233806433516735912e-01
1.281636434575672834e-01
7.660566292741295413e-01
7.180532371921256873e-02
4.919814779033587640e-06
3.871997709394571979e-07
5.013704584716068084e-05
1.059677312783162906e+00
7.864663856747985626e+00
9.001959027700483063e+00
6.177446394819052777e+00
2.071620705372868354e+00
3.003384251430318841e+00
4.951839460375003554e+00
1.083490904035518287e+00
1.714805817285078859e+00
1.477001962138300983e-01
4.610732934656455034e-02
2.724144748251343451e+00
1.465405975459155574e-01
5.433512934802912746e-03
5.449604404441112365e-04
1.599740067211206059e-06
8.779298383759321960e-07
9.838985278115256101e-05
8.875374971561922344e-01
5.112384518351566598e+00
1.686070117523459544e+01
9.025139601525685507e+00
1.835975620570137634e+00
1.952072054329085260e+00
2.967350263033808666e+00
9.682746968655072672e-01
3.368033712184032247e+00
2.649459904421459733e+00
2.454147012863242827e-01
8.606788813703207808e-01
1.877344315800847860e-02
1.065243669866959542e-04
1.046050437398351339e-05
6.056701656131726160e-07
1.888047614621740285e-06
1.659777852813072252e-04
9.665369791131589103e-03
1.087992409934799509e+00
1.103961773193626072e+01
4.033641866725077740e+00
9.864951423485999182e-01
1.336752996482558631e+00
1.957674062965579331e+00
2.005778839166425076e+00
2.885924255693780083e+00
1.933572775891312601e+00
1.309512632832350587e-01
3.042341802213337915e-02
9.126084384059931012e-03
1.219086894266648187e-02
7.946451420041028861e-04
1.352731635927084832e-06
7.415152728054016355e-07
5.569243835189017453e-05
1.754522931943313657e-01
4.782452073600286901e+00
5.015527890488183260e+00
1.830950987514101236e+00
2.283284699305189847e+00
3.308974313200669481e+00
4.725093084351440487e-01
2.334297884569965564e+00
3.652453649713864436e+00
7.154973105328948924e-01
2.045854084717496413e+00
8.466850459646888538e-01
1.517797391893700720e-01
1.839187040333417400e+00
4.430980927024974481e-02
4.672114109404799542e-06
3.817847914003637114e-07
8.246884851184235570e-06
8.075426306404792642e-01
1.858388573512392172e+00
3.397569621031283127e+00
1.861706705488084923e+00
1.297816261393799908e-01
7.324546447374683661e-03
1.041662959272709934e-03
5.532416825380013226e-01
4.445955869368900970e+00
1.632969621308118235e-01
2.223306785640815075e+00
1.690784645637305017e+00
2.234895088048125533e-01
8.916602167344376273e-01
5.098799686228100425e-02
5.982554136224997599e-04
3.558337289130735154e-05
5.113134353425350096e-06
1.136767862293218689e-01
1.468473779330047746e+00
6.738250067434711887e+00
5.529740395382926721e+00
3.656128181936222354e-01
3.104442545437924653e-02
1.061075353573345467e-02
4.824312193115083414e-01
2.805649108896224875e-01
4.473764509818460577e-02
6.932790618020094886e-01
3.100616749957085250e-01
9.645639800326352153e-01
9.780751535778153816e-01
8.762350320905194778e-02
9.372990251883942525e-01
2.921440704378820349e-02
4.708817510218503069e-06
5.553215459380874720e-03
3.509276365469265468e-01
7.236773263775175824e-01
3.349233617884735725e+00
5.184446965432912613e+00
2.591969953440838914e+00
4.769986728130963249e-01
3.231670481285942725e-02
4.421978072162793989e-03
1.193233136373564873e-01
1.886900290656648771e+00
1.598710697222588406e-01
1.595367432614611003e+00
9.929275993846266302e-02
2.466641046678373726e-03
8.640812540365128136e-01
2.788996972034078758e-02
4.955834833776863563e-07
9.802992670873303548e-06
2.958748569820839336e-01
4.607770712827093718e+00
3.026129822629767929e+00
2.947920329504671422e+00
1.071315131969232004e+00
5.625504398232378245e-01
5.997147398912897748e-02
4.083609910217367994e-02
7.473606476838677848e-01
1.033897219714091653e+00
4.869758227457456762e-02
2.873776321784918819e-01
7.990753210420118574e-03
2.883194945115049755e-04
1.456525922643417681e-01
5.355015608664906966e-03
2.540360856588029065e-07
3.914552833201160395e-08
1.053948629379439117e+00
3.073471745023198309e+02
9.196880057584255752e+00
1.095658404629819493e+01
5.868668275138624324e+00
2.516458313128772772e+00
1.787766340836468792e+00
2.075206813757527247e+00
1.016983811990982645e+00
5.636447018297491285e-01
1.402061412012378383e-01
5.382400025176788949e-01
8.092444746451653292e-02
1.973713304068893531e-02
1.800937934357243364e+00
2.391032975823327925e-02
2.616858465543593861e-06
9.030211711149027646e-10
1.425145186593621254e-03
1.322277981114427270e+01
6.807163445881990071e+00
5.839716410050524331e+00
3.080256632259109839e+00
7.676534226552699236e-01
8.612599060373837823e-01
2.335681105643838240e+00
5.873676393487852199e-01
6.864790644822549304e-01
5.607561013769795100e-01
6.252263655062366421e-02
1.415416983310329498e-03
1.512647425320193988e-03
7.435056342345248981e-02
1.815967702083029012e-03
3.086108714399453576e-06
2.099110130993576598e-08
1.024397575913576212e-04
1.235890668195771092e+00
5.226577509885133921e+00
1.084294897867238650e+00
5.459982638862367343e-01
2.453682406652779036e-01
2.423440950721584553e-01
1.456470186577123238e+00
6.687710684633549896e-01
1.932062727480750863e-01
3.980476397088281160e-01
7.724012734317157146e-03
9.076692419215361075e-06
6.307331419118741454e-05
1.708353447644645612e-02
7.784028944815392717e-04
4.045137810757498355e-06
1.414575851605191721e-05
5.649359969329035072e-03
2.444372588851426276e+00
3.331207961818434704e+00
5.329299546855192915e-01
3.347780792497112579e-01
9.566699876365478694e-01
7.635157850907917654e-01
1.506021442580045555e+00
2.201292443177383706e+00
1.026018708409281166e-01
3.033003719462626369e-01
1.141673127789143705e-01
3.097282010779594586e-04
3.431475831621625533e-03
9.101087249398047696e-01
2.246731656856039427e-02
4.894156780150793045e-05
1.775390547598301564e-05
8.506639033770828015e-03
1.727735800725823001e+00
3.334689436101570426e+00
1.713902300749489793e+00
7.559380546817812130e-01
2.118667961060851646e+00
6.602664332489138754e-01
3.431499035589891666e-01
1.997745204876934189e+00
2.983813896757429585e-01
6.960911182917581819e-01
8.358122511234356011e-01
1.319283049029297723e-02
8.450866383853344529e-03
2.412159478454615688e-02
1.193136946301077668e-03
6.327849234062445940e-05
1.576014479498635310e-07
5.079318971784255047e-04
1.062001003757531148e+00
2.052175367181344967e+00
1.935666164576228754e+00
1.176760562841548952e+00
1.029979288492558931e+00
3.538831057858879414e-01
5.049225788354591016e-01
2.272177649266841737e+00
5.890402910024401528e-01
2.459110149166474357e-01
7.341515801553805121e-02
4.879749819625242568e-02
7.942534764021635246e-03
4.105941584966018898e-05
2.729539681543661880e-06
1.806444422439133993e-05
6.361918266660514814e-07
1.751008206799415778e-03
5.083340404739436380e+00
2.743547222254583584e+00
2.150076437032102383e+00
2.167059085976076105e+00
1.513167318921315063e+00
9.828402813533312354e-01
1.417264896334005764e+00
1.446154080723149660e+00
7.128743273440659722e-01
5.215069285151449074e-01
3.188872824074084900e-01
1.729147888577431180e+00
4.164291184025713244e-02
4.469636236196102630e-06
3.746480339914683120e-07
2.444394575947938798e-05
1.058102102717412354e-02
2.487607522574090124e-01
1.030317388182458060e+01
4.887205938859517929e+00
4.460966032358410160e+00
2.773385502033102412e+00
1.674805146721121130e+00
8.209372425864128742e-01
6.860880753204494642e-01
5.789724678919530021e-01
4.600660573641980333e-01
1.090265221772594328e+00
2.941207859410753134e+00
1.057708194673365298e+00
4.727804921349451650e-04
1.541990729851699784e-07
3.189600740048202486e-07
6.787497797401463139e-05
8.263924514616954875e-01
1.831377398851252725e+00
3.730655937940762445e+00
3.227297250827589004e+00
2.231292218192131305e+00
1.632343543363940386e+00
1.120069422671548631e+00
2.638188300776284079e-01
2.738675857304296302e-01
4.471314795381501894e-01
3.114487018627093984e-01
2.909363226250475387e-01
7.419657979490931199e-01
1.455764512492598028e-01
4.979346473727915972e-05
1.032464410606821899e-07
8.545927518964758533e-07
1.436312340428929973e-04
2.743992481178733067e-01
1.083441169269072413e+00
1.354969612196580853e+00
1.595146207061483468e+00
8.736625854912640765e-01
5.418292199560693634e-01
3.390468319154515964e-01
2.858390491663675981e-01
3.780547747552345239e-01
7.095787179572166092e-01
2.663113255544363067e+00
7.549229399710826183e-01
2.587057873867013025e-01
8.134420200440232174e-01
1.345039903833247091e-02
1.869217521069446708e-05
9.176437231059461700e-06
2.265253070311060418e-04
8.000338633090517959e-01
8.270921074527439742e-01
6.314556901681467327e-01
4.755727324926662947e-01
1.949850982636065488e-01
1.161998895203270182e-01
1.162576041311845498e-01
5.034706383444715883e-01
5.418057064721251148e-01
5.109432579741856051e-01
2.531910050719182181e-01
1.159980421006319776e-03
8.529018222519644447e-05
8.133642992356299520e-03
1.868155071352278415e-02
1.634173467338588667e-04
3.032754727626240713e-05
2.469215904386071756e-04
7.442464893954812977e-02
1.153722111717888854e+00
2.677555932154381590e+00
1.316171180229449289e-01
7.679645020864299398e-02
7.656651590581247113e-01
1.205599206505591076e-01
5.289855832105574973e-03
2.254456855926633557e-03
5.396663988786235509e-03
9.362803086179805371e-05
2.150062837808570496e-08
5.696249259698017930e-09
3.176994846013250532e-06
1.171064131141395494e-04
4.556814466817532208e-05
4.845397589318703956e-05
3.356254968163109500e-04
3.801397528047394201e-03
2.928576647013726664e+00
2.069635224436938259e+00
2.079480259575688939e-03
6.994764263915671972e-03
1.989970000379887249e+00
1.573908002327237265e-02
3.614511906254298842e-06
1.824075999420045443e-06
5.530152837453491195e-05
4.912952688667240589e-06
1.828513119294669717e-08
2.704739236837745753e-08
3.113821596452989976e-06
5.846795494127261062e-05
1.145159938185283914e-04
2.549872692791536931e-04
9.619214977327523878e-04
