6.896666249311493569e-05
1.564620151025868933e-01
7.235635546964312992e-01
1.987174260124924541e-01
8.101395084693335802e-01
1.627138543613122490e-01
9.054138052241275311e-03
5.003085474956872440e-03
4.688561768839186183e-02
8.843789575414912063e-01
3.704079369024639024e-02
4.343867945258000083e-05
1.772216834345987574e-06
4.372685139586369633e-06
3.833277792140240994e-05
1.438788671032787531e-04
2.840105916436409393e-04
7.000608084640884974e-04
1.053854773960500625e-02
7.668735155463494158e-01
2.513585157066779985e-01
1.273354502032666979e-01
9.092949538554344624e-01
9.378675814625885288e-01
8.246087477504131513e-01
9.406023299549352013e-01
9.723534851962854775e-02
2.890396059921484379e-02
3.634250304597145403e-02
3.898587726746960153e-03
1.704081472882146571e-05
9.909263378868850470e-07
4.246151493657930523e-06
6.800443594935229929e-06
5.151757667741067666e-06
3.225965086067947003e-05
1.115849221656377115e-02
1.121792682768542493e+00
1.997596139958413897e+00
4.478910790851987622e-01
3.028069489321827401e-01
1.168612429657758939e-01
1.074277339034593326e-01
1.298989567943914736e+00
6.168844918912176345e-01
1.689062142672033418e-01
8.461611765583669786e-01
9.851790697832466526e-01
1.001635335081833226e-03
7.453636492180378960e-06
3.962973016811710016e-05
2.832846623024658444e-06
2.424612811113882769e-08
1.246673366536972685e-07
5.171174856497192350e-03
9.196015429127024632e-01
4.009804233192028278e+00
4.704798954110485654e-01
9.806807105175858741e-01
1.479689764670931940e+00
3.730643885195207288e-01
1.201517841109806417e+00
1.681947809669873894e+00
1.739867281866870119e+00
1.212762634851370924e+00
3.964362625190166245e+00
6.023676496867277214e-02
1.364812433438002907e-03
2.421148189525603941e-02
2.252227496908208086e-04
9.587208671073649927e-09
2.047408123740899056e-09
2.821957291755311037e-04
1.418462396143568838e-02
9.166693071412791438e-01
6.418547106656756762e-01
1.237524993650393895e-01
3.238532059059748974e-02
1.000760538969377722e-01
1.274237983935049279e+00
1.016573947505235553e+00
1.487150818131333541e+00
3.565263993318711910e-01
2.680580650801116960e+00
1.047147238104244593e+00
5.885160848011770224e-02
7.069206190949969271e-01
1.500700266236846825e-01
2.123519936809722903e-05
4.253121530714037156e-08
9.954874538248159412e-06
1.962616579859985421e-04
2.312714751242674061e-01
1.056840975661266002e+00
3.857260723053283075e-02
8.101988590111120631e-03
1.804265897983376166e-01
2.282051583105101589e+00
5.566211873112497655e-01
1.795654483717151972e+00
1.405842612998766450e+00
1.875049563381352868e+00
2.065864019032692234e+00
9.988950013812636364e-01
4.420526573563196004e-01
7.046379889545264508e-01
4.809584414851821726e-02
3.014427718575760754e-05
3.183038716462907678e-05
1.227559932032291651e-03
8.194761072697145377e-01
9.047169839005709813e-01
1.712239816852992591e-01
5.860604723647341308e-01
2.386592023121127670e-01
2.275930518219917292e-02
5.097461287319356160e-02
2.900865754082798897e+00
3.801901576326628174e+00
5.892563500004517341e-01
7.038192353237591181e-01
4.140131746264037460e+00
7.883703007741157953e-02
4.945386744954096206e-03
7.531760924886823569e-03
1.734683681437373102e-04
1.080424551954847193e-05
2.008616576690089198e-04
7.821406963527254008e-02
1.863957308609311136e-02
1.453333561286296533e-03
9.808978717002095338e-02
7.358168086323377266e-02
7.226604030496208827e-04
6.880096238606113641e-03
7.424591787333867376e-01
1.552232880998999809e+00
1.235600009599177929e+00
5.503410282205244419e-01
1.650028336086562630e+00
1.199570103067905819e-01
6.766327342921206337e-04
8.722763082991240584e-05
2.766306195408752661e-05
6.149764955539391487e-08
6.969107988794075469e-07
1.391663048468079998e-02
1.773760744285182017e-02
4.731121459244836574e-05
1.146188621108664221e-02
7.441025367906030086e-01
7.871031280372328340e-03
2.953736803075421996e-02
1.251064785580719541e+00
1.704566423781177065e+00
3.411207629561009647e+00
4.710317782929713259e-01
4.567319135295850874e-01
7.140764912873781567e-01
4.435975677295982307e-03
1.810569473003227479e-05
5.154533658056198374e-06
5.177071488049481656e-10
1.276951831542987461e-08
1.967393838703284173e-02
8.079681606466567745e-01
2.564706330307291431e-03
9.782904938614829515e-02
1.814208569615542999e-01
3.376913711543680255e-04
9.588354876907685675e-03
6.573661237930407131e-01
1.615768387243154969e-01
6.963043099874344222e-01
6.725372334389473350e-01
4.329498788043882884e-01
3.480484295664614258e-01
3.785561948303733937e-03
1.095210704883862940e-05
1.273582197747077000e-06
6.503280181859631502e-11
3.421607651879343403e-09
2.706172115041308689e-03
1.026311941375862791e+00
4.231952997205501998e-01
4.906075454220962251e-01
6.968217480004347325e-04
3.023046029337762543e-06
3.022203098260119875e-03
2.806152338594805062e-01
7.485334042573732471e-02
1.205643461668818528e+00
4.207766791869574696e+00
2.680364670860914345e+00
5.828022465700251065e-01
3.432811593122545024e-02
2.436731977531722592e-04
9.461875472048530918e-07
4.040226458902559799e-09
1.433795992537251406e-05
1.764770960822378276e-01
7.562880304658265995e-01
2.687742669079541180e+00
4.283412614301377319e-01
2.842200309525151408e-04
2.430829370646324470e-04
1.094026862155070140e-01
4.354630788728576229e-01
2.284964739023390701e-01
1.442227701984395649e+00
1.029464962040181453e+00
1.154989124245001886e+00
4.972312460359991637e-01
8.841645871831810277e-01
2.389518164960958285e-02
1.175068324452938436e-06
1.998118591610216589e-07
5.867869392419792357e-02
1.235605050693009161e+02
1.622960570292967697e+00
1.905724372977484649e+00
2.830836661962943701e+00
1.082768509525386391e-01
7.745477577203151442e-01
2.138647330856216833e+00
2.405738982868414477e-01
2.042105379597348447e-01
1.959270534353431570e+00
3.911260658145577995e+00
1.997496118667844378e+00
1.485747168911749905e-01
8.127311646222591390e-01
6.773625973610411521e-02
1.185221154009380015e-06
2.295449807546828545e-09
3.287925617214401198e-05
2.224983021568775143e+00
1.540029008214808703e+00
3.322798037476842881e-01
6.437466744947345498e-01
3.782495996617853407e-01
6.355377753253012019e-01
3.811743685608962040e-01
4.043631564198597039e-01
2.722069940306017233e-01
4.826955433127873563e-01
2.294020616655815914e+00
7.806117303714387168e-01
6.401700365265229273e-03
2.321394172784418779e-03
4.259179332079929183e-04
7.802486794090294982e-07
3.891340013486014986e-11
1.801303870746913329e-10
2.753709729260325864e-05
2.576125065055303795e-02
6.177030800626398532e-03
9.370300534258042130e-03
7.779653205314754350e-02
9.141261722753831961e-03
2.019805849206470719e-03
8.956624673233529177e-02
8.050328109898724493e-01
9.249089255447520141e-01
4.596125720087091415e-01
4.151535707878974968e-01
1.668989646490690731e-02
5.015539487178422696e-05
1.409999964870206632e-06
6.072590727812702305e-07
2.293191135216511432e-09
6.489718263736979605e-11
1.457078861607041533e-07
2.779906425182923982e-03
1.799301585436421935e-02
7.244199111095193933e-02
8.050079466112982640e-01
1.362237237461573838e-02
3.678595123088453708e-03
8.849131078816452334e-02
3.044024093814849397e-01
1.493917523793227398e+00
8.226869887257899638e-02
1.058314749508112995e-01
1.105179611731868627e+00
1.951849653052590595e-03
2.061708678151864139e-06
2.233965977834570396e-06
1.210881894509457167e-06
2.060518741038218381e-08
1.399875952169824328e-06
3.144480665983125089e-02
8.691155358368390926e-01
7.344310171566489909e-02
9.992427067948976213e-03
1.538853474038224221e-03
1.265604340247745707e-01
1.548672495920561110e+00
7.389239612404158164e-02
2.968286514625156358e-01
1.086155132395264997e-02
4.832083304083088608e-03
8.346997625304461987e-01
1.879698823928250412e-02
1.639778576442639085e-05
1.201832393013115963e-05
2.452650098770082661e-05
7.110867112179804653e-07
2.934932220253039277e-06
3.690823602688586298e-03
1.807042938701914486e-02
1.278607681148121919e-04
4.481368970824994375e-05
9.690232635157839097e-04
1.416835371562150947e-01
8.223103056526968047e-01
5.403313907406974703e-01
2.382248546213140639e+00
9.176707981294379701e-02
3.053433817341938764e-02
5.359468961084547928e-02
9.424009528950305983e-05
9.417316429177783335e-07
1.029961048812684357e-05
1.646921385591717602e-04
9.214788241209254693e-06
2.213232502017907755e-06
7.766275411881439438e-05
1.807268775778846873e-04
2.073086041719626166e-05
1.939800121725174849e-03
9.786803163457601373e-01
2.840936989630230336e+00
1.390977189632047750e+00
2.441634404747168308e+00
3.473613703332281699e-01
2.843821882084088259e-02
8.872329145408136553e-01
4.276277614899286206e-02
5.871377051613586531e-07
2.652353186896994504e-08
5.427166157314855117e-06
5.684429536737984311e-03
6.528714191895435004e-03
6.634073026526036889e-04
2.945805155432880667e-03
7.539999081593229922e-03
2.552603141104716963e-03
8.107472682618420412e-02
1.851071765878867126e+00
5.032271569244811893e+00
4.868347904217030120e+00
1.067350980790429782e+00
1.207698079344776826e-01
4.071298673904858584e-02
9.023801168470901857e-01
2.570164639329141493e-02
8.988113394359427907e-07
1.003243955144777230e-07
1.565643120709530640e-05
1.015876111051342880e-02
1.923240533359039661e+00
1.094551146171391487e+00
9.933605721620569762e-01
8.689457810855736319e-01
1.317850482542642643e-01
7.008818876858610158e-01
5.024086579024262811e-01
9.329379623623000883e-01
1.958207938437694029e+00
3.408979367801294180e-01
2.398389163056606765e+00
1.734095627803406425e-01
6.407164206898307863e-04
2.793639858198440531e-05
1.860659430549899120e-06
3.489127605963804754e-06
1.037032081809482082e-04
1.100468795322044762e-05
7.084600522671472000e-02
8.068037246522946626e-01
1.098589586449945976e+00
1.033137308895260231e+00
7.083935742171378058e-02
1.081241480964443724e+00
1.445543922747430043e+00
3.273657762708608865e-01
4.808936340344853178e-01
2.970028440531703451e-01
1.141169643663872524e+00
1.169255742036801266e-03
4.807538400545008329e-08
3.180788574446501538e-08
1.824303594394652937e-06
3.867714150818151115e-05
3.280664367321464996e-04
3.254434171610007289e-08
1.174550010768697465e-03
6.568263038771611495e-02
1.459053184112030777e-01
6.864378656744606344e-01
4.627718592873306808e-02
1.358444248319257697e-01
1.277399307730221478e-01
4.543978561041422254e-02
3.283634017185580456e-01
1.704357190324427451e+00
9.629514146177760026e-01
2.081340370409279791e-04
4.087995494496571012e-08
9.785009618707274225e-08
9.021004068243401315e-06
1.211128922365848829e-04
4.190826311017113465e-04
7.404516130800523073e-07
6.168415983428777311e-02
7.831758792940497482e-01
1.390681776100761435e-01
9.181200681677343933e-01
3.623463045295604035e-01
3.896926139522938759e-01
4.429284210633995800e-01
1.540544944941642180e+00
1.057388070529556634e+00
6.163295751312312248e-02
1.541166838885340944e-02
3.282856481534655695e-04
6.982503576736592462e-06
1.098540316886130328e-05
7.610551740718903761e-05
2.091741664369320397e-04
4.163035583336252934e-04
2.360367416122975475e-04
1.006715880475706593e+00
9.612732267876518133e-01
1.740173972801954405e-01
1.739522599818503323e+00
1.422261840213080442e-01
5.337783819004320550e-03
5.008527659125201932e-03
6.509276841120767432e-02
3.010400706481955718e-03
2.501416333147643084e-06
1.222928037548614484e-06
1.682561284123538939e-05
7.935065455957951615e-05
2.025775749056456677e-04
3.276572401068586276e-04
3.904709284977707145e-04
6.066556051291966409e-04
