1.330621084454249805e-05
1.016659233793852657e-04
2.871937494892390544e-06
8.600911393960153752e-08
5.389279493682898134e-07
1.307451170690978944e-05
1.405598489095315750e-05
2.326308048340754368e-05
2.184456337886727696e-03
3.231328700493054512e-02
7.218837892916746485e-04
1.203136698666135825e-05
1.412989122583959754e-05
7.593542417176225964e-05
1.972729633424201217e-04
2.573385242581977483e-04
3.009520350612109887e-04
5.723836120038728031e-04
4.011080054087778728e-04
2.546133799991103300e-02
1.549279387738340219e-04
2.792972699672232821e-07
6.609726621577202250e-07
1.744824185057682018e-05
1.186576782888811123e-05
4.597765687059095783e-05
2.434227076775863710e-02
8.997896830889325903e-01
2.132827805884817546e-02
1.287152171878504984e-04
2.602725913702812332e-05
2.958759191409524923e-05
4.710592557792948974e-05
9.807359097690572568e-05
1.951983154700674108e-04
4.546045014181953757e-04
1.126644599177547279e-01
1.753008897389521481e+00
1.250937694092285890e-01
3.242739843174388074e-03
3.049174221720246745e-03
3.852370451246213065e-03
2.344541066144936162e-04
1.455751081451147992e-04
3.515932715112334516e-04
1.451263134708369621e-03
1.754983560668772063e-02
9.830697339844601465e-03
6.783296838418103030e-04
4.514163771778312881e-05
9.476466983646978173e-06
2.334895811378488823e-05
1.521201640829522497e-04
6.304220377185210718e-04
8.450757024466541978e-01
1.323956169828297558e+00
2.868057341976621544e+00
3.821083902552596445e+00
3.218847338591149576e+00
8.136400582578565688e-01
5.213566500199363907e-02
2.907182993935951421e-02
6.087468080923796486e-04
2.008662584256478898e-04
1.505673712165034317e-01
8.259613171203507020e-01
4.233029569359625377e-02
2.591082799905913944e-04
7.028752728774029493e-07
5.710712643214932314e-07
2.938931762923052032e-05
6.182910921787363031e-04
8.391594120952874936e-02
1.698685690806564175e+00
1.027573046030376247e+01
7.031555298804522458e+00
2.946773807714060389e+00
3.768679367231132726e+00
3.651982804417674977e+00
5.253584666429566674e+00
3.557088087335116278e-01
5.489749595288567069e-02
4.652164366820730201e-01
4.404289051178331693e-01
9.049129421969347442e-01
5.966625429655108073e-03
4.498846517176992874e-08
1.892020293475086356e-09
7.204913151901048658e-07
1.820242118737403446e-04
3.618107541006390475e-03
1.285530939829031549e+00
9.522484138982942881e+00
9.088782939457393795e+00
3.104484983246333041e+00
2.394818718230829813e+00
4.807708152760909570e+00
5.532756481435074036e+00
4.821356928225231542e+00
1.664306644457177686e+00
3.596773460164256336e-02
4.448056539787388110e-03
7.277761054987236244e-01
1.217019276327839933e-01
1.476615647695871589e-07
2.020403075717223049e-10
3.017503607114186258e-08
1.713831823835011871e-05
1.630805940466448353e-03
5.797065656968448666e-01
2.750751061147036935e+00
2.813116996996532837e+00
1.638745122793033859e+00
9.704170568792056528e-01
1.778729698984280683e+00
2.795673732397832456e+00
4.100556524777451806e+00
3.150425742762881232e+00
7.619941938837400397e-02
5.256418099208929814e-03
1.999755007668159168e-01
9.500370840350045309e-01
2.176710863258898062e-04
2.386499023437179213e-07
3.893711041325767827e-07
3.258417548697153991e-06
8.686800365305993518e-03
2.458616550298487802e+00
4.173566599123343934e+00
2.726626113572225285e-01
2.943394050721865884e-01
2.911509591664805718e+00
2.888965521194677866e+00
3.189614501821729675e+00
6.801736697307255497e+00
6.371649453784627326e+00
3.255015319227884785e+00
6.514495675596442270e-01
2.501036594252754042e-01
6.775040306612714058e-01
1.070312976990895754e-01
2.323013692239161640e-02
1.546071183545189888e-03
6.461035785444895751e-06
1.098566950568252883e-02
1.547660221246674794e+00
2.715338552854216214e+00
6.107853378106429254e-01
1.311021975269579753e+00
3.450888337392586269e+00
1.109858750565214658e+00
1.224508592337032908e+00
1.831904763729822472e+00
1.503162147275927341e+00
4.140475688554649203e+00
8.339955786393964399e-01
6.405329423506009312e-02
1.176115786092576526e-01
1.097604656570394105e-01
7.741317168739931809e-01
6.564056945440234492e-02
1.093194890573725255e-05
4.755120945283729597e-04
1.967470723379210751e-01
1.001355412540998691e+00
2.620628361616177848e+00
3.993138778048691773e+00
3.567043807053412174e-01
4.059749827695917634e-01
1.248280660074616133e+00
5.818112164294785282e-01
3.751343922094058647e-01
1.894041035020165742e+00
2.036688253308699403e-01
3.725647687991218149e-02
7.031511883860478429e-01
1.543765213571653971e-01
1.140128893779640551e-02
3.391112306607135785e-04
1.611493606178495932e-06
6.528752876988001396e-05
1.104842391794952361e-01
1.045516434537550721e+00
3.632466242286091163e+00
4.152592815089323430e+00
1.823230342527943360e-01
2.284604919860523109e-01
7.012333222745275041e-01
1.459966275404852132e+00
7.514695069032939490e-01
2.809250587975316016e+00
9.232757563372724352e-01
7.779518805028134976e-02
9.672871155606485027e-01
1.032236523759169966e+00
3.327103699716144058e-03
3.028587923672815660e-06
2.642176348199557521e-07
7.493372537996392216e-05
7.922756205407514019e-01
9.285056915932360155e+00
2.047828902017446495e+00
2.455500745691460374e+00
7.769623515393541124e-01
4.505981534336925831e-01
9.535802362559827605e-01
2.356955370370390934e+00
6.153842518794040428e-01
1.424454774932824463e+00
1.682927052807846824e+00
1.689750983579548782e-01
1.017307942944667559e-01
8.038798658360049032e-01
1.935074900130735048e-02
1.511492765206851761e-06
1.246637368034437904e-07
2.151660228798480190e-07
1.807329640776436652e-01
2.437391324532586339e+02
6.111179961600147870e+00
2.588131738655762515e+00
6.180997433362173332e+00
2.522693275336803431e+00
2.037842813976221912e+00
2.174473374956636729e+00
4.347302458366551825e+00
4.609168621363701313e+00
1.124027395685873953e+00
1.179135477938210164e+00
3.122385146072654827e-01
1.056860957863964279e+00
3.887955644102716879e-02
9.415408602534679343e-07
6.285823231163235546e-08
4.779453659342575154e-12
1.502720517044526214e-06
1.562563119237962539e+00
4.481534537307528154e+00
1.064543380314256327e+00
3.610292074833728826e+00
2.040125479473664072e+00
4.299369220779559742e-01
3.133035813852019791e-01
1.386686646053893135e+00
1.994017386962995131e+00
5.895110251332400519e-01
1.911344722091475601e-01
5.114733084285468662e-02
7.093721937461314742e-01
2.243868672358317190e-02
5.324299902771704891e-07
7.536682350042184637e-08
5.083748712337701838e-11
1.192270083266418337e-07
2.256929461843561538e-02
8.593435579109709455e-01
3.784161802951740428e-01
2.405424403636306163e+00
4.757474083104184182e+00
1.650601900861127014e+00
8.873797059848641533e-01
2.152428878798033629e-01
1.681058219634950390e+00
9.315652166458755490e-01
4.212910242388166445e-04
1.686911993418419985e-04
2.213952970634471551e-01
1.541625781461846735e-02
1.107347902284822332e-06
4.451229565878249115e-07
1.313065016856676541e-06
4.984828231804185397e-04
5.534756425093108057e-01
3.607804069185293727e+00
1.341407894593866557e+00
1.724068061822548792e+00
9.581014345755778372e-01
7.550141347440031403e-01
2.431799859375255668e+00
4.372839783751543696e-01
2.807373540493789399e+00
1.407316755645299233e-01
6.701797689378430947e-06
1.355005534983745618e-04
7.669882132683427667e-01
1.133234714990383023e-02
3.674762899113024840e-06
4.919759920700476955e-06
7.733132747752740406e-06
3.750577393004772119e-03
5.761894852919088317e-01
1.355958726909468615e+00
1.358769686944726995e+00
2.680859443504784778e+00
1.745530282835768388e+00
7.713034159955602931e-01
4.100392921878690089e+00
4.024647438731911109e+00
5.855473637111824559e+00
1.633536837481509296e-01
5.312028871127682681e-04
2.331299148561416512e-02
1.287128517294569285e-01
4.737608995664855012e-05
5.358737120889179840e-07
1.379759404028966094e-05
2.039737696109120799e-06
1.707748944211086653e-02
2.405135002709339442e+00
1.624614800664159420e+00
3.919418826541450684e+00
5.159836448669613773e+00
2.123808327020201947e+00
1.069745059363513384e+00
5.100877984922371766e+00
7.663427312995709784e+00
5.440251424965102167e+00
5.276454420365455089e-01
8.462338747642587922e-02
8.456087527557313299e-01
5.926467493919174157e-03
2.854078141844578594e-07
8.550535709595211229e-08
2.050266309525314583e-05
6.477906809109130330e-07
2.898002321802113299e-02
2.406280158993014950e+00
5.430869346292597211e-01
2.640867964864085593e+00
3.141443470607055755e+00
1.923343384705361814e+00
2.989880772775800111e+00
6.048659869772147424e+00
1.100170204284116160e+00
8.320313172057732798e-01
2.473362668851913082e-01
1.531013047844411723e-01
2.052646911164536458e+00
6.418637411206179824e-03
6.208933914303320337e-07
4.097367821148069398e-07
5.295115606845169552e-05
2.562135959628512950e-06
1.792655418798684216e-02
3.461724209473024505e+00
1.913585532778159015e+00
2.129706314326975658e+00
2.001863956890257423e+00
4.804536357060274376e+00
5.210040975686982989e+00
6.449780934901580665e+00
5.027838445691558134e-01
6.266799262136933946e-01
1.121228778623021061e+00
7.379051095461666154e-01
9.162647890746953294e-01
1.011751538227046669e-03
7.786455126140463439e-07
1.380309102098653426e-06
6.418412852512329089e-05
3.526820298555469798e-03
1.019804092828427572e-01
4.229688388798007459e+00
4.233349457906916413e+00
2.383496842891097423e+00
1.813779836600290185e+00
2.249835896186019646e+00
8.286461645529931141e-01
2.756184088537756871e+00
9.560424696459551841e-02
2.828291106903047750e-03
7.129159775424386523e-03
1.096265676638167180e-01
1.523331325979614403e-01
2.489538750368524385e-04
2.751173093576634336e-06
5.955749500076935993e-06
3.319878509393665552e-05
9.347598551940535794e-01
1.976414879567011562e+00
4.765630855804173116e+00
1.410381776227589701e-01
8.094441072040194085e-02
7.662975484936960235e-01
1.184947434265499311e+00
6.222386988063868252e-01
9.263311290881203197e-01
1.223331791277157540e-03
4.476423791377965416e-07
2.367084986600394448e-06
1.046673439835770630e-02
7.924517794361335410e-01
4.487772761531081539e-02
6.957775431981397078e-03
9.052514097103161669e-04
3.122506922603611771e-05
3.451396947649384116e-03
1.239098240076585422e-01
1.921415475018783958e+00
5.149702966198456237e-03
3.027743989716243046e-04
4.413192698137842485e-03
2.971809842526402026e-02
1.863666942464271281e-01
1.332452107372170402e-01
7.016942504620978871e-05
6.333796564285402730e-08
6.096072079811253008e-07
1.023503452206096179e-03
3.229387206916423808e-02
7.609406056172800248e-02
8.889930665046044123e-01
3.639824500850030731e-02
3.815275954071622755e-05
2.243520004127056390e-05
2.804120161048834214e-03
2.230557273602353993e-02
5.820310224581416269e-05
2.192182477245583457e-06
3.531813150074633703e-05
4.498131706068290471e-03
8.638490089674291106e-01
9.083417277045388039e-01
1.182704817207772723e-03
5.148324713838100644e-06
3.920832405485730547e-06
7.779207609626655260e-06
2.582900669357785094e-06
2.974909103840121940e-05
9.934368608079778215e-03
4.718042670749807675e-03
3.482128852682005486e-05
1.884524456908065818e-02
9.354985832996683959e-01
2.514026043762032647e-02
1.013280627915906454e-05
6.852681382327780641e-07
9.087172860549482363e-06
7.396876368081599634e-04
4.205046693362720495e-02
3.740257390551733618e-02
9.977730450388513136e-04
8.050519633009118443e-05
2.983726310894217103e-05
3.341630765930668148e-06
2.340410575354088305e-07
1.054300027023155766e-06
9.575597473099401922e-05
2.776985361755278554e-04
8.420231987084238320e-05
