9.952791594323939783e-01
5.110922527716535768e+00
2.931459283331972365e+00
9.794852866417455006e-01
1.909765022345264462e+00
1.102284737910487866e+00
8.869825532654389555e-01
7.590743412746006613e-02
1.123527217938972674e-03
1.351441205693708000e-02
8.330551694919687174e-04
1.069824929631050246e-08
1.015919511073086346e-09
1.463460020513447308e-06
3.929085532176147572e-04
7.238799053390197616e-04
2.521717397243838335e-04
2.642748520448076448e-04
9.515219603019825501e-01
7.778557244492579237e+00
1.330464311536372346e-01
2.606073546398537943e-03
2.773854483405374660e-01
7.490356462535218141e-01
3.508284895047014129e-01
3.565766371586971406e+00
3.807717503324784536e-01
6.334036212956973833e-01
1.503497441134564738e-01
2.088509887377134609e-06
3.535219942338408428e-09
3.546248845328378448e-07
1.230531301629112135e-04
5.018691169157127362e-04
2.127979379838312337e-04
2.047200532190906791e-04
1.700421037959427839e-01
2.188332182377843438e+00
1.908331240010967988e+00
5.835078743004063623e-02
6.010651754089038068e-01
4.367612871519132439e-02
3.658460684591400593e-03
1.017982032068762255e+00
9.636065479837259140e-01
2.226101188608470005e-01
3.835540606724024304e+00
4.763299772279451505e-02
6.281491640448203329e-06
6.437163025907705692e-07
1.396526912736268454e-05
1.580245030049107712e-04
2.528786796031647598e-04
3.228159590587673035e-04
7.075644714747882924e-01
1.044623664645625061e+00
2.644046530482322854e+00
2.857197087665307444e-01
2.747578484229228901e-01
1.567074964845826743e-02
4.688342191287794489e-03
2.049575758873801445e-01
5.746761987429528373e-01
2.502958352041986800e-01
2.938386822650581820e+00
1.958165593153920581e+00
1.111780044294446729e-03
8.177645196072447686e-07
2.905969256765356811e-07
7.245029601160231741e-06
1.300666287014571308e-04
4.902833668931857493e-04
1.189510151144757000e-01
2.973150959029220441e-01
4.486666953262402613e-02
6.711429552781761343e-02
1.282960041278223828e+00
1.528293403194681988e+00
4.720605199324184875e-01
7.023167500415838926e-02
3.342402061664825341e-01
7.326194429320573853e-01
4.598811525188265664e-02
5.610181562192670390e-02
2.954222269962775149e-02
2.990868015780712960e-05
9.545323021445091652e-08
4.431355744378080055e-07
3.270570487777273367e-05
4.409636552330350925e-04
2.492115194033146103e-02
5.077223688915679656e-01
2.554845954182709614e-02
6.516120163637025009e-02
3.745426300270311426e-01
7.656635549698156407e-01
1.220014073392443166e+00
1.661841384232700947e-01
1.655329380940718353e+00
1.196402127121215297e+00
9.461057628606337486e-04
1.523136291321675571e-03
8.516985097237235181e-01
7.477519314755287638e-02
2.228204321481343594e-05
1.586577276657179964e-06
2.063915953841081953e-05
3.068040681913787983e-04
8.460813963231766932e-02
1.350141879177820525e-01
3.664214710777629613e-01
1.604259796888798384e+00
2.599379175458993441e-02
1.365575776371830315e-02
9.011836678881472995e-01
9.083869240579762749e-01
1.133904612606977391e+00
8.957401697938496277e-01
6.025344860694265177e-03
7.847094144202722667e-04
9.219976241083345514e-02
9.236037549295719185e-01
8.218104129567208038e-03
7.089151686270550395e-05
4.833482436359314379e-05
2.626732605542804054e-04
8.625833845908137398e-01
4.484574962015720756e-02
6.434911018676271466e-01
1.810599239322550069e-01
1.218370964891231481e-04
2.012351378060319872e-04
3.459825730617503703e-02
3.590793362047355747e-03
2.715708704489343435e-04
4.523851896278726498e-02
1.003675794467138394e+00
4.809464291010054002e-03
1.738327369749126947e-04
2.591400119607680744e-03
3.961511164170383910e-03
2.713039069232486594e-04
1.072889187099715759e-04
3.223978741011885489e-04
3.432420086413068283e-02
3.198646552607524451e-02
1.903440882671197376e-01
8.913974451311379400e-04
6.925992828813614192e-06
3.538040448557219363e-04
5.999566497695144225e-03
7.689419143673225285e-06
6.452652197989800816e-08
2.605797938768602867e-04
8.861373983195813819e-01
2.678504462469474996e-03
1.284982625927305785e-06
3.624800728480116592e-06
3.902645317501021510e-05
3.995924645456900068e-05
8.467545047323119802e-05
4.357750982285803340e-04
8.797371572304321619e-06
8.059192855561687213e-03
7.778368234796548819e-01
1.724211646560674938e-02
9.438151925045290894e-03
9.624862618245999535e-01
1.016418241082259977e+00
1.927012207605225032e-04
2.963606555089811800e-07
1.179622981927106969e-04
1.433035052558626621e-01
1.360061369994616191e-03
3.508332751443352552e-06
7.030327030682497917e-06
6.983522079410369966e-06
2.254910357043789047e-06
1.532099040260602248e-05
3.288118714279410172e-04
3.883779880229980511e-07
3.946554156574141360e-03
2.098378158307093511e+00
1.143916109096057898e+00
7.904456508170987217e-01
1.181306171754231249e+00
8.506378040949538200e-01
4.370032149531435928e-02
1.831378295461945751e-03
2.388104185448966521e-02
8.242850443831705176e-01
3.753105872907901847e-02
4.894016409240165358e-03
1.750685334605084700e-02
1.748332119202554034e-04
4.775987687951059823e-07
1.394639644895671464e-06
1.170493346277484540e-04
9.459813710597063797e-05
9.941871790864235947e-02
4.741566754009976847e+00
3.054725853665576807e+00
4.232888087683376460e-02
9.192565288154995505e-05
1.365238497818402937e-04
7.152640536087712109e-02
9.030697451330302883e-01
8.351548959795958293e-02
1.078188287849342515e-02
2.044102853204355589e-03
1.906429590320855502e-02
1.873409191545273078e+00
4.207493903480009900e-02
9.411290884815231485e-06
1.465679604574800501e-06
5.668857073964117971e-05
1.509716423708202908e-02
5.801471973228171208e+00
3.940230191365462531e+01
1.814735664859841169e+00
3.601626774213016963e-04
4.991988010087973255e-08
1.950494364873138919e-07
5.883801788513809937e-03
9.504704388247549041e-01
1.137201791273724331e-02
1.074764109148114942e-04
7.879627445900141324e-06
3.578911709141398349e-05
8.421979802857949837e-02
2.036780881766201645e+00
3.609204074228807967e-03
1.574309159669324786e-05
4.274916074103706485e-05
2.519405545485456236e-04
1.138935125786560421e-01
4.705425297527176198e+00
9.875220264772646694e-02
6.117384069590200480e-06
7.201515050676880901e-09
5.489222382226703504e-08
6.464305762649082989e-05
6.516872408685748380e-03
2.576347134253084703e-02
3.230912113494769505e-02
2.309418784851287136e-04
1.773489659856356571e-06
5.741555311855898926e-04
7.760488810971979401e-01
1.612555772069178273e-02
1.783315140210881355e-05
1.609368461666952095e-05
3.568665807833348683e-06
1.160863224364592323e-04
4.064670251645851468e-02
1.008722844465501228e-01
1.679982247067166262e-04
1.370354890679420045e-06
1.816595803909518803e-06
1.459070737026825932e-06
2.836803011755600090e-06
2.290644244896808662e-03
8.228636228020278498e-01
4.570172272471047410e-03
2.605284693105414227e-06
1.983678353052008422e-04
3.152978866802302882e-01
1.030481050057552132e-02
1.115121724410189927e-05
1.004299348308618602e-05
7.988382463071066119e-04
3.325003869189355893e-03
8.621039085142510883e-02
7.567958124728123570e-01
2.221704431888805314e-02
1.391600893519248389e-03
3.640579947878330204e-03
4.923865066226302661e-05
3.757224387240361218e-07
1.959417682168779825e-04
2.601481488108807194e-01
3.363230205364875752e-03
1.777646685052665523e-05
2.512187853202974344e-03
5.756517369797293782e-01
7.920347202289457211e-03
1.580894788578196929e-05
1.732240473628704144e-05
9.890112667860431403e-03
8.771765701795243286e-01
1.114138954388501634e+00
7.683019339720442709e-02
4.815234752726408815e-03
7.902483631004942818e-03
9.126755907771213483e-01
9.349873665690208724e-02
7.029724234067065100e-05
3.175658842569571878e-03
6.808118259777875547e-01
7.901595070229146256e-03
8.505361045099872966e-04
9.702422980798945662e-02
3.673580711318034098e-01
1.342104138774182680e-03
1.237444153406870343e-05
2.843702562222024952e-05
9.519821481886629402e-06
7.997324105647811432e-02
7.503444586085203927e-01
3.720384558211733278e-02
4.624274412993689687e-02
8.976134637484482759e-02
1.037288854942124194e+00
8.017171703781488246e-01
5.267914004033422311e-03
4.133713953733317986e-02
2.423667853672421546e-01
1.184095558005204135e-03
2.799096133118354496e-03
7.496602063748970535e-01
7.831655343061890706e-01
6.496276851106813979e-03
1.326779653110757469e-04
1.169516390442227975e-04
6.511785170527618783e-06
1.544085664145719294e-01
2.105782397544128770e+00
1.678861012218391124e-01
6.859525193811103483e-01
7.737800270632164690e-01
3.229751942266630427e-01
8.252855460188600611e-01
4.841123629127057626e-01
1.597115756990532542e+00
9.847248512164774592e-01
5.405097564109953394e-03
1.661809322839775255e-02
3.259421656599389427e-01
3.416007287849897461e-02
2.143312511586621238e-03
4.468319185571420970e-04
3.462053729454875176e-04
7.677679215717243518e-04
7.341748540454011707e-01
1.688320536561386032e+00
1.267473222038938974e-01
8.452148483055359207e-02
5.504733493082220042e-01
3.811888392926265356e-01
3.742107377630889964e-01
1.228776895936589675e+00
1.668167639838342931e+00
2.676830627109827887e+00
2.240810940493639936e-01
7.081176697517943541e-01
8.943390162570470370e-01
1.502911744811926331e-03
3.566783479197750375e-05
6.697111804305980328e-05
2.669899997494460720e-04
1.428123616145575599e-02
2.653083704423659928e-01
5.536672172754628640e-01
5.734586883093223397e-01
1.403359514377608419e-01
1.384001004021045533e+00
1.446971384821901241e+00
1.009910297189777206e-01
8.864661413227696574e-02
7.255362715267020535e-02
7.487426293203530703e-01
2.528370118347213480e-01
5.755729995947238969e-02
3.480056792141087568e-02
2.710481629658749230e-04
1.185281809787126078e-05
3.669206201961885174e-05
2.571905236150239752e-04
1.072655671215711592e+00
1.537460442708898922e+00
7.497006022731844688e-01
1.044063889336380280e+00
1.951790982126520857e-01
3.643366751961378269e-01
1.502981980307559917e+00
1.144318741531382910e+00
7.424737790627394807e-01
1.094610132364411542e-01
1.037912650451985774e+00
8.324076861680016481e-01
2.672302796211149627e-03
5.367539623625777051e-05
1.027039291793696793e-05
1.364832274926795685e-05
7.388895748234378515e-05
3.602207962932574238e-04
8.851418437763365343e-01
4.382090585037223263e-01
9.503611604596484685e-02
2.018420484369851942e-01
4.532908570097683998e-01
2.110375058984315377e-01
6.531167222612936640e-02
3.554855135498485863e-02
1.389796063811234508e-02
6.908104704521732383e-04
2.946324917835153531e-03
3.972613824678296324e-02
1.099114585128553893e-03
1.284945055751368702e-05
6.381187163901988563e-06
2.821861467427520692e-05
1.252213627154740154e-04
3.773042054296438545e-04
1.042878835330523835e+00
4.877724972834206696e+00
1.692213648061584808e+00
1.126352072439071206e+00
1.226625591557594541e+00
7.724425876920990586e-01
4.942215024325440770e-02
2.335292246420439055e-04
3.096993389104580410e-06
2.375539217542085542e-07
7.763723655308155493e-07
3.097140135971527782e-05
8.826396437550706846e-05
4.135529832966452661e-05
4.828054110918600123e-05
1.023587653839753807e-04
1.817155378937377881e-04
3.609494580425801590e-04
1.027842204269606263e+00
2.888198235903996380e+00
1.353067110450246524e+00
1.693898837495977361e+00
8.105155738618420591e-02
7.163657408378694413e-02
9.289910471084561472e-01
1.375764632646433311e-02
1.311750770882956267e-05
5.548583430638575538e-07
8.791831554632602902e-07
8.069243645207523495e-06
5.934555838203932500e-05
1.825853724416058501e-04
3.095668496996552515e-04
3.434769961419506675e-04
3.524381637518980031e-04
5.421544491156882022e-04
