5.185193581888435273e-03
2.116155837032964282e+00
1.812591877234309257e+00
1.516199691881335854e-01
1.001998387684327696e+00
9.013117682438921419e-01
1.152322120679009562e-02
2.108150261074779892e-03
7.922722837006972510e-03
8.073207493435697463e-03
1.501697079168425215e-02
6.322356738396914906e-04
3.477018141873599681e-07
4.721051676766192636e-08
2.842759745024738127e-06
1.295312718727607989e-04
5.903645379934146977e-04
1.310157347651875765e-03
4.041444374148073573e-03
3.795739174920449432e+00
3.248982886246968516e+00
7.956058456063496154e-01
9.917789595148299719e-01
1.182769157229311002e-01
6.138549607985317735e-02
1.032088726792614042e-01
7.171379781543940624e-01
2.362317238971598066e+00
2.647785999072784335e+00
1.530966433534531324e-01
3.970931561549956464e-05
1.243987114677378783e-07
3.208203489393234621e-07
9.436827304844160611e-06
1.191634636186230902e-04
6.749199416429855439e-04
7.260502454322531504e-07
8.161354936780976232e-02
2.941784682206426638e+00
1.221332000594062661e+00
7.705903179517270551e-01
2.159175646040754071e-01
1.499760146459467425e+00
2.295491283436276730e-01
5.374792045404398755e-02
5.817672989783284621e-01
2.533786086862234388e+00
2.685060734907211533e+00
3.570043874485678836e-02
6.462640297562560711e-05
1.322312885647832473e-06
9.252165196288410134e-07
1.319205858010875264e-05
3.719461523841686035e-04
8.639429483209248414e-07
2.644572292878935582e-01
6.449476163954329877e+00
2.310832886504150530e+00
1.730988481835300519e+00
4.534608498401784260e-01
8.517994880554375925e-01
1.106137007586268789e-01
3.304096909812388738e-02
3.426628531948086032e-01
1.524206910789222214e+00
6.345386918767676576e+00
2.911960787208247137e+00
5.420113655607537023e-02
2.749196744194490200e-05
5.119451142443284661e-08
2.504927165284033134e-07
7.043779264780202604e-05
3.342604991975086162e-03
4.698858178639624406e+00
7.289413241648452058e+00
6.435311680442597826e+00
4.400468591866283141e+00
3.962004690815940311e+00
3.192211431164487578e+00
8.392292781648191813e-01
7.919325498467301161e-01
7.750593814269551851e-01
3.272188522539753452e-01
2.682034005517890840e+00
8.144055764727976765e+00
1.850740585260595594e+00
9.127586649148747375e-04
2.592774215010942805e-08
1.014073335294200002e-08
7.705427552637821685e-06
1.271212058956883439e-01
3.794225059963646896e+00
1.186084836750466032e+01
1.285261064602100589e+01
3.377928886603888792e+00
5.819005380046948339e+00
2.311503417048874187e+00
9.415300789347279542e-01
2.417550714633408759e+00
1.016683997582893850e+00
7.939776343746109133e-02
8.710727013935930518e-01
3.263285385340645384e+00
5.850851363576221154e+00
2.153328169805888703e-01
4.681887705006644752e-06
3.574448399349654166e-08
2.750865014301983055e-06
8.876979145672254656e-01
3.219341267047240773e+00
1.502718574620111802e+01
8.269918807369682767e+00
4.546997712161467753e+00
3.019755972923503951e+00
2.186846373917246678e-01
3.010795918980395114e-01
1.441837997053520670e+00
1.213291003531484336e+00
3.433874790345713968e-01
2.019437083669934907e+00
1.626287197037359800e+00
5.323688991383089153e+00
3.569839352584985193e+00
1.031217910517938678e-03
3.516264089516942274e-06
1.146066387910942497e-05
1.030799282181117160e+00
2.150402954936233346e+00
1.331225357159952516e+01
8.561302733307210033e+00
4.900590604964840225e+00
9.995902798997227112e-01
1.306550364521431029e-01
2.346275519401846976e-01
3.953428642865321196e-02
3.774033664700735674e-02
6.113326980529913968e-01
2.057419202489140897e+00
1.022794115849282370e+00
4.445803921116685764e+00
3.475296826807986683e+00
9.965536683774040005e-02
4.184122172157530607e-03
5.215253029289369313e-04
1.076079826237741821e-03
3.261768422922453059e-01
7.779169586130214142e+00
5.854691955176988039e+00
4.560245975469522151e+00
1.634090481453536192e-01
1.212818535780431639e-01
1.688186282693008522e+00
8.750554227969768728e-02
8.566803319760962765e-02
2.243215715941888178e+00
8.973883375831365194e-01
2.675813255526942602e-01
1.015580821612676932e+00
4.946082752345522415e+00
2.656285236427510910e+00
2.323404743545396181e-02
3.646321734444834812e-04
1.157853457214129135e-04
1.055718167953841435e+00
4.581305336445840481e+00
2.083086781812891530e+00
6.603094197589348013e+00
1.359516126395529378e-01
9.382000912026046413e-02
1.102929341139428310e+00
7.093943384994882972e-01
1.244546676155083187e+00
1.233340880529170569e+00
6.995131388815682971e-01
3.321167085923296680e-01
1.622168156596618394e-01
2.142716759856538644e+00
2.095573560714709127e-01
3.670097977960258117e-05
1.078927403046441313e-05
1.024752573709546144e-02
1.071477644811781982e+00
6.636372066393431135e-01
1.863423124517870066e+00
6.511563639157071037e+00
6.570526907482351353e-01
2.917447244080079716e-01
1.100505000070398920e-01
5.105513440483893106e-01
5.146351487403598712e-01
1.276565847462564351e-02
1.179194210611066718e-01
1.449125678298267550e+00
4.982064061385086395e-01
3.091831819741302834e+00
2.221621773973617986e-01
2.547302164718210954e-04
3.549666010481829313e-03
3.344554176979400769e-03
4.696944431827226873e-01
4.571233392790761130e+00
5.001013251302921958e+00
2.997773994223539074e+00
3.412085591614935520e+00
3.267398286187158885e+00
4.531828807209623555e-01
1.083578321891619956e+00
5.194836640361184532e-01
1.217150985891656337e-02
7.536389262667494982e-02
3.970501038254339310e-01
2.215639938779107865e-01
3.380430584191949084e+00
2.438379432996285345e+00
6.370718487658959261e-02
9.458045336500716660e-01
1.380777223347457415e-04
2.878628688073914699e+00
1.857100489840523210e+02
5.306463129857876382e+00
3.284510135858037305e+00
9.083199255765055824e+00
8.113948013670226445e+00
2.528045578951726213e+00
5.933069186355560687e-01
1.857733455467328376e+00
1.993983907069423855e+00
3.379408758867682661e+00
1.476796670788610211e+00
2.353467462849251346e-01
5.897043836093282643e+00
3.441971863433995082e+00
1.404139841047960351e-02
9.264220934204911440e-03
4.899083156756552589e-06
3.446206612552184939e-02
6.226048035597012031e+00
1.223331540845487009e+00
3.949903681102216790e+00
3.424817330078560040e+00
8.954179558553413409e-01
1.742233636299509447e+00
5.592606385299518923e-01
2.126229794852278587e+00
1.500139119175587510e+00
6.085194232527335600e-01
9.870755476305278497e-01
2.388029051949448478e-01
3.737751476312995091e+00
3.668226315772689095e+00
5.418713572622266272e-02
3.907717218127213128e-03
2.873632462435862953e-06
1.156551263733781362e-03
8.730629423347160412e-01
2.464614127399223253e+00
4.478864722587657887e+00
3.150829709311990801e+00
5.126166531501986645e-01
1.171718399041899339e+00
1.289095050557223621e+00
1.091566466855828921e+00
1.803421122009388200e-01
6.551220824130155052e-02
4.246909755528914809e-01
3.353985282993164896e-01
1.972500550294324917e+00
2.509436092431293286e+00
7.287452878524035560e-01
5.050212007740691872e-02
5.038750213973624886e-04
5.466735960239429981e-02
3.070889165407708621e+00
3.402532708701813124e+00
2.847981910817181106e+00
3.531500893852221878e+00
4.624284004337570475e-01
6.648021519795366263e-02
1.615289819113633063e-01
6.838932949699517705e-01
9.357402733630783287e-02
9.676050406586594876e-02
1.578592882632198213e+00
6.572206471024932828e-01
2.676693881199413205e+00
2.940816939174196065e+00
7.127692541904223633e-02
9.727336338812643578e-04
3.299474482801496855e-03
8.632616953891882883e-01
5.005390995933475473e+00
1.784323907447508795e+00
1.648749649166944664e+00
2.031731592921927732e+00
2.734122467516135191e-01
4.343307059649711629e-03
1.548927073862867154e-02
1.986101744879709807e+00
2.605701415747060379e-01
5.004544578814383582e-02
1.045352440983634779e+00
6.921651929630540101e-01
3.329671674727599395e+00
1.888553723839924592e+00
7.268135378170378479e-04
2.162970414959091506e-06
8.343761051667586382e-05
1.571523287402750990e-01
2.841277960573445061e+00
3.278328648575414839e+00
3.517892805500664632e+00
1.769128954619543448e+00
6.909497275360013679e-01
5.037448522947145235e-02
3.400367456514880732e-02
8.610953655195465739e-01
6.554339513856518584e-01
5.880689870505796668e-02
7.408902905282613860e-01
3.586514596677917055e+00
3.410081630283253951e+00
1.779285151530780040e-01
4.780398344424454743e-05
5.655332094983165797e-07
6.566548101964106172e-04
9.566527430612632443e-01
8.210574001858331528e+00
7.644500602704974668e+00
3.408515892463749530e+00
1.305370698181467448e+00
1.465252853112357645e+00
1.664784988183775072e+00
1.180062357021123942e+00
2.549540837743640709e-01
1.896971168762785764e-01
5.515344646034317511e-02
3.521985423594397036e-01
2.104044013214733777e+00
1.815955295177113626e+00
8.621973753161391585e-01
3.703161326410889156e-03
4.031284047794461608e-05
8.819003128083081899e-02
2.763324236589713934e+00
8.749737005678156265e+00
6.654986430839858080e+00
1.265115581916136822e+00
1.974515345514229692e+00
2.177907377051243820e+00
9.515403011916578890e-01
2.902329483027032975e+00
5.254311754621208141e-01
2.772187567816325471e-01
2.564483151910021963e-01
1.449864561538715568e+00
1.912868858755783497e-01
5.842969966201906618e-03
3.573266328008421755e-02
1.194436781619977184e-02
4.469873652506341352e-04
8.544735481288886492e-01
1.442044871665164152e+00
5.322692248499912182e+00
8.152151503943430910e+00
1.710766351603161706e+00
1.580741650433510337e+00
7.031194238289487641e-01
2.518853826262139051e-01
2.573445931517048257e-01
7.612466497925039766e-02
1.300302636781429655e-01
2.953787926221984605e-01
2.011394483498329500e+00
8.109956765382963367e-03
9.229140682336311521e-07
1.032181631266102821e-06
2.015958256396268813e-05
8.671019359184675137e-05
8.892898145965917600e-02
6.186250339770299478e-01
2.368500183757932920e+00
3.230728075999792726e+00
2.922937614185634914e+00
1.574857864646897587e+00
4.941530860920002599e-01
1.533988187769473432e+00
6.795680553375564870e-01
2.895442232026177454e-01
1.497654771134512730e+00
3.077891315221305213e+00
1.913888844212404905e+00
7.323021220470062867e-04
4.538207393828772661e-08
2.488900252298609640e-08
1.714410158777242992e-06
7.492216072014874968e-05
7.078733693303169029e-04
1.550457576110510216e-01
2.070587248807700842e+00
1.275384693166189631e+00
7.808021742230898399e-01
5.314588975489575873e-01
2.780622440522604322e-01
8.728854211755651127e-01
6.151942318128245102e-01
1.501583766744360116e+00
1.583726501348909688e+00
7.364302207399205935e-01
1.046264636521304497e-01
4.530175705840487621e-05
1.355658323523833453e-07
5.280783428556799579e-07
1.956779850679822390e-05
3.301348497644724864e-04
1.940458419194886859e-03
9.262994861365118071e-01
3.859610614034994391e+00
5.850765860720751332e-01
3.131918931464945377e-01
5.296805751279756169e-01
7.278474718425925749e-01
2.940371283667791769e+00
1.992561893147845709e+00
8.466044074660115104e-01
1.165428551077707896e-02
4.720306976951670671e-04
1.729908134538227563e-04
3.539817525049813072e-06
9.534571852196089305e-07
1.412556161019291534e-05
1.644002016636039048e-04
7.518626215374027682e-04
2.691885962904579099e-02
1.938367605995120035e+00
2.210513899235582169e+00
5.501959919337301441e-01
1.588413498311922467e+00
3.380126839084217405e+00
5.127731108788610159e-01
7.103256924442041820e-01
1.629524291252726909e-01
5.979738429615110915e-03
1.585143460665775828e-04
3.030327370000165249e-05
4.435482569526722770e-05
2.299501880749464373e-05
3.979973658699669501e-05
2.441481573555322171e-04
6.971501169869678610e-04
1.419709028993101658e-03
