2.895730292202513493e-03
6.537919607169006588e-03
4.604199613301093188e-05
4.759253434177034723e-06
1.834720931673072917e-05
1.966027776323327579e-06
1.350834520491118085e-07
5.733839408006704551e-07
1.776403478186994810e-05
1.309716335497435275e-04
1.724102471442861943e-04
1.590901794590251920e-04
1.642564313584219846e-04
2.163487095161137179e-04
2.860276021964021234e-04
2.707998988884670853e-04
2.396746308746442150e-04
3.526233599331534199e-04
1.270244663502211394e-02
9.446617849393057487e-01
3.891961061752204770e-02
8.364061970959226974e-03
1.390417947216416282e-02
9.922747492608439816e-05
6.952652725944941567e-07
8.698620693379249287e-07
1.643092153702858840e-05
5.015787343367259090e-05
3.050976735385336382e-05
1.662233002795915200e-05
7.420149855617128318e-06
8.014717735249256557e-06
2.210090354217219497e-05
5.521608377449938986e-05
9.484267629566680473e-05
1.987023040050975265e-04
5.842159027260146811e-03
3.027339641094701328e+00
3.914088600419497688e+00
3.127868289841908123e+00
2.752081905947380669e+00
1.322093631384850254e-01
7.340415063111603057e-03
2.722170223560156383e-03
2.330362942723617804e-03
3.013120160226885245e-04
5.865888122433710614e-05
1.020118253721845691e-05
6.594558554368701094e-07
2.965682979450901708e-07
1.093028116605902449e-06
8.894593040671408809e-06
5.353947382500421975e-05
2.029796714249376167e-04
4.508928495295929859e-03
1.016444440203220445e+00
3.959507887796832382e+00
3.051270171534729680e+00
2.997396163198478458e+00
4.263074924656808484e+00
3.475580279305228171e+00
2.359715454765107800e+00
8.080170561351188718e-01
4.401282205179281315e-02
9.743419574911277997e-03
4.541642476962869947e-04
2.010106594083243457e-05
5.966773697226023936e-06
1.625658447481055095e-06
3.363671150307178443e-06
3.809486482876215009e-05
2.644581343085452099e-04
6.359877066919363171e-03
1.882356311261419668e+00
5.290927634671604984e+00
1.627514438409565445e+00
3.319048160885358367e+00
6.536113599822000353e+00
2.561183527992651143e+00
3.902985380910426461e+00
6.668713129336786061e+00
3.515878690295980658e+00
1.677555514437075956e+00
5.120214615201709729e-02
4.311514699898991859e-02
2.407244246353188594e-02
5.107408639012205856e-05
3.072356359833464953e-06
2.910849266414299158e-05
3.227175186025770404e-04
1.262039006602801053e-04
1.019535162406380729e-01
6.912515055001609010e-01
3.448413451641202387e-01
1.797913979733757550e+00
2.146308382935045334e+00
8.681685367264529996e-01
2.631068250366512373e+00
6.762812303976772910e+00
6.259054431778913852e+00
4.076860702182618645e+00
3.957911017758655170e-01
5.952724295660716258e-01
2.701307138681044440e-02
4.015227021325556037e-06
2.960669434120953512e-07
1.229625297381257130e-05
3.129078233010831964e-04
1.374049409561379105e-07
3.374984730563031275e-05
7.111337060906268437e-03
1.091760838347127227e-01
6.701678096088153902e-01
4.748074822251027172e-01
4.764517913339065269e-01
1.936029506299279612e+00
4.730672738601993110e+00
7.188157211257299117e+00
7.767189449261583611e+00
2.691762591765914703e+00
4.068980119820095886e-01
1.194379751101702641e-04
7.645421548820289414e-09
8.851719198984277077e-09
3.735352101062692348e-06
2.467043913257555335e-04
6.513957099291995454e-09
7.052329496866769310e-07
1.194318508532609020e-02
1.016993803074974556e+00
1.027688700699840973e+00
9.718716268030105354e-01
1.027802210304259667e+00
7.220622529779159304e-01
5.555670020344558591e-01
4.248953795503809694e+00
4.996312347433872425e+00
2.139972355334707643e+00
1.721333132184326598e+00
1.290585291815595469e-03
1.276132545740689443e-07
6.177452840645444151e-08
6.604759558022816422e-06
2.467089637634663820e-04
1.377427155430287890e-08
1.714097866419206893e-06
5.903084626361686932e-02
7.125904979990187460e-01
3.696464681285958065e-01
1.411422082388476662e+00
6.353732163039441661e-01
4.153234558451647240e-01
4.259451057189676537e-01
3.168538444411957311e+00
4.086480240690412380e+00
2.480608956064810133e+00
4.675369691366215719e+00
1.840521438097129370e-01
7.969844384082665429e-04
4.625180886765071017e-05
7.109734267737288760e-05
3.523171590726364598e-04
1.065108699104260523e-08
1.012859864501548287e-06
1.939182863436139659e-03
2.360789612003641111e-02
1.173833904712432652e+00
2.081557661891002553e+00
7.300690671361786781e-03
2.488691319965339113e-02
8.679322410515034614e-01
1.525271768759183466e+00
2.271245317668910690e+00
8.759758366899198734e+00
8.008232305546943763e+00
5.709037603701089258e-01
9.663589049746632367e-03
1.807774345950083036e-04
6.093281210647750985e-05
2.417888300053306293e-04
2.536201188918152518e-09
9.022409611872980566e-06
1.926628934160762308e-03
5.174602750362869430e-03
3.766964887845058119e+00
7.335325801097628551e-01
8.485878035880652429e-05
1.620448328654257916e-03
3.116444167637995588e-01
1.483478878015741798e-01
2.002494436806220024e-01
1.054335917253437671e+00
3.970616892598616499e+00
4.055340100659070579e-01
2.163034538420328490e-04
5.002688918371799617e-07
7.844940290281056214e-07
3.593537795778896826e-05
5.587631658116881169e-09
1.747937116853345157e-02
5.004723402322413861e+00
8.225997625731874818e-02
3.082034136063920293e+00
1.531288718360329648e+00
3.598010963733009205e-03
4.477473351577507255e-02
4.354408316954803126e-01
2.416006835017973642e-01
1.251566969682798680e+00
1.386446136824912578e+00
4.778275771762237056e+00
1.736615688843258232e+00
3.616122218267034155e-04
8.627470491919676117e-08
3.376503709483210162e-08
3.273620135630870742e-06
1.299848281478237496e-06
1.151365614817370320e+00
1.674242954918755970e+02
2.554953571775609333e+00
3.467926773530784601e+00
6.642368172041028807e+00
1.757049920722750569e+00
1.189709295639937325e+00
1.935495688150876414e-01
2.629550988804767453e-01
3.344295059480224541e+00
5.797414410777840033e+00
6.260136068359492434e+00
2.078651793117158419e+00
7.923727185795989558e-02
9.195564225824002277e-05
2.537242488068214633e-07
9.396421260055484873e-07
3.656139184902505723e-03
9.519647770553523181e-01
3.532520391799626402e+00
2.445229586963796553e+00
5.366276102676181825e-01
3.075436017067271210e-01
2.329413091687166926e+00
7.360817088578737177e-01
5.914885027991768907e-02
4.066655421337877496e-01
1.849882351363309141e+00
4.237198788023654572e+00
2.540604027411429211e+00
1.714310293420606979e-01
7.593456876789355103e-01
5.504400058969588505e-02
1.089954646396691700e-05
1.400788566860869043e-06
2.216111188496762419e-02
6.289080500462587153e-01
1.207608703342710310e+00
6.802902193177321699e+00
2.978711764329104117e+00
6.005035579096258402e-01
7.470105779465332496e-01
7.671999284402507280e-02
1.263381593277789795e-02
4.871686745226951887e-01
1.363600859294331169e+00
1.516634261020745944e+00
3.469683298584945952e+00
6.780803486857715778e-02
1.987977056553775004e-02
4.850656596143867842e-03
1.854398915026169386e-05
5.051317065542250791e-06
1.718771194940790087e-02
5.560416581142036963e-01
2.297746946385863076e+00
5.777852825285114235e+00
2.533612934269009909e+00
4.986599900729928869e-01
8.801178431966170945e-02
7.197632423414902780e-02
8.301979640025132501e-02
1.533132472560924553e+00
5.290218291742187162e+00
4.112923213892468510e+00
6.085521531572011256e+00
1.115781341747112965e-02
1.812496229238603199e-05
5.003069349854309060e-06
4.800202399252507434e-06
2.337142955115444938e-05
9.752634777500178709e-01
1.492999817653180683e+00
2.757455405523179692e+00
4.091918294848185589e+00
6.764159156276345897e-01
4.694046808381105440e-01
1.708128726582445467e-01
7.038424321182079613e-01
8.481788478626729466e-01
1.587676411811100863e+00
3.653725387605910147e+00
3.688033298319255415e+00
2.051916215079410133e+00
1.414517666758962613e-03
8.713079730787624609e-07
5.574604465775914955e-07
7.722956793031144420e-06
9.877957953655704679e-05
5.213984296392931012e-02
7.592212162408737419e-02
9.154406822378795550e-01
3.053878513800280636e+00
2.206561235655452036e-01
4.540215355502218997e-01
6.057106436165962116e-01
7.477112142243679260e-01
5.205046817973177919e-01
3.192101027915988265e+00
7.599168935964517146e+00
3.296487200683356100e+00
9.075187157462504262e-01
1.578255796734886595e-03
5.195102563310583806e-06
4.843816369593571556e-06
4.154839551297704063e-05
2.451128641774499980e-04
1.068065793646145751e-03
4.923432661334928295e-02
1.101036465639098738e+00
1.731105871751911662e+00
1.814975959086285173e-01
2.225263087794432937e-01
8.366810023446266120e-01
1.726397282210506257e+00
1.165006493603705673e+00
4.215045216881781798e+00
5.488690755346530281e+00
1.700955327090179381e+00
7.655496284011795161e-02
1.498297458457467136e-04
5.927633795787780124e-06
1.812532884224319347e-05
1.033682642390297492e-04
3.449715635767290275e-04
3.297370577079968869e-03
2.835027101073406719e+00
4.963223413645566851e+00
1.160333110520261002e+00
1.945356300016371609e+00
2.570559898882768035e+00
2.395754436901406770e+00
3.019121714290150749e+00
4.845755595524889436e+00
3.849619719343809088e+00
7.931141223772173454e-01
8.480588749356174350e-02
4.277498582342383429e-04
1.799400352928460010e-06
1.493116392916284356e-06
2.033103795480828804e-05
1.176079792063157371e-04
3.458603049812621131e-04
3.897106934416270712e-04
3.118265967814255024e+00
5.030796935465145836e+00
1.464750480559994517e-01
5.283508166218611191e-01
4.927873735125597676e+00
3.134580594022145839e+00
1.459614927364639936e+00
2.909968841202798195e+00
1.822257769430373764e-01
2.114152928970268117e-03
1.645434714682574874e-04
4.782838749830153308e-06
5.784830919010381981e-07
3.323036400997395377e-06
3.448813196670468684e-05
1.063228966657929828e-04
2.758233140318379329e-04
7.657239273184517905e-04
2.102930225579141332e+00
4.588863963942374724e+00
1.505865986913210997e-01
2.420306485814070208e-01
1.469050480412069870e+00
4.401759430316377064e-01
8.040753135059659495e-01
1.921650520730511014e+00
1.134910645514062167e-03
4.971650719815287675e-07
3.144712978678509287e-07
1.418841983237369348e-06
5.366081570884470132e-06
2.712257939909705522e-05
6.278984380721443399e-05
8.487085081102308036e-05
2.032627218382525346e-04
2.247008618644547734e-02
1.743202551700944625e+00
2.609766564105893583e+00
6.105541429752618932e-01
1.043633505430146408e-01
4.783828706449755851e-03
1.135703007527887336e-04
1.473603576942803840e-03
3.917739992874295224e-02
6.960003970282847916e-05
1.005553053735122780e-07
3.025495101830555083e-07
8.535259869041349025e-06
5.242304555539952974e-05
8.702692480245643319e-05
6.980569799553402489e-05
6.839808536902889453e-05
1.698058149383942510e-04
1.106438160392011474e-03
1.078319039960379672e-01
1.717309934650501191e+00
1.195274775019930097e-01
9.571040528710357727e-05
2.308521328238748652e-07
2.138580184531847960e-08
6.524745046636148960e-07
4.426051241775021925e-05
1.287211794759795355e-05
2.275045870121397590e-06
1.060611305412490274e-05
7.953936183159682834e-05
1.586971214681150686e-04
1.257846954142334821e-04
7.947876886243185161e-05
8.103329035912982810e-05
1.985482216669534259e-04
3.385677705171026070e-06
5.410037055287036803e-04
3.559363891735715241e-02
4.402414289189602063e-04
1.077117792968964674e-07
5.042410792220360558e-09
2.794787234630276540e-08
7.042761054960758668e-07
1.008407772711388774e-05
2.759546278138755472e-05
6.043810586692283966e-05
1.858243380284352276e-04
3.536856595087392455e-04
3.463784812652728013e-04
2.448117057995003853e-04
1.765580219596669671e-04
1.918737523128695368e-04
3.935169488368460118e-04
