1.963159691474003044e+00
5.073890712695305893e+00
3.944881860604004142e+00
2.044596758500284217e+00
1.057717234699617981e+00
9.274875098931495421e-01
7.324247240868596298e-02
2.144108081514198641e-02
2.204287790190409286e-03
3.182483636682444778e-04
2.373329538497921713e-05
1.666330226019099738e-06
6.468235906523981127e-06
4.274509935618067707e-05
1.128638867009668491e-04
2.621881458836569927e-04
4.304755343284713217e-04
7.116577994827508148e-04
5.610844520959928222e-02
1.783232335849397776e+00
1.293544969997353578e+00
1.478988559324868612e+00
4.997357052460683624e-01
4.021542359382441201e-01
5.332598886073619537e-01
2.317458077558991025e+00
1.471963826044552670e+00
1.733067047448962006e+00
1.318198078321402567e-01
1.848169740058705490e-03
3.064730905607403080e-04
2.788959574514937245e-05
1.056674532022594355e-05
4.069050374975866140e-05
1.511576507194071941e-04
3.917887348520067295e-04
6.948961032204505062e-02
9.767548287286210718e-01
1.402199136962965775e-01
7.107298547979887249e-02
5.607479169125980864e-03
1.584037040788196724e-02
2.401742331184936741e-01
6.469472978074078395e-02
2.780665878559867785e-02
1.847505234078422598e+00
4.105824538311445338e+00
8.255744047211482917e-01
3.950735281916764596e-02
5.320505589654062723e-05
2.494737493095026901e-06
1.216869623115648557e-05
8.986070070252398165e-05
3.605879945652550175e-04
9.585149036941734702e-01
9.389702081416704260e-01
8.543142095412156189e-01
1.964994191603258278e+00
2.399914060167733856e-02
3.531903593736365754e-02
5.460946412824256857e-01
5.566671611238205482e-03
8.070447005666929073e-04
9.808099479864716697e-02
9.528582941238146198e-01
7.179674904777690436e+00
9.828489637082398200e-01
4.855434769783120545e-04
1.038859021578304778e-05
1.978140190460459026e-05
9.686189966176840245e-05
4.743924273761962484e-04
1.317817775017510878e-02
7.595642453234761893e-03
3.478888004206940887e-01
2.712629160375051640e+00
3.456929345277039850e-02
4.345099909980700004e-02
3.290839537124635727e-01
6.390405103033575118e-02
1.553660689219087954e-01
6.939073281360358392e-01
2.750436735541826883e-01
2.671005584614168704e+00
2.006153850717245835e+00
2.055403908648495426e-02
7.526109959738580936e-04
8.702792354223714373e-05
7.217181663900619840e-05
4.364897897156200203e-04
3.883744000324588239e-05
1.059457528743421419e-03
7.298357755402794522e-01
1.304769527888177905e+00
1.013697405823934111e-01
8.076908894331293887e-01
9.782003358869544307e-01
6.372231502065174302e-01
1.007601324710148516e+00
1.670032664942057432e-02
5.451433694720211149e-04
2.792930816380799139e-02
1.236742296009079034e+00
8.811254886416020060e-01
1.723412233100410709e-02
3.209218926692230855e-05
3.418170037819582929e-06
5.678924092625084078e-05
6.558008976049212201e-05
1.425288524382003867e-02
1.103911947767481916e+00
5.644597595765354914e-01
2.021911642817912913e-01
7.078542379868599799e-01
2.419958319926317769e-01
2.489302234537681124e-01
1.038459634583916852e-01
1.478032771708558818e-04
8.256565007021573587e-06
3.657169598797211079e-03
8.339816893499301109e-01
1.019102448135144057e+00
8.667897446730351424e-03
1.291345665512688903e-06
1.563566211990854494e-08
6.302259828868529544e-07
1.484517707071331995e-02
9.622740909723540570e-01
2.604566655259689112e-01
9.073351514484989666e-02
1.367018637455357510e-01
8.465578531942641316e-02
8.357623906328100205e-02
5.551891266264514790e-01
9.441343512821456230e-01
6.785068775717747851e-03
1.432053602241321346e-04
1.685228015046384697e-03
1.455944173736431133e-02
3.195930222829706374e-02
2.228669050025503320e-02
1.736045406765545398e-05
7.722357992621838016e-09
2.761021362484973545e-08
1.563793359649516199e-02
9.433285027562434699e-01
3.811247952590552934e-01
4.417687697632008414e-01
1.209461047841636994e+00
4.804360501021378016e-01
3.873109914454005431e-01
7.437865765722858624e-01
8.592605716559430507e-01
2.252015982094197552e-02
3.837278169062543869e-04
1.237030873640004381e-03
1.481832310488591896e-02
1.530463993449323046e-01
2.746534986303961201e+00
1.193336994382374616e-01
1.869769829293029532e-05
3.708207000816809548e-07
9.657373205376900186e-05
2.622359147260555634e-02
1.976324781501861194e+00
2.360995912641580041e+00
3.811702095497798481e+00
1.673598350475213881e+00
3.895048358839796054e-01
5.519921391601422256e-01
8.033639209905862888e-02
1.940197027729598624e-04
1.449496482327276929e-05
2.654996778092881971e-03
9.539813626822540860e-01
8.327653458123724928e-01
2.514573546128880954e-01
8.376705621294537885e-01
1.780219302562852102e-02
2.535208330816213050e-05
3.996710428361499942e-05
4.316136970716854052e-03
1.871112437997832334e+00
3.303769816598394748e-01
1.728004499557909579e+00
8.094831124019135071e-01
3.407917990689701693e-02
3.508094557297877780e-02
3.434259236012898080e-04
3.638820931440183870e-07
6.648234087837365784e-07
4.044028211379199701e-04
4.649299680684094993e-02
3.149616088047056239e-03
5.425710119172349056e-05
3.813646093260410642e-03
9.104016975730079564e-03
1.319216002075422599e-05
3.045759627410972881e-03
1.414935245247650117e-02
5.035941865380878291e+00
2.181219929619836184e-01
7.409913870373917577e-01
3.066552583423343137e-01
7.074868574350265393e-02
1.092346305270128388e-02
3.795587709269454644e-06
2.842055785737714117e-07
8.472856318944232642e-05
4.704586309281346378e-03
1.127210401457262069e-02
2.807953330825412822e-03
2.935273181516771736e-04
1.666692430637121969e-02
7.235044258267413902e-03
1.145809034331246267e-06
7.950211261001065566e-01
1.568373794753560091e+00
1.821747877734923691e+02
5.373917732464327912e+00
3.737451544594406982e+00
1.340477328299538140e+00
2.413958760356359257e+00
1.451195996976252234e-01
2.693526866887466014e-04
4.205477644146179972e-03
1.106992738732330617e+00
7.468570663756941563e-01
3.007578790415888492e-01
6.458919792319028907e-01
2.901528408133062231e-01
2.775918160491805953e+00
6.422111308424213738e-02
1.446103009307270329e-06
9.045476220990315841e-02
6.842670745899601670e-01
5.237366325167196024e+00
3.877089367518031238e-01
1.415725829954438186e+00
1.302427361442308085e+00
1.454829461091612097e-01
6.811953312298522044e-03
1.569892979725749649e-02
8.298578187383625071e-01
6.687274835395891348e-02
6.983777341773664965e-04
1.611876922530669411e-03
8.083571922953874250e-03
2.585988463812018742e-03
1.531135152421106947e-02
2.851065321001766684e-03
3.740387167528692917e-06
3.523897795708067697e-04
8.342442762686229363e-02
1.264437118513470626e+00
3.590218689643817074e-01
7.420347754527932826e-01
5.798038023405066577e-01
8.398998974801844680e-03
8.895424004498873362e-04
7.304376794613201551e-02
4.935117329771383093e-02
9.779006425418401881e-07
8.505322661205893686e-09
5.164279780355758041e-07
7.803867498768501758e-07
5.515256246200941966e-08
2.876933572041277458e-07
2.532063868575705933e-06
3.033434043061709289e-06
4.506959652470037794e-04
4.481251848234812929e-02
2.810848185221589968e-01
5.946315855595201150e-01
6.190274453399159382e-01
9.317692941431597597e-02
8.945425490494079285e-03
1.681457050390006841e-02
7.443673390799921963e-01
1.082402369245686474e-01
3.252069400470742502e-06
4.295786219548674807e-07
4.317957794107513207e-05
4.995925718559427364e-06
6.477209282770247298e-08
2.228716853977077976e-08
8.290553062092491726e-08
1.405505192307405323e-06
2.195788610853267181e-02
7.955979026026730461e-01
3.414599866680952944e-01
2.146078693800931858e-01
2.123534158543190220e-01
3.883721048291597505e-02
1.085600060654360738e-01
9.306322050046604843e-01
1.429476712907415514e+00
1.673954052374007961e+00
5.360369635767130853e-02
8.837073862169821103e-02
8.533781394365202999e-01
1.120796503472372141e-01
5.145030371721727273e-03
5.563947642576947539e-05
3.281014005268192964e-06
4.547219165605256093e-06
4.713426265521720982e-04
1.130788951188865660e-01
1.392924846961240082e+00
7.560066147200602549e-01
1.038692512034868232e+00
7.191960814224954701e-01
1.154263678020401862e+00
1.467009795442159925e+00
2.379442447374240099e-01
7.678990325553236573e-01
1.366466409758942513e+00
6.219246177724280233e-01
2.342695486995502174e-01
9.095065436877360909e-01
1.837924199039285611e+00
7.048478858301965300e-02
1.170546346834094170e-02
7.082371199380109276e-04
7.000688927918087909e-06
4.256006049222357205e-04
6.570906981929132140e-01
2.365868217117998995e+00
9.229129156604917172e-01
1.057454685600192512e+00
2.874201244155731860e-01
9.992463316192315426e-02
1.517301469892893273e-01
8.368298186934011174e-01
1.070178658882922740e+00
1.693086987095526047e-02
1.194016469506291919e-03
5.903490821403943600e-02
1.059165454688006103e-01
3.404260618121008469e-02
8.794035410814742271e-01
3.962093127530008640e-02
6.993561100818396735e-03
5.067458036935156701e-03
1.272322765008232048e+00
5.766250723424268809e-01
5.309848694785888369e-03
5.910115910484795010e-02
4.779019958044971039e-01
2.785140644427275269e-01
5.550386320062057344e-01
4.179802039647566581e-01
6.681291865982957878e-01
1.146979339768836592e-01
5.944979346046512514e-02
8.012529705400140978e-01
9.847724653650384227e-03
2.903300278825988925e-04
1.664496323531310107e-02
4.647013182096482176e-03
9.048582877944794101e-01
1.572061265364097515e-01
1.472526780030362525e+00
6.505855063537722138e-01
8.473997807996362999e-03
1.173042528215157421e-01
1.853354835409488921e-01
3.655834665493983872e-03
1.228705892916020712e-03
8.232158795054515116e-04
3.350466335978467824e-02
2.014700467151639973e+00
1.949343739993304681e+00
8.364658047695548715e-02
5.466025988007311767e-05
1.539479873368015468e-06
3.457224188707196387e-05
9.954496332293019504e-05
9.424434255669812688e-02
1.688702285508434375e+00
4.055806392846172947e+00
1.777634800742684318e+00
2.399116776024508568e-01
6.663456188489642606e-01
1.759994573462992512e-02
2.803087917847996450e-05
1.726954521993102158e-05
3.988777262503670918e-04
5.230184845543250916e-02
9.257527935888080206e-01
2.159412097431245847e-02
1.118501865109452258e-05
7.024551445383919741e-08
1.572654620364945807e-07
6.890657442204244566e-06
6.856934679540367358e-05
5.721356737773334450e-02
3.120720809865116241e+00
8.854119475799404615e-01
1.954169441709195099e-01
5.263665313357741155e-02
3.859964946943649639e-02
2.063069124522506903e-02
1.415565650445639936e-02
4.943960503541627860e-02
9.118103027043421571e-01
1.011033618179685289e+00
1.152932782753275480e-02
2.823513523376934933e-05
2.042681026232133443e-07
1.015185315121061574e-07
2.160036229249542779e-06
4.953281601176026466e-05
2.858067996021659949e-04
8.913430964715309823e-01
4.976849317508758475e+00
1.117632965652553878e+00
1.910676544585908410e+00
7.839437945878465763e-01
9.718486544178138453e-02
1.405547794207418211e-01
1.675971256267346110e+00
2.215505986777968062e+00
1.894548012583806562e+00
4.670892171076746618e-02
2.842486102875387799e-05
8.342836877894473172e-07
1.580815204769578200e-06
1.227871307912399416e-05
9.534102934167925389e-05
3.033756683299004700e-04
6.134392964582593283e-04
9.718487853097249052e-02
8.883938633957466635e+00
1.313316593781333630e+01
3.753784504097021024e+00
1.441319272724374656e+00
2.613136574035070492e+00
1.735055372555369402e-01
2.718678290527958008e-03
3.517789308087943727e-04
6.509162783890122279e-04
1.589028559674181924e-04
3.198463270235924423e-06
2.871543238229022770e-06
5.317556743834367963e-05
4.392455215034849814e-04
8.021174033590946920e-04
7.419745423061641218e-04
8.995093707426682784e-04
