4.205837749789893137e-02
2.802121634533514399e-02
9.637112513237744427e-01
1.062587638228949416e+00
1.805393088530585333e+00
1.033812668000977236e-01
1.322217997483882414e-05
6.005694828111022544e-06
1.837543304978639857e-03
1.428976773173012797e-03
4.354456372543267568e-05
9.536871153079699850e-06
1.440828090532774611e-05
7.908270503959266584e-05
3.324772942075024580e-04
3.730421637346907062e-04
2.584200963750666008e-04
3.627234664848894702e-04
8.532240580438320565e-01
5.564129068712209830e-02
2.876111582836554437e+00
1.040997682961070314e+00
4.398972869095094662e-01
6.701823636540529261e-01
4.509798446611518186e-02
1.723896329428956653e-01
8.370253797763944625e-01
5.502079112311208942e-02
2.843844213176527965e-03
3.480218263970517493e-05
7.614302051061507103e-07
2.283638286579828578e-06
5.083569958683505351e-05
1.652603627705974973e-04
1.336708146707596846e-04
1.914497455898347207e-04
1.382839146756116855e-01
6.125872513819077651e-03
1.164767129294891790e+00
1.830475068019062901e+00
5.160621724942804356e-01
2.811006393423474692e-01
7.655853003780657695e-02
5.315689641168229729e-01
1.257246621013838439e+00
9.841109623611314916e-01
9.855267013154815903e-01
3.363438325753332139e-03
1.443752252888095051e-06
4.059746621516417133e-07
1.212398059419205371e-05
1.112978424132892607e-04
1.441879885874128796e-04
2.110166007757454092e-04
8.421435976440512228e-01
1.137426845498765021e-01
6.709427253555788617e-01
2.734826850910125895e-01
5.392184889479837429e-01
6.320671168565461517e-01
1.636049354682204693e-01
3.487131113817369954e-01
9.443525201692817284e-01
9.545778691246457059e-01
8.101113577044526393e-01
1.169778715025598798e-01
4.505546369890062837e-04
5.348038139766195348e-06
9.358062366723690856e-06
8.124070360564614624e-05
2.078747920884630796e-04
3.666350551547936849e-04
5.296096840758216656e-02
9.643531903215769585e-01
3.188659376148756941e+00
9.104970537541916542e-01
2.396139325342566018e+00
1.381590588846564049e+00
1.605602440319718882e+00
2.887727877066677440e+00
2.737540741635866581e+00
1.199874965786742909e+00
3.417742064453861417e-01
7.705365871376419484e-01
2.646960329911161522e-02
1.978938236088967784e-05
2.052190567110667184e-06
1.996794947598651542e-05
1.701577333644980258e-04
5.713415452900100352e-04
2.651280545912575398e-05
5.380301668539174548e-02
7.638581109641651157e-01
2.334207961951009491e-01
1.516694825876337416e-01
2.312896237603816185e-02
2.428005481771709773e-01
1.077021461276447045e+00
5.035647845541194600e-01
1.416791927060500722e+00
1.978622938352201155e+00
9.914722464077070363e-01
3.852125040456482862e-03
9.521634864907678890e-07
8.313158211615751776e-08
1.505231756454319889e-06
3.894747537482919363e-05
3.775070267960403919e-04
8.716852898099699116e-07
4.084348408944398542e-04
5.374757291674759838e-03
5.108523819541613969e-02
7.693930361792843398e-01
1.588417964375445357e-01
6.339861836937331629e-01
1.931346466473790935e+00
6.041692873228073912e-01
6.300650622037743398e-01
7.859751194837675259e-01
1.223807793279197531e+00
2.134672503120575021e-02
1.709189109933008006e-05
1.198650248748718683e-06
2.126147075473860771e-06
6.701664252784457604e-06
7.384157296321331918e-05
9.002147619661794053e-07
8.516882554381211164e-06
1.078660674218528910e-04
2.739428808993355988e-02
9.403930929635087033e-01
4.008104512936108005e-02
5.615217265391640733e-02
4.024071888670027741e-01
8.538787884277053708e-01
8.036770469316928400e-01
1.097310774068240846e-01
7.388661269902448980e-01
8.783690483370966140e-01
3.902542455646294817e-02
1.959838398896426165e-02
6.086073903423533252e-04
4.591479441705292427e-06
7.773728684919512788e-06
2.872888885624425777e-06
5.865641067061624236e-05
1.746535575407762685e-03
2.697639735375921208e-02
6.315951706416459387e-03
1.551585193257335881e-04
1.572329538984935590e-02
6.143596407202165377e-01
3.976820787974634230e-01
8.177954072648516703e-01
9.045355626804761628e-02
2.411635911439631852e-01
1.008095924448283165e-01
1.935545356015232546e-02
8.939102367721230014e-01
3.372842302328046132e-02
5.901344532887670952e-06
1.592956039770887778e-06
6.738846642417429870e-06
1.008567041492459265e-02
9.955055021557199790e-01
9.330457728399390582e-01
8.426020629228189729e-02
2.656370758486293650e-03
1.028054087021758323e-01
8.514585248721743271e-01
1.746339710368269293e-01
7.106991895438360407e-01
2.900521935823026087e-01
1.544472304962829723e+00
2.566486613656619384e-02
2.775696638103996924e-05
1.775398688598760774e-03
6.958231106251442158e-03
1.620459595628115647e-05
3.007327271286579539e-06
1.065347712483202921e-06
2.273296407640523070e-02
8.885636381797128447e-01
1.867532656058804863e-01
7.071937378768322624e-01
2.271353407026511714e-02
1.115239349704311373e-03
2.001094212533707350e-03
4.206349310911340622e-02
1.000943309354429100e+00
7.944499721395699432e-02
9.775161696639985687e-01
1.557367352138824268e-01
1.723265635184780453e-05
1.352875121401907914e-04
1.846273812651066243e-02
8.493991661520369297e-04
4.460363884328821961e-05
5.304720430879789539e-08
1.640505199044860890e-02
1.005456156964522396e+00
2.939776792824239093e-02
1.865274577234355691e-01
1.392174723558317791e-02
4.752189462359326152e-04
3.418006715219061836e-03
1.072832384423271640e-01
7.506678223287509555e-01
6.276079666256327572e-02
1.196922250125862508e+00
2.775504307464746745e+00
6.476844516891447009e-03
3.725372661448085598e-02
9.286692350872168822e-01
8.554282988804345553e-03
1.106057602574048708e-04
8.810091053086673308e-09
4.682656532664562776e-02
5.885598226697884172e+01
1.136277192936974378e+00
6.759071066148434337e-01
6.984509574815558897e-02
5.861888412982772800e-02
8.037318895051962508e-01
9.816463286033456914e-02
2.486198669682365345e-02
5.239516427996943754e-02
7.748706691900072441e-01
9.585855645180130225e-01
1.898298553566660496e-01
8.733191831667576066e-01
6.363983129358119495e-02
6.511949114074338846e-05
8.426189244902658712e-06
2.803268809114812698e-08
1.213671242978977931e-02
1.935277962377953687e+00
6.811474630324829138e-02
6.239840541507814947e-02
4.097437198521854118e-03
8.940861771021121548e-04
1.553573076865235290e-02
2.357459906027132082e-02
1.411391588553436056e-02
5.486360058793350418e-03
1.378668744654966416e-02
3.662589250869820456e-01
1.762795494872600788e+00
5.222811961105008893e-02
1.469628751576655204e-05
1.289125856678152953e-07
1.963107726308910974e-06
5.230681246775270647e-05
6.740654333011943111e-02
1.361215518542324178e-02
2.071421800856056757e-03
4.457369949410788096e-02
1.930399783264564876e-04
2.676412061732593589e-08
4.076270058575129082e-07
1.434827350710554152e-02
9.090787030834890370e-01
7.671968409174116828e-03
7.806016239568260018e-03
1.626322577023229465e+00
1.163617144149576149e-01
4.465240562776588189e-06
6.346453381553381809e-09
4.659319729677673928e-08
1.899836106275380222e-05
2.669358269849398183e-02
8.528653114826275639e-01
1.243228259016803360e-02
1.241086935022111051e-02
7.902403412049953113e-01
1.283347056351233362e-03
2.747625968693564165e-09
7.916239943449545912e-09
6.060215413282471486e-03
9.476209790130972754e-01
3.875872002679984357e-02
1.820265431688704028e-01
1.049011292793721739e-01
1.383215028154176551e-06
3.666535950241233746e-11
1.154452069987690826e-10
4.254731765815150025e-07
3.257435264455581822e-04
1.499324038559409584e-03
2.527605503341815579e-02
2.774608447604743483e-02
1.444043031401663901e-01
1.037289690508512052e+00
1.894077040858059002e-01
6.124631496301313858e-05
4.501629453659039310e-05
8.333641670026960269e-02
4.597903615853186909e-02
3.609008824912234015e-02
3.620984491225275104e+00
9.688653977824021601e-02
2.747934594628090500e-07
4.250993486994140845e-11
7.520706430322097508e-10
2.530754767956306875e-06
5.269007610229921963e-04
1.035824382422876862e-03
2.154534327330625068e-02
1.146375729285632472e-01
4.880413226580443409e-01
4.059306550542519654e-01
1.419903577964509722e+00
7.499362265814706052e-02
5.594802068399168382e-02
6.911282450183897641e-01
1.132504950293994860e-02
2.302691305330291371e-02
2.256938399994927291e+00
1.881884112846358370e+00
9.253764275401794512e-03
5.367142194505831341e-06
9.014357770548441503e-07
1.729054535680328759e-05
1.543762676851131034e-04
4.553108606174889605e-02
8.737789056688621825e-01
7.232768606500550312e-02
5.091255516496258349e-02
1.396516163392146348e-01
2.190159980528155748e-01
4.246254754922503677e-02
1.128820624907185682e-01
1.031836331326279277e+00
4.043856210943952423e-01
3.624746622979803323e+00
4.104930906193710705e+00
1.027038495838414445e+00
9.173806089010891895e-01
5.437767174459685882e-02
8.323806263749462808e-03
1.273412962588871050e-03
7.392733222060516424e-05
4.981590445451554265e-03
7.777823586546174228e-01
2.975295683916724943e-01
6.354193206679280281e-02
4.871763846803399134e-01
1.092268674755289437e+00
8.593517136188520977e-01
2.970045429935248116e+00
5.776739436646897374e+00
2.853696528386233222e+00
9.059323927818731192e+00
9.317158280772180889e-01
8.636376339748081526e-03
3.261077461596886828e-03
4.321233819584318486e-02
9.017845964128153868e-01
3.227078233759189674e-02
6.033572982652433991e-05
8.875468566234360687e-03
5.357156702627950962e-01
3.229701894340944790e+00
1.846921259072366595e-01
2.887496873762019356e-01
1.219039540024465795e+00
1.627054891396198855e+00
3.385567949771953966e+00
2.076159075802361809e+00
1.087390556379880385e-01
4.969884482359814698e-02
5.525519167552764982e-02
6.633420379165218435e-04
8.111664575533268772e-06
1.022317443641296514e-04
1.530185441492826551e-02
2.730081966213552397e-03
2.833053874427176035e-05
8.776084152760782464e-01
6.601150358854229738e-01
1.384898131021337964e+00
3.524414406089481644e-01
3.294841201357882055e-01
9.777618208362363061e-01
4.893963132618739942e-01
5.164671967620911852e-01
1.951155123328925267e+00
9.459018565805318302e-01
9.962492706593015779e-01
2.900318909284980151e+00
1.580779092834706454e-02
5.119596849772640561e-06
1.351059716927518076e-06
2.746126080682779799e-05
4.204109377070746625e-05
2.248406666194370957e-05
8.830465750341051634e-02
2.294030629307417524e-01
9.260120477934579153e-01
3.303338975715170989e+00
9.230347663031160943e-01
7.551934411582754691e-01
5.957355759912238424e-01
4.576287069853086087e-01
1.045467980319685575e+00
9.465035032135482584e-01
1.046271151221297213e+00
1.007692462459162108e+00
9.259303959023367642e-03
1.224434046110022342e-05
1.568413345903515339e-06
6.312243523663974632e-06
2.129345814763639643e-05
7.136268287767946435e-05
1.482907011774410588e-02
7.568183011412507044e-01
1.108077595536435256e+00
3.426054135060151662e+00
4.156205332001030595e-01
1.504839033013250782e-01
3.641289289568350740e-01
5.733361325302431810e-01
6.417833595124999846e-02
6.883133733238986718e-04
7.736498883142318300e-05
1.106320858029572217e-04
6.308348167236171064e-05
1.644762434013404939e-05
1.757651274047578881e-05
4.621859320936755658e-05
1.070455560566120265e-04
2.974811800320119153e-04
3.190429555655402427e-02
1.955475468343181200e+00
2.189145101360739254e+00
3.552546760822019589e+00
5.057423291151023070e-01
6.985708952808327155e-01
1.015632219431203076e+00
8.295639704621468602e-02
6.309966111553758604e-04
2.358124958112697768e-06
4.003627928692775508e-07
2.471175138767202178e-06
2.270208281968702537e-05
9.486825855826139014e-05
2.408977879457108021e-04
3.919497717320350448e-04
4.984647390716492616e-04
8.182957141065649214e-04
