1.399396731958840344e-03
4.248355559009122512e-03
4.212663047826812994e-03
1.442198829787264512e-03
1.377033767655421815e-03
3.731823510020233442e-06
1.272682386441022570e-05
1.374895255703814352e-03
3.010168293816824857e-05
1.374100195242707479e-03
1.218791630224029464e-05
8.914296018548456524e-08
3.269596185078567633e-07
8.576654927572292788e-07
1.477594657587544447e-06
1.683612069641089499e-06
1.391078378273300083e-06
2.435715479740333226e-06
1.524240242399041780e-05
1.397782630844416176e-03
1.441046789801994502e-03
1.369393986304938545e-03
5.154231426282898497e-05
8.424046879441208310e-09
9.444392237510167523e-08
2.290133099158642366e-05
2.703042156582496010e-07
2.211148290698489985e-05
6.666049664925062420e-06
8.025449604564813859e-07
1.204291003631296673e-05
1.805428258423549212e-06
4.947302191655010635e-07
8.671693523871510537e-07
7.850982163439517005e-07
1.385873185413385080e-06
2.282919127593182487e-06
1.404116540966726450e-03
1.400217963384264765e-03
3.660907808630597054e-05
1.338027150361827252e-03
2.387658379153179564e-05
1.121666197085699619e-05
1.365452699724472446e-03
2.340678936897726644e-05
1.377844222965117537e-03
2.811109817573922195e-03
2.841059475633283139e-03
2.785383511282917262e-03
6.894762219067672740e-06
3.344716922957828464e-07
7.480773043385396138e-07
9.567723960413764145e-07
1.582758551024896844e-06
1.328887504126276660e-07
1.149764230304976199e-05
1.395770869919061219e-03
2.402654402560623862e-06
6.469951740720452250e-05
1.369396544628669141e-03
7.499684712937447764e-06
9.470503793803275962e-06
1.213631179775372684e-05
2.751045622962610707e-06
2.308239445973498381e-05
5.625672795634543456e-03
3.143832629541813396e-05
8.366677812880234373e-06
2.311620735994078676e-06
4.895207736217580799e-07
7.889689077446223848e-07
1.710104850805974889e-06
5.934265023209594224e-07
2.405476824010215265e-05
2.806859662241744172e-03
4.254535697045497104e-03
4.169953037975839168e-03
1.446871484319925709e-03
7.291588973662944220e-06
9.185220988851073361e-06
1.384917978732596753e-03
1.031134002491996353e-05
1.723708332497512526e-05
5.611281277489604292e-03
2.862074053108628648e-03
4.185553458044536171e-03
8.394934693206559402e-06
1.782239805749630283e-07
3.942788009820917109e-07
1.485229432717424224e-06
9.628214416139545482e-06
2.766310165942423554e-03
4.288916777750258549e-03
2.770721636905218097e-03
1.490129309690797505e-03
2.788493298029215851e-03
2.799055376270686429e-03
1.423745449732294723e-03
2.817921651213188983e-03
5.653371907216478941e-03
1.377391881808494008e-03
5.108308538543027193e-05
1.123648535588119349e-02
2.873165046179091808e-03
4.041158605611789060e-06
7.383379964387331291e-06
1.529787122019668136e-06
9.375848615177704484e-07
1.983033934332437423e-07
5.618751041612255804e-05
4.174378334833027046e-03
1.485264133469928714e-03
4.149362721029420387e-03
2.865763923869534165e-03
4.265823898955041667e-03
2.809969562637996791e-03
7.799407185625997519e-06
2.835871806507979116e-03
2.820109670794992366e-03
9.928797297766544022e-06
2.137739276491141348e-05
1.550694731236367668e-02
2.825208459484852136e-03
1.382872710295879890e-03
9.713222612612427577e-06
8.014507471456552858e-07
5.901616964857994063e-06
1.369305052175920833e-03
4.282943375714173308e-03
6.989008261964176592e-03
5.741869354778937271e-03
2.763464279757419685e-03
1.408505904163764475e-03
1.359657521724805295e-03
8.206934018577134715e-05
2.731992165771996318e-03
2.894769464545621750e-03
4.145334632614766646e-03
7.312331041990422951e-05
5.598592638883011924e-03
1.452475204950697853e-03
5.461970217160562115e-06
3.436118559589535779e-07
9.530666055766856699e-07
6.308615130280924912e-06
1.415947123547999821e-03
2.817631644537045392e-03
4.284659325772338483e-03
9.801847376970157164e-03
6.081116897187910923e-05
7.479070964633276366e-07
8.441567309322224220e-05
1.285997844505185062e-03
1.528892529043975306e-03
1.344362039697835935e-03
1.500236112828246373e-03
1.321404760627871650e-03
2.901693842879839603e-03
5.584496466457204884e-03
1.934656796879518885e-05
2.287768179385110322e-07
1.078000849723624800e-06
4.431624698425142535e-07
6.237008410964855626e-06
1.390039317169629567e-03
5.623888864088771519e-03
1.483720957673743913e-03
1.342850098375810569e-03
4.271794718790436658e-03
4.112411022623659734e-03
1.584575934810195140e-04
2.696621072996923350e-03
5.689619586811953122e-03
4.183259690063470711e-03
6.782607543073717465e-05
1.343852177622100385e-03
9.939837109418052721e-03
1.392496284585607478e-03
1.872001897432064763e-06
1.495439078110998632e-07
6.167276825536837322e-07
6.910877830105028721e-07
3.322027903346515395e-05
8.480139986957287851e-03
2.767655042147604359e-03
1.478240175477707474e-03
2.775461713659049725e-03
1.152743579172091435e-04
1.275983740652220609e-03
9.338419370101970051e-05
1.885182047325051054e-05
1.388511612981786466e-03
1.065355047080935571e-06
1.815938842090900280e-05
7.048065149942200208e-03
4.217970021272113984e-03
2.510566184793033040e-05
3.299861842056743632e-08
5.905485268748010524e-06
1.407620781722914534e-03
2.116656237610746102e-02
1.128078236655575411e-02
4.290419177056874547e-03
5.597195950172859785e-03
4.260247872676568154e-03
1.348380358231490196e-03
2.918341387655029682e-03
1.333201424130211641e-03
4.226207392838193452e-03
1.699368835629763651e-05
6.786079129033020334e-09
9.906222572211031747e-07
4.218889001057112703e-03
4.292089864196837155e-03
2.758858844082032018e-03
3.375539132459159816e-05
3.494141641144154310e-06
1.402561092199406832e-03
1.002829867227879451e-01
2.545943448223822458e-02
1.265009755460884747e-02
1.416580642286720260e-02
8.474804711292719880e-03
2.843777735543341536e-03
5.578261048678591696e-03
8.544046741144659227e-05
1.387708179137542774e-03
1.805421862874834482e-07
3.842977489661778757e-09
2.417930067049241328e-05
9.879352840338150726e-03
1.408256137925033638e-02
5.540512468441175729e-05
1.368981655404124002e-03
2.765257482488879622e-07
1.562084615680785232e-05
3.955483657347019094e-02
1.971470166319082978e-02
4.308657424656032152e-03
1.375366960439332710e-03
2.779320168508079940e-03
4.931777865043566219e-05
2.824716966568758311e-03
1.384482578401014831e-03
2.817677781987466303e-03
2.442081288439862787e-05
3.334357655279164296e-05
1.324598614300334090e-03
4.306778144060484717e-03
4.206654932153963168e-03
1.483753397326969796e-05
1.254257544155179638e-05
3.416305523238603605e-07
5.412775400565390888e-06
7.001011644248275947e-03
5.771480554420026221e-03
5.515772602908068471e-03
9.063011911276896927e-05
1.428468301458892366e-03
2.800443855683425274e-03
2.806669564484493354e-03
4.276879787697519981e-03
1.393820679539159359e-03
2.809058025988302350e-03
4.161122498806133288e-03
1.374872546344783723e-04
5.539382016829881052e-03
4.298542938256610241e-03
1.363933001082396441e-03
9.443649052448750588e-06
2.887806581845810528e-07
1.362533423239360382e-06
2.899919773725687620e-03
8.321815077239703984e-03
5.801855328259173175e-03
4.136505385730154805e-03
2.809269810950593225e-03
1.403478437792833773e-03
2.881908991937122584e-03
2.738926329343976170e-03
6.391262886885421533e-05
3.347944219499510422e-07
8.115969582619660203e-05
1.279337151152374003e-03
1.138923936442602126e-02
4.199716798322070815e-03
2.455622277621144237e-05
6.857666423717469587e-07
2.128808342623266255e-07
1.167762158050122216e-05
5.540787200656700599e-03
1.876966339256687670e-04
8.295549627615085922e-03
1.108205942934473929e-04
7.044992490443841203e-07
5.887042007257387038e-05
1.284247924663763172e-03
1.577366380218322940e-03
4.078558649722224295e-03
1.499455660964824555e-03
1.284121504654681155e-03
1.489988009653078988e-04
1.262657636820064752e-02
2.832781299915274834e-03
7.480010069622434281e-07
2.867147400687053768e-07
8.244932506639764412e-06
4.332653834396314930e-06
1.494686702461976453e-03
2.664859253755395060e-03
2.977826052365947340e-03
2.721969910464042564e-03
1.439707640478482672e-03
1.307786051828942631e-03
1.811104902883454103e-04
1.187943746880624953e-03
2.184828619891492345e-04
5.506560515256869910e-03
1.547449834763760289e-03
4.107655945093184255e-03
1.471867585719490671e-03
2.418264157227646982e-06
2.108689892674739666e-07
1.299838499585126792e-06
1.387645383033357270e-03
1.416581647067412762e-03
8.398804766143861192e-03
1.548764842162253779e-03
5.523710244631488929e-03
4.313477768458624448e-03
1.387566195052756949e-03
1.505300250899577587e-03
2.665186462738469014e-03
1.954633730698193629e-04
2.639811636495751658e-03
1.060651463656904774e-04
1.325828598487300549e-03
7.142921969835047333e-03
1.375928520037867590e-03
3.555770973105596168e-06
2.863778131694126329e-07
1.659857669907775218e-06
1.959883877527738468e-05
1.426273841014900554e-03
4.269840036557818845e-03
5.561397758918061249e-03
1.483945990790105744e-03
1.382071636010687382e-03
2.806161829820945624e-03
4.207639492266191349e-03
1.471658835265371446e-03
6.987052940728519061e-03
5.706105474811669961e-05
5.615059213493911680e-06
7.058000259836190796e-03
2.805255198305393362e-03
1.406020611991974254e-03
8.554106331706463770e-06
3.162586187023912360e-07
1.449477837131537039e-06
3.453754330167968755e-06
2.765368600504129748e-03
5.672316666546336518e-03
8.507272837603049170e-03
4.216666446052165680e-03
2.816756329682906530e-03
5.280276039180873641e-05
2.791554054192342798e-03
3.735828544702600527e-05
2.777774491629861602e-03
4.238046310494709485e-05
2.772785500556928639e-03
9.910134261006599277e-03
1.002051701822603639e-05
2.829744427123749923e-06
7.678532478034544881e-07
4.414932533972306187e-07
1.575181657325952495e-06
6.435418489616208987e-08
6.760336450123820306e-05
4.196677657150486157e-03
2.788894879783398572e-03
1.442308919166667043e-03
2.782789048838097117e-03
1.971154014718993710e-05
1.380207279078057370e-03
2.351136229684940329e-06
2.937034232998143120e-05
2.802357302678506936e-03
8.497218865940662016e-03
2.799380325156266679e-03
3.734633302651718258e-06
3.143698929186049621e-07
6.931580451727294433e-07
8.717340751310808863e-07
1.658155185613342298e-06
3.047169999133950654e-05
1.312556644445058178e-03
7.495932456790336802e-05
3.400244069509296297e-07
1.058395020754604584e-05
1.221368614731584110e-05
3.702578587688108246e-07
7.534189788897392888e-06
2.009383239922154412e-05
2.805238013245599325e-03
5.639310159995958131e-03
7.977328922768609911e-06
4.681367278101171173e-06
2.171201755188686515e-06
7.500833318834057235e-07
1.053637025804547586e-06
9.442340525984483251e-07
1.581325903958463149e-06
1.366339219285683413e-03
1.111217310382580812e-04
2.717814527516429230e-03
5.868645160004647523e-05
2.772752884255578337e-03
1.159617028258300729e-05
4.094557996785511947e-08
3.648600718829724204e-06
1.387206964301624214e-03
1.417236026828536458e-03
8.897677419683331011e-06
1.704783981858379838e-07
2.666747186274530032e-07
6.446941249781610744e-07
8.079685736322865501e-07
9.103415504506456108e-07
7.604052351153916069e-07
1.385672261322107984e-06
1.431359177112612006e-03
1.361040642916405002e-03
1.459065690743404373e-03
1.385715200202695171e-03
1.427046644641032135e-03
3.583646953413891052e-06
2.505898877558095995e-07
1.862665082843208531e-06
1.009599585066310945e-05
2.413934769069860424e-06
4.618156109728952130e-07
7.635560088116068141e-07
1.532241940992800128e-06
1.638276731788536882e-06
1.614627199725468317e-06
1.605516920943951400e-06
1.403172837712455511e-06
2.424465814920708839e-06
