9.858458684437799334e-07
7.940797370692332170e-07
7.873321854251743635e-07
7.918725838375006062e-07
7.854341202580561338e-07
7.768799939071253623e-07
7.737028638485310399e-07
7.746027579918299570e-07
7.758946104404635798e-07
7.762467328607890632e-07
7.738376320948971633e-07
7.743735645355731915e-07
7.779963010255502530e-07
7.776422359674763488e-07
7.743645489729391943e-07
7.684554463627678906e-07
7.746126571235819241e-07
9.685570699394198309e-07
7.841235741840087003e-07
5.016556807366280850e-07
4.309129391425275399e-07
5.015115168952702451e-07
5.932298492096294912e-07
6.050101605409585849e-07
5.933106796173077503e-07
5.918755267544175706e-07
5.944368419889221858e-07
5.954475299573930665e-07
5.928543032232486722e-07
5.903717351277165333e-07
5.901571821746757500e-07
5.900667012126253732e-07
5.899212981458448075e-07
5.852276595430143846e-07
5.875827555177442429e-07
7.722406059418988467e-07
5.776709199098598780e-07
2.652225989670312475e-07
2.249087874153070443e-07
2.729324684785510650e-07
4.442690472066944929e-07
5.973065516837488464e-07
6.061031488336273723e-07
6.027293765887680596e-07
6.076998874635057817e-07
6.071678529000714441e-07
6.079517499914109103e-07
6.018943941472501162e-07
5.913171865755438925e-07
5.874632247849209638e-07
5.883356485174502853e-07
5.839603733393263476e-07
5.851549120400567699e-07
7.684455619251712271e-07
3.685621530461861002e-07
1.304027763660136341e-06
1.496794454130121760e-05
1.318988865388279208e-06
2.698157250704371097e-07
4.976040636760682708e-07
6.294949549243223528e-07
6.061194797313942555e-07
5.119238389569219130e-07
4.469170232014403515e-07
5.130695720906016718e-07
6.021050986411015448e-07
6.107620276271040639e-07
5.980661025324318902e-07
5.948783604887422164e-07
5.889760686770684819e-07
5.908194278395969295e-07
7.763119657428225653e-07
3.315526058774322194e-07
1.489145363469529187e-05
2.759393314120620316e-03
1.318168680541850779e-05
2.130250469182580666e-07
3.877131541774225140e-07
5.824876417225059642e-07
4.594385546476437595e-07
2.870819973193831878e-07
2.472865147238395159e-07
2.832695315716350745e-07
4.479498788457167823e-07
6.005185519754300839e-07
6.069628346458873320e-07
5.959065662242230456e-07
5.887367556600377163e-07
5.907383818384772903e-07
7.776700981953816352e-07
1.624374923759533223e-07
2.487822805831770429e-07
6.972582350123211622e-06
6.972616468361766053e-06
2.868772047141402720e-06
7.039401759426572381e-07
3.291342128662746398e-07
2.688027530234781707e-07
1.372635470014452837e-06
1.419133232544627564e-05
1.260122604695004992e-06
2.808093786073958963e-07
5.104849526940787744e-07
6.115049158103834511e-07
5.973030430062007135e-07
5.887816898043909210e-07
5.908785787980050236e-07
7.779676030000152575e-07
4.086150377873911191e-08
6.119311381755520514e-08
3.747976329272446823e-05
5.621130359885505301e-03
2.807611727471743656e-03
2.759859877365386795e-06
8.134223517884921368e-08
1.243586811787915718e-07
1.374242626423363234e-05
2.760704486618442699e-03
1.432692957530064357e-05
2.456277878842291046e-07
4.447653878637151819e-07
6.102908796123337294e-07
5.983961760161920507e-07
5.886270344193806085e-07
5.905029566965084456e-07
7.770697740868130256e-07
3.922811780622341058e-07
4.547475755407753861e-05
5.524322159279957192e-03
5.642786524399721892e-03
2.773910312626080496e-03
3.052494031486668928e-05
1.328155221820287595e-07
9.941553055703432743e-08
1.099200520588119727e-06
1.315295616188023982e-05
1.364649881096067326e-06
2.922635302476787781e-07
5.143085762095822889e-07
6.110799209886665614e-07
5.962615006929350046e-07
5.877856971250177279e-07
5.904976700315606779e-07
7.768745490952531216e-07
1.243221566550955694e-05
2.730414116340625520e-03
1.361926179265145220e-04
1.029780416824698780e-06
5.253047687844492926e-05
2.766630152635104166e-03
3.764045474401997898e-06
1.065336257988010220e-05
2.268307839350990664e-06
1.140426454269033549e-07
1.894750715950456883e-07
4.308685087193007829e-07
6.095545072398734767e-07
6.088122011431596857e-07
5.946056947242418623e-07
5.880992576245143050e-07
5.910844598829856824e-07
7.773276279886689338e-07
3.955568811453126229e-07
4.773162296189769173e-05
8.311148272054607114e-03
8.440203313653575623e-03
1.408827796925322777e-02
8.383944913865624612e-03
1.046540257469748828e-04
5.542901683461619149e-03
1.437135674313807532e-05
8.292987724899029060e-08
2.120904201895629860e-07
4.281835265511662370e-07
5.893144207935657067e-07
6.057482726794333566e-07
5.960698743232132501e-07
5.893796667380824413e-07
5.916897298781288992e-07
7.775701830567661589e-07
3.954785066279286305e-07
1.777218010967203427e-06
1.041652540118091075e-04
2.535296346128340650e-02
3.093901082563155214e-02
2.910421334365403262e-03
2.704711637352645755e-03
5.685242936342642384e-03
1.020412002266595028e-05
1.014097686211756320e-05
4.323890813330403663e-06
4.797580929382684177e-07
5.322249691571161509e-07
6.057365178358508298e-07
5.964168013974376848e-07
5.891913720920026518e-07
5.914021406874335127e-07
7.767843149073054594e-07
8.268230052202219004e-06
2.766227900445430033e-03
4.502926876008586654e-02
4.782727246518263253e-02
4.517047023065341033e-02
2.519749754933114580e-02
5.793179016040400642e-03
5.513134248173098655e-03
5.702132841416370987e-03
2.729978967942235137e-03
7.536261793468853018e-06
2.989062925158796101e-07
4.953121538242816234e-07
6.148793410208446893e-07
5.966763562291463771e-07
5.884541831583218780e-07
5.908868462999372911e-07
7.770800402288524803e-07
1.325635420481583242e-07
4.167142403265516773e-05
1.492804407567631109e-01
6.207069931212454150e-02
4.208405216184411823e-02
3.962963562594691569e-02
4.203304771001622336e-02
1.708931573319926595e-02
2.650960555399146761e-03
1.199978878582791083e-04
3.160625760317407198e-07
9.075103736527302408e-08
4.299341038280550617e-07
6.225768203299017164e-07
5.990955906834030182e-07
5.885617287971687983e-07
5.903497704159756587e-07
7.771158698797178409e-07
5.219811668317008839e-08
3.353834958820130276e-06
7.603000175520222004e-02
5.623138016158736596e-02
1.427641420598539136e-02
1.948848753237440029e-02
8.697302864637816711e-03
8.186305452763048898e-03
2.410304700939429811e-04
2.654658841084167002e-03
1.876383951854104930e-05
1.968601000996201233e-07
4.234388175571424147e-07
6.194778965911341593e-07
6.008596937090568320e-07
5.891621872356397569e-07
5.903290842346963442e-07
7.768353463584320687e-07
2.421251918572132614e-07
3.986919873632954990e-06
2.809152985492508435e-03
1.138597361557656951e-02
1.668520361766073767e-02
1.429051205042673571e-02
1.105993846871089654e-02
3.028791857838654573e-03
5.448474441997066577e-03
7.930292713000793253e-05
2.040403917579268364e-07
1.410855979131182634e-07
4.972899818311666027e-07
6.199010797722622607e-07
6.000609093801798888e-07
5.897038077386475500e-07
5.908607786913508870e-07
7.771500525490135343e-07
3.184258699134532707e-07
7.274006318454153220e-06
1.689909185209127751e-02
8.338882757153217445e-03
1.792349987742714978e-04
2.665118677444614902e-03
2.915035519430282489e-03
2.707476166672500781e-03
6.066387241548005924e-05
9.175807802388641700e-09
4.968521297271433207e-09
1.877796047241153616e-07
6.067760666315345912e-07
6.148130930235060982e-07
5.980102901302576655e-07
5.895583674509490108e-07
5.894333422246781937e-07
7.744374412006948481e-07
4.420164197552081868e-07
5.178470368696484414e-06
2.788268723736251915e-03
1.415526526404470818e-02
2.725967155567127036e-03
4.347576851850774296e-05
6.534069781535471369e-07
8.316656058572534114e-06
3.027922523241053948e-07
1.116320115265306687e-08
9.425354506552629213e-08
5.194194178024454285e-07
6.399497526097229657e-07
6.029611824193936403e-07
5.964532776952274374e-07
5.889820369147538115e-07
5.891532524823008207e-07
7.739197509616148832e-07
4.988595922258295292e-07
4.573853523597848367e-07
1.864446850826939085e-05
5.585615741348296491e-03
2.828232055194487404e-03
1.109820798680697915e-06
3.837412308783674708e-08
2.781206661765523567e-07
2.875940751406782577e-07
2.697214329080522635e-07
5.406893389109255295e-07
6.471993352975346643e-07
6.115705815163371031e-07
5.967508736294456782e-07
5.953466823430962822e-07
5.877778528955789763e-07
5.896879824912796060e-07
7.761195963535057142e-07
6.326129985880264923e-07
2.414630342195968788e-07
6.906816584035959201e-07
1.009798744611429112e-05
3.546553324494733036e-06
2.963423118642757165e-07
2.595095241861145719e-07
4.895158946445357320e-07
5.787879488975315471e-07
6.164580266883025085e-07
6.315159041793379425e-07
6.094843437857233329e-07
5.975558581843801948e-07
5.956463940208160584e-07
5.946896441168669546e-07
5.879408445569072753e-07
5.902552875977406648e-07
7.772838040479193711e-07
7.833797232468773001e-07
4.542516413987797812e-07
3.256771915810070730e-07
3.105228975275133567e-07
2.975096987536700491e-07
4.021447234939756982e-07
5.807294782596441842e-07
6.277985118122880216e-07
6.135188499145721890e-07
6.067981621649814350e-07
6.012246029596927208e-07
5.972724516479497093e-07
5.960452057747677660e-07
5.942289467085497666e-07
5.934923100303279794e-07
5.885371504530785978e-07
5.906643915654847177e-07
7.766158589765393467e-07
7.919214926916521902e-07
6.007984598287613365e-07
5.391750726635362348e-07
4.830112211081093734e-07
5.105687470300919633e-07
5.866775271553333875e-07
6.133500232102658711e-07
6.012441377374887978e-07
5.943074262939379154e-07
5.943730333742360821e-07
5.950756138734253028e-07
5.947906332854778577e-07
5.936658877720768352e-07
5.920993214990146246e-07
5.924762114620620201e-07
5.888151824179856600e-07
5.910394910861704984e-07
7.766185433773489799e-07
7.784815372379693375e-07
6.019975116473469298e-07
6.063956439710052200e-07
6.110359969413502562e-07
6.105776208652421980e-07
6.076182392512489264e-07
6.000116732608043740e-07
5.941083462291387702e-07
5.927128940128525943e-07
5.929067351688300196e-07
5.930044902181611290e-07
5.928564765963389926e-07
5.930948846348527366e-07
5.930937498345214960e-07
5.942736555193515919e-07
5.903918792169773045e-07
5.920073436573975851e-07
7.776474244184701206e-07
7.691184701907035947e-07
5.875227726532074629e-07
5.876763953855934630e-07
5.928103651838127931e-07
5.911121528129681159e-07
5.905594603048946069e-07
5.903302107469940021e-07
5.893295595264251389e-07
5.885841455457838215e-07
5.879358665891971719e-07
5.875416759577095215e-07
5.877542007228765462e-07
5.889123013227591843e-07
5.895748149932220961e-07
5.904192685140987135e-07
5.851900266810526617e-07
5.854833567672352671e-07
7.696718708579448920e-07
7.730320224700604678e-07
5.890898274206321650e-07
5.864041517826488410e-07
5.900167356832613505e-07
5.892111737022746857e-07
5.903941827495552948e-07
5.915045023488331503e-07
5.909995014427722072e-07
5.909869407355437086e-07
5.910300223664080229e-07
5.911638191347275690e-07
5.913626959715967173e-07
5.917538700453734881e-07
5.911951364262692095e-07
5.911907177485076055e-07
5.861233119907777770e-07
5.875865766293395537e-07
7.729564347163950450e-07
9.700928722382098207e-07
7.781414728502924336e-07
7.729148445125977635e-07
7.748213663417370086e-07
7.736186861187230094e-07
7.760071466340680543e-07
7.775639783212910979e-07
7.763053596433802275e-07
7.763290040552869563e-07
7.763593141395706989e-07
7.767388350433994948e-07
7.772338786318689142e-07
7.772018106486385072e-07
7.754674664109142789e-07
7.749830479994015851e-07
7.705571264482789422e-07
7.744615464885996374e-07
9.684397749816260416e-07
