7.508691513582661068e-06
1.263524041805213181e-03
1.025547082538150710e-02
5.123486125921682816e-03
1.259149175786229962e-03
1.292371707188338329e-03
4.808778099829432328e-06
1.153131667486665336e-06
7.129826419726632428e-06
1.247490744055678660e-06
7.123772623620646229e-06
4.321761750325102485e-06
2.420251226893222326e-07
7.250106720130526793e-07
9.400416569426785272e-06
1.326669533193344648e-06
5.507271412038316635e-07
2.054546693597803090e-06
3.088020767030363659e-07
1.175810062957063146e-05
8.945147381736755568e-03
2.536956432531178775e-03
6.246203339478215101e-05
1.226905872421650903e-03
6.320947628489080520e-06
5.582262109144739706e-06
5.094091617027875218e-03
3.866955160188817117e-03
3.811007393174155929e-03
1.280024610715415137e-03
6.365815567027124889e-06
7.780607771260097575e-06
1.253534114123373020e-03
8.945467272642101817e-06
2.278740348645116148e-07
1.159943593172927235e-06
6.041161663522227175e-07
3.249579738254942267e-06
1.259214102588583654e-05
1.828844978485883154e-05
1.221880321713525669e-03
5.300784054075511736e-05
3.013021401806109943e-08
4.394862313226256113e-08
1.550622330662741459e-05
6.356383521797660807e-03
1.029099655057003591e-02
8.947483406393473560e-03
1.272020552017673984e-03
5.109878269550032525e-06
4.135900116921771397e-06
8.969031927944191544e-07
2.301493992639132283e-07
1.234837177035445035e-06
4.667261381598821554e-06
1.267621350047045846e-03
1.271976654959474859e-03
5.931669872220662540e-06
1.313548415351018222e-03
1.227121101287423615e-03
1.502865439122685748e-05
4.641837122313126113e-07
1.134181302987931373e-08
5.290142761351495775e-05
5.049485291800323745e-03
1.028184926805179346e-02
5.102507965272663933e-03
1.301047893804174499e-05
2.607487420966738736e-07
6.744509062282782392e-06
1.403827564837747609e-06
6.036613993075582848e-07
4.592052834598218235e-07
1.324888816470285286e-05
5.093592343781368041e-03
1.304350042040151869e-03
1.229075920453904982e-03
1.346316331104899320e-03
1.254769333224631462e-03
1.257983021087872612e-03
4.058514244334104291e-05
1.195485758975137766e-03
9.787312470404891578e-05
1.216051229890987434e-03
1.156052037552633693e-02
2.526571212330007334e-03
2.631472467147555992e-05
1.245941265842010273e-03
1.110208006643791718e-05
2.958255139044662794e-07
2.443446224286785709e-07
1.188870913086506238e-07
4.099349596590887087e-05
1.223945497234102571e-03
1.362752624323454540e-03
2.453199014460530087e-03
1.349659884931321595e-03
1.267387730742194430e-03
1.262995075416209131e-03
2.602587063918417390e-03
1.232146849275118266e-03
2.371013935050222873e-05
5.113551616784578306e-03
1.024330205454900174e-02
2.156589609089458248e-06
4.243290289965035143e-06
1.057858018595056350e-06
3.715082998746932037e-06
9.606144746684506092e-07
4.508297137015896890e-06
1.225100738933517473e-03
3.924830410943997393e-03
1.165527356033114852e-03
1.471487573606821385e-04
1.160340047572199591e-03
2.615426375508839423e-03
2.540413725663593931e-03
1.295797037935362975e-03
3.807250714696915235e-03
5.624410029462654554e-05
2.522402173243635561e-03
7.691426541631791840e-03
4.162995589874337671e-06
7.785562671925883512e-06
5.911773289550217220e-06
1.271725025940395474e-03
3.926829048837600235e-07
1.716374016860450551e-06
2.612123179181169083e-03
3.741290511805413568e-03
1.404009907211108219e-03
1.121669015325959737e-03
1.371192083809337373e-04
1.214393354072354795e-03
1.291449260636163545e-03
1.260385863585737360e-03
1.332666056945286956e-03
2.477960077395855755e-03
5.530526008205596892e-05
3.804093959333110057e-03
1.305885684151561043e-03
1.229823308613644086e-03
2.130569967705637808e-05
1.266846874182566687e-03
4.801405938157518522e-07
1.012838441869868137e-05
2.495457547161517454e-03
1.101982483671464880e-04
1.160304500351110610e-03
1.423664287886006099e-03
2.440666883678872887e-03
1.318934335116962297e-03
3.465167000361135230e-05
1.250438718140352290e-03
1.279199664179914587e-03
1.516984071517325932e-05
2.209279225327452444e-05
1.262107490403092426e-03
1.284047611812545904e-03
3.052556455542523243e-05
2.202087434114784191e-07
4.179005526994055911e-06
4.699491047071451136e-07
1.565680625497435999e-06
1.314917291193279858e-03
3.767088188518511599e-03
5.205603058127770445e-03
5.000091033532200364e-03
1.386360654114890617e-03
3.805462921657294228e-03
2.514402536928906067e-03
1.336709033800692441e-03
1.230899241488615488e-03
5.434243768485689315e-05
1.196971695866412251e-03
4.769533443588161328e-05
1.022108013980944224e-02
2.538686753937824999e-03
1.113182281098128325e-06
7.916775452564694474e-07
1.218463692166308267e-07
5.618517449215489157e-07
2.541610383921632903e-03
7.725763854606666758e-03
2.500843632112659948e-03
1.385100925048231594e-03
1.176144436779578712e-03
1.324830125390105999e-03
1.307848036443451682e-03
1.238341598410760839e-03
1.312394008765661304e-03
1.244184312511437043e-03
4.790271625828032380e-05
6.356506991471047401e-06
6.386123143494652418e-03
1.305167081597643445e-03
1.375494596261512833e-06
8.338765465123987284e-07
2.786186391295480006e-07
2.579033069063418665e-05
4.479461656918359846e-02
2.047560879936361281e-02
1.667978873992798095e-02
3.747367985364243904e-03
1.014140436512920147e-04
2.506463882923703340e-03
5.108764754420522594e-03
1.301119974529728286e-03
2.558493452153642878e-03
2.557669713881992411e-03
2.549806151950752709e-03
1.246737502853240316e-03
8.989711025252833734e-03
2.532422717802500049e-03
4.145056341386616591e-06
9.048181823160898207e-07
6.982927770477002612e-06
3.802026142598992960e-03
1.139841840961702685e-01
3.584664175945041775e-02
1.022102157735114980e-02
7.754784190973692398e-03
2.488749209863730296e-03
1.313346276832948016e-03
3.854846142213578901e-03
1.267115754287940566e-03
5.095503522304080553e-03
1.315155086836011398e-03
3.822196831571731540e-03
4.444616035922976835e-05
8.933665681605303804e-03
7.698014636447691843e-03
2.292315701896314751e-06
6.980311362851505736e-07
2.097300274556488584e-07
2.685921504250205632e-05
7.423642006858520437e-02
2.945295461115723240e-02
8.977832808027268185e-03
3.780537008350483980e-03
2.587871926716577443e-03
1.296750022248464732e-03
1.213721051516049743e-03
1.339005261930957709e-03
1.274661656387395675e-03
1.272923960278522955e-03
1.258255000451282031e-03
3.563317806226483742e-06
6.395729380475521052e-03
7.675838937560960223e-03
2.618642799872904871e-06
9.679339522820820900e-07
1.124715012044535762e-07
1.545049719590537257e-06
1.279883040838514403e-02
1.153684666089919292e-02
1.250892631014478710e-03
6.279958173790028953e-05
1.280523551840301744e-03
2.507047319217310232e-03
1.074272035289268527e-04
2.466394023188192043e-03
1.197241888067766682e-05
3.281582431391596842e-06
2.080426651260092126e-05
4.520480763341936565e-07
3.849227878126321861e-03
1.276619174355137203e-03
7.230184981619101124e-07
9.734816912648348554e-07
5.601383358850102852e-07
3.238538929740483051e-06
3.837219310333434517e-03
5.113296819551665928e-03
3.859071586611589975e-03
5.075671064189156076e-03
3.813880026983248930e-03
2.618916332818121799e-03
2.457576858683099396e-03
8.603742077181633207e-05
1.715774050221805786e-07
2.478204265670884779e-05
1.217808347796461898e-03
6.308853516310339706e-05
3.775589599110943783e-03
1.311163608690113676e-03
6.188439487300745080e-07
4.116734817706886047e-07
9.461262817666999172e-08
1.006092964122787256e-06
2.562314017612320020e-03
2.563371678220232198e-03
1.274077588723047071e-03
1.878291522967868966e-05
4.994091050384149796e-05
1.220785653564817122e-03
1.375822004701422914e-03
1.186045769638119233e-03
1.296804424687166436e-03
1.231585253674669046e-03
6.900268432346104430e-05
3.754045798157842027e-03
9.204167267949144992e-05
1.220193194582047365e-03
1.345081609330978353e-05
3.931190497650612878e-07
5.958329572961850699e-07
3.148948601825997612e-05
1.235009163745573978e-03
3.874170780283508943e-03
2.528153096091955137e-03
2.012923886613075274e-05
1.217126045999910059e-03
1.321434185468932983e-03
1.206159982237769686e-03
7.702749932347905477e-05
1.283817774653648767e-03
8.296991099822455796e-06
4.742018724603106309e-08
2.577411610327171986e-03
1.250496348962636594e-03
2.111346040142228763e-05
6.813196750667387330e-07
5.369150165039311800e-07
8.354898451601294114e-06
1.216490620067322550e-03
1.353921663030930624e-03
2.520806110082130479e-03
1.417062737801131414e-05
9.266031963613893584e-07
2.620474120133292701e-05
2.097585325662228212e-06
3.871359249505689111e-03
1.243220290426557111e-03
1.239465496304621240e-03
7.990809709158585075e-06
6.668076298358421934e-06
8.952810757995784477e-03
1.276883107623842705e-03
1.022672988251082824e-06
1.481700926326511306e-07
1.073708303903784720e-06
1.786077046860747093e-07
6.248854296626389822e-05
3.766553139222303132e-03
2.019947408544899969e-05
1.974108517615521909e-07
2.532680293234921428e-05
1.218711969463654897e-03
5.861156483605913523e-05
1.183387056692532116e-03
8.549762349647406653e-05
1.363443742269099356e-07
3.075325025832856805e-05
5.087019110023250842e-03
7.693386622396719207e-03
9.481131173665262275e-06
1.690101354590563244e-07
4.462239791639859120e-07
1.491631821890727736e-06
6.479033087170613178e-06
1.225065269975325090e-03
5.690310387969662031e-05
2.294696343665484640e-08
4.217590782678153941e-06
1.238185977766843989e-03
6.551099333807397420e-05
1.189022294717309016e-03
1.607661203010338766e-04
1.113237598549775926e-03
9.599622908439420243e-05
8.861101613168328311e-03
1.159894631272287251e-02
2.521039487427653020e-03
5.924819949749396999e-06
2.439150218706249531e-07
6.595295243751635424e-07
1.354040442415842179e-06
7.159789668196369810e-07
2.881571711347881228e-05
1.234380732275296372e-03
1.040847883382896588e-05
3.185999364079700603e-06
1.999588896674465065e-06
5.464006864629196053e-09
3.239462553677624230e-05
1.146533948391493304e-03
1.571483068168986227e-04
1.269861027480088771e-02
6.498346404165724656e-03
3.771154078599391838e-03
2.682734857018609440e-05
2.111242013234976516e-07
3.571566537066972549e-07
7.698533417990269028e-07
1.343004115959281218e-06
7.919833630481542716e-08
1.144393098830392251e-07
1.299368100269126733e-03
1.267814938583766400e-03
1.621364875868859090e-06
7.227659506511813435e-06
1.864065606750992895e-07
6.853613141372556467e-08
8.652236538291479748e-05
5.024950039927592732e-03
5.168021106828684860e-03
1.233482895717385834e-03
2.576414012474248348e-05
5.224403704744033978e-08
4.752799919744220557e-08
5.742391515196705715e-07
8.177013930541565277e-07
1.355515030043898834e-06
4.350287536003061477e-07
1.561367388934501446e-06
3.834713868634031467e-03
1.267787308956997393e-03
3.228406302056646503e-05
2.526922819619440482e-03
1.279136229971626756e-03
1.283444083305257995e-03
8.906747038945915518e-03
3.616944000369467209e-05
3.050320266412892959e-07
5.026515008060235356e-06
4.548211228438071672e-07
5.140099947354832209e-08
3.190037729110630355e-07
8.076640741733333571e-07
6.666089993496902798e-07
1.179183195261630475e-06
7.785751210582622191e-07
9.795247102082931106e-06
3.825275533505603787e-03
1.301806072831012025e-03
1.248187172141745297e-03
2.357109421073744584e-05
8.485689040619275923e-06
1.268322257636065155e-03
2.315613271054966208e-05
6.682740352427625514e-09
1.146777148147538991e-08
6.725843914065617839e-07
1.041425267147753634e-06
9.773866236966871646e-07
1.437404232086348120e-06
1.341884744271558286e-06
1.124876331507208653e-06
1.983074367824460361e-06
