7.297307727111662204e-07
6.908789760148175652e-06
1.178068735813293105e-03
1.198211097166485819e-03
1.178977657198107022e-03
7.502274630748585509e-06
4.287299454497534918e-07
9.741275476287023673e-07
1.150681920635143322e-06
1.087299083393899236e-06
1.091339008821757992e-06
1.078834785749463672e-06
1.053244060738662795e-06
1.058937410681993984e-06
1.079253248000202450e-06
1.062604422504324210e-06
9.587037344129902043e-07
1.535235460194558833e-06
1.483749575555040919e-07
9.747546343985706566e-08
6.416590486662065631e-06
2.251377912262375738e-05
3.629941913015896336e-06
3.053456690424815383e-07
1.753612139405133921e-07
4.599445102991988537e-07
6.553538437422673259e-07
5.480035734051672263e-07
4.443505131348101507e-07
5.743150695563802387e-07
7.020348690377346568e-07
6.022631172599499368e-07
5.270446870926277065e-07
5.908026056318031951e-07
5.852859610484032030e-07
9.675230753388150929e-07
1.024571300016530668e-06
1.180407243089725049e-05
1.196651943461709763e-03
1.152628843930224257e-03
6.448288778366385273e-06
5.022756991099700810e-06
3.577456188621228624e-07
1.632021580124318218e-07
1.468091013768958302e-07
1.642663278943258060e-07
1.137197678030829921e-07
2.141895358941707492e-07
5.086260570112778858e-07
3.536835474157145362e-07
2.587114602230181310e-07
3.318264686191191185e-07
5.236439183963252543e-07
1.094271048872582274e-06
5.131950537619883898e-06
1.167603702939125658e-03
4.783739002495839866e-03
3.513625111892305003e-05
1.419500359623442691e-05
1.166492540753168465e-03
1.226532059764698852e-05
5.231225871566296082e-06
1.229717472423756254e-07
2.819691092095568354e-06
1.150264317737903117e-05
5.453221405160132615e-07
2.145572384831865003e-07
9.584489592407200323e-07
7.649497640693258459e-06
8.879475731475135315e-07
2.980869693786244233e-07
1.020356597255273711e-06
2.091384534937742619e-07
2.681772470232627025e-05
4.787344103825023033e-03
5.939750471519010186e-03
4.793568293256103216e-03
5.967790217151438051e-03
3.630604717772077401e-03
3.519729801283258581e-03
5.552145325700460744e-05
1.164832816239713817e-03
1.178185967190676503e-03
3.160738143221643593e-06
1.556526160958801931e-07
7.180847351234682609e-06
1.171694471809764469e-03
7.641571225296122657e-06
2.341405101814321557e-07
9.211971607021181416e-07
4.394122296539500251e-06
3.571861936522313652e-03
5.961290088122894563e-03
4.833245804441642542e-03
1.551248536277414353e-02
8.420717404375438822e-03
4.694149562767234614e-03
1.299622344858775277e-03
7.089923751867491589e-03
2.439474418859765084e-03
9.665199838233097391e-06
4.918194394409347704e-06
7.677398957721363427e-07
7.286977087226483337e-07
7.335161501306384189e-06
7.802378068870975918e-07
2.762944668267570914e-07
1.072010277464875796e-06
6.710179350020982265e-06
1.180182365304259604e-03
1.233791883241566181e-03
8.318385254152934130e-03
1.081041835318693155e-02
3.522613419391393101e-03
1.131504084505384597e-04
1.074416082675900327e-03
2.497474141869521734e-03
8.291419275985711240e-03
2.418343900939244964e-03
1.170076218088430707e-03
4.342480476333125608e-06
8.905075467031092017e-08
9.426790955578869686e-08
1.224777531711368368e-07
2.492876764684594243e-07
9.909248838300544497e-07
2.997581573628982600e-07
1.073519348503244403e-05
2.370814774079922291e-03
8.396624058758364595e-03
7.154974103848910083e-03
4.825763414352784129e-03
2.295739545655075577e-03
3.698294333081757028e-03
1.090579262940783670e-03
3.682176434464095455e-03
4.738968592770025426e-03
1.216948986799037047e-03
5.847733187635072415e-06
1.389995029114130701e-07
6.726097258760956476e-07
7.201072994692903916e-06
8.696701363178120508e-07
5.955930213003066922e-07
2.604860800842058148e-07
3.251697074895931637e-06
3.581070889774436855e-03
5.985563246334830306e-03
3.585429002023866538e-03
1.167083832426096769e-03
1.290845137489638264e-03
1.067292752844109602e-03
1.324311108806491919e-03
5.855186632900033668e-03
1.263010512980274752e-03
3.560815354309782195e-03
1.190962978594894191e-03
1.485218924750660313e-06
6.281746980930698721e-06
1.173101905570915308e-03
7.341580302507007720e-06
4.587475471336835016e-07
4.046798300251135873e-07
2.108836277298519210e-06
2.398300708841337101e-03
7.162581340057183263e-03
1.202588838145286125e-03
4.812972663089182951e-03
3.485540385446083116e-03
1.416496161711401104e-04
3.453948055202307223e-03
1.227499185559405249e-04
3.531293731911617269e-03
1.207726319730210085e-03
4.785383310407908403e-03
2.518579718125765150e-06
8.632027444555948305e-08
6.030932715569447037e-06
1.141421120919949089e-06
5.892639616463138187e-07
1.216164667512272921e-07
2.622745648055174766e-06
1.075220710918761008e-02
4.801019885342711589e-03
4.773292066929449122e-03
2.376428402432124391e-03
1.261284772122316274e-03
4.698501147766374550e-03
2.443703840057065337e-03
3.558410967488831803e-03
3.548087906323967814e-03
6.988162359156860467e-05
3.532330973840089056e-03
2.450033680528988800e-05
2.380938818847614949e-08
6.036642694947056700e-08
3.083490936610813927e-07
9.875760334952005170e-07
2.264506293990008766e-07
1.967892562451339128e-05
7.294561146158687337e-02
2.273788724422921501e-02
5.969269174308510471e-03
5.993520315274065979e-03
4.750194414047862086e-03
1.227571221913885922e-03
1.283754840836604758e-05
2.353534908609771197e-03
1.289183202936765651e-03
4.686138223272578660e-03
3.654087582322007328e-03
1.160842564163260633e-03
9.366289191596972595e-06
1.779786191381989338e-07
3.180587010816771406e-07
1.177356187269412528e-06
4.364835485808364187e-06
1.168794997253950118e-03
1.088805117055955812e-01
3.465147714110481530e-02
1.200086018751734054e-02
9.537172369784763584e-03
7.211004465982722052e-03
2.355260586276921621e-03
2.780855401057867836e-06
1.938434601105892236e-05
4.706265556806668755e-03
9.634588258825819637e-03
9.535138556163896481e-03
2.401860640254340016e-03
1.193959850498817503e-03
2.686881602588139892e-06
1.675005031516660494e-07
9.564294221953169730e-07
2.290966001210165317e-07
2.036012189308937701e-05
3.943404892927742517e-02
1.440835022481233921e-02
7.112843105358823866e-03
4.819012873062293589e-03
3.566586520639011132e-03
1.211999023184811555e-03
6.179544409837205172e-06
3.355622137316876955e-08
4.688433010823224683e-05
7.153399977353937754e-03
7.160616754919974479e-03
2.755405209545097362e-05
1.166238752653384709e-03
1.070797493631611729e-05
1.071448470944131362e-07
8.107809917935585989e-07
2.579902977047658176e-08
1.563538177060848876e-07
7.193564323571959539e-03
4.737744900795580819e-03
5.444590899691827514e-05
4.773541326732866526e-03
3.569428355038430003e-03
2.420246019839618259e-03
1.140049287458016125e-03
4.737697430824994600e-05
4.718929511418622907e-03
1.198518254339857488e-02
1.200755552612549652e-03
1.627519897692012526e-06
4.362661717492316412e-06
1.243707860910082034e-06
2.160412935981667788e-07
9.733035588121011525e-07
3.359152319878182056e-07
1.188384166758382688e-05
3.572261109992621100e-03
2.412134020397208468e-03
2.389687508554763987e-03
3.533553494894993516e-03
1.270742645517961835e-03
1.124177841323994054e-03
1.276709629933952227e-03
4.723378736281535172e-03
4.833215157742257705e-03
8.371228398281234037e-03
3.563170869069379881e-03
3.543258072442615769e-06
1.605654283041653752e-07
3.256865482949289030e-07
5.442742055706134292e-07
1.115226557456910343e-06
5.326218791057212006e-06
1.178299051138946866e-03
5.980922301110563194e-03
5.993584281674443903e-03
5.925225277648059168e-03
1.138329154180542835e-04
1.069183604526657491e-03
2.497037687795854253e-03
5.884762916703378983e-03
7.234770232599684915e-03
7.142864744646243609e-03
4.770529279663947297e-03
1.927405473392117358e-05
7.769284109841602772e-06
6.544111938321079964e-07
2.104671279065467911e-07
5.882128697941783319e-07
1.097284402463077382e-06
6.585718451892606938e-07
7.275923855167775105e-06
1.202332429448464387e-03
3.565327641666452257e-03
1.258410190686280955e-03
2.271943421116436219e-03
1.350715365887629601e-04
4.670793755480865707e-03
4.879103411114076895e-03
8.316613778717563132e-03
4.812794712322263253e-03
1.198173162265744537e-03
1.557939316458861130e-05
1.159818606902084321e-03
1.163183059858603879e-05
1.368155105386500308e-07
4.601153976006001977e-07
1.089105461410258385e-06
4.990400103835365024e-08
2.839672159726713624e-07
1.193164519567516861e-03
7.176104105719839990e-03
2.369198165789276282e-03
2.456849034699085284e-03
2.311769298066403133e-03
2.455533110539457123e-03
7.121991479615244480e-03
1.197586151389345467e-02
5.991194684062656380e-03
2.352237860710501647e-03
7.079130317296676976e-06
7.879358177824265244e-06
1.037810842699626117e-06
2.269475535865674786e-07
5.586226803009376136e-07
1.084049154204799144e-06
2.836669371685068334e-07
2.238917759597446822e-05
3.560825643567478924e-03
4.816800144491313433e-03
7.152969151971082760e-03
2.379891345411513058e-03
4.806950298955352599e-03
2.377030377357955675e-03
2.409923856259057161e-03
4.794444298185137308e-03
1.165234607967546984e-03
4.407621475506961952e-05
1.194641609951364559e-06
2.122803733913044679e-07
2.389524635331640349e-07
5.364609058053272963e-07
6.688554035307223324e-07
1.048944225632357788e-06
7.772913923630545244e-06
2.352597412400436391e-03
8.408437958189216715e-03
8.330239790745225942e-03
3.625392151062042934e-03
3.580614059179048573e-03
1.195455919029914668e-03
3.576208381898289459e-03
3.588747508887891666e-03
1.171591315603595597e-03
3.150391657901334430e-05
1.160123938029524598e-03
1.185951547913934251e-03
3.377519579180751576e-06
4.817262895386813475e-07
6.939363668876772194e-07
6.381014682157955212e-07
1.029140262589950573e-06
2.274029476931907018e-07
2.258385147927545147e-05
7.159902067631279156e-03
2.412750818800465328e-03
4.760770894309771309e-03
2.385193249455839527e-03
8.431015147788984335e-06
2.771234440362968685e-06
5.961285615992389745e-06
3.176599243185252574e-06
2.368328003431785250e-07
7.508474033388658016e-06
8.387824642589663469e-06
5.453148842636707544e-07
5.024621645375898176e-07
6.997257622518325421e-07
6.191675077838097870e-07
1.040258126077203404e-06
9.692706628005464184e-08
2.482888602497273487e-06
1.174380778513207718e-03
6.697140882946203218e-06
5.140311668857550679e-06
4.320565086486475120e-06
1.565421432577999723e-07
1.116962473485170323e-07
1.862902704472308642e-07
2.754208770907748456e-07
1.524100439812583641e-07
1.182925998119678218e-07
1.072547411202625882e-07
2.519847110228317202e-07
6.312416609957556468e-07
7.063187455475947713e-07
6.091239304515284948e-07
1.034597092966788423e-06
2.070082798403035115e-07
9.090496512861031741e-07
1.599275530258938868e-05
2.201702176243302624e-07
2.654310957193159068e-06
5.066932632312711999e-07
8.872456272088969856e-08
4.195002803856008181e-07
5.755474459750347513e-07
5.995406050772637562e-07
5.990521448102743140e-07
4.794708095292186824e-07
4.572834480127335420e-07
5.933207237270509393e-07
6.610676437695146651e-07
6.186504465118967656e-07
5.495505775589038603e-07
9.547388016988527683e-07
3.241966141244017741e-07
1.220694778462247909e-05
1.162344778255746574e-03
2.879687625424029308e-05
2.361583707651324256e-03
1.322805972987765103e-05
1.423788184254063452e-07
8.046497254676201595e-07
1.193996703038905205e-06
1.063149918098498769e-06
1.083874535136089994e-06
1.103490641598138601e-06
1.102455133595724638e-06
1.073494560431256803e-06
1.044947628137677921e-06
1.030372402172653650e-06
9.550326588260274331e-07
1.543654035738502994e-06
