3.944295916035843452e-02
8.455901115551327507e-01
2.216025390761209579e-01
4.847866723837872982e+00
2.019616591706725472e+00
8.602803655189017462e-02
9.091109937537805719e-01
4.429997180835973380e-02
1.111064122554087904e-03
1.582874907850997936e-02
1.898368330548471728e-03
3.826545323460876448e-06
7.352478992461976151e-07
4.797437598867574580e-06
3.161814385222393685e-05
1.114620884126296592e-04
2.375376029820278740e-04
3.965685862045400709e-04
8.300534770850082208e-05
7.318465005595044259e-02
8.345755999822631610e-01
4.168642278913647026e+00
8.339196933958075153e-01
1.263875685970591023e-01
8.877616878983606297e-01
4.600018096826517106e-02
1.449419555419466724e-02
9.087572326482400431e-01
2.338346425935776060e-02
2.324557227529938565e-05
1.130199859934168977e-05
3.038984863073275675e-05
2.287337654011252182e-05
3.378613156944675527e-05
9.921931736196942700e-05
2.543602616850154240e-04
1.196497200986791168e-06
3.654913717372956371e-04
5.619472664095135142e-03
4.689254211661001565e-03
3.399590006582356699e-03
4.921117753165276699e-03
2.837568478946524315e-03
4.905025221336422719e-05
1.345078348730786204e-04
2.286393658620219926e-02
4.105419147928630191e-03
1.031949245177820208e-03
2.419331271261740066e-02
4.040430766028972262e-03
2.034685012750185685e-05
5.060515184914745715e-06
2.887521441219918094e-05
1.630381263780458659e-04
2.037735024124969530e-06
1.233698599701264930e-05
2.023179003059446512e-05
2.633181600215511403e-05
1.150579448262889579e-03
2.065226209164633397e-02
4.007959134700298290e-04
1.711190543994102771e-06
4.356828920848757579e-05
9.422604918436413082e-03
2.454776469345977975e-03
1.261344687534982599e-02
8.942495151101356177e-01
4.561903798781265923e-03
8.984563316299022367e-07
2.727233163584518838e-07
7.029016479552451953e-06
1.046925643426239083e-04
2.723533975851845823e-05
1.474081432417329303e-05
5.738218529271710539e-06
2.424676189959314377e-05
1.589103991481341863e-02
9.317343649462157540e-01
9.636730179324043064e-03
3.119815211663812303e-04
6.014354370413899087e-02
9.120771389794211093e-01
1.067915930974377287e-02
2.666300995144392852e-02
1.085465911965274310e+00
4.573720906069373912e-03
2.449389345059176684e-06
1.038912381933666456e-06
1.200934269686470229e-05
1.057862817617867199e-04
1.680722294498738817e-04
6.379374009426983546e-05
1.691723637282257467e-05
2.684188773446976554e-05
1.388414232695509270e-03
1.538347484536965563e-02
2.678189170448623188e-03
1.194583542255202822e-02
9.241836516326044082e-01
4.913116150630258971e-02
1.730848525072681190e-04
5.894412203523742046e-03
3.837658330815063579e+00
2.090374233811700844e+00
2.984364725665825113e-02
7.143386187257038267e-04
7.388804168452784012e-05
9.348642851730889591e-05
2.562523791599173833e-04
1.151547540578655486e-04
2.654097144355444356e-05
5.944643604915857765e-06
4.073720772027514198e-06
3.931629922238557184e-06
1.857423972999695057e-05
3.270569610464262120e-03
8.753845105928007367e-03
3.379202519354226329e-06
1.146252565211896804e-07
1.197249372807350612e-04
9.398217018202813244e-02
1.910357570930484306e+00
1.841831734163022372e+00
7.693736231135986717e-03
2.691331342289894683e-05
2.120553750372740720e-05
9.962993544151987641e-05
3.972578144689311225e-05
9.456076784574913067e-06
1.745536480729768477e-06
4.628690076843607058e-07
2.274319012156340275e-07
5.226749097229097829e-06
7.984199347679524911e-03
1.826244647970290055e-02
6.196172954193803684e-06
2.909841776444566512e-06
2.182295031015934507e-03
6.721228830367786782e-03
3.545706262848730139e-02
1.267060818204324146e+00
8.249237083205469834e-03
4.078958255196955609e-06
2.994670504496366008e-06
1.990661277131557395e-05
1.097383724207879023e-05
3.798505663147464659e-06
5.136524325784446436e-06
2.441587876944474719e-05
4.354370754636835557e-06
1.988840780036109475e-06
1.838872253080538156e-03
8.884730946215998459e-01
8.857441918883750265e-02
5.409043893944046055e-02
8.602160911583012215e-01
2.257808608735557138e-02
1.858492978108921417e-02
2.633068985077376301e+00
9.616824944780357626e-03
4.420138599102890449e-07
2.388967263338366324e-07
1.830625364088220338e-05
1.116116200907277202e-04
4.428993651569588722e-05
1.818847701879939432e-04
2.761097979810118661e-02
3.760952812917994878e-04
4.603421750305245064e-08
1.304317834396303476e-06
8.573126420595285346e-02
8.178975074402173862e-01
3.855104978444582470e-02
4.018657680818702588e-02
2.184254541232364972e-03
1.685982940843245691e-03
2.650761155145903158e-01
1.380892406141476887e-03
2.745619469432615180e-08
1.402982158958431207e-08
5.122753945702348806e-05
1.837764189574622037e-02
1.216560730063738494e-02
6.537924380953410823e-03
8.908877210146992631e-01
9.276235896112282331e-03
2.582801277214430989e-07
3.117723400032607797e-06
1.062584684879309682e-01
5.171684768077800670e-02
1.047638487709337990e-04
1.926448933652417624e-03
2.340534344503529193e-02
1.724728675408347678e-02
1.807305354312485512e+00
9.333391414249368745e-02
6.749288901612176531e-07
1.246978229478031356e-08
5.139522255505705385e-06
3.282224857890130715e-02
1.687369247643548231e+00
4.318932313911257870e-01
8.058290524994541348e-01
1.328576027470993182e-01
2.893234581423792529e-03
9.382835565759639618e-03
7.154985978899455201e-01
4.376588962892420664e-02
2.187521597896618171e-04
1.498006413873066017e-02
1.806040309700603030e+00
1.772658146021960646e-01
9.042445903687520437e-01
1.861314590401655478e+00
1.209830627079348634e-04
5.488719682572800070e-08
1.095657379324852462e-07
1.085275591427758025e-03
1.131942823724014069e+01
1.057743300511108764e+01
6.709151761603546205e-02
6.885703462225145621e-02
1.740460249242235413e+00
2.815907588751735413e-01
2.795001371070631249e-02
5.303669662959133863e-02
3.931823471299496220e-02
5.356908771301950589e-02
9.333400510552478657e-01
1.303008355937957385e-01
2.953469689922737576e-02
1.270606138638674443e+00
1.225413554749684407e-02
7.333411848538257621e-07
3.841769831750208338e-07
8.684864431842246896e-04
2.717434241105995962e+00
3.300066217464366236e+00
1.426260682380483657e-03
1.073620839515140819e-04
4.490942529663401878e-02
8.132467445315019194e-01
9.091109741813822864e-02
6.906343868590371360e-02
5.057559021107507213e-01
2.953563905504600906e-01
1.126586437741135205e+00
1.551121557531367934e+00
2.358085879334267387e-01
2.466427352022809938e+00
4.845858470628677805e-02
2.104133190061142875e-06
2.613885593981028028e-04
4.201234372470178530e-02
1.750667601562829745e-01
7.984793184574079383e-01
2.433151785764375158e-02
5.119209008457491840e-05
2.421312663849253517e-04
1.616537255170036325e-01
7.090456649496277297e-01
6.183900529159366138e-02
5.265170857674881244e-01
5.864693461565309018e-01
4.493064626669513589e-02
1.551900203892963570e-01
1.132039350380238840e+00
3.101134710020058693e-01
1.445339692379087569e-04
9.357236570747925278e-08
4.240019331314305584e-02
8.401247361747319342e-01
1.648357139468668506e-02
8.898530393300688179e-02
8.502949431301242145e-01
7.365124216512718147e-02
1.501042694855045725e-02
2.465696741621856147e-02
3.522588216992582344e-02
5.264351941780263944e-02
1.701170574506573718e+00
1.201265485227328011e-01
7.615853501564842729e-05
6.713270924490262904e-04
2.609667488314814765e+00
9.049806163998427300e-01
2.701527366431217029e-05
9.077985658098056360e-08
1.841988036978847634e-03
2.643091022400253370e-02
8.075457981135947955e-03
2.278488645039067340e-02
2.948091657615822120e-02
1.174357296134275613e-01
6.520224335269674265e-01
1.098969850963702477e-01
2.540852744518382403e-02
3.435844337057435138e-02
7.881930041232417805e-01
2.803087640252805435e-01
1.172007619879955175e-03
1.470660241059954486e-03
1.345669392133068021e+00
9.935269700299858009e-01
9.384604969658496404e-05
1.073221345470598356e-06
1.679959556324535638e-06
3.230439284931167597e-05
3.009065738966608394e-02
9.150476546147102708e-01
6.851151848798615364e-03
3.523568086258831167e-03
1.154668634576485886e-01
2.323279567078516128e-01
5.032025863812247257e-01
3.995553776341932983e-01
1.084094217355870304e+00
1.953078799205529181e+00
5.009796420837030473e-01
2.837137117161995792e-01
1.661325760587927913e+00
6.409048737864198042e-02
1.625503406967727149e-05
1.458885257094207332e-06
1.003834386007836681e-07
5.021206358394239705e-07
6.153004545669109836e-03
9.479872007915530752e-01
1.056174699767373215e-02
2.736524759654097513e-02
8.523304531471704859e-01
5.696171371113056131e-02
7.062883601040373382e-02
1.902199989235553890e+00
1.659704993185030508e+00
1.720547604893130356e-01
4.662812760795713718e-01
8.513050259652027441e-01
6.924866638114468564e-02
2.896138714496228925e-04
1.475209877386570183e-06
2.414110183674218411e-06
3.893710448916923099e-07
5.976116352156844107e-07
1.509985737761171311e-03
9.404881316010602066e-02
2.369003435981427777e-03
2.538243654822440812e-02
8.824355549221437611e-01
3.910662997055822099e-03
1.533732783388882951e-03
2.048142960394579160e-01
4.321231732628622035e-02
1.552027132565947203e-02
2.552526704091270027e+00
1.161939036035663647e-01
4.501610727501627176e-06
4.525970588531420250e-08
2.672228123058803953e-07
1.592025418529711205e-05
3.415832958377126906e-06
1.055494023163411457e-05
2.009443497806102236e-02
8.690811408508686275e-01
9.632290124219575547e-03
9.820125762575852152e-03
1.855981350027831878e-01
4.843373802950827131e-03
6.908999783968509771e-03
7.334957473464660538e-01
9.605561238872317720e-02
1.262347046304554965e-01
3.086568458414562510e+00
4.287341121990237316e-04
1.969359126465866245e-09
1.151832355950948533e-09
8.008668585754826365e-07
1.279690318009594021e-04
7.418192902990525683e-06
2.311972079653660676e-05
3.503632017496102237e-03
3.622646464185767801e-02
3.182441621156821554e-03
1.518262024261770107e-02
7.552106814386295719e-01
1.861436771633766252e-02
1.296311994961643751e-03
1.080608032157114873e-01
9.162147938915538026e-01
8.533163273604722487e-01
2.612043981213727287e-02
9.530365012374491456e-07
1.553165996020509647e-09
4.621082764478243403e-08
1.871108980993780108e-05
4.369487013144455817e-04
4.986100658586813472e-06
2.560963303905698042e-05
6.871014926699387741e-05
1.947162824191514234e-05
1.011399718122881653e-05
2.723723034768996435e-04
1.261176389573309686e-01
4.502170095305626368e-02
5.303693952497956108e-04
9.192903927024249564e-03
1.014889424327128364e-01
9.114281297165653314e-03
7.695315465102646165e-05
4.356859356895628820e-07
2.337283669483826275e-07
8.067593730633204957e-06
1.595473846803752908e-04
4.656206757956964527e-04
4.492553609552321114e-06
8.395895349519911935e-04
1.766616887529680975e-03
9.954350543339715389e-05
1.006047936052846520e-04
2.589140068874757868e-04
2.887872782104990502e-02
7.719951383576569848e-01
2.046605510321416743e-01
7.657828845764346193e-01
3.791975814822740043e-02
1.953556723269943526e-05
9.184725135370441956e-07
2.494487847816929890e-06
2.173378989529474846e-05
1.351418324163771193e-04
2.626419094013270647e-04
3.093879949794797724e-04
1.109237446743361195e-05
5.267020978444785645e-02
8.531856123714069984e-01
1.929114774294058143e-01
8.271789908798660163e-01
6.651620276703287815e-02
7.312168768227400063e-03
1.482368336293456504e-02
9.648251545248226826e-03
3.693493188508246983e-02
1.830652341267176948e-03
2.248773073613002418e-06
7.867518280185545622e-07
1.875550311325129520e-05
1.989220967987581949e-04
3.663667088565036823e-04
3.076087388568599849e-04
3.183298718220621960e-04
