4.708657749058326119e-06
1.158110750600350235e-05
8.732202694638408532e-04
1.538826348575863569e-02
8.033280517616264152e-04
1.058235284067401432e-05
4.643498136613456522e-06
1.672160368325369996e-05
3.938419175093198752e-05
3.937880881163200315e-05
2.744017414745824547e-05
2.067052765068283800e-05
1.962452115514992619e-05
2.137870654755043431e-05
2.326843888509891586e-05
2.568582159410992368e-05
3.285390833136594583e-05
4.844129170197873993e-05
3.584667670146490955e-06
2.380710225120932482e-05
1.501206623184385761e-02
9.400363800199440512e-01
1.478339429858091525e-02
2.425390595321185976e-05
3.795523930505907479e-06
1.154580270742461871e-05
2.440218923325872296e-05
1.829635058973139186e-05
9.635049203226511800e-06
7.351450390037845935e-06
8.544519993770561216e-06
1.000326521510419197e-05
1.139525125260816433e-05
1.581117112721281141e-05
2.703161495722581690e-05
4.763570754668603607e-05
4.432605472006011470e-06
1.145092704768858134e-05
8.790514753135442172e-04
1.486990263410156200e-02
7.374938357874917137e-04
9.475810150955913687e-06
3.932436860717069418e-06
1.139499062757467050e-05
1.560166163430911325e-05
6.645805828449417402e-06
3.182778783624794003e-06
6.403696669204776861e-06
1.953522870623193659e-05
1.561643164462803100e-05
7.746878280551694883e-06
1.001640408939964735e-05
2.441292823037841090e-05
5.221924048775101302e-05
8.623937962017644531e-06
5.125546233561990043e-06
1.024549174189940330e-05
1.469569319751366657e-05
3.958619586304756731e-06
1.351127410280244428e-06
2.781173847537158484e-06
9.393622770446665414e-06
9.630658380000770138e-06
3.044945798921714323e-06
3.782652779000785335e-06
1.385147938435744895e-04
2.633755318491418779e-03
3.011095474363792478e-04
7.806918643005553708e-06
4.292481677685864079e-06
1.699660766301382483e-05
5.285900344576120356e-05
1.860988175207531329e-05
6.696159584203918392e-06
2.053617556568537266e-06
6.885484826564430769e-07
3.688383245286420184e-07
4.748173031185321197e-07
1.370312719678567527e-06
4.515699728871687207e-06
5.694169244381990972e-06
2.765823303785435220e-06
1.694575177331754577e-05
1.356870840442579544e-02
9.925073220788440675e-01
6.473025525230658751e-03
3.817123213343229270e-06
6.821263886185258061e-07
5.687250381040639854e-06
3.703374191320778555e-05
2.464242031313447162e-05
8.030870399621041524e-06
1.734264709804244074e-06
8.832627940562096423e-07
2.627369935229294708e-06
8.820863727135698842e-06
6.937582501270046195e-06
4.462600913824753950e-06
4.443176138669397988e-06
3.024341383556531009e-06
1.456946988016991483e-05
7.896859093557270434e-03
9.319506165622433169e-01
8.605852333882692967e-03
1.558032596641818704e-06
7.812735115011988559e-08
7.800041586174011424e-07
1.269788941089703026e-05
2.355331046369618382e-05
7.772685259756978232e-06
1.931675406603653708e-06
4.333012298789031722e-06
5.129235689282946476e-04
2.021741170424932663e-02
1.532036397566439697e-03
1.803172738243528017e-05
4.106922525804610029e-06
2.427674946453265992e-06
1.653207292642517360e-06
6.227240979579434701e-05
4.011178810255683347e-02
4.769950709354189161e-02
2.389643679907804371e-05
8.242922071287054553e-08
1.510147683025112640e-07
2.836216339289659569e-06
2.960070052542386067e-05
4.198807023867330839e-05
3.639926198647091703e-05
5.668475312800536851e-05
7.933427483634153399e-03
9.364992054016135770e-01
1.152615705767062564e-02
4.201256765662100759e-06
4.835911342906665973e-07
1.126914556381479744e-06
7.579485696926846759e-07
7.740118072227781699e-06
1.627988039040555862e-02
8.853852331222429317e-01
4.741927094452806635e-03
9.695319640475935362e-06
1.609740376733777814e-06
2.851835331278637314e-06
7.923666418684710083e-06
2.987999032794403775e-04
1.893785047183390094e-02
5.812629708399718806e-03
1.814952946127167382e-03
1.393543386748720761e-02
9.904043363533781598e-05
7.548899865085488679e-09
1.290263459784098370e-09
8.423089887522319195e-08
1.052366113583446751e-06
6.313003189087288417e-06
5.381323689848468853e-04
2.167596970184601859e-02
4.654633318661237362e-02
3.287816646169820084e-02
1.437065067098386266e-03
1.953847344270223627e-05
5.889169609565970353e-08
4.555210141768299486e-05
9.013557149768637311e-01
1.038693440623116970e+00
6.647939248395384401e-03
1.007722547414323724e-02
2.759861079353873904e-04
4.419798318171421242e-09
4.716586907793002672e-11
5.732219700925750132e-09
6.851279839267194612e-07
1.721802499822873912e-06
1.272616467178124694e-06
8.158734062854486433e-06
4.397229022018587369e-03
8.518677783326766839e-01
1.971034835063428803e-02
1.475388751370084291e-05
2.116204073353078694e-09
1.861255231471621710e-05
1.269660621904273423e+00
5.627571480595597642e+00
3.332100168007650076e-01
1.685081542135973498e+00
1.188716275812580880e+00
2.534767743849208085e-04
1.657367753978084957e-07
1.929994604456506300e-07
1.392344172056843672e-06
5.050172327140943782e-07
4.397450062679313243e-08
1.646036611162314465e-07
3.770407778265946188e-04
1.238321742745121662e-01
1.470128135955060377e-03
1.447906444066720591e-06
5.900447481612607394e-08
2.228640567645603747e-03
5.726463661706788777e+00
5.387762923903228973e+00
1.605212899155967987e+00
1.544066894146289171e+00
2.424999422382369207e+00
1.094490067175889481e+00
3.718038009787637960e-02
4.869373504368977655e-04
1.030649855602676007e-05
2.680912494082357791e-07
3.588695691250231565e-08
6.480058967170028871e-07
3.482980657119504747e-03
9.153370600396943946e-01
5.238926147097495295e-03
2.837640593689289496e-06
6.877198541729859162e-05
1.722804115539716963e-01
1.767795328424309531e+01
1.152813263363064955e+01
2.491249491457244947e+00
9.598234907977177821e-01
5.942875777134024595e-01
1.928284410301536411e+00
8.507363991516792012e-01
4.315998183765410584e-03
3.122028642585243289e-05
1.725833056195180860e-06
1.912702054757399028e-06
3.545545922396297272e-05
1.214427736501784254e-02
9.890298071814624947e-01
1.462082869490697289e-02
1.351081881947021093e-05
1.369849153829694882e-02
6.896932984417470935e-01
3.806572987363886718e+00
5.663842927246169445e+00
2.345879235658840933e+00
3.426473894252890950e+00
2.627106728404405622e+00
9.751657142800670419e-01
2.078015260367460371e-01
7.590274113590290972e-03
2.182798212464808450e-03
2.499724439504012654e-03
1.593464102269120941e-02
7.667392533274097061e-03
5.445536285618537455e-04
6.950602755880346548e-04
1.513571076444252417e-04
6.924618607034594519e-06
1.811774423148499033e-03
1.554019824813510364e-01
4.524913407793399456e-01
2.007256037668920801e+00
2.962703747141836264e+00
4.976608196270501105e-01
1.923293983602066826e-01
2.659718169322058956e-01
4.742126138806044833e-01
4.054934162389777774e-01
5.899984075523553306e-01
3.232454714834878673e-01
7.624129508859399662e-01
5.390902869344622872e-02
9.571652949988477795e-05
1.010686431721761272e-05
6.831861834935196386e-06
4.304789279518165233e-06
1.979064175528055578e-06
1.090703775248758793e-03
5.916554452750567850e-02
8.441817232614534650e-01
1.062388764955309872e+00
1.837269660626426604e-01
5.025718644695420512e-01
1.619874077752296304e-01
8.949262742508524646e-03
7.057345681615141524e-03
9.931319032813124698e-03
1.178997982623541984e-03
1.875134853509131732e-03
9.361782535306362521e-03
3.974272287620652169e-03
5.532099069909195794e-04
3.515141031494628169e-05
8.485594928976052093e-06
9.291814551676652454e-08
1.066758516743755289e-05
1.735215456986714550e-03
7.249125629935482609e-03
6.173928230560614839e-04
9.816119232997149672e-04
6.534575429292821536e-02
1.073128899814302295e-03
4.574688557830068999e-07
1.889910795651813279e-07
1.467677460786041197e-06
2.987299820408677255e-06
1.850451660435618764e-04
1.322420838781435959e-01
9.080968547025494164e-01
1.264105186977663824e-02
5.277217783065138402e-05
7.880915387900325956e-06
6.272663316558307803e-07
3.179369902872842765e-06
4.595077394348694036e-05
2.058871326621938955e-05
2.328119317243047239e-07
1.291416453697596751e-07
3.330800974260813177e-06
3.031508132786968642e-07
3.622366512452713908e-09
6.807163213833517184e-09
9.690241349114012228e-08
2.478234554330197616e-06
2.352628189688254958e-03
7.916703313094956007e-01
5.990105812752171549e-02
4.119968693213379144e-05
9.625338318442789295e-07
2.440475748681926619e-06
8.678017363296942809e-06
8.849206762657997727e-06
1.470689581678881195e-05
4.294224805799679134e-06
1.547796399785518599e-07
3.082529408593472925e-08
8.387501705771409576e-08
1.119678708378545830e-07
1.120463536953985314e-07
2.545948063600963330e-07
4.033671160033451038e-07
4.552002885783111586e-06
4.290413303178072790e-03
1.830977714334591222e-01
4.034003280629171575e-04
1.654230764167139482e-07
6.982998822371425915e-08
1.866837436776825056e-06
2.980042734335639667e-05
2.446907902296915349e-05
2.319986291186893916e-05
1.339182341375890209e-05
3.969737076640790276e-06
1.817761691156412508e-06
2.556175083277902313e-06
6.076312190333699770e-06
1.220286484933135374e-05
8.326633392016689975e-06
2.141258457263376966e-06
1.145482629924842609e-05
1.727857398442505382e-02
1.834448955777036927e+00
6.946525066523081583e-03
2.733773357109035377e-06
6.264967984542667178e-07
6.413212644485267274e-06
3.650490544459677615e-05
2.991422526943235177e-05
2.601449514748920472e-05
2.196468917491419743e-05
1.818806414136589348e-05
1.807527316020485282e-05
2.627081210179455149e-05
4.833956069696012644e-05
6.288312475910369710e-05
2.608716999252227233e-05
4.445828158122956714e-06
6.755637846210891322e-06
9.138695617754010337e-04
4.995965278259480863e-02
3.277470391095790945e-03
2.396973982067677705e-05
6.455112018765885085e-06
1.975929162155762282e-05
3.024392173241600062e-05
1.822044154040249861e-05
1.256705186073961540e-05
1.311893640378969041e-05
1.590692028755218810e-05
1.549201319419674233e-05
1.710789344187397152e-05
2.705610086162531919e-05
3.738707689748185103e-05
2.281418506374661016e-05
4.721095338209811145e-06
9.075855050891552363e-07
8.021002541268106631e-07
1.840294003328677939e-06
2.260912921890334114e-06
2.872265646434604676e-06
8.660351636222396568e-06
2.890459880594724711e-05
2.160154659377248697e-05
7.400342833521424116e-06
5.291235620813019795e-06
1.885210452939052974e-05
5.620502847741976456e-05
2.198623780221154245e-05
6.065018604629270617e-06
6.887360495058551009e-06
1.504779012508789896e-05
1.975208440977238800e-05
9.038272885767478909e-06
1.381913754800511122e-06
1.686410290125546235e-07
7.164553752915782039e-08
2.091644663304088410e-07
1.807743671239687655e-06
1.195415626422827326e-05
3.552174186342035942e-05
1.639387081357817852e-05
3.805557293025640130e-06
6.646455602017353489e-06
3.781692330477790225e-04
6.435994139537348259e-03
4.218668602559436445e-04
6.937479817746458815e-06
2.932313511365483131e-06
9.457455896702965110e-06
2.483636393615470503e-05
2.825934672091060348e-05
1.367824494011287533e-05
4.175244539676477098e-06
2.106533552661809948e-06
3.362408434477616131e-06
1.025430547957863138e-05
2.591458217796479855e-05
4.490758485457159438e-05
1.807381514745179431e-05
4.914919401019463671e-06
2.766158185296623782e-05
1.560795080607907913e-02
9.588525620124397353e-01
1.583123696673564840e-02
2.661761253478804118e-05
3.797859990216388555e-06
1.160763328460471596e-05
3.809715212817064078e-05
6.510348200115261713e-05
6.719514837570633020e-05
5.101864424549790378e-05
3.822587012830885644e-05
3.584817437225930038e-05
3.997498977821767910e-05
4.631881830697129646e-05
5.553531095061635977e-05
