1.410757082300577970e-06
6.568611625644915023e-04
2.176827658151965217e+00
3.603086551453800190e+00
5.511653895577208750e-01
4.960364803173761827e-01
3.759891939240996850e-01
8.286221869154062336e-01
3.266385467888945071e-02
3.360498250764467200e-05
4.712152284492447683e-06
2.616564388504381499e-05
1.290063421780862479e-05
1.474696144102872395e-06
1.559260138160377084e-06
1.521843983085301355e-05
1.812659369552950138e-04
1.010345581812220096e-03
4.414161145883945626e-05
3.086139095044118999e-02
1.715128106068180669e+00
1.478389208103350505e+00
1.386081307589888123e+00
4.629212675749719286e-01
6.839093683250033751e-01
8.655090778466807688e-02
2.065657229546081442e-05
3.387292627085522051e-07
9.253657111535041550e-05
3.972572911612623492e-02
9.496842676518837609e-03
1.385831171255639247e-04
1.599227119438598072e-05
1.110084924405483860e-05
3.808647261824526760e-05
2.993332426787543589e-04
2.075434413902792984e-06
3.470838294824140540e-04
1.191347933946097434e-02
5.042759703570751789e-02
2.493485637787881334e-02
2.457968794342273861e-03
4.630170845120061551e-02
2.831352595124941602e-03
3.343036642711667710e-07
4.828744861471861121e-07
2.834698703835195933e-03
1.898177496813778564e+00
8.947804160316720212e-01
8.891804713575360286e-02
5.968740468502301347e-03
4.955557142544997644e-05
4.889893484363706683e-06
2.564667624851858983e-05
5.303316565508777074e-07
8.475971148811779852e-04
1.887163016175790464e-01
6.926197533909264070e-01
1.607409939579804992e-01
2.176222776372618156e-02
8.815293873243639222e-01
7.414116098637101027e-02
1.724002720378991951e-04
1.233569869453182092e-03
7.209156189576963747e-02
1.993875181226458793e+00
2.413083635134747329e+00
6.453072330695820424e-01
1.726322432008069521e-02
1.448700729194051811e-05
1.946649922751504478e-07
1.019713342420007921e-06
7.711160766093809902e-06
5.690462232423230959e-02
1.635553778768302768e+00
4.714650417641482183e-01
5.795571183697834083e-01
1.807760590052004401e-01
9.907987498879722299e-01
8.229473017551997005e-01
2.277799553434215751e-01
6.299968849526573766e-01
2.459297551210830324e-01
7.064065681174400702e-01
2.659136440716352912e+00
1.407454539368258262e+00
2.269904116603941105e-02
4.395913656467572296e-05
9.396697110100054775e-07
6.160027220178687058e-06
3.732736231461669476e-06
1.387042806766516445e-03
2.964600195136729913e-02
5.058533621608080066e-02
4.713215286169399054e-02
5.028378405233027704e-04
3.496132580277283900e-04
4.489592452858563731e-02
1.155631882159189106e+00
9.012674217328929815e-01
1.941247428430476485e-01
1.545695892505528912e-01
2.905510833210996346e-01
2.635378069114835409e+00
8.836793252610281035e-01
4.089630955664595030e-02
3.454641208073109572e-03
2.710244796089112188e-02
3.835493130349644422e-06
2.801321038036635753e-04
1.428708589049371980e-01
1.800503145642645020e+00
1.372499616511592066e-02
3.213324156564738219e-06
5.598820027845162264e-06
1.073109032065597788e-02
5.746887937928563117e-01
4.049700292993459461e-01
6.037625154622079382e-01
6.502777992593540279e-01
3.219438277251967517e-01
1.695621545122242058e+00
3.694555587830383736e+00
2.572119195008644166e+00
1.639540785440408710e-01
8.879409450279268645e-01
7.126063177787149232e-05
3.909222961470272713e-03
8.340927065214116531e-01
1.072782206473356759e+00
7.746372082245852556e-04
1.932030625213098574e-06
1.527561212740387027e-04
9.730641225034712682e-02
3.800966840372508870e-01
4.949929395921260356e-01
8.006114534166730579e-01
7.494890677096688325e-01
1.143264232832084781e+00
9.376336627016045311e-01
2.577358062883357448e+00
3.222641618922860829e+00
1.294108893276310276e-02
2.127263883281027904e-02
9.846574985620497463e-05
2.029056092588417404e-03
5.491577476549795028e-02
1.562485398592023955e-01
3.627751115545662687e-03
8.431643318376594082e-05
4.729415564554567859e-03
5.600978760770236597e-01
1.205098593226914927e+00
3.865014279603426584e+00
6.522506034174198497e+00
1.387922891888241583e+00
6.250030169166378435e-01
2.140690088235595867e-01
3.397147054294903157e+00
3.709994385841081321e+00
7.931641320394467592e-03
4.566718441233673376e-02
6.066876164332804652e-05
4.324824190935109419e-03
6.876838135879902170e-02
6.650575298820031733e-01
9.060152961477049294e-01
7.007365900965832617e-02
1.052486125065250633e-01
5.027358001986695912e-01
1.371528671803407429e+00
3.013195323834920281e+00
5.410066780724652524e+00
3.491365817043345476e+00
7.332877490240629070e-01
1.175301877473048373e-01
3.574828673638379417e+00
3.209977492339510796e+00
6.716597719315399451e-02
8.579330314082409537e-01
2.099004645819553032e-05
3.022800712169209508e-02
7.183357129425891330e-01
7.276157954876174561e-01
1.687417864672763335e+00
1.496702483233317560e+00
1.930018246611921784e+00
7.046036886598829874e-01
4.543656589341363849e-01
7.146828614340721142e-01
3.322741025319396746e-01
4.814835549220617406e-01
2.243830880270663020e+00
2.744691164258682425e-01
7.259087087828836049e-01
2.260930055482547996e+00
8.717543843846152773e-01
1.206303936687032341e-01
8.963276951824737498e-07
1.369025272077126557e-02
8.124114957028094608e+00
4.538152792572351935e+00
1.933296585362389575e+00
9.335921023858415602e-01
8.251820913382129641e-01
1.127960565045072361e+00
1.090395642868229764e+00
2.726554536259687911e+00
2.014195954248418907e+00
6.772430873350949732e-01
5.328443340850158805e+00
8.672211417773086906e-01
5.904520180359802417e-01
3.543746098039997516e+00
2.958863325756177165e+00
1.050529801565518347e-02
7.927650433882804216e-07
2.265755398188950068e-02
8.291013177047595661e+01
3.432660074115812421e+01
4.264038007260047891e+00
2.700691141155338038e+00
7.397191241668336081e-01
2.429324901995377317e+00
7.940837019483314663e+00
1.747939674761716633e+00
3.036793904499959673e+00
3.095792400095094266e+00
4.334855269374145337e+00
4.099272556728284500e-01
7.887388234664881592e-01
8.976351245827844494e+00
3.901657456977404070e+00
1.875242001174471165e-02
1.130728321784981771e-05
1.670301929404379229e-02
1.294199849711142924e+01
1.387845224717838732e+01
1.600847646701090143e+00
3.477221483325114271e+00
1.654273990698059915e+00
5.714966291462439951e-01
1.854265076600063455e+00
2.953016700245371662e-01
3.185564093534238306e-01
5.918067371234919660e-01
2.543418797816691335e+00
7.856177933968730986e-01
6.067679845698323859e-01
6.249497237187159548e+00
9.544711852681380115e-01
2.688122715295544404e-03
3.083639923487389198e-06
2.589492315427310879e-06
2.167428851615617975e-04
1.647572072721157077e-01
1.148482836835935439e+00
1.130833306835799412e+00
6.822985146966297210e-01
9.974906629041800643e-02
5.642830850098631279e-01
3.228572360329998947e+00
5.184860737145458920e+00
7.542981390978181766e-01
1.555255144054067395e+00
1.841927652381087244e+00
5.163523595598827898e-01
1.750970725545377471e+00
4.992559010623744131e-02
3.550639070686546290e-05
4.368330205956645890e-08
1.700166783958995041e-10
2.190378929079080250e-08
4.300052945539930595e-03
5.780977047785457179e-01
7.919025055603236274e-02
1.939635446354337489e-02
3.934316225185072180e-02
3.944507341792961030e-01
8.484734824191336733e-01
5.629972147334045829e+00
4.186528975233639649e+00
7.799290406031574863e-01
6.341405118923467699e-01
1.140927021781372952e+00
3.801537325119953348e+00
1.479936178773198219e-01
2.981516173755138560e-04
1.948838171778460464e-08
8.793863846782571670e-10
3.721524858220818983e-06
5.874544808512708466e-02
2.816611271159189522e-01
7.810557155908814941e-02
1.407508303452961740e-02
4.482040545699982059e-02
4.980021604342376174e-01
1.559081260341795561e-01
1.471699188380887424e+00
4.139569444133587517e+00
3.420256770187695139e-01
1.405084007659468615e+00
3.067860451143743283e+00
2.535283924609750272e+00
6.915758491738329683e-01
5.811677080767036624e-03
1.240444667344445257e-06
1.059412815964443548e-05
1.248386518923135513e-01
1.633858455812207788e+00
1.332795286423192338e-01
5.953997475197096989e-01
4.994502221888309085e-02
4.120192279676949954e-03
1.541168128243444180e-01
1.379518458986577656e+00
4.065487297390490973e+00
1.756503100558977515e+00
2.691903399588002621e-01
3.096412646874813657e+00
1.921685145900460689e+00
1.756776779455546222e+00
2.361446286604472200e-01
5.207335760442950853e-05
5.890932053508220867e-05
1.662646693915453356e-03
8.864321301876804116e-01
2.362894936015852154e-01
1.770405261200593341e-02
2.099652876738712648e-01
4.388150172198598126e-02
3.772260233842930199e-03
8.896981045331973925e-02
1.116569065521787252e+00
6.437658696403357750e-01
5.635615807397935662e-01
3.996204887481650814e-01
3.895185288611448637e+00
5.369027463232744601e+00
2.892144151916462014e-01
4.753293628952826060e-05
1.380973905061881136e-09
4.130257046655146433e-05
2.453384766832811736e-04
7.085107098652178303e-02
8.587888554669096397e-01
1.059201249982036686e+00
6.829402831117222794e-01
3.061220793704894083e-01
1.419447167926405573e+00
6.396557088899788024e-01
1.768121472719679302e-02
1.830554100689159996e-02
9.773848184410007800e-01
1.886056406078854941e+00
6.230557573260668391e+00
5.162953970591665609e+00
5.417584934042236596e-04
9.857626730379306274e-10
6.348847562744869049e-12
9.116334119940433642e-06
1.360456388742224182e-05
4.767724796420793991e-03
9.685522949248230873e-01
1.067536561682102647e+00
3.021503021021784609e-03
2.145212691584288771e-04
2.117256977431053733e-01
1.605337362522385458e+00
2.206048332203976864e-02
6.293695169302696013e-02
2.892244298050683504e+00
4.086746454936199591e+00
4.799825110439673637e+00
9.175332879327020574e-01
1.036246547223462804e-04
6.776867537806265099e-09
4.390797788453782357e-09
2.700690405327049989e-05
3.042592736194860319e-05
4.823197391089855367e-04
2.462422239427968906e-03
4.118524545625396136e-04
2.355761446189277000e-07
2.492663753396508140e-09
1.061739107767683429e-05
2.257802574635608961e-02
1.432986189400845267e-01
1.777981194348637883e+00
2.225052918171512850e+00
9.185688169282042459e-01
1.614412688397821594e-01
4.884497740425671961e-03
1.289218721912685300e-04
1.316257192575454340e-05
3.340276974280730488e-05
2.844178575170647053e-04
2.628429318374448601e-03
1.698362688635947360e-02
4.580487964650653901e-03
1.544610749824090702e-03
2.792435420949208893e-05
2.661173570781752627e-07
4.337093809158119450e-05
1.158950427313862157e-02
7.177926192121547588e-02
8.896706272020096229e-01
1.105648806394860850e+00
8.341171761310478550e-01
1.035810617338818462e-02
1.462508724957162164e-05
7.578856388387477932e-06
1.101997943034557250e-04
8.392243529290605020e-04
9.739370714844251191e-05
7.260818005542997097e-03
1.906424753149857487e+00
2.092765048976178655e+00
1.931675810715656860e+00
9.838360339382211661e-01
4.281489932553467909e-02
9.747083626111134880e-01
1.923639908854344771e+00
9.277561317230559670e-03
1.457407289409549901e-03
4.997582385088153618e-03
3.311307837164600282e-02
1.640879407491645714e-03
5.654934518671849506e-06
4.316461088937130541e-06
9.058284360579624316e-05
7.914036204547365101e-04
1.271809102438553243e-06
2.342715331104525323e-05
1.088373539713610449e-01
1.782192017861536915e+00
1.289984295971208894e+00
1.725309238965636371e+00
2.200527159996415183e-01
8.627809362946118332e-01
8.592537986644147030e-02
1.506711313986489140e-05
3.778714604554229709e-07
2.355935207087509610e-06
4.783698670571425961e-05
8.935537326161766014e-05
2.740220584312340603e-05
4.621721247357266635e-05
2.516148400352189504e-04
9.557868906502012957e-04
