8.263818444867300717e-06
1.453209097154468780e-04
4.967807935609737380e-02
9.833192126634558994e-01
9.423394110122205181e-01
2.002805022699620352e+00
9.694025368928328446e-01
1.166115351228388941e-02
1.790877465254157429e-03
1.888912330795178979e-02
2.462875907605614409e-02
5.470542685930984434e-04
6.107332910602802971e-06
1.897456309922084569e-06
1.711938463152069126e-05
1.494517281925046028e-04
3.304604635734940759e-04
5.228120022338018967e-04
1.003972042375648023e-04
1.655873729071825548e-02
2.914634653536181119e+00
3.977351045113915795e+00
1.915756082035205143e-01
3.428445448450417876e-03
8.134694731850866136e-05
6.305884288828162386e-05
1.104920889796536833e-02
9.635373167556305907e-01
8.610462002101380019e-01
5.171518858668654184e-02
9.232049345942201627e-05
7.097011797264242411e-07
2.474782291002285965e-06
4.795579971843985748e-05
1.869594071029860301e-04
3.774496621424238145e-04
6.959362258646551846e-05
5.880871045469124097e-04
6.358278280427166924e-03
9.361487008424086709e-02
7.176992663133061612e-01
5.465745572260549863e-03
1.057636597741197375e-06
1.581768529562958339e-06
1.797061827177770174e-02
1.974967733741662235e+00
1.316393646913863957e+00
1.865608191293762541e+00
1.781254390129766163e-02
3.581485622508151745e-05
1.603405876117216299e-05
5.199785370257932205e-05
1.039672512740799556e-04
2.695426773396989795e-04
2.126291881040328721e-05
8.800603151141870567e-06
1.140672082741502057e-05
2.218297052497007543e-04
7.935322269977740373e-02
1.160170047978675706e-01
4.615798281624177324e-05
3.877919020172344660e-06
7.573535210042992710e-03
8.960899882833693875e-01
8.109879193431230870e-01
2.935033515625474099e+00
1.065856788667221444e+00
2.933951938252394101e-02
6.897729936199088535e-04
2.076572241221004094e-05
7.517023448606131399e-06
3.903857086269010108e-05
5.181414541532076469e-05
1.002444863576524594e-04
2.213240874513698001e-03
1.163546427796882492e-02
8.129293401608427005e-02
7.826780304702547486e-01
2.158600726080932633e-02
1.681769511400433778e-04
7.501151906607127868e-04
4.646318748759975525e-02
3.631098294077033106e-01
9.051087214721992291e-01
2.130594351722892910e+00
7.888155397705278737e-01
3.093856564979993208e-03
5.133707614645541977e-06
4.146337271467464676e-07
1.575797700135679574e-06
5.913795718858340622e-05
9.887210329643004200e-05
2.694612981320389580e-02
8.032554289511607548e-01
4.492431849082662021e-02
7.287263992804844832e-03
4.206966688824058387e-02
2.089666016445021479e-02
1.089002902918892587e-03
4.979313125314173936e-03
4.037623270442188272e-01
1.393576292904432412e+00
1.610039787210941764e+00
2.323870118803312845e+00
8.612374013944905371e-02
1.207968932850666741e-03
2.223682750712266160e-05
1.159315259990493053e-06
1.047942466252896179e-05
2.088153741966183046e-07
1.515438921555665276e-05
1.313608222685456461e-01
1.035559326137977104e-01
8.706604349390122035e-04
6.210097021213956126e-02
1.828254260438696654e+00
4.615802091553559972e-02
3.424636507514200456e-02
6.053099458157513713e-01
4.831112799913068190e-01
4.910705549309417051e-01
3.699104956200407468e+00
1.725704290144272512e+00
1.037129491894969613e+00
3.016739243137902399e-02
1.900650263268180421e-05
3.950586640918598498e-06
7.662461830030679003e-09
9.595298362890739524e-08
1.740055349633039608e-02
1.648813757958701220e+00
7.505397229160827577e-02
9.534698891621947725e-01
1.065025159560880841e+00
1.230054984041927674e-01
1.713721770824590651e+00
1.841105871992215759e+00
3.681132655162581285e-02
2.694232873677707835e-02
7.603875078380700758e-01
8.369386823318631929e-01
6.229722802728643316e-01
2.455729320506196828e-02
1.992905939921288914e-05
3.777792259106833345e-06
8.886451343007012860e-08
3.421115734224708373e-07
8.758886345380592631e-04
1.078120247253878533e-01
3.000374050748439991e-01
7.709266301080716088e-01
5.826637876408772773e-03
1.015118259605926349e-03
5.675309489335117474e-02
1.123752141058944193e-01
1.423938665693917291e-02
3.507242655407100812e-03
7.012534187747476722e-02
2.268988928617467149e+00
3.953228754007284129e-01
4.412260440798549126e-04
1.640771373243866554e-06
6.596929672712951397e-06
6.167873679836857477e-05
4.846579805892170219e-04
8.853277106344627223e-03
1.382856592730997702e-01
4.613080687998573626e-01
3.023761442654299691e-01
5.043870453394968048e-03
2.316897353917581493e-03
4.290121798763053135e-03
2.452593900711787234e-02
9.088789813655795413e-01
6.943000530369494716e-02
2.166108850963726490e-02
2.580317029235545512e+00
5.865435444086001260e-01
1.007234106917500758e-04
1.089939082563371390e-06
1.029259248450501945e-05
3.017135105252683608e-02
1.000790494227365324e+00
9.691724780668486972e-01
2.573735179469179180e+00
9.203419059154744897e-01
3.205901047598099796e-01
3.672504369199000585e-01
7.101481779308733699e-01
3.688267103946431952e-02
1.801309840025163908e-02
9.240690933516845229e-01
8.580863535703696643e-01
1.525453707416649651e-01
1.342593914620836770e+00
5.045127419485860853e-01
6.132285739147535619e-04
1.373521954813997091e-05
1.476396441641649976e-06
3.441803136692034998e-02
1.163457891130609667e+01
4.684027985870551802e+00
2.831798815259027879e+00
6.283842730279503019e-01
2.323027687402077768e-01
9.392707070574707329e-01
1.049943859662877399e+00
8.848084275926366982e-02
1.716065075939659026e-02
1.843309440501030017e-02
2.972166252189333835e-01
6.622169034893444772e-01
6.804379288040609541e-01
4.481684032393809525e-01
3.418018817472241906e-03
7.868404736207833749e-05
4.492464458931539949e-07
5.018842744265877148e-03
2.238784438342768368e+01
1.520564587066915685e+01
2.239124493939172122e+00
1.272271559648607608e+00
7.869539011921847793e-01
2.180790016599166048e+00
7.305153855521872019e-01
3.471349299126440524e-01
1.390160150744120138e+00
6.033539884881470305e-01
1.335891760665208317e+00
4.815881979004897340e-01
4.462979899088597713e-01
4.701360300110438706e-01
1.263551809010733315e-03
2.153384623706639160e-05
1.074203867710467277e-06
1.243139903591224940e-03
6.672732340321315014e+00
1.065132754236527290e+01
1.883150213822242236e+00
2.735078458751936559e+00
1.184507034427225047e+00
8.961308254126763018e-01
2.984889784653278061e-02
1.890626544906857335e-03
9.011860326342976957e-02
8.499557921538694050e-01
6.387480483797991493e-02
2.482852227348471014e-03
1.019587648285330689e-01
7.424480616374591335e-01
7.476673928982994349e-04
1.228054873160520615e-05
1.710998407418190595e-07
1.696324193638869510e-05
1.467329568925359595e-01
1.564410470905758022e+00
1.294613793570773552e-01
2.048848540625262601e-02
1.042421625971858305e-03
1.139375458041784684e-04
2.048775140171637468e-06
2.604445278034724567e-07
6.382318745493013130e-04
2.040798966809631299e-01
9.523328295585734883e-04
3.616299574101878352e-05
3.030528451892993899e-02
1.089680697927063735e-01
7.963174112257530746e-05
7.208251278343497013e-06
2.163136478982638596e-07
3.340135258386715307e-05
9.368808929927241458e-02
8.967744795150846271e-02
1.300300291823174243e-03
1.415229147788862310e-04
1.572542387474646242e-06
1.049797948033031424e-08
8.350142417455905214e-10
1.784415881756118519e-08
2.079492243924825276e-03
6.501133677291890400e-01
1.018278187415482504e-03
1.011965171954533381e-03
8.810032246522594424e-01
1.605383729991687394e-02
2.721988553287940621e-06
2.373087257505468637e-06
2.387375476379069545e-05
1.710824876169004735e-02
8.208713003467380531e-01
2.063442552115797232e-02
3.328559311315120416e-03
1.792885767783920781e-02
1.321427960468794793e-04
4.709413109956280375e-08
1.001934361625441065e-08
2.229906564667225340e-06
3.969664544451980553e-02
3.274329990845177285e-01
2.573249209795899078e-03
1.529354966690126827e-01
2.960965294716307650e+00
1.922136283583538178e-04
1.168604978731907856e-07
2.313947892934568794e-06
1.878438557100536345e-04
1.129289260019660478e-02
2.552326835482018885e-02
1.328957160122934411e-02
1.176820173808490744e-01
1.716603980503024873e+00
1.122617268625095560e-01
9.545956051024980871e-04
1.466455151628217549e-03
2.162768874644188308e-02
9.517332163268095169e-01
6.767272076753051424e-01
8.113785768310964597e-02
4.728899377643735136e+00
9.905263932616836797e-02
2.375171712549387127e-07
6.849072475731873865e-09
3.526807854919586148e-06
1.531526293688229186e-03
1.161893865472918459e-02
1.318585848970866420e-02
1.393218980092324200e-01
5.627973029403542382e-01
6.907695692086975869e-01
5.543635899681534918e-01
2.645465454914045500e-01
7.743895463499033127e-01
9.552753931370897011e-02
2.386272459139523669e-02
6.385768233268916683e-02
2.172739747126410936e-01
5.966089312561505764e+00
6.759386940133681188e-02
1.887350912582820444e-06
1.939300859974734176e-07
2.443982146527749183e-05
2.516751915206995316e-02
9.000721348502405128e-01
1.066834214783571655e+00
8.182112093056472801e-01
2.974976693875981959e-01
6.226655435711081488e-01
1.277034886746149234e-01
9.716743587219411026e-04
5.061179785173146404e-04
3.666932965356957050e-04
1.067093128631411373e-03
6.375039817820829513e-02
7.332319057770327886e-01
4.112481301519446575e+00
8.825159776008323353e-01
3.777184958107343300e-03
1.618492498557083496e-04
3.216027033546384629e-04
7.060221714936691434e-04
2.204336819235317227e-02
1.474732608352575559e-02
4.375480259899415417e-04
1.952921886965721884e-04
2.810878322519337266e-02
6.729170605099746814e-03
5.163326096766288240e-07
8.148298013793160883e-08
6.129366344288631916e-05
5.318821331828143401e-02
1.758316023437342723e+00
3.273023739509448138e+00
9.330190974570000684e-01
4.742010949925663105e-02
1.749500004207217661e-03
3.208010209456062050e-04
3.996476589334979797e-04
2.001855310479753678e-06
2.891206490282836823e-05
2.354356361550485454e-05
4.018156847995742684e-07
6.846212740329710365e-07
2.241337249514542204e-03
3.007158185601313191e-02
1.236791644565221371e-05
5.025882687354541107e-07
1.238301374025866730e-03
1.895970738724146232e+00
2.326575520776088535e+00
7.434951427680023262e-01
3.914402159115183688e-02
9.572243015581361370e-05
4.161654806606398579e-06
1.346837424600344705e-05
1.349205000465737714e-04
4.810906736396823338e-07
1.788078098175068464e-04
1.492390225369674001e-03
6.209767643724818664e-05
2.407402641773159573e-04
7.274031491065743871e-02
8.209713096279810385e-01
5.365089722390752047e-02
5.734092877861614659e-03
8.242430119666550870e-02
2.902973392690564314e+00
9.347275998623004734e-01
5.805759944411142265e-02
1.068973081433231007e-03
4.639344140560458216e-06
8.759966889762647761e-07
9.216124166087540372e-06
1.382742748753333487e-04
8.696564909845256044e-07
2.508170827616778079e-02
1.913385971239657479e+00
1.241063245865411530e-01
8.341005370569575250e-01
1.088636101356916353e+00
2.540213314017397347e-02
8.128988277825451025e-02
8.276500163377175090e-01
7.198903568984897638e-02
1.265532906602252067e-02
6.561636281096338078e-03
5.698848978834853297e-04
2.871805390119115662e-05
5.192081539669899584e-06
1.049845101091606984e-05
7.013004516550949675e-05
3.306872857178492012e-04
1.327749249143496106e-06
4.239957425192680124e-02
1.909623925191030969e+00
9.338505370610748757e-02
1.983085697919254820e+00
9.696602254283376299e-01
4.463944572089435250e-04
4.994534306470929273e-04
1.979239578129479010e-02
3.849265633227010475e-04
6.369550468840470421e-06
1.087996041901075108e-05
1.666686431394079449e-05
1.544864428444939154e-05
4.212276121863829507e-05
1.795112875356450702e-04
4.463190021471261527e-04
7.468586172339539272e-04
