1.528292267127276892e-04
1.070546466311749073e-01
8.792371167276475941e-01
1.076073708998284362e+00
4.010103097515148818e+00
8.822215147224065079e-01
7.717635318538146327e-02
4.120698271601336282e-02
2.981314652697981613e-02
2.924914346905882739e-03
6.916206014839632377e-06
4.377393418263552775e-08
7.541946502663609044e-08
2.251623732385466351e-06
1.396061281855062342e-05
2.704369043553546721e-05
1.259805642336550883e-04
8.510605600799861330e-04
2.299085664508265098e-02
8.320818835633783106e-01
1.013808853173537416e+00
2.161638154320161487e+00
3.698498820523365094e+00
1.428607291404756063e+00
1.779281978381930474e+00
3.882459556350838614e+00
4.898625276458250077e+00
2.037431620113114850e+00
3.359290076023667415e-03
5.632539940938803148e-07
1.020669533850595482e-07
1.271158441479850387e-05
5.410998622761889183e-05
5.053175564551542160e-06
9.403848182260108723e-06
2.157852329535379107e-04
2.045329885756797580e-03
2.695908207692111758e-02
2.748559929596157136e-01
5.777548923969046957e-01
4.234785305910454545e-01
4.965150488196428125e-01
2.235118821246108722e-01
1.981090365088103988e-01
2.514485550718144058e-01
7.223396968246448280e-01
1.103762851133174960e+00
9.998649072594572793e-03
3.066915038576679313e-04
2.432838824130594685e-02
1.862492048576895945e-02
1.160247938151192886e-05
1.663723196678053392e-06
7.128434570124248437e-05
6.059476359762210718e-05
6.537369083125227527e-03
8.302092077600864428e-01
1.040827453411259373e-01
1.504070041521397491e-02
1.157100231789906092e-01
6.388968997368252301e-02
4.048797806042427339e-01
1.122754461086905131e+00
9.086779574923693759e-02
2.074233865743938310e+00
1.073187306370058103e+01
2.473224070911761718e-01
7.165619467758757022e-01
4.013601227464864973e-02
3.520734680545346530e-06
3.651581169762620281e-07
3.017783850371857929e-05
3.617479812013457366e-06
7.220151167173556204e-04
9.378954101251333331e-01
1.433610629699143268e-01
9.213993551511919650e-03
5.373712535821577596e-01
5.370277802064810091e-01
3.100578357134624596e-01
7.202295702466755545e-01
3.755295751883239337e-03
3.098112337773730081e-03
1.022443230728696362e+00
4.041858418296060407e+00
1.199492500778200244e+00
9.560268447058020615e-04
1.947132144476152359e-07
2.521909733004683873e-07
3.010227084462273130e-05
6.575461644951966109e-06
7.361827505658189623e-04
1.274803078781028054e+00
6.240423902397320699e-01
1.245264028067822985e-02
6.274413998076548982e-01
1.959492251864192180e+00
7.536842141279256890e-02
2.558746464898921102e-01
1.800413622423860556e-03
3.668038780390026415e-06
5.513764973894604710e-04
1.870550341843227882e+00
4.800054690986214290e+00
1.010258316439870607e-03
2.553684328270158311e-06
2.119323782901656343e-05
3.002990475306997189e-04
2.864561552134127433e-04
8.116118571388249506e-03
7.246195989743056121e-01
2.214223443409460312e+00
2.272208539679435590e-01
4.400379604861867633e-01
8.995389586524471515e-01
1.386376742601041767e-01
1.449959850327847244e+00
1.118213241375380640e-01
7.095855142915673849e-05
2.007755889678320392e-04
1.675952791542206222e-01
2.104501573483234633e+00
6.128108700675446996e-02
9.684314732351475760e-03
1.095964118489962599e-02
1.732868787084090433e-03
3.484372008589189593e-04
1.492722980667400947e-03
3.171893675672245866e-02
1.208262133280228134e+00
1.366448514130212288e+00
5.964695291766403118e-01
2.127339239539430604e+00
9.120183238179992991e-01
6.005684051971489357e-01
6.676570836312608614e-01
3.350401063365725518e-01
6.311956077184315284e-01
2.334318964292679599e+00
2.429364337001015173e+00
3.344960634624631446e+00
7.480985227096192958e-01
1.567242565656811696e-03
1.244602684026498313e-05
1.768114853599247755e-04
2.630410266845200143e-03
1.681912762880306000e-01
8.174745038497911453e-01
1.846898005462480619e-01
1.994036142087114716e-01
1.210625892994403374e+00
1.314436066140463932e+00
3.648976476638288169e-01
4.722447569830356962e-01
2.440121958074391806e+00
2.489727586907466428e+00
2.311889762822155081e+00
1.002689789862301062e+00
5.229288316100752176e+00
4.394091984416317875e-01
1.144084668466625341e-05
3.457908172817454860e-08
2.903170734903139240e-05
1.912401914795033983e-03
6.824236926132885017e-01
1.890767543235247761e+00
5.787420618488949842e-01
9.686917223042585956e-01
3.720900260240722623e-01
5.785740813970178253e-01
1.371593910756955470e+00
9.176093388829443809e-01
1.119033517695844582e+00
1.747775824376293918e-01
1.990257621274502953e-01
2.867642056823174745e-01
5.694427070802387192e+00
2.636468293246088557e+00
4.720046285206924578e-04
9.891486012613723386e-07
2.660720941646578303e-07
6.392922343967034806e-05
3.991571642949765519e-01
3.364568708926874319e+00
9.329102327303407938e-01
1.369324860758056817e+00
2.751277953692951583e-01
7.674277007863753441e-01
1.334582974172678460e+00
3.779182537833950528e-01
2.475750722105951596e+00
1.023542819526565006e+00
7.233320078705945955e-01
6.523327121943193196e-01
2.435288369153945975e+00
1.084164048385828361e+00
7.552746230641838032e-02
2.756876894798687954e-03
1.735406914536919656e-07
5.325747809690952340e-04
9.550712121845712943e+00
1.159869595240993512e+01
9.635287298286336899e-01
2.134428535080552081e+00
2.429220468861383042e-01
7.137860188941969053e-01
1.054316251485653222e+00
3.280883864631111702e-01
2.951395191550696850e+00
6.430947159675771685e-01
4.586639224365779977e-01
1.282162526264230662e+00
2.716015168163903759e+00
6.487755543553203053e-01
6.271917983633756855e-01
6.518927138619834416e-02
1.373183102701934239e-04
9.841264393222354245e-02
2.037119879128674782e+01
8.278326250124642627e+00
1.475257835407596696e+00
1.181651096939397627e+00
5.606523296867546580e-02
2.904959073656110391e-01
1.692055740297871536e+00
2.117275514569798123e+00
2.346845980749980853e+00
4.641215169300290377e-02
8.069256175490726463e-03
2.757153112545676632e-02
1.997186323076587611e+00
6.603832454771682237e+00
1.262728981858014798e-01
1.897129603235833250e-04
3.467676896478483206e-02
7.541021411517903061e-01
2.839499154338774645e+00
6.543772263277535473e+00
1.727986203191548720e+00
5.014519168886427680e-01
5.628840196234689008e-01
1.303099472187167374e+00
4.997180009167645487e-01
9.063643719121267095e-01
5.423791140265571409e-01
4.307796608165667673e-02
1.644670979173595057e-03
7.933181361994487153e-05
2.511709787983777351e-02
1.236174723938335163e+00
4.635128464773440190e-04
8.288150920022161459e-08
2.240493340399841646e-03
6.020879716242388130e-02
4.323851824723606296e-01
2.067691856541038486e+00
6.190748255517820597e-01
2.980858871414236444e-01
1.511640372864683446e+00
2.653765798092832529e-01
2.140898639241940390e-02
4.634057142450810907e-01
1.099598003962050763e+00
5.664738338579252686e-01
5.005482475254914576e-02
4.672983293060242868e-04
5.639323437729199667e-02
7.936327564851493044e-01
3.971113128195552798e-05
2.881784364735000878e-08
4.595649637690970061e-05
2.335806637572185318e-02
5.581523138794521888e-01
9.073323741388980568e-02
2.726737853059843855e-02
7.384665094865587587e-02
1.648457291501009558e-01
6.073541498688897478e-02
4.672686881033634443e-02
1.364890006930743249e+00
1.977549871667215298e+00
1.325187732822405984e+00
1.050675008231805485e+00
5.674371173900059906e-02
8.009078228394660437e-01
1.542592632101331129e-01
3.088556674805135014e-06
5.699026477817137314e-08
1.520075104192079720e-06
5.175127761948902913e-04
1.518197843941882508e-01
8.602381163653508023e-02
7.012341243048444972e-02
7.116951415639372058e-01
1.180337704886825101e+00
6.661341807851512975e-01
7.027016612472535284e-01
2.210617675722287068e+00
1.316548253821181236e+00
1.492242418964089046e+00
1.287972000555743346e+00
2.798289087014684817e-01
1.054086818036872764e+00
4.864416393495032444e-03
1.658929616676213959e-07
8.342538098105977414e-08
4.983919155749541224e-08
1.159697829536616284e-06
1.587116683379792212e-02
8.031150517749161555e-01
6.143872748193313083e-02
6.700211015522068714e-02
8.069285620481021493e-01
4.942675175567881607e-01
2.270971227626805700e-01
8.007216878955516481e-01
5.887937192625495308e-01
6.556684292598683461e-01
3.188116148123279481e-01
1.200448476018532995e+00
3.675106668856735759e+00
6.059840467900572385e-04
9.910838115471457350e-08
6.371219063875617868e-07
3.059300837673676693e-07
3.221670737452021722e-06
5.885790627897912602e-03
1.654592204044402076e-02
1.227167064085896728e-04
4.181418188366400608e-04
3.078700873426441498e-01
1.189842992608567851e+00
2.937245914586739670e-01
5.659332531865859384e-01
2.515218871054311078e-01
4.716080087188816439e-01
6.211857316365316795e-01
4.133895852917804703e+00
1.540984635705516581e+00
1.112962480062009568e-04
3.604391807349084500e-07
9.480042242799804507e-06
4.069480356338271818e-05
1.838239511187894073e-03
2.776711094413474371e-02
5.119261542360962298e-04
1.154504890389405832e-04
1.754013540411451105e-02
1.752734287890238996e+00
1.520787568711950088e+00
4.076517216980470038e-02
4.228760460772437377e-03
6.330887104416403795e-03
2.874335483230397448e-01
1.452353830969035808e+00
1.751958818454690592e+00
5.805535579582123962e-01
1.858512036893217095e-03
4.524053583820381871e-05
2.050907464322247352e-04
7.978917190155652484e-05
1.583016359049344360e-02
8.746066284355177300e-01
8.758559868299294060e-02
1.098743431261233611e-01
7.120268042532583719e-01
4.198519509617630874e-01
5.126339545291513922e-01
1.521982411117571952e-02
5.725268015864491949e-04
1.623441020834864509e-02
2.968049854025711198e+00
3.215676710974674446e+00
6.576905255429513764e-01
1.635494517981219420e-01
3.157679458632447599e-03
2.017499771510094218e-04
4.371805048557083034e-04
1.535324834422972068e-06
6.442137832351053873e-05
9.850135001800844337e-02
8.139558881705447613e-01
4.938265727089743984e-02
4.876483189799711571e-04
1.911676150409029264e-04
1.953089335726370182e-02
6.578729287489895605e-02
8.904976183437880721e-02
1.893839803919687537e+00
2.824293062954416733e+00
8.110728398883662593e-02
6.032809459440923762e-03
4.172713499548567971e-04
9.083972144554742565e-06
6.175504964653126992e-06
1.122040927181727239e-04
8.970045375006666620e-07
1.223549157076483572e-05
1.270827915493621951e-02
8.243627350663407238e-02
2.524650180843065702e-04
9.381462750774034657e-07
1.773750820008634918e-05
1.153316719949308566e-02
1.369692581589232738e-01
1.635287165937594489e+00
1.373082892402778254e+00
3.840378077460039445e-03
1.355446681522218351e-05
3.623753656831598267e-06
2.034311620455211133e-06
6.791116893149956018e-07
3.562757452567539004e-06
1.146473340401812192e-04
4.342581706549840154e-05
3.577467781228261742e-03
9.502500997334156763e-01
9.600672922702615519e-01
6.107234806628823211e-03
4.337388640237558354e-04
5.311595549867862559e-02
8.404020740040939463e-01
3.157676654583805448e-02
1.305117162401409903e-01
7.914017221531216562e-01
2.451589878559850850e-03
3.298644534468176324e-06
1.011504315005323874e-06
4.120562511866047192e-06
1.215577709795728188e-05
5.594566533968381320e-05
3.998995305570822640e-04
2.556702031000322858e-04
1.652615397375295503e-02
9.803181492006716180e-01
3.071131226075739740e+00
1.939967648077268736e+00
1.019618728127624996e+00
1.983770135176011751e+00
4.202040970978732776e-02
1.196835076750176820e-05
2.990217220515267732e-05
2.577392803444623903e-02
1.503722212576442605e-02
1.128592910299828800e-04
2.814412923308430697e-05
1.086237065339429981e-04
3.170298623652838136e-04
5.669448083636777517e-04
1.143744434352893203e-03
