8.914677842931542084e-01
2.279616160478690201e-01
7.747973989917275039e-01
1.183085630850845560e-01
5.147093294713186843e-05
3.707226084688313180e-07
2.584667589882768061e-06
8.275291141671771477e-05
2.739388705429820939e-04
1.619205014498280261e-04
7.005101255110037439e-05
4.773437538411897887e-05
5.994101646287715074e-05
1.043246327106302527e-04
1.481563342628211533e-04
1.376902400789113321e-04
1.265087078076042239e-04
1.909450850469733248e-04
1.150438470921815032e-01
7.322564770851336391e-01
2.822879277365254458e-01
8.097619113930919488e-01
2.585904488249524472e-02
2.599663202750426971e-05
4.113079589460532687e-06
2.064245322607245232e-05
2.128645423897579175e-05
4.521317647245038563e-06
2.073964260723711639e-06
3.170229064998132745e-06
5.506717605081960132e-06
1.148430680993785004e-05
3.264868601553415025e-05
6.360582475194998789e-05
8.441479702897851031e-05
1.458601304148846641e-04
4.157186138718688985e-04
4.119814268966559383e-03
6.552768324423702360e-04
1.069578301806523545e-02
8.871715121401467508e-03
2.050185454520085261e-05
1.144689247604518398e-06
2.167725678163327634e-06
9.368134364149337063e-07
1.324288285630451263e-07
4.456732752276266197e-07
1.130584902542636726e-05
1.333956202949659038e-05
3.575628291322969789e-06
7.660653977333466288e-06
3.946848687217358818e-05
1.030495417249909786e-04
2.015986765165996204e-04
2.636637287363401417e-06
1.775962838384738819e-05
1.256318775409090698e-04
5.062193693522167200e-03
8.517535584426503192e-04
1.228867132940503024e-06
6.535820059368489599e-08
4.761112721897463402e-07
3.683736210768425583e-06
3.063036518277730939e-06
7.874394174950868626e-05
2.325283116988215507e-02
4.287786117671241702e-03
1.194741156338306035e-05
3.011105847450840477e-06
2.089437779642404474e-05
1.134967524345549555e-04
3.058304498121773509e-04
3.051807431151374853e-07
1.405897483671256835e-05
2.336140160818837505e-02
9.739934802288756632e-01
1.000648137399627775e-02
4.295524733893520269e-06
3.740557993489045276e-08
8.971594325145846640e-07
2.664151502447949151e-03
3.145347619912024911e-02
4.691025084394065403e-02
8.792956690624827987e-01
3.125869425894375192e-02
1.952989970745117875e-05
1.176520890765529374e-06
3.368165637794600304e-06
2.962973927983735656e-05
2.173707036102407234e-04
3.073654958957304021e-07
2.540142285927739934e-04
9.958811682334292037e-01
1.915758099129749814e+00
4.727212695152506472e-02
2.522839095028593746e-03
1.185688605475680398e-05
3.927905180306299671e-06
1.315066567623711033e-02
8.475555908877747679e-01
5.306256173822474637e-02
6.126361908606626008e-03
2.078914489489094668e-04
7.656888027678507476e-06
8.232369704426254034e-07
1.428945332893009897e-07
7.822645121386709671e-07
3.569154009610890318e-05
2.468928865881654339e-06
5.735815164478247873e-03
1.045495507181996908e+00
7.038944141033007251e-02
1.194688279055292589e-02
8.486799251082377538e-01
1.251833740844592591e-01
4.319943170889240040e-05
9.182871146419351038e-05
3.465295814635199756e-02
1.118864569530138714e-01
1.047213925647508780e-02
6.289336847004561946e-04
6.654391986373767122e-04
5.546077514574841130e-05
8.935282103149114177e-08
3.058475933599131330e-08
3.187670842380672587e-06
3.313379355163992811e-04
7.808658333004364627e-02
6.650920682795735672e-01
1.317761314323912802e-01
7.114284716504095003e-03
1.221630539353178030e-01
8.187818916869730179e-01
1.282842468345118513e-03
1.725650600217382158e-04
5.435801490440082123e-02
8.510039996545866181e-01
7.067579305982655269e-01
3.668933017031517640e-01
7.425559060881224971e-01
1.191478425598168911e-01
3.991579322445718085e-05
2.085552626374071700e-07
1.759730550692491500e-06
4.050139879458406617e-02
7.767316478326727891e-01
7.391521284539797065e-01
5.432734463229705879e-01
8.966230763968909348e-03
1.374625966387486940e-03
1.648048228889969005e-02
4.006406988755073506e-02
1.583823331261783873e-01
1.725006943663758729e+00
3.128869929444617615e-01
2.818013365783590407e-01
5.312213362439962561e-01
2.699021145128580601e-01
8.267282417500292357e-01
2.583078380718767733e-02
3.404608998902781150e-05
7.931499717272857188e-06
1.406352818897518625e-03
4.438546602223367166e-02
3.684833850758021945e-01
3.347197090145601628e-01
5.775306858933740295e-02
5.057254109993321312e-02
1.395065919979525393e-01
7.579513775475972270e-01
1.037561295026736774e+00
1.892556905697001746e+00
1.043865615194404128e+00
1.640670730608270844e+00
4.138257681771900787e-01
4.185807723981218448e-03
5.257069979007657559e-03
4.928333150650167707e-03
8.543304511886455686e-05
1.833737823697962347e-05
4.546818314379447968e-07
1.642194338789325185e-04
6.378729290967030119e-01
1.581560225428683575e+00
3.814127146935692436e-01
1.152890383215791070e+00
1.388860858981700863e+00
9.289224533190346689e-01
8.768845079112916330e-02
3.236098365610564631e-01
1.633777678992402338e+00
2.483099931904301449e+00
4.063195192166006442e-01
1.648010004491156895e-03
4.672092304906127124e-05
7.250605435728851526e-06
2.117236197574410464e-06
5.975580096309242221e-06
1.999535003113981414e-07
6.412238675468600983e-04
1.552681509452918007e+01
1.503162005996381190e+01
9.003249912966215796e-01
7.611120642139544978e-01
9.218990404445630560e-01
6.751065818740557001e-01
1.487061634591445025e-01
1.564831253556019819e+00
1.361047419279961090e+00
6.770461578697877236e-01
6.060730547647739108e-01
3.388299270088268589e-02
3.137991117577264137e-04
3.843221123739738830e-06
8.197112759901511202e-07
1.999135514387955409e-06
3.908825614009951486e-06
1.499876626491243072e-02
4.630198086530054269e+01
2.416035014049447938e+01
5.139490640114696696e+00
4.872926584693011876e+00
4.560210829129985655e+00
3.666788978881504679e+00
9.010727060156280555e-01
3.110669927630981491e+00
2.900567521257726433e+00
2.309884952402089020e+00
1.917420770065658031e+00
6.734425805098563922e-01
9.906725409844904795e-02
7.828309644926537830e-03
2.181791233398782271e-04
5.003313217838289876e-06
3.993959508273143005e-06
7.730603800407018396e-03
1.676113731658448458e+01
1.678307150844229412e+01
3.948971486788094509e+00
2.950699161981338747e+00
1.710780431822970682e+00
2.885687029258189984e+00
1.477464580175915643e+00
6.902738800669264707e-01
1.224503915463216464e+00
1.544609520794566038e+00
3.488859960957482187e-01
5.317142295089517801e-02
7.563817441078757309e-02
8.739695429535381255e-01
3.639089746387737245e-02
2.118983618269593681e-05
7.338166226598241780e-07
7.489550562156404743e-04
1.106839341046514269e+00
1.280164455981131377e+00
8.522821993160210052e-01
4.409050430606602511e+00
1.957402704242336311e+00
6.637849875205529271e-01
7.643971685450775544e-01
1.063845966800039511e+00
1.196563130945323961e+00
7.717649853091683720e-01
5.459530094588387339e-01
1.407552331783075775e-02
6.760335784600932313e-04
1.067401068289012579e-02
4.440394156377198802e-03
1.783476882052728382e-05
3.480205886677236841e-06
8.484488330720270713e-03
2.043683139164417906e+00
6.133721385225163747e-01
4.387907731302220782e-01
1.200521421435122305e+00
1.066619728830405345e+00
4.633722039473943122e-01
2.551960066609837985e-01
1.766216551212613561e+00
1.994704547745662637e+00
1.746911918110347073e-01
2.738027652004982881e-01
1.044311725437464117e-02
2.269646270715391077e-05
1.697799346675934865e-05
3.716883709156831736e-05
1.164776231034400673e-05
2.698311412949475359e-05
3.106102887989006800e-02
7.886829088317865999e-01
4.109723879819678349e-01
4.504335461341653080e-01
3.363334698854190952e-02
1.490384257559805234e-02
1.377598738186434357e-01
7.983233768587266743e-02
1.101369087180427975e-01
8.487361013688355937e-01
1.072084059722722360e+00
7.606264722256541599e-01
1.108067146784934981e-02
1.740749747277625819e-05
3.058689267093405886e-06
1.003528090267360025e-05
2.865004021607417585e-05
4.557738795201632610e-06
2.848847759296946336e-04
1.196827355513890682e-02
6.481533786111443041e-02
1.160125453962702474e-01
3.380627041905737151e-02
4.815356588652301012e-02
9.051878447293361107e-01
8.807791486308474971e-01
1.926281695584509956e-02
3.916671495555124755e-02
9.198793904436395330e-01
9.703153946982598366e-02
2.510333350227949407e-04
5.642294352034570815e-06
7.022499550179051283e-06
3.327547060654828743e-05
1.099002949315695517e-04
1.554983462466202147e-06
8.839996649137124725e-05
1.514989529734609708e-01
7.252082480818610177e-01
2.136699524023630281e-02
7.988799433584065079e-02
7.051309677181063496e-01
3.584187147419924391e-01
7.637809740632284239e-01
1.323194752584306300e-01
5.074762372235600699e-02
1.187600848491640257e-02
6.766246410475762435e-06
3.231090433940603558e-08
1.946332541341005239e-07
1.031247769966524744e-05
9.807091755043317622e-05
2.429016291601201994e-04
8.310848453955885802e-07
7.226483910546720939e-05
7.512406466738043020e-01
2.220223782254646672e+00
4.508614131692690805e-03
6.339939359854523081e-03
6.458549607242083067e-03
3.259226774044442795e-05
1.158157465553672508e-04
3.359372250466395593e-02
8.133745301743033895e-01
6.123546923882337498e-03
9.025064544767799708e-08
1.144594218818937930e-09
1.038581949845953380e-07
1.782976433477770538e-05
1.532137937796377214e-04
2.914057076275742186e-04
2.994197902717671823e-07
4.863903103991089598e-05
3.333742413612727495e-01
8.025900200462379175e-01
2.238347626838786079e-03
1.988127633314278313e-04
1.156639431067437357e-05
2.588362042143215054e-08
2.068607466221856165e-08
2.534432457981458743e-05
7.765473007078751988e-02
6.723888481464795897e-02
1.625299575440789689e-05
1.346064983577207685e-07
1.285036589118496348e-06
3.555581469953393760e-05
1.376441801152535212e-04
2.251908184564489941e-04
2.096441537256390694e-06
1.751966201204835979e-03
6.794025852923427644e-01
1.088445195807461741e-01
1.355385731659263090e-03
6.968387834493201469e-05
1.693643679558952934e-06
3.101326064654128559e-08
9.446325610000529475e-09
5.491247872783825499e-07
4.434889221241159959e-03
8.878822430909607544e-01
1.309970886241825470e-02
3.645506945455998502e-05
1.309322279940455953e-05
4.443176691810737076e-05
8.785897324811515390e-05
1.433162349398631858e-04
1.142325633534215835e-04
6.055281653135106273e-02
1.481813609623701677e-01
4.516174535767594755e-03
5.571451234426290713e-03
1.066498546661935045e-03
4.537491605486723032e-06
3.279758697870031923e-07
4.015591584276909366e-07
2.885015185785402657e-06
5.690467376341860721e-04
3.341270565998866876e-02
3.580169591340671108e-03
5.923685271079474229e-05
2.197487511012298411e-05
4.306342478501695980e-05
6.609554469603680664e-05
1.114113751527009586e-04
1.532300281165335483e-03
9.279829263469985268e-01
9.093818510405988764e-01
8.626057435178816069e-02
8.767731160007684599e-01
3.930383902597583273e-02
1.109118463977267666e-05
1.173972656751308082e-06
8.125079886278909763e-06
1.932171806674187392e-05
2.574065524584412938e-05
2.674720787085978023e-05
1.131072387163091234e-05
8.457424123675823089e-06
2.338032702183879733e-05
6.101004441592845502e-05
8.800098336701772271e-05
1.421629754976827249e-04
6.383210158210994654e-05
6.386032129749644182e-02
1.958347970363213175e+00
1.028799592375979843e+00
1.001608807319155581e+00
8.854583029044437933e-03
8.042264436562233593e-06
3.704643619666630610e-06
5.306198742188478218e-05
9.102943627266020868e-05
1.882334175612431152e-05
4.201616580152145898e-06
3.920335529998327430e-06
1.450932295770555250e-05
6.774199339869780223e-05
1.536471502106193077e-04
1.979188784181170246e-04
2.801901200459952653e-04
