3.644940625777967825e-05
2.620892864398680582e-05
2.204315758377158190e-05
2.213905152632573674e-05
2.411579292006408242e-05
2.570538563498317376e-05
2.610413054655039283e-05
2.639481290242228796e-05
2.706154483824141141e-05
2.726391156549112018e-05
2.743373509673681094e-05
2.872269310295586826e-05
3.058772727172991005e-05
3.087791236462974440e-05
2.877530622693547668e-05
2.614425446144495277e-05
2.573875810018666404e-05
3.001784962939310663e-05
3.037805024225049419e-05
1.966745606727079488e-05
1.623736462802289506e-05
1.725808293683466619e-05
2.002905879070068516e-05
2.173911337821552751e-05
2.113463954314594804e-05
1.965214813391944862e-05
1.829818904049227484e-05
1.687773670930042762e-05
1.621633542471216056e-05
1.717449327760045289e-05
1.903569719020455496e-05
2.019791650735806374e-05
2.012407013447503601e-05
1.965343415480518504e-05
2.055210964355654857e-05
2.530706717645325650e-05
3.424105366594677426e-05
2.239179452737574870e-05
1.875911749799497396e-05
1.993854272506553966e-05
2.227309847166052508e-05
2.295368876316626424e-05
2.172894302032571319e-05
2.002723827972408010e-05
1.803808150099955854e-05
1.552811877234646141e-05
1.380774816316716647e-05
1.378566553198555629e-05
1.472833384154356341e-05
1.550072654357779667e-05
1.606591539940973890e-05
1.708449068632326330e-05
1.960465557323612249e-05
2.550031365164463792e-05
5.012454116909084581e-05
3.579342774978183764e-05
2.873670209819849568e-05
2.553455501805181507e-05
2.251951038368702016e-05
2.025024681838404717e-05
2.048923447293635677e-05
2.282559175061422380e-05
2.407245866434170188e-05
2.197112206291373530e-05
1.880467628592476091e-05
1.686379359640193266e-05
1.578122272655989921e-05
1.484439376060516517e-05
1.456389635039192988e-05
1.583244578439995062e-05
1.956041869978544022e-05
2.700325558280653831e-05
6.216116704154998841e-05
4.049331385718115035e-05
2.291264871610643045e-05
1.162113249881916847e-05
6.458710110564720391e-06
5.491460441792469446e-06
7.629779086891895980e-06
1.373378011696589792e-05
2.312134650796296578e-05
2.968949225421847960e-05
2.974542668724094337e-05
2.596877864304739743e-05
2.102654034550957281e-05
1.670742163099545876e-05
1.438606906845965029e-05
1.462724507157220805e-05
1.818502550331255202e-05
2.645732517703056359e-05
2.957789921327949861e-05
9.712033788074241270e-06
2.435196139755123167e-06
5.983111163664967969e-07
3.734735960722535415e-07
8.024023408946350905e-07
1.731127753659875954e-06
2.695801287924994067e-06
5.664349231901194449e-06
1.442386029503252241e-05
2.802746220537757316e-05
3.455460910280453866e-05
2.909269744681092858e-05
2.072818981118397091e-05
1.556606503599380537e-05
1.403300540299534508e-05
1.638003216044689507e-05
2.428612926600442272e-05
2.805019722062284878e-06
3.620267467210890691e-07
8.632993522814044487e-08
3.873252880606821897e-08
2.288712747099606492e-07
9.217102840362624493e-06
1.078187012077426105e-05
5.314530661421874129e-07
1.772416275470590249e-07
8.082329924022940426e-07
6.177711311853871261e-06
2.260617226726385919e-05
3.217571937331073994e-05
2.587071082633814699e-05
1.851584182870540262e-05
1.503594091627118277e-05
1.585480368201385728e-05
2.250382793745057708e-05
2.023463177177529714e-07
8.412546940546790999e-08
4.474651770840816756e-07
1.846016967462198581e-06
8.386359300255296614e-05
3.113062732168301108e-02
3.627789108585255558e-03
6.405026592170252550e-07
9.948460126168153385e-09
3.446257987411332885e-08
4.973992134938138532e-07
5.485842622161538377e-06
2.085086756585012176e-05
2.708068202362727986e-05
2.218107682145494542e-05
1.750591466649031012e-05
1.658760036129733667e-05
2.133410406201169935e-05
3.160138131876285941e-07
1.242510738200909093e-05
4.957585308181782641e-03
2.373292872087258421e-02
5.018310836320326318e-02
8.481260954998748325e-01
2.398934745199288870e-02
1.254316327026133803e-05
1.361856848869031870e-06
1.179329419845862741e-06
5.083370256560491653e-07
1.278869126292636088e-06
7.700055396706232102e-06
1.968525482631057442e-05
2.315458664558490582e-05
2.009477154547727160e-05
1.774401359109319113e-05
2.045557375333822899e-05
3.783662250810760823e-06
5.588751117936802994e-03
2.125529121635256757e+00
1.667882859456151223e+00
1.957268347010171217e-01
2.376618011411313347e-02
1.405413173796467774e-03
1.684497328218537062e-03
6.080126577402773097e-02
8.279427942371903396e-03
1.354142258603919141e-05
1.030070632421207119e-06
2.520025274951204450e-06
9.002666132087086605e-06
1.868102226732598650e-05
2.166422169253739619e-05
1.958967422124890085e-05
2.099790535969664205e-05
4.384836341177956053e-06
1.272908534319547313e-02
6.301762224705600435e-01
6.015014338038202624e-01
6.839346328129770614e-01
4.891069075473042371e-02
7.671356731533736199e-03
6.439341815635579724e-02
7.087275080056032461e-01
3.006092686388149929e-02
1.411490362124033287e-04
7.683982231713445748e-06
1.945144447114889217e-06
2.823567830483766709e-06
1.060708969060756501e-05
2.129515377013842600e-05
2.292705499813968491e-05
2.468179814353482115e-05
1.961573671650794350e-06
3.291748774857167215e-02
7.402904433016646912e+00
2.684281044477404787e+00
1.712130563391580429e+00
1.488871110033724188e+00
1.490747368789719252e+00
1.306721478325350239e+00
2.183859707061406585e-01
1.109357621937620900e-02
8.346717868118467762e-03
1.419865412804733294e-03
6.851101215581469693e-06
9.341212916850671459e-07
4.823480830044291972e-06
1.865631217443999710e-05
2.666742721583775962e-05
3.108346837645373125e-05
2.153975915915579697e-07
4.633829772739950052e-03
3.033729811887399208e+01
1.439935654045729763e+01
1.339629389696330053e+00
5.580027847851048328e+00
6.514368837317014105e+00
3.527100641082964838e+00
5.799971575759593989e+00
1.121403867602301929e+00
8.536782203736427155e-01
4.304233776204968720e-02
1.805152717545891640e-05
6.149591921841765439e-07
3.209159790177810590e-06
1.656489902441226730e-05
2.823576629009261145e-05
3.579583495103216080e-05
8.196904528672200469e-08
1.467390305350460685e-04
1.739374692301402403e+00
1.452425410691351182e+01
2.858055244137781781e+00
6.055527640067075446e+00
2.664471458062617426e+00
6.986186587840756967e-01
1.832006336476444730e+00
8.938049826063378112e-02
3.749378956772242855e-03
4.255506135248069842e-04
6.045880553775894963e-06
1.190876376026335277e-06
5.277226198673007923e-06
1.841377953097770288e-05
2.789083715817548337e-05
3.563687434698019585e-05
2.022588976153987105e-05
1.372084354444945767e-02
2.429591661487220833e+00
4.233438648776134627e+00
1.148654360978773381e+00
1.262738648821090326e+00
2.835211796300201481e+00
6.978398786146012833e-01
1.863554283344846102e-02
1.849607230926153165e-05
2.236890921936516916e-07
5.576870168793088082e-07
2.000018841635937053e-06
5.095995976069822421e-06
1.486879264292000827e-05
2.451785406020991608e-05
2.765267419057654752e-05
3.327954660543784403e-05
8.164323454853402795e-05
8.731512701680488320e-03
1.579956860314722655e-01
3.150149618110891225e-01
4.127337788599017010e-01
9.920305636383958126e-01
2.207397631799428606e+00
9.400630028289738704e-02
3.712689582685147881e-04
6.996482654263543527e-07
1.812037780627599545e-08
1.134884399348150557e-07
3.101520100805623558e-06
1.865970496844371023e-05
3.148560375547179301e-05
2.956499128001189528e-05
2.713194272819730637e-05
3.140596937959750263e-05
8.738657972286419621e-07
1.128449556118924284e-05
6.950778513666796936e-03
6.365410184094671964e-01
5.348077388294237844e-01
9.722239314175349367e-01
1.752809523090411714e+00
6.595700174060918630e-02
4.299829409578044027e-03
8.732852557678086910e-05
5.440190538820435482e-07
3.748027467870855168e-07
5.708674947209090020e-06
3.034563034737696493e-05
3.713592972117700129e-05
2.851132850324406898e-05
2.547068783353110760e-05
3.023296685631844468e-05
2.318013021440493174e-07
7.110040526479605461e-07
2.035325710281029026e-03
2.109453313235041705e+00
7.639202934173753290e-01
5.613309603970349781e-02
2.727171898293113614e-02
5.960360767936427606e-02
8.819055867952447780e-01
3.232426777771230803e-02
1.079755900486695062e-05
7.882584311796454361e-07
6.111606201549178054e-06
2.831106574812374953e-05
3.225911767615120319e-05
2.514805629443510717e-05
2.395609395336526564e-05
2.980085220447005356e-05
1.039990583623360167e-06
2.525678638617258139e-07
1.043524791948416777e-05
6.366880652199684125e-03
2.294574536631055484e-02
2.151342065663288652e-04
3.780722470966408744e-06
5.081467246089404869e-05
1.695487743971121550e-02
3.816973779952828865e-03
7.013058560671075674e-06
1.142489380766607681e-06
7.175271665448837424e-06
2.502563611640680439e-05
2.741328708190058641e-05
2.311165811128563426e-05
2.366516541488181225e-05
3.037749298346655651e-05
5.652924046031715346e-06
3.857264271166025121e-07
2.040851938103105247e-07
4.412623493859869197e-06
4.039124359830030412e-05
2.076807172375368512e-06
3.841345966368942195e-08
1.369324878212057923e-07
9.037712300807719640e-06
1.488867255995195867e-05
2.337664766292023463e-06
2.808500119312473410e-06
1.168624976176258843e-05
2.374065575661677593e-05
2.383914235947459445e-05
2.159855498059227671e-05
2.338910548191096202e-05
3.081164824237386275e-05
2.166967235362765332e-05
3.744138176957386374e-06
8.258668640042093062e-07
1.154660902116099399e-06
3.245033264653445495e-06
1.564374313889565966e-06
3.236781892752763829e-07
3.709245827302370964e-07
1.552896781151449767e-06
3.320213355468640298e-06
4.556943104440154766e-06
9.420593652148401349e-06
1.852149660228414037e-05
2.257025414856587967e-05
2.086306783355815393e-05
1.959614820856981330e-05
2.195135366625571572e-05
2.994866668421367246e-05
3.952384828289716683e-05
2.051890334245418649e-05
9.777767648219628195e-06
7.541460437792772947e-06
9.427433504233181531e-06
9.931640740323054869e-06
7.684512323406652673e-06
6.791409760502854384e-06
7.973964229869232791e-06
1.061060078030433510e-05
1.504812499132367468e-05
2.049639700358184239e-05
2.297912249752249620e-05
2.162731278555600907e-05
1.925539496338650447e-05
1.830645368554084367e-05
2.089348772733668882e-05
2.930953043703056233e-05
4.106683619842333924e-05
3.085284375355160081e-05
2.401967318820349322e-05
2.206160749385635095e-05
2.435137469394362510e-05
2.743151669732012823e-05
2.751660616467095007e-05
2.505187941774728719e-05
2.308669877310650176e-05
2.339452872342127641e-05
2.514763740939949131e-05
2.578341621736782255e-05
2.432258874168105641e-05
2.195572573293119443e-05
1.982272676222035504e-05
1.923523869520705080e-05
2.217997903830601502e-05
3.088557656525161703e-05
3.855282391636462433e-05
2.901497964243923876e-05
2.410770201366064421e-05
2.396763739818758837e-05
2.716097491053326093e-05
3.082412410724235443e-05
3.233960020603388432e-05
3.121787109956431709e-05
2.902930520891783419e-05
2.768554465051693093e-05
2.734096224742059124e-05
2.695075266587139540e-05
2.597644304232445605e-05
2.453303121051903291e-05
2.315100882168336972e-05
2.319990810103191795e-05
2.668790739944909449e-05
3.542986414866802373e-05
4.115774648596483130e-05
3.104823804936708180e-05
2.543442194615628917e-05
2.491594008246638829e-05
2.805804457209102473e-05
3.213327544608814433e-05
3.461601564942600481e-05
3.465240748397189130e-05
3.320001123463837620e-05
3.191760088787410531e-05
3.140581012049905354e-05
3.138616658218532275e-05
3.135961190002625629e-05
3.089650789298726007e-05
3.037786994995792764e-05
3.120543007249731261e-05
3.511805715335268672e-05
4.314017525439910427e-05
