2.385789737821569388e-04
1.278935843961806615e-04
1.126193723460721204e-04
1.295009307876202140e-04
1.580511001736173210e-04
2.214191947104482200e-04
3.243817551060476732e-04
3.573091213046373322e-04
2.709765484852751311e-04
1.654857365329596140e-04
9.720942688100651973e-05
7.003505346235197994e-05
7.529329862987657704e-05
1.130707880205708478e-04
1.802653067984748725e-04
2.387459185728584075e-04
2.828006913178452439e-04
4.030857785307703626e-04
1.330115561935184786e-04
5.965050320288610447e-05
4.625888936335896225e-05
3.384210465247555424e-05
2.054975822024204032e-05
2.778204062710576755e-05
9.785829274963685296e-05
2.563576025816792416e-04
2.293049574127616725e-04
8.477968076002515647e-05
2.384957975510091618e-05
1.090127890027306758e-05
8.151584431735001802e-06
7.742147070535012080e-06
1.562590295741488034e-05
5.897682810171901854e-05
1.756715667196721592e-04
3.650270061039375866e-04
1.122125209660423213e-04
6.776272231572569782e-05
9.992518487546528144e-05
4.919961847679584714e-05
2.927653634718314526e-06
5.455830486025307837e-07
2.960094137916328346e-06
3.115015403232903804e-05
5.358114190874692059e-05
2.091607930921737720e-05
9.148188492272918361e-06
2.077547761827787455e-05
3.181719626183855155e-05
3.342989753806555364e-06
7.787362603233774685e-07
4.331982735809915895e-06
5.260169945483584089e-05
2.618869482948752076e-04
1.143669087929980452e-04
1.387972076019551777e-04
1.944021334757079899e-03
5.467563846894138088e-03
2.779754238894447250e-05
4.777638016182811866e-08
2.581355316063948265e-08
1.719042089676971205e-07
4.540051588867480312e-07
1.403024294210965187e-06
1.213911143778631958e-05
1.328067155178554084e-03
2.590693135225471955e-02
1.562240775205880937e-04
2.492785224630830814e-07
1.526651288137676724e-07
2.482136404266958364e-06
3.530729640466425339e-05
5.546651062178993471e-05
3.624888872059748272e-05
3.468519113145206948e-03
9.615627714895578215e-01
4.448955909567615247e-02
1.008827193690690069e-05
1.211427239524120144e-07
8.042545412329186883e-09
4.236334169916309336e-09
5.466940235791889688e-07
1.190879400325093191e-04
2.412476205253427652e-02
2.883169553044858890e+00
4.285147217486452720e-02
7.098095320600320866e-06
1.024612246957094115e-07
1.565971345835554798e-07
1.565270922116379199e-06
1.011622620517141649e-05
5.089234120980276750e-07
1.222847092967331644e-05
4.590442315942608320e-02
8.628665529118565436e-01
7.825734499262938793e-02
3.643995808411159328e-03
7.233666891955659999e-06
3.161849367403699807e-07
1.094449407143415252e-04
1.227430022135964950e-02
2.998262185069831484e-02
1.027520763340029397e+00
1.005687210427713252e+00
7.108082267209923401e-03
3.654110671744410061e-05
5.345610323886757497e-06
3.997641241347267895e-06
5.020515862676041332e-06
2.164100073191787062e-07
2.246466462776936420e-06
5.401442204999584587e-04
5.774813265426032016e-03
7.088924568677267002e-02
7.949204723091035651e-01
1.067840650030909694e-01
1.734801438474508142e-02
1.328882044984810440e-01
6.390284332286416680e-01
2.762019119217570817e-01
8.335582708449709166e-01
2.075014955986978382e+00
8.777310751307032533e-01
4.600234652785375328e-02
3.455134226948316373e-02
3.033935961831985776e-03
8.655763146901804774e-06
1.488141112978796804e-05
6.689448166752169980e-03
9.566220408228776062e-02
9.633632461565186291e-04
5.066002872933681941e-04
1.254005638153960107e-02
1.415779574622907655e-01
5.498013985164272865e-01
2.409769510289472005e-01
1.040766076825434538e+00
3.168690122408019505e+00
6.015159584727819420e-01
4.660676118545589164e-01
1.738329158673612707e+00
2.321785906809695210e-01
7.102021288876119165e-01
7.399794866314016173e-02
1.937579549498443018e-06
5.927399451734777377e-06
1.791322080919883000e-02
1.663980533928702599e+00
3.611849401218099331e-02
1.124810943049549782e-02
3.292016665526597413e-02
5.650850335593012030e-02
1.793107486105699755e-01
9.132595924143260824e-02
6.165801428139876528e-01
1.367777260744074685e-01
4.891238553714939577e-04
5.568569610682877306e-03
2.696071429898811544e+00
2.949307365412463522e-01
2.979954549182255510e-02
1.832362355611360811e-03
3.368789288349850803e-07
3.083610501018032888e-07
2.549400700508849555e-04
3.441126690812954525e-01
1.168249233183357827e+00
9.715297550505507251e-01
6.190242282351188230e-01
2.304644527929206044e-01
5.465369640434351028e-01
1.244067087511710579e+00
2.118474372348132739e+00
2.876579389527698927e-03
8.985501673630300952e-07
2.235885219994699497e-04
3.305070224406414070e+00
6.465041970803955262e-01
3.534688615041118968e-03
8.594357943079207072e-05
1.628430180990715089e-06
6.386991867735305659e-05
4.309373337414092869e-02
2.806215948944099203e+00
2.339417109053152366e+00
3.986626563458641193e-01
1.891076411764941456e-01
8.272008450955348202e-02
9.194324394159684999e-02
8.542886806249385678e-01
1.857438268254548053e+00
6.145691353103647885e-03
2.972730004739198380e-05
1.886856649034040177e-03
7.417930984909547609e-01
2.682604358480557560e-01
9.445343922087208813e-03
3.865505417029952762e-04
6.725992001757287851e-06
1.634855733103128192e-02
6.828477891909266795e+00
6.130216659096431542e+00
1.877948943626877476e+00
5.557287412548491679e-01
8.413481001963850625e-01
7.644513308216601688e-01
1.479090371632722778e-01
1.959023425160761334e-01
3.073101581352948725e-02
5.926890049721764663e-03
1.685279145686315039e-02
2.060934374722565854e-02
7.148967562608089799e-02
9.917202924728768521e-01
9.319436874369925183e-01
1.209960692703877100e-02
4.249781245060669580e-06
2.450109999873038499e-02
1.120890518211832365e+01
6.906586438914019688e+00
3.173510443580420226e+00
2.375085357131698494e-01
2.057824674997356662e-01
2.263992849680692920e+00
1.706262305613640562e+00
7.734091962511500107e-01
6.938172919308523666e-03
1.583907472507704167e-02
9.454742383988250509e-01
8.520789269772911442e-03
2.690069913872373836e-03
8.813345821056893792e-01
9.904224630601635715e-01
8.894586114761838386e-03
3.426846279742840284e-07
6.679110448796945609e-04
1.560156754984075578e+00
1.412134767240290190e+00
3.561406506302095543e-01
5.756116556639725990e-02
5.621819659821662013e-02
1.185933551788328710e+00
1.077911064937695063e+00
1.510967392706772605e+00
5.226894677393133515e-01
1.826853341342865811e+00
2.005329074293225489e+00
2.553047274250564661e-03
2.089658473298638443e-03
1.701856543279433587e-01
4.478384144989457777e-02
1.568925489736472043e-02
8.088691300765195372e-08
6.667181600570963021e-05
5.297017573118858458e-01
3.781653931902623222e-01
1.347022630569907620e-01
4.515568285526738723e-01
2.758947818963065624e-01
1.388250873227706128e+00
3.002753445119650810e-01
2.038253169608263138e-01
2.582054101007457358e+00
1.056558995533546597e+00
1.893134016337081824e-02
5.547175531621317823e-03
1.687487565614285978e-01
4.920807940737739750e-01
1.881643934362602633e-01
8.809027199822634380e-01
4.354282291465435496e-06
3.626269209590992238e-03
1.669122728543505962e+00
2.205074849060011666e-01
2.534985967782074634e-01
1.058475246974319273e+00
1.091798095429632048e-01
6.218300875570682562e-01
4.200495150483393725e-01
1.154708331351321227e-01
2.706306803934027672e-01
2.823423487068535062e-03
1.062496606075914756e-04
2.277908767793648120e-02
1.634193502346242388e+00
7.464582248923885555e-01
7.068816165116781347e-01
1.058401219377593794e-01
3.637347575155172569e-05
6.672706020377934186e-03
7.843418169487388625e-02
2.683838854049318615e-02
7.259990996923406659e-01
9.638264934316773669e-01
1.058541056355405754e-02
5.542804174647312371e-02
9.212469646505494492e-01
2.753473428153462521e+00
7.084892666919818671e-01
6.694861797804439567e-04
1.412984649914231477e-04
9.708518865501097883e-02
1.123550146612499745e+00
5.286190505308475673e-01
8.884020182183277603e-02
3.693144324765432196e-05
1.095700076322192411e-05
1.911010593486681770e-03
2.201068922287530150e-02
7.378113381338168020e-03
6.889569142834657545e-02
3.101543020134611348e-02
7.577252851919544165e-05
1.494746453616029054e-05
4.672849885924107265e-04
1.276432485805190087e-01
1.379533019521566706e+00
1.849942515152249931e-02
5.800235210917751086e-03
6.597186865831283775e-01
2.304024639215399350e+00
1.175589362003774674e-01
2.543558704047050169e-04
5.584758359079883775e-08
1.929001173923575668e-05
2.427300245467422374e-02
8.911279805205004623e-01
1.783891655159715317e-02
6.532944961863676979e-03
1.458076805501993742e-02
6.463638753369505788e-05
2.317517631266258506e-07
1.604923391389707279e-06
2.380550698499817389e-03
6.179920428500714769e-01
7.887527694696303548e-01
3.187665772583034851e-01
2.153556509749569248e+00
2.643276136073847482e+00
7.758562381137325790e-03
1.806778011655247080e-06
2.139887156184125242e-08
1.254411724376763618e-05
1.973419358318800974e-03
2.732804435904099410e-02
2.009116591833498902e-03
1.364602728521115312e-02
9.161601921510932334e-01
1.220348815324086462e-02
4.905396551796836459e-05
1.097319861775093155e-03
6.595370280863310786e-02
1.203049334098282158e-01
5.162008174004010241e-01
1.267318069163199556e+00
1.242483842582043252e+00
1.323259422752263992e-01
1.415314674708745887e-04
4.153278354885969089e-07
4.425291987990161138e-07
1.649644822549680352e-06
3.275876657043861668e-06
3.613297305864209988e-06
2.880615237285163915e-06
3.702714470584392379e-04
2.524017574704527644e-02
5.003626310068205437e-04
5.592953790703764381e-05
4.233450275220882603e-02
1.731650386784782114e+00
2.292294132033053933e-01
3.218915172818335724e-01
8.254468574050839447e-01
6.049934771537509581e-01
1.160614592722404408e-02
9.925227261214215440e-06
6.857030257799855453e-07
9.613920092940889293e-06
9.891133802047844289e-07
3.072361547729560453e-06
2.152356256780274107e-06
9.117721959465698397e-07
2.545558545634141911e-05
4.464448532990762512e-05
1.095222507926495806e-07
1.569228195123498615e-08
3.144412255672487922e-05
8.605942569413581322e-02
1.000189763816554667e+00
1.210693138959300086e+00
6.797740893038262122e-01
1.385014651403314589e-01
1.022950635681323453e-03
4.277001554273308106e-06
3.194955888809640231e-06
6.875396682786341228e-05
2.550916306148712802e-06
1.426840587548388814e-03
1.156350602571682394e-02
1.455242395805575201e-03
7.926640392496671003e-03
5.391779685169822761e-04
4.296897518572335681e-08
1.401243015445650484e-09
2.536661764770709347e-06
5.500917084067175056e-02
8.585547763565191115e-01
5.393415748099771728e-02
8.193966192112312613e-03
8.676299126905451806e-04
1.252559431564969185e-05
1.735859832700070991e-06
1.214404673230458099e-05
1.873816657377466147e-04
4.678136853772056032e-06
5.020810137168547210e-02
1.842457339900628543e+00
1.628111866433719357e-01
8.579881023589738254e-01
4.034540856760973626e-02
2.672553373852383435e-06
2.949272638522360380e-07
7.588676521041972300e-04
9.338449753427768840e-01
4.898281605512284920e-02
3.193363926968320360e-05
3.973371696713778328e-06
5.051832422498590425e-06
2.215743998877344403e-06
4.727947068978722999e-06
4.845842575506333479e-05
3.133730482216119076e-04
5.013465493193992166e-06
2.363772149763691995e-03
1.449978805778351365e-02
1.569609541991741656e-03
1.082381550545559110e-02
3.971313343826902466e-03
1.346588417459810233e-05
9.973447431147307380e-06
2.069978717017121987e-03
1.756648562542293887e-02
7.970879658761451851e-05
1.901624072266347292e-07
2.153447099865232100e-07
3.661801156819784100e-06
1.939342108146936746e-05
6.676623489156488880e-05
2.191923324000421950e-04
5.020066144307889534e-04
