1.203848176390149568e-04
6.783968460158223968e-02
9.466038537825829380e-01
9.602702497897651346e-03
3.702441315050372753e-05
6.703901337247478009e-06
1.129873087464595484e-05
1.853462544904277924e-05
2.417187239936167048e-05
3.959424620065305243e-05
4.356014740714426710e-05
2.157596318771028387e-05
1.942951537209186531e-05
5.311082316714505489e-05
1.243941527942541933e-04
1.323010142121455724e-04
1.173645296486808129e-04
1.756068576640459292e-04
9.144841320629044923e-03
8.969599213307687391e-01
4.248183809546954293e-02
3.817735350693474773e-05
5.592030627329098794e-06
3.223098181237495937e-05
1.908399908428684200e-05
3.843065507186037256e-06
1.855829989131023468e-05
1.860447254634827212e-03
1.774983195099516520e-02
8.271673347937997427e-04
2.084892443706837928e-05
1.383533581145074510e-05
4.024488087139309659e-05
6.427705975448607604e-05
6.875848675927018726e-05
1.135757703762057218e-04
6.932547629066102002e-04
1.216125309447445811e-02
1.917940905128063839e-04
2.614443992032555532e-06
1.697362362972235984e-04
2.976286598873345568e-02
7.682794135713897753e-04
9.954143906632555248e-07
2.567525555430421524e-06
8.387679005426989035e-03
9.432635864370780832e-01
1.413475206174749123e-02
3.634894441393605048e-05
8.292973084990856847e-06
2.057418728812285613e-05
3.817648990371407398e-05
5.438061441649258914e-05
1.087077842845490490e-04
1.977038327634194920e-03
9.272454451475425907e-02
7.285331648803207265e-03
3.463537117694385635e-04
1.032898157663574359e-02
8.915337815652050191e-01
9.438518311703713096e-03
3.596678258145799275e-07
3.343689792712664285e-08
5.755143066482655968e-05
1.151702748942056223e-02
8.709203304445039704e-04
3.189140160639241197e-05
3.074525025424295146e-05
3.410997812876571505e-05
2.169093668689447147e-05
3.351287244029866187e-05
1.102450268426298567e-04
1.461257087635171696e-02
8.446807419477089240e-01
8.543460988260288547e-01
9.772120939034514842e-02
7.646604705763726528e-03
5.056085503190119873e-02
6.798330464151221275e-02
1.481964521308340391e-05
1.349599726619841903e-07
2.566361379820055759e-05
5.978281767770604474e-04
8.604252663913694967e-05
2.419993474366848756e-04
3.148603693480060955e-03
4.307166216165276076e-04
1.476388145515448480e-05
1.394435880698948496e-05
9.736270814613165274e-05
9.651672301958020466e-04
2.103564801059430028e-02
4.274320555453808845e-01
7.113255687997791510e-01
2.857282496616387821e-03
9.117042447808476613e-03
8.450004904793382288e-01
6.510126876123047135e-03
5.806427932322938976e-04
4.303778675255669900e-02
1.097607327480751814e-02
2.610464582980024338e-04
1.258877689612634444e-02
9.775528642750160868e-01
1.081541891936275979e-02
1.486758787441773677e-05
6.840513273936483181e-06
9.047307463909754128e-05
6.583563770259893803e-03
9.346223639473776046e-02
5.178331712215102911e-01
1.219058544079239859e+00
3.078697544388569324e-02
1.969362047762827639e-01
1.930805977504312487e+00
3.185271641110488938e-02
1.633945340470976115e-01
1.705176843043487933e+00
1.840176668817201282e-03
2.069572645178657452e-05
9.816419995034917148e-03
1.969758330387076262e+00
1.380448716585573089e-02
1.294305067471223211e-05
6.901359478291926806e-06
1.197938158817966219e-04
3.479778027690254294e-02
7.089274225791170059e-01
5.827023860877730277e-01
6.814406147720925011e-01
1.541213573610437093e-01
1.433569735651066379e+00
1.329834903943886815e+00
1.859590997220364472e-02
5.926220407330232698e-01
1.569683647274477956e+00
6.253152629572283786e-05
2.083982992118989340e-07
4.644264347619639263e-05
4.603822033889957283e-03
2.342191139788200361e-04
4.408338393682112708e-06
8.357345861394331778e-06
1.640314940294425197e-04
1.190601595760939856e-04
1.241350731002869856e-01
1.887256263463768180e+00
8.941877770804553816e-01
1.533555517927522038e-01
4.688323561052420985e-01
6.033329209129112414e-01
3.154768246428825418e-02
3.974856971533469174e-01
1.303302590427350527e+00
4.351656065720587742e-05
1.195492619332498645e-08
1.236559384500677197e-07
2.670457760699142873e-06
2.263178415359951668e-06
1.512422677919564070e-06
5.390348142263318211e-06
9.349930137949095076e-05
3.038523580464680041e-07
1.009605680552467209e-02
1.749395334209903563e+00
3.433865140303037911e-01
4.739370478772066408e-01
1.146414374694982863e+00
8.274416705380148729e-01
3.517078502132447992e-01
5.231729444014785457e-01
7.472143851522810021e-01
1.641020517645992618e-04
3.833972831398854625e-08
1.087022832346798719e-07
8.859017725193024872e-07
9.244438531769977584e-06
3.001132930741018907e-05
6.908338354362387374e-06
1.996073868566353575e-05
8.988715262207900745e-08
3.225452851326898046e-03
1.129687876089848997e+00
1.245855361276517470e-01
2.426602486503684764e-01
5.882970015027831900e-01
5.710211484938814142e-01
1.310081298478535272e+00
5.573592284827164622e-01
2.150735191523947432e+00
1.093112135531680573e-01
5.143434999016916614e-04
9.698184204673895338e-04
1.181409574816959457e-03
1.854835306309977894e-02
1.986161146203312133e-02
2.193959264407050106e-05
2.903266301820546921e-06
6.478845225969173999e-07
1.278426767891934629e-02
1.302511504489962846e+01
2.233527114636560285e+00
5.292204515259673059e-01
8.249879755509637036e-01
1.137650268243621587e+00
9.360526286493532355e-01
2.128433089487575813e-01
1.451161424874923611e+00
2.778527399921029595e+00
3.391656658252008572e-01
1.508712999385496190e+00
4.670202898239049216e-01
6.511217287864322634e-01
4.823424117778542936e-02
3.864754121413190878e-06
3.066705603274727302e-07
1.315139895953576244e-06
1.267780746539395355e-02
3.071740201200002929e+01
2.241233083601345299e+01
3.692134023065218873e+00
2.824881008113925507e+00
1.129101275433879170e+00
7.907944831105457872e-01
8.996389832956479538e-01
1.426248428883979624e+00
6.208792224454340314e-01
1.082187651654961946e-01
1.129360929334686681e+00
7.610064474387496780e-01
2.482383750205263140e-01
3.279814362890806634e-03
4.006632979688700981e-07
1.104183424522154980e-07
1.987553923533214939e-06
9.442048839401138635e-03
1.232489319887826618e+01
9.486127661619834228e+00
2.252178174982406134e+00
5.964010309588847480e-01
1.879616015193362744e-01
1.059973475292008249e+00
1.482642293337579575e+00
9.142143965226514624e-01
9.426592202328429870e-01
3.484609797191858815e-01
6.306361749804749728e-01
3.315909770837114356e-01
7.297659553689319623e-01
3.095547631029432409e-02
4.793201242705120378e-06
6.274533804898695431e-07
1.895771293187990141e-05
1.509563166627276784e-02
1.691397355335207520e+00
1.248612429322607076e+00
1.262993191550080052e+00
6.194502195759968854e-01
7.266609510907136027e-01
3.134734496232185919e+00
8.327222885918015294e-01
1.247612334481341234e+00
2.868175846198465884e+00
8.226400982882696722e-01
4.534071991461809809e-02
1.200403475469056982e-03
1.233557136983429690e-02
1.851131287500268341e-02
4.832945658531751187e-05
6.996193036162522511e-06
1.159856180634749267e-05
4.680456218753354020e-04
1.083615400785356842e-01
2.334488658403687911e+00
2.181615786969899773e+00
6.955504425753787912e-01
1.215205528193022744e+00
7.156974671948119759e-01
4.399445241361857883e-01
1.423806312656081374e+00
2.841286152321300662e-01
1.158676350110573738e-01
1.635738715533217391e-03
6.026444007087966159e-07
8.997563287747805328e-07
3.157605920703171704e-05
2.342027378483122797e-05
3.824825522491527542e-05
1.161169069587313110e-07
4.211030743074831500e-08
3.941682737367348965e-05
1.975857927124202440e-01
1.110759485762943033e+00
3.719871235161579248e-01
5.209647172494483724e-01
4.130076946739019705e-01
8.198440490712481932e-01
1.754781266527662142e-01
1.920457372565480617e-02
8.011979354183378366e-01
2.134489896516055668e-02
1.882356458730248695e-07
1.209952498574792118e-08
9.302676361102388289e-07
2.291099223096404767e-05
1.700625485598215489e-04
9.756576316886568166e-08
9.673960277249059050e-09
4.792991868604174453e-06
4.901406340659435895e-02
7.612791262443012741e-01
5.555732733826369563e-01
6.258816281188190889e-01
5.960946959451344229e-01
8.183200878710215065e-01
1.037782904222875474e-01
2.885842715447365855e-02
9.600160218061735140e-01
5.087408052913189316e-02
6.205869844636596545e-06
2.817501089317422900e-07
2.888480627572197529e-06
4.823805966484140108e-05
3.483210704307548302e-04
1.441158865391373742e-04
1.302357803892157783e-03
7.109679358812930061e-02
7.691814642471546115e-01
3.019254856938366482e-01
4.931413992951993452e-01
1.260306125152598211e+00
4.975163770138609221e-01
3.552645800197736792e-01
7.110616399788535213e-01
7.287815823281351690e-02
6.457725598491532472e-03
7.318944645570178882e-03
5.182018391550947088e-03
3.699405503224180328e-04
2.833254060249802478e-05
3.701592102580566839e-05
2.162012734989011650e-04
2.237799882428119155e-02
1.925572734671830100e+00
1.026390375894188356e+00
1.993482837123496457e-02
9.107918535093599208e-03
1.599633966262804519e-01
1.071534910148329578e-01
4.443709075148980468e-03
2.358387972749033216e-03
2.626411214132895119e-02
3.106350951917544265e-03
9.791158697065569275e-05
7.373037775211525868e-03
9.296188562987621751e-01
2.273594470067373183e-02
4.703628299927336339e-05
1.442389404467834641e-05
9.878962994439606374e-05
1.295734707314513158e-03
1.411724825630347908e-02
1.767386068336319373e-03
1.788426557344023442e-04
9.311398932183126073e-03
7.989806713739281419e-01
1.070176087622835316e-02
1.008662910763726094e-05
2.012427896001808805e-06
2.177309438634968794e-05
2.159494706431278995e-05
1.103871278164574696e-05
7.838620890870654943e-04
2.282556027366992868e-02
7.903636425261993280e-04
1.057626003942266294e-05
1.070539327044606149e-05
9.120469069519498366e-05
1.114259955854930355e-05
3.664379834131427502e-05
3.939068578797349889e-04
3.399544683615430326e-03
3.012292290386459764e-02
5.034610836092452690e-02
4.839170937566596577e-04
2.353129590727935400e-06
8.691286556646791871e-07
4.328423747041938073e-06
8.463859530684898053e-06
8.057057853275465079e-06
2.271608584957365295e-05
3.534300839946689633e-05
9.935758146487955588e-06
5.986483972162084066e-06
2.470659898470790316e-05
1.548263540674241407e-04
2.380120195798176907e-06
1.196510117341563984e-05
1.394797622528657320e-02
9.462052133052396563e-01
1.152648159408382021e-02
2.332664036562727807e-05
2.149871442681912248e-06
3.649473091503518171e-06
1.644509012506223486e-05
4.730871723850985111e-05
4.840586183429590629e-05
2.628356912442227094e-05
1.426719787946584525e-05
9.275896002349443543e-06
9.517065339253395471e-06
2.049879069221380366e-05
6.703398274143038138e-05
2.103529610623348792e-04
5.229031403682347639e-06
1.338333986492270096e-05
1.288274336790439130e-02
9.884523000847541541e-01
3.972251541388870794e-03
2.336256428911766060e-06
8.060884220397331843e-07
1.348326681598986954e-05
1.199433757259478587e-04
2.003001135016055107e-04
1.298930970216156608e-04
7.272193336082005308e-05
5.206052943858565057e-05
4.900908128109913157e-05
5.586034615699297294e-05
7.035602421288660762e-05
1.025312270568289302e-04
2.017815906258969025e-04
2.939207620726962665e-05
1.621048614144021961e-05
3.687109682980087354e-04
6.096262249792941401e-03
6.832649725372347141e-04
2.050465816274465040e-05
1.736187870974700292e-05
1.016085978414355841e-04
2.995937974097648629e-04
2.965991318146958067e-04
1.871896783659958766e-04
1.402902175478990747e-04
1.551496810548325263e-04
1.903235094369365107e-04
1.825041871045888749e-04
1.484065724051293058e-04
1.547220604515513306e-04
2.598136966616903186e-04
