8.959507077160447700e-05
1.272870501100725478e-04
1.255466611670125188e-02
9.249178189252352800e-01
8.862721037426991855e-02
1.553543796517237857e-04
3.836022589811035618e-06
7.574369122112950434e-06
8.644058931010407151e-05
1.163020366423266907e-04
2.194889572659017358e-05
6.978580754781984040e-06
1.848190326559355570e-06
7.702431459297565874e-07
1.731144574890659536e-06
6.215555790910270919e-06
2.646928049994953460e-05
1.740145871352267808e-04
1.913138479941139367e-05
2.916741243282742311e-06
6.401427871767398185e-05
6.535254948042977519e-02
8.646527665654079042e-01
4.380466555048466784e-03
5.167685733633151523e-06
2.989284971874524378e-06
4.283037529920489714e-04
2.084552163082087264e-03
8.606194104843011396e-05
4.461825173669103450e-06
2.142532515907806687e-07
3.056716725081223467e-07
1.801591875851686652e-05
5.138895573500908154e-05
1.756966079619451707e-05
4.747737956513469344e-05
5.220262053047259302e-05
1.801249465039678050e-05
3.116810393634980429e-04
3.776052042066906783e-02
2.504249803899371435e-02
2.895177195116324775e-05
7.857559149017569047e-08
9.215579781235357572e-07
1.483593988839060351e-02
9.672237082473760239e-01
4.270886603699481504e-02
2.542745674435295707e-03
5.293249618486263431e-05
1.525476193248074500e-04
5.474178404239107149e-02
1.146972964392974428e-02
3.627193664501703871e-05
1.414509315461792477e-05
1.034126845591075661e-04
7.723533493668238107e-05
4.189519370849839608e-03
8.605010293253990694e-01
1.447305537790066488e-01
6.901588023611272067e-05
6.894198039413212291e-07
1.044870760857038190e-05
4.064058367369647456e-02
8.765771909284271191e-01
1.531233731707090928e-01
7.560138346133697951e-01
1.450070717595362546e-01
5.173966663820860068e-02
7.244499273912321513e-01
6.957195950004919568e-03
5.972295247423106291e-06
3.671853074659025277e-06
2.544853547940804881e-05
2.135124615430587646e-06
4.277699319320337168e-05
1.055631967712279129e-01
7.387148456041398026e-01
1.643877889944755574e-02
4.692087038509341716e-03
2.480986798664143629e-03
7.737547667250585298e-04
4.970823483861983575e-05
4.855017853480804576e-05
1.115359030468795198e-01
2.969259687565350525e+00
7.590050858811203671e-01
5.318319368185105978e-01
1.785817224051105450e-03
1.281300597875408321e-05
2.771628321469172984e-05
2.484072471376850473e-05
2.545511138608979400e-06
5.689964817880854451e-05
6.206149227058135875e-02
1.973395586120721135e-01
5.974224427345842942e-02
8.833270029724817896e-01
4.020774601238243096e-02
4.598627804941546538e-06
7.817859276329737817e-09
5.212292264093402663e-08
1.026248443937909658e-03
7.952044684777840322e-01
4.575578513864976493e+00
2.129760446060530832e+00
1.987822570566529987e-02
5.458770597407349226e-03
7.538196243352907749e-03
6.222385037727380989e-05
5.038170375139412581e-05
4.040074362771931687e-03
9.003242674751942287e-01
6.038769391083544935e-01
2.466375552237426994e-01
9.643463542363388541e-01
3.926416260574723538e-03
3.428859368125113751e-07
7.693068365826854542e-09
4.244232012937507112e-07
4.200784154014261464e-04
6.988631317821346334e-02
3.682416258090414285e+00
2.566861074899860373e+00
3.638253032918666863e-01
8.069160768408232265e-01
2.597234079693149650e-02
1.334292917179139878e-05
2.586584070169410783e-06
3.899773145701865870e-05
2.112546085110508440e-02
5.939654325103900234e-01
5.489395524502235224e-01
4.317952038787741670e-02
1.156448782604214395e-04
1.995830687477967195e-06
3.057551679183752265e-06
8.679537598224621939e-04
4.067224911176415408e-02
6.198576982133001401e-02
1.024759309960134646e+00
1.640569515084360885e+00
1.558567622754629012e+00
1.356484810744617298e-01
1.500639946127682441e-05
1.081282726090262567e-05
2.096882240464401212e-06
7.836935829323021666e-06
4.088954424326828561e-03
4.164543521101311541e-01
4.252151878579255029e-01
4.757676817044009104e-02
3.069875031715386948e-03
2.903312207381332066e-03
1.761103665816715321e-03
4.084042503731081381e-02
6.852232638508758411e-01
2.291696100071907716e-01
8.057825103114387710e-01
5.473434108583452584e-01
1.814473830415005706e-01
4.141065283502765298e-04
8.310414381788193794e-09
2.994556608317585755e-04
6.051375487155480348e-03
3.898256484693651130e-02
1.730925906732154185e-01
1.064811333734017318e-01
7.978693407740684862e-02
4.705678660388671886e-01
4.069934719056889638e-01
6.438350513362186556e-01
1.445953805980803308e-01
9.803810289282659240e-02
7.626017728578303456e-02
3.693097917782443146e-02
8.714171255511273806e-01
2.684384686334591485e+00
8.371871825063982309e-01
8.625480909244610849e-04
3.020690505584219545e-08
1.402087209784506981e-04
2.171012309462267906e-02
7.653534908872301479e-01
8.399157105321465311e-01
4.233036382883703652e-02
1.515845166247643296e-02
1.298408964254202935e-01
2.054442713119257122e-02
5.380228833851561504e-03
6.538718189338833808e-02
7.694576852541759049e-01
1.935376873402821704e-02
4.532856026282411398e-04
2.234838794338508614e-02
1.397043092959364463e+00
3.951512596880915051e+00
4.307926347616100604e-02
9.699227950971857850e-06
3.241608409047535833e-06
2.872683053069852882e-04
1.692675340614121782e-01
1.529239633495561135e+00
3.430024836261711396e-01
4.367450967771626669e-01
7.914045399018534432e-01
3.286061477473509358e-03
7.051445815588831696e-06
1.155976440327138893e-04
6.606221004717090228e-02
4.223574281899473287e-03
5.483280246474776749e-05
3.965729748598833398e-03
6.655942755514542286e-01
4.082515837983783591e+00
9.958567653668021213e-01
2.604718102243386724e-03
1.051038143568304132e-05
2.967849035415031419e-03
4.954689413309001367e+00
7.251007352142254447e+00
9.101424790653338537e-01
2.442910857883731524e+00
2.060834999484955965e+00
4.839121877101158070e-02
9.059801003341928815e-05
8.835235568093209178e-05
1.893052756608736356e-02
1.206707372166907974e-03
1.796814310100379591e-05
3.102418031333328309e-03
1.205306283986929516e+00
6.990211661438086921e+00
3.892469372661488958e+00
1.669163511684867290e-02
3.169582391284082607e-05
2.162948600070752677e-03
9.647729778675391277e-01
2.528401566345105156e+00
1.503984458247258127e+00
1.137980249843649982e+00
3.379901525633723369e-01
7.521808362510571389e-01
5.783169489978345207e-02
2.483472983489454569e-02
8.960994235079312586e-01
4.770939259831272032e-03
4.232024208209250203e-06
5.300808661204620739e-04
7.712632581873077875e-01
4.121605985844046138e+00
1.059002271020300423e+00
4.087215205826878923e-03
5.880709574530697989e-06
4.555575389109946352e-05
4.741045130494848936e-02
2.773827799830014484e+00
2.195654625077911426e+00
8.747102497099666918e-01
8.831376338617002997e-01
1.035071582287304448e+00
7.700911955084636766e-03
2.076823702786645496e-03
1.010741546018557369e+00
7.841058401411610257e-02
5.571438099697928172e-05
3.352982060399157908e-03
2.324732475030296897e+00
3.694911525244334527e+00
1.007607891988252957e+00
1.045678181511321830e-02
3.440462994983800544e-06
9.569374923607299756e-06
1.339653258826577556e-02
9.148177447839360710e-01
6.360569116030215242e-02
1.241727778368147649e-02
2.628148761026994837e-02
1.134270422207938689e-03
4.646260005969938448e-07
3.498951719397906078e-07
1.946424690525121876e-02
8.839988188694289928e-01
5.257305093372774234e-03
2.812734311495283454e-02
1.446030329118058955e+00
3.617549141642433685e+00
1.826917211218821002e+00
8.424482858667363405e-03
5.151605992250922999e-06
1.137308204712842395e-06
9.441368983300931080e-05
3.416329460028679627e-02
5.652931771687786516e-02
2.824565398996898256e-03
1.203966501492178322e-04
1.586736385605982136e-06
2.663732947282113111e-08
2.433438922744694233e-07
4.840754726456650107e-03
1.011807718981158732e+00
5.668856075441600084e-02
5.185457857290961398e-02
4.503339098792442097e-01
3.420355463163799126e+00
1.525284223447564980e-01
1.639484429723843151e-05
2.115398881859492219e-05
2.622020031435244045e-06
6.426588214335953505e-05
9.701143182056556902e-02
7.514428771783748795e-01
3.888080314852277418e-03
4.019161361799453912e-05
1.249177996553411742e-05
1.116482115689533685e-04
7.008765804811937714e-03
1.697031286846988063e-01
6.668412488317636555e-01
4.373272798591553157e-01
1.269518395088390150e+00
4.295333268979384833e+00
1.094619719075710984e+00
2.612657453111959520e-04
1.254635324615680928e-08
1.584928592467639227e-04
1.124089497784377673e-04
3.978543879330990150e-03
8.704795074348308237e-01
2.706065279813417712e-01
6.047263668800653734e-04
3.649826564786934780e-04
5.577388619033825032e-03
7.548084907722638071e-02
7.026515074152539508e-01
1.084200578557064643e-01
7.407404709476575477e-02
7.608784978590484860e-01
3.655507883125483914e+00
2.544190591979127447e+00
1.409025165391744085e-02
9.084987382744125661e-07
3.788897525309827998e-09
2.624155925224499965e-04
8.907223583285959220e-05
4.392472281537326459e-04
7.026339217252447478e-02
7.839717056650986615e-01
5.586713219977862410e-02
6.851931951477424620e-02
7.208143413911186625e-01
3.186114378976565020e-01
1.157271232609360760e-02
2.312796603089294209e-04
2.973436614625080306e-03
9.868985590073843239e-01
3.685847936493015897e+00
3.090563754776617933e-01
4.982138629478450806e-04
4.705902288485029866e-07
1.837446660442286340e-07
1.515791345870859082e-04
3.821314088357530506e-06
2.149069649119110471e-07
1.329864322253349133e-05
9.524167811750791635e-02
8.910348216809192978e-01
3.794362803192589256e-02
1.286750342909908917e-01
7.622549453999154512e-01
9.066917890440695862e-03
2.397520524028036177e-04
1.933496437662738515e-02
2.056267672547071435e+00
3.101860503014574721e+00
8.297764258198827569e-01
5.921210184926505200e-03
2.438998911718852800e-05
1.552356333554255806e-05
1.190106254617710535e-04
2.272549812510608518e-06
7.655326264888847688e-09
6.302231343516957140e-09
3.059181709431075635e-05
5.417952980698611046e-03
8.653108365048903065e-05
1.124700120165857641e-04
3.466351404014211129e-02
1.610606803634749909e-02
1.618633139459727671e-02
2.941399639237348929e+00
9.679853402070660584e-01
1.456982395980195404e-02
2.086576568576634441e-02
8.051843994012495079e-03
2.648052975901644349e-04
1.217107484086907455e-04
1.699950157271745146e-04
4.431155365259264041e-05
2.264283332643236304e-07
3.888995920342328008e-09
5.376970903563217563e-07
1.431014879580617526e-03
6.747284616531034219e-04
2.224445351511482761e-04
2.058976902650155871e-02
1.140946598359861633e-02
1.150217099416594654e-02
9.793285784942513672e-01
2.393935048145007585e-02
1.548446691208042660e-05
1.086604120125769249e-05
7.009679631211665723e-05
6.896641049055771339e-05
1.165835002006863094e-04
1.037988911059603081e-03
7.764905550839675853e-03
8.719816127095598177e-05
1.068347621776153317e-07
1.081028086889126175e-06
3.118048180428456204e-02
8.966889887444103868e-01
1.394191721494092151e-01
8.262225834872733987e-01
4.269462033732968759e-02
4.524025590481964851e-04
1.184961764825113182e-03
1.849833955732930351e-04
1.986610821583878379e-06
1.386051998069944059e-06
1.055387320041960155e-05
4.070561278275950940e-05
1.332580184118644577e-04
1.679136927390373346e-02
9.627952870616615089e-01
1.275474611419325985e-02
3.286718688178905049e-06
3.057060467122049169e-06
2.470134844577680580e-02
9.594925465810903997e-01
3.170788185711268664e-02
1.965375269547639525e-02
2.343264853828609228e-03
2.891495540235786203e-05
2.055041983550116383e-05
3.583278331899387547e-05
1.950618502404192770e-05
2.914324399116356877e-05
8.546828043218217112e-05
1.782114156730248416e-04
3.453343817413125354e-04
