1.996783562052305354e-05
6.924359085963319518e-03
2.988649645329697138e-02
7.257760552849392387e-03
6.928939749236757983e-03
6.182607998854085067e-03
3.959903045413879115e-03
9.875060914023564909e-03
8.760809370661971267e-05
3.667660736622614351e-07
9.330429840167872924e-06
2.439546907337537796e-04
5.114312419822981177e-06
2.907732425334223769e-08
3.248777131517173175e-09
2.790287887070703847e-09
1.875074417433456567e-08
4.769150470912397332e-07
5.622462319626931096e-05
3.070296922044862906e-03
8.047852790831984404e-03
5.691118077132936541e-03
1.742264215989924338e-04
9.300310314003206507e-06
7.947667565076542092e-05
6.481243881835779125e-03
3.442477294613268454e-03
3.879747314237235313e-04
2.939987765177248195e-03
2.857600478708609715e-03
1.090831412474004698e-05
2.260067190645877510e-07
5.848547453360303247e-08
1.766662751934414208e-09
5.195732636450417218e-10
1.583162269851822795e-08
4.055216501572311892e-05
3.141863907364755328e-03
2.932902429478025878e-03
3.469954760629267391e-03
6.808171712368622655e-04
5.196023175886199023e-05
9.773008238395054355e-06
1.607045530073667448e-05
2.912886500016897951e-04
5.790288321751727030e-03
1.481577230099809933e-02
4.048102620711990741e-04
1.330370423738608250e-06
5.056231604861164688e-06
2.023754809837638305e-04
1.289465006903273402e-06
7.617428302221539640e-09
1.562795124539186405e-08
7.602735487187309211e-06
3.898432005841011554e-04
5.541989150413551419e-05
1.853317635483741363e-04
2.630286874514730939e-03
2.807899342758782713e-03
5.709897088013200100e-05
3.245542156482099518e-06
2.135632330499695759e-05
5.112696937745727982e-04
1.207879533558595293e-02
1.671868566884554888e-02
1.900825442298685283e-04
8.653283567098163679e-05
2.425715281363632642e-03
3.098762778740044585e-04
2.567231247627671696e-05
3.480200913255792064e-06
8.338639132714716399e-05
2.885819565806162744e-03
1.521239764066352528e-04
1.446181882912598931e-04
2.481000722666250433e-04
1.088859142348848168e-03
3.116426645722901196e-03
4.011008744208519397e-03
2.554674167732405923e-03
6.820349125773825672e-04
1.139514000928108393e-03
1.355509133303284784e-02
1.615840006299449835e-02
9.409745087049975259e-04
3.040128143366821142e-04
3.967149453502895828e-04
2.821326874806786341e-03
1.830728616353285683e-04
1.518969122501153974e-04
3.009105085651143496e-03
9.530425211362855741e-04
1.857346313217579431e-03
9.008659503629558004e-04
1.898870025895062989e-03
6.913691570750889713e-03
9.507548211687533168e-03
3.779212556906723971e-03
5.930903285352011507e-03
2.265734285268540711e-03
8.520868476966244297e-04
1.368706531560749846e-02
1.983517257235023826e-02
2.565881846858159010e-03
1.483639508161064473e-04
3.205890562110416702e-05
2.010460956982154070e-06
1.946721644159725094e-06
1.318849791901442602e-06
4.766876802591035840e-07
1.103326531048068150e-05
6.726908495847456386e-04
3.450985912842462373e-03
8.150187466771747699e-04
2.805757900702245513e-04
9.675134485024695973e-05
1.635519290578045125e-03
5.870733638540596641e-03
8.788997227281900547e-04
1.934285868633175585e-03
1.132584378071027111e-02
1.401516024985164678e-02
6.289268581256142433e-05
5.425665034679122506e-08
2.853636566442273339e-09
1.551238004740911126e-07
4.051021376063196707e-09
3.931757175576453179e-10
1.594196300312700033e-08
2.279210517590576674e-05
1.422040026567221362e-03
2.024711260390167980e-03
3.660629437854888511e-03
1.963172969989788585e-03
3.317702162600809183e-03
9.560848813911036054e-03
5.102644690947484921e-03
1.295511114662736179e-03
3.297902574100055814e-03
8.756977060196497950e-03
2.039183835381773002e-04
3.725386074900052797e-07
8.518425049974441353e-09
9.559478144944203758e-08
1.216340870202803084e-09
6.091256214686579103e-10
1.094666911915646281e-07
7.625065880188288943e-05
1.972087918655994997e-03
1.449783668222228046e-03
2.186195175718120762e-03
6.322471494446046253e-03
1.644045762564876490e-03
2.169536900170222771e-03
3.180924228074831928e-03
4.372061527661801191e-04
1.920906067161161617e-03
9.113378036612747660e-03
3.000702712911084390e-03
8.781437395218553857e-05
7.040150986340202342e-07
1.146048397039364596e-08
3.467169034191697380e-10
6.802606017721313037e-09
1.533402207976998789e-05
2.660951822052790364e-03
2.845941943419638687e-03
1.235550695902276695e-04
1.926935891206771204e-04
1.824930873710289662e-03
1.027048284759444347e-04
1.869989427454303468e-04
6.778089800309325050e-04
4.210270609952482870e-05
2.528291887191699990e-04
9.230241814772161338e-03
2.723487293105667038e-03
1.046985138814486610e-05
1.130414925639300361e-07
2.161823646171026244e-09
1.965427358607282342e-09
7.383097788679917059e-07
3.605432626662094823e-04
5.912475002180636249e-04
7.233879710525897963e-06
2.908263250701814185e-07
1.967058114688191226e-05
6.770632904637650116e-04
5.808894685612706358e-05
4.482077298882585024e-04
5.133046416747655966e-03
4.603260359999999073e-04
2.023960826581576672e-04
6.824967773143184382e-03
1.414648006470825298e-03
2.146407867690338264e-07
3.437474892080347855e-09
1.254459010856624854e-08
1.181793012776780581e-06
3.121111371898443445e-04
2.045298108762240181e-03
3.376487412257366222e-04
7.975272144147095814e-07
3.557421370455020978e-08
2.361553852482835828e-05
2.933752432631765456e-03
8.358551428853612433e-04
1.277549611435254209e-03
6.572878523028325391e-03
8.486640559108450665e-03
5.101567041276019272e-04
6.313459847977096959e-03
8.705682264337582382e-03
5.659711539083646230e-07
3.690879577121894302e-09
1.172680164739455662e-07
1.344108401208836769e-04
6.063588435163363641e-03
2.069337249271511938e-03
2.105165763853036800e-03
2.835583807011665528e-04
2.379960025882190978e-05
2.183315491768063733e-04
2.563362457917037207e-03
7.147731000386952672e-03
4.165868948930013214e-03
2.162123826062229640e-03
6.534422310030903527e-03
5.866401063986074072e-04
1.061364515433033291e-02
8.139888652537603450e-03
7.459169946769721304e-08
4.578730969180727902e-10
1.475179195023308398e-08
1.420948379665858183e-05
1.693664426604009690e-02
1.623047520483831413e-02
4.379020619681567848e-04
2.436449869379288702e-04
2.619081580596703627e-03
8.140529665918398846e-04
4.816236193770994338e-05
4.488804799755489691e-04
1.939912846986313567e-03
1.551828612990647496e-03
3.216789300119573571e-03
3.644065978444633951e-04
1.527951982340362141e-02
2.530257521030890907e-03
3.408180912717294342e-09
3.550305927440663641e-11
2.452036828267525303e-10
1.069628507432600803e-08
2.567166830946732603e-04
3.197218829234446669e-03
9.128915499960393021e-07
1.226573560298575991e-07
3.214243807072387962e-04
2.697822525743230962e-03
3.484309377664680584e-05
7.982273354598387602e-06
1.198208037558856813e-05
2.561513545807610551e-04
2.107539726698557953e-03
1.776836380976237436e-04
8.452802479222913667e-03
4.262439386837748277e-03
4.243576769078114885e-08
5.173504556301242057e-10
9.439760157914865416e-10
6.272034699268642627e-09
1.014692948220387342e-05
2.273545567160038550e-05
1.408066863086523282e-08
7.798672453380490161e-09
4.977245961405102543e-06
9.039382175265008447e-05
8.454398582055658242e-05
2.061395719696364955e-05
1.119327691409446953e-05
3.451197193121862718e-04
3.172905230232802611e-03
1.916572622986892826e-03
1.723754106212518900e-02
2.980688699226863043e-03
1.889109115439232931e-06
1.024079667170633734e-07
1.528182718952627809e-07
1.150835745462329156e-05
3.247537014970000493e-03
2.910764649244946579e-04
5.344931518394946309e-07
2.447203676827235078e-06
4.696171440120857309e-05
2.570193680226557937e-05
2.660148069511230197e-04
2.551486778525131893e-03
4.448505183667937797e-03
2.082443234222636740e-03
1.126898314885000545e-03
1.052379380447421818e-02
7.114161859130356189e-03
1.939102354415606349e-05
2.120390248864408289e-07
5.255528587309426172e-07
5.117155081251798788e-08
6.651380657201446452e-06
3.443384121080452377e-03
2.834528593304387611e-03
2.576670864375786774e-05
5.894666954318191838e-05
2.295627217909387754e-03
1.564710833718541442e-03
1.644801559914060417e-03
5.326941932094516122e-03
5.074169997021241510e-03
5.471908581083199941e-04
5.155021483245330336e-04
1.513119775043459368e-02
1.087140233422637450e-02
5.865476908741078109e-06
3.056830668328640840e-08
9.199861351640012256e-07
5.376520253861071515e-11
1.151686735828684028e-09
7.357336056407677576e-07
2.861474956299220286e-04
5.484982423895817328e-04
1.172496625464108705e-04
1.010655212194842920e-03
1.716692443142539938e-03
1.224625809277638411e-03
2.346199720565871494e-03
9.247496995185499561e-04
7.404436911620908019e-04
4.889330409768744001e-03
6.513766035496352212e-03
4.874960534649079580e-03
3.227333972361915061e-05
4.572461998461322576e-07
5.159643292452915074e-05
3.353535898530684008e-11
9.436579246806997912e-09
3.124777079544838801e-06
5.677535816302105168e-04
4.395334764562016869e-03
1.010660755328520897e-03
1.976760521346087977e-03
1.675430273055598419e-03
2.642079248107128461e-03
4.321797619455394583e-03
1.527545093060979223e-03
4.347337170151713628e-03
1.319873840006864987e-02
1.796189194387619401e-03
1.484867735474328316e-03
3.493190827595777357e-04
1.962301095306662310e-04
3.113733277914559026e-03
1.755117936451465424e-07
5.010179840314453893e-04
9.095719533542335686e-03
7.389219181015461123e-03
1.427874731015312286e-03
4.188519786247559711e-04
2.707251310229575898e-03
4.035184327128094398e-03
2.137364711196757840e-03
4.335337266551015940e-04
8.633800151044387135e-04
1.320724764445652989e-02
1.695978463093751609e-02
2.695657928335183206e-03
4.550284289053013655e-04
3.202894915157970530e-04
2.808611537701811382e-03
3.428379164343615818e-04
5.426309527273953214e-05
2.660986581865396310e-03
1.040643962470937534e-03
2.654289696605351308e-03
2.017672493550193638e-03
6.592152900569114827e-05
1.290353889596618968e-05
1.311064607765530329e-05
5.642272675836320950e-05
5.633856947537246168e-04
1.268846293707377379e-02
6.902826215544535272e-03
1.710760217273053524e-04
1.023994001469332578e-05
2.627715078434782978e-07
2.842730016024139324e-07
1.656753540359893020e-05
7.156572862735806760e-07
3.999313677654624689e-05
2.479156401284309755e-04
3.575670739711835490e-05
1.649228117973820741e-04
9.695117810907158103e-04
7.218984538694313020e-05
3.309735306642835123e-06
5.789180595905218608e-06
4.135967235107179327e-04
1.968868813895733802e-02
3.732003459208150468e-03
1.066683758480316220e-06
2.244585664373517417e-09
1.218657163645178756e-09
6.495686252045538428e-10
2.975249706510351011e-09
1.483823603946089270e-07
5.579633325661403360e-08
1.647634951248316045e-05
3.246643755190473102e-03
2.335414702665861153e-02
1.024731451619807603e-02
3.053193336415513121e-03
2.841865147554072969e-03
3.904339360108794073e-03
6.333789697941290091e-03
6.607225193334483396e-03
2.011760500685232881e-04
5.759806558423416093e-08
2.179242093140499265e-11
7.751691102856157205e-12
4.061813312295088729e-10
5.895515928191795787e-09
3.000462972622102895e-08
1.917631249623156347e-07
2.542993472351388949e-07
4.999830172409575734e-07
4.529556289064362763e-05
7.044590572670797815e-03
6.555919131256310838e-03
1.893325252439964721e-04
3.143986270973563773e-04
2.977944998060567949e-03
3.441604356859627152e-04
1.638415593246609597e-06
3.259129824098620087e-09
1.727164293860984150e-11
8.389737128827799803e-12
5.749172620615140098e-10
8.159335079889623082e-08
8.309277094660664235e-07
1.273979255011445560e-06
1.549313888378265555e-06
2.149776752041076539e-06
