7.092380396036838831e-06
3.214984111965430737e-05
1.378735859493846611e-02
9.576844901146235323e-01
1.073673299706853768e-02
4.313690424620213491e-06
2.915261788838143172e-07
1.709808249787635486e-06
1.272491641727379797e-05
3.085533938457934739e-05
3.624083470409946459e-05
3.124648980471506229e-05
2.454723164043287598e-05
1.974936572136075792e-05
1.811731116432581165e-05
2.126486886637172192e-05
3.182411202320359204e-05
5.111618706073157932e-05
9.931068488164240664e-07
2.184794333352753766e-07
7.800156001566975307e-06
2.006050989030425807e-03
5.244115660052431262e-04
6.495915075011442864e-07
5.070361093215929195e-08
4.645672798233256198e-07
4.474858950932028983e-06
1.434687778326885948e-05
2.372009180555559595e-05
2.362559421506989153e-05
1.895137819365997115e-05
1.549356704106840592e-05
1.366797032707518760e-05
1.445736880438878958e-05
2.067512939937758365e-05
3.626775004791036732e-05
2.881668102503721275e-07
1.873334701258967022e-08
1.157028544153665426e-06
9.859321176296552761e-03
5.400698028288931918e-02
1.281972437654377186e-04
8.906222768310612873e-06
1.339118083388768548e-05
6.260917075634684177e-06
5.291065600307979258e-06
1.213117871323233284e-05
1.923509541167194218e-05
1.925321734263909840e-05
1.771267833369976686e-05
1.538568193843504485e-05
1.372474627633976589e-05
1.658624081940070975e-05
2.847676065836865928e-05
5.593035500590948936e-07
3.911558492401608863e-07
3.750889571203907939e-04
2.075611302062961627e+00
1.756156814784757714e+00
3.144124638156178819e-02
3.197014297816894168e-02
3.616270954119258415e-03
1.278783030668424022e-05
1.206365677790613469e-06
3.678963965011386974e-06
1.234321780972335889e-05
1.954683932251843404e-05
2.207903642820403697e-05
1.963279635291924737e-05
1.549204020009868887e-05
1.602293525965056158e-05
2.566038023710169073e-05
3.223526231442675194e-06
2.690087301280697353e-05
1.954847997756013755e-02
8.803778370043040535e-01
1.807706290983491504e-01
2.148254966452725900e-01
7.528483923326615423e-01
1.708715385170517589e-02
2.538316247065185193e-05
7.510441240731144661e-07
1.002416272106511086e-06
4.723767630844572408e-06
1.420247232331261831e-05
2.226470112654371352e-05
2.138999500368066292e-05
1.660258790840058967e-05
1.649880343643180520e-05
2.560353668402830894e-05
7.219690938886157021e-06
3.313474510851127956e-05
8.546935129770385706e-04
4.193359104506393792e-03
4.196622167593015013e-02
6.435448026761296791e-01
2.441971792369960759e-01
7.068870003985848471e-02
4.925274662927339210e-03
1.451500414044503887e-05
5.924256048013929657e-07
1.404245082490655367e-06
7.222403615185721891e-06
1.645118692432618533e-05
1.815637826245261762e-05
1.542713535095450425e-05
1.674337400224841697e-05
2.712023642002312353e-05
4.372343097047996698e-06
3.380626573503410759e-06
4.669205131159624410e-06
1.118006484022400998e-05
1.384554802822851463e-03
5.864330705871453886e-02
3.937350031513951742e-02
7.979469243364561981e-01
9.783224207258000016e-01
7.672671797614696778e-04
4.313337839035563101e-06
2.711128868695163197e-06
6.199062456674260929e-06
1.133091979075334116e-05
1.381603707166064997e-05
1.386043500848747110e-05
1.727695047268738740e-05
2.958770267404771826e-05
2.675356312698554171e-06
5.639436485609343492e-06
2.898142366769483513e-05
2.564115208124599399e-05
4.719888640036241879e-04
4.862041065192599515e-02
3.354886924992649816e-02
2.425607944363478499e-02
6.599088432725512543e-02
3.366968736176508686e-02
4.852218978525750168e-03
2.150366495099283908e-04
1.806243120233551013e-05
9.941668152717410354e-06
1.199011238454167568e-05
1.421590754200672985e-05
1.888106491874198684e-05
3.129238968248223033e-05
1.274832761452242747e-06
3.318964492770422136e-05
1.407616419754620374e-02
3.495704710125883963e-02
3.412724037463295279e-02
7.644743715728371525e-01
2.655688591336538215e-02
5.681873687835940756e-05
7.003518761480985065e-04
9.217839205112000611e-01
1.982310362203188348e+00
4.468772916675200352e-03
2.883831546993433217e-05
9.037391670647410713e-06
1.266780105910054853e-05
1.684020251718389155e-05
2.151266286531609677e-05
3.179390941838017282e-05
2.106902626688375044e-07
5.310865092533383687e-06
1.422313832831526188e-02
6.442847950264483092e-01
3.182333773238453234e-01
7.727464869617171883e-02
1.852977297951306703e-04
5.350998522568228907e-07
1.744282224244852268e-05
1.838149611502915698e-02
1.817900960614858563e-02
1.097808392544209868e-04
5.663793603875644525e-06
6.298488651214511456e-06
1.240332557889166792e-05
1.759079790581561365e-05
2.300390485148026600e-05
3.299828668506795613e-05
2.085845642252248874e-07
1.320016874921297487e-05
2.220161000024341302e-02
1.538989051684756193e+00
4.903923929920935287e-01
1.170759707126054925e-03
5.078548124976879956e-07
2.519771484094586727e-08
4.313374969804541020e-07
7.124922260705282013e-06
3.417487403214120652e-06
7.984016337654696535e-07
1.174074893058463265e-06
3.455968998808053352e-06
6.046856031250380325e-06
8.695076904434311964e-06
1.541711850411837831e-05
2.978591331769169182e-05
1.595082808439028276e-06
3.591575949122166340e-03
1.953033047982418946e+00
3.391797379578923799e+00
5.099213889755219720e-01
9.085318643104745018e-04
3.556779628589283452e-07
4.945323247535639946e-08
3.590512671475992689e-07
8.253642686086462686e-07
4.704180458952731695e-07
4.725247128483516107e-07
1.057558986694162905e-06
1.974392282989968757e-06
2.140369862493232814e-06
2.279753690905734138e-06
4.700503931460027937e-06
1.568876523045166667e-05
2.976422024969789889e-06
3.614502136022571671e-02
8.964583944210087196e+00
2.636019372864883525e+00
1.529262721313434437e+00
2.846474857762006788e-02
1.293585516446324199e-05
5.627569488587565561e-07
1.654745188173601340e-06
3.446302846804131460e-06
1.986908707452544627e-06
9.578704719877512735e-07
1.304427535012869600e-06
7.177423626351769430e-06
2.026415784901949423e-05
6.042413529737112003e-06
2.076656754429900977e-06
5.248897907477775686e-06
6.804540296540043946e-07
3.816901555931160196e-03
6.896454668547649547e+00
5.733051287037117305e+00
1.671390105199629939e-01
4.854688351505416803e-04
6.929824860400919426e-07
7.035128780228794339e-08
4.710960240365592717e-07
3.904819169817578063e-06
2.541050498015996124e-06
5.216714268221070142e-07
1.682824731391603911e-06
3.911716289030330571e-04
2.231131996920308544e-02
1.029853770605095638e-03
6.178650308023616523e-06
2.528632079579326308e-06
9.692391152673312559e-08
3.961581126148398818e-05
8.714355843745789920e-02
2.276601225763680639e-02
2.449651145429364541e-06
9.779813798871600670e-10
5.848468977377356736e-11
3.511451539505926098e-10
1.459620292141058611e-07
3.523564360387439561e-05
2.877463889433913550e-05
3.797479602781041008e-06
2.355901562013493531e-05
1.017213315848723883e-02
9.182440453328671870e-01
2.210392150503364544e-02
2.155873355140842425e-05
2.691392091041514332e-06
8.867933267314637288e-07
2.599237783110483805e-04
3.908300263689090670e-02
9.314056163163050427e-05
3.725191596753996482e-10
4.621460960480893656e-13
1.255599122926483903e-12
8.199084620582749450e-10
3.283069443337700865e-05
2.471962159581912732e-02
4.114173187772279978e-03
1.301826701244354970e-03
1.696498571034927086e-02
3.589529221408642445e-02
9.504747967866341782e-03
3.518508718069928223e-04
8.533050846548970820e-06
4.555854858471986467e-06
1.359305484150618383e-05
1.693855699783217150e-02
1.852723952392893558e+00
1.221729567450213728e-03
3.067401776302863772e-09
5.100377802628723911e-12
1.054682696347607222e-10
3.004103027167508636e-06
1.182909093151705560e-01
8.177654326925970496e-01
1.215953174125567957e-02
2.418711094787799262e-02
8.858964296906012281e-01
2.405223905734843459e-02
2.748927818846212470e-05
1.811861403602714162e-06
2.526454185743133353e-06
1.009539356173178372e-05
2.105435820482338163e-07
2.708392611653587145e-05
6.570009696219486495e-02
9.680414010138022052e-02
1.960577096685803877e-05
1.102629680209042363e-08
1.276231669471678297e-07
2.851084593643347844e-03
7.818627769625736690e-01
2.119566347889951519e-01
5.156458960925184437e-02
3.680974105403717750e-02
1.268753038962608902e-02
1.953882502409549449e-04
1.647227772765267829e-06
7.199981500546839717e-07
4.331305284504206146e-06
2.469043883137116296e-05
4.288664540544975864e-09
9.456063256704563479e-08
2.052057226615116355e-03
8.131906807899738077e-01
9.732811341916338191e-03
1.240259746288140550e-05
1.148960933031479420e-04
1.028678685255086239e-01
5.552218581190086766e-02
2.706496065662945469e-02
1.743276803528351238e+00
4.350889935883525683e-02
7.026240462183424334e-06
2.452144690542045717e-07
5.419959943851171180e-07
3.106772256525394417e-06
1.574871516086041821e-05
4.641183144661775213e-05
1.261621131032155717e-07
5.494315914731124771e-05
9.231701219368664002e-02
1.007001049190081599e-01
1.154551970965818136e-03
9.733611846468655129e-05
5.439121651909849774e-03
8.141673719380142504e-01
7.111326192532702734e-03
5.578233119772815080e-04
8.478982457809502993e-02
1.055689002941809836e-03
5.730996782299914282e-08
1.502983914835634954e-08
7.735594125685940906e-07
1.224063242338128568e-05
3.561049987328749705e-05
5.819902871603516799e-05
4.384009154187691319e-06
2.153753919673120215e-02
7.520029738095993510e-01
2.804029877161499668e-03
3.685980416451489013e-04
2.294720556715834549e-03
3.425217856107373726e-02
1.121250728424078913e+00
9.294509024345132958e-03
3.686170729197215962e-04
3.830683730326909370e-02
1.356950107823738216e-03
2.488676941781461469e-07
8.008481287495817935e-08
2.844209382081751131e-06
2.520473024039321372e-05
4.181282031545467524e-05
5.003868761527581900e-05
5.013116544197144586e-06
1.056026659149255850e-02
2.100962695326648866e-01
8.486367346946894694e-03
8.606776833048515596e-02
7.876361647022908086e-01
1.985669969954784453e-01
7.622270685293838222e-01
3.917255339019021926e-02
9.965914903825090487e-03
8.353438107016571967e-01
2.385644550660620533e-02
4.976485222852822934e-06
6.842847314196922717e-07
7.051929554421515398e-06
2.840836793574917949e-05
3.184833504487493859e-05
3.317306048486299728e-05
7.617557862282172463e-06
4.743545779109937209e-03
8.013615756637095799e-01
1.016888455899478849e+00
9.516657829276543579e-01
4.034715634848053817e-02
8.159078141984856978e-04
6.771852442557802984e-03
3.374674603890354813e-02
6.913610079967580369e-02
7.596034663408890442e-02
2.287372581096527261e-04
6.927468958518761945e-07
8.103984398413256982e-07
9.198750470361014790e-06
2.578393965026462431e-05
2.365967728658399937e-05
2.346614913196000440e-05
1.935812657159909045e-06
8.971683226607561591e-05
9.387628102636723371e-02
2.004530368260580619e+00
2.262146829894201225e-02
3.429862180362381026e-06
4.745790127148499697e-08
6.386581985418039723e-06
1.958574939621429006e-02
8.574868173071188426e-01
8.619752560209479122e-03
2.022147609920055122e-06
9.829832711174034106e-08
1.073357096435943478e-06
1.396787212946455155e-05
2.956801493936543431e-05
2.490592014153188667e-05
2.440246260662662123e-05
3.081145541995814764e-07
1.025716623997398059e-06
2.287171803674182494e-03
9.500934138803750484e-01
9.032798604366518505e-03
3.996184020208727988e-07
4.442402769154714903e-09
2.060873955157225360e-07
5.443210424388921984e-04
4.127776046514055469e-02
7.825853235717385517e-04
1.628978123659551032e-06
5.348092135765134010e-07
5.311122846593250794e-06
3.047174108608690320e-05
4.482978967863001616e-05
3.792843183973658417e-05
3.725323391765615014e-05
