2.668684804347328635e-05
3.083956403418264963e-02
1.843847695597038205e+00
2.981039206304050282e-01
7.212791552435212639e-01
1.433939727150990162e-01
1.498360762381218932e-03
1.873548681674033897e-03
2.814186774182931265e-05
3.633394841646109576e-08
8.305356114056447516e-08
2.849785208483140749e-06
1.329645899463062598e-05
4.495755115220021012e-05
1.784545813853762118e-04
2.926131156097848732e-04
2.644868806698154220e-04
3.247105703734066268e-04
1.257693730270082238e-07
1.416518346493613877e-04
2.116022026300215408e+00
2.654279092267437967e+00
4.247706892627697295e-01
5.965197696927997395e-01
2.897400731153220721e-01
1.703657988176744631e+00
1.636274658714467201e-01
5.893371225974621290e-04
9.834405645934554598e-05
8.751102250087663953e-06
8.682044588380966740e-08
2.463942869944995051e-08
3.002744391498601233e-07
3.733179552588986945e-06
1.244490313438407755e-05
3.203621508190403823e-05
3.170171868471921751e-08
1.573327077483879329e-06
6.381051242973813376e-03
1.604196087478336474e-02
1.817753122633656128e-03
2.338861286404922152e-03
2.589439116183302365e-03
6.881940717799443774e-02
9.776554736578169091e-01
8.870439442656117279e-01
1.034102060839721116e+00
1.798767409343292670e-02
3.735275682273440586e-06
5.105174577045324204e-08
2.772582617423135500e-07
6.929502859462659342e-06
1.572339505992024122e-05
7.692213557907925050e-06
8.414685548324469068e-07
2.350965679870255768e-05
3.626215850988620624e-03
1.190237952147397277e-02
1.016133115269915108e-02
1.993443042112279500e-03
3.621501316714027243e-04
4.048521069250267217e-03
8.741949170973472086e-03
2.900818836400549834e-03
9.062831403790629070e-02
1.812015004958656084e+00
1.385504568066268372e-01
5.106989900735698848e-03
3.140371168171928080e-03
2.263624459764732033e-02
3.672557618201693300e-03
1.832865407161925509e-05
2.417337378532746523e-05
1.146025099101479275e-02
9.506151202291415192e-01
1.073001850971758930e+00
8.735411420665255555e-01
4.421241187166689152e-02
1.487937157084222133e-02
8.926375490963837089e-01
8.840194713120395897e-02
1.918279265426819794e-05
8.006186985182782307e-06
7.203846243134609528e-03
1.018874398458382791e+00
7.146233437941990063e-01
1.792344527494476036e-01
8.305854031241791668e-01
3.858823763844155402e-02
2.246830432497585279e-05
3.574743606120020512e-05
2.890076446422441825e-02
9.379475773712148134e-01
4.897537187323632718e-02
4.422499944563647659e-03
6.002167352652934074e-04
2.042578559243640301e-03
2.054879967528737694e+00
2.912801309120964799e+00
1.489104096307104373e-04
6.344377594301481913e-07
1.598064441016298410e-04
1.147730375861560209e-01
1.266430283603698359e-01
2.926127422302635117e-02
2.688666913571868475e-02
4.158685242376233197e-04
2.201652738607429671e-06
6.174942740598613837e-06
2.154943970043925162e-04
3.504406763405794149e-03
1.717392858696606970e-04
2.213787693599040865e-05
5.834965020704472677e-05
4.235203081200608757e-05
7.237058686686604378e-05
1.482183821739669076e-04
2.567147406936726717e-05
4.653237786795373843e-05
1.142037913631163866e-02
7.853848455624893310e-01
9.996754544449386604e-01
9.030855553067170804e-01
2.973897086663910422e-02
1.980524211920171637e-05
8.128798647914278747e-07
5.636920037942657596e-07
2.148150695759296859e-06
8.123512700969711580e-04
3.706731447572136039e-03
2.121228133901138617e-03
2.974908763649134272e-02
7.443232242972767920e-04
4.441192597348990409e-08
9.761763321650763310e-09
4.275169750662445746e-05
4.624251463728790146e-02
7.778318118535922088e-02
2.441417584209877936e-02
1.130386401156447812e-01
9.339456287703367110e-01
1.543095131537573252e-02
1.529662426943077645e-05
4.694994269333886210e-06
1.391251259038300270e-07
1.821645730106785158e-06
1.762509984297030985e-02
9.385660022038597727e-01
1.426853424394098624e-01
7.158564077255682445e-01
7.919494428815922193e-02
3.935277309314543141e-06
3.109418435599582324e-06
2.207533710150945128e-01
2.651580728690500433e+00
1.719895327823565100e-03
3.461903970392627046e-04
2.245172232126790846e-02
1.700292195868937165e-02
5.449860834412026265e-05
2.137078760284070999e-06
2.067637825266481946e-05
1.147449054199854834e-07
4.187825757461532435e-05
1.750056712159072381e-01
1.641599243224971971e+00
1.588113112150673356e-01
2.768552786975444491e-01
9.105334518423768841e-01
5.856143481277044545e-03
2.373984484105349114e-03
3.559092228956896253e+00
5.002520794259850412e-01
7.761423615638805710e-05
6.491659739560060646e-04
8.350584454290412850e-01
4.714436976139973340e-02
5.602892692872605220e-06
3.425066160014143012e-07
1.720148946277936229e-05
2.694164288058989620e-07
1.408856078628084509e-03
1.558196520937025209e+00
2.950699580983553894e+00
2.885624168691304781e-01
9.096979387132711481e-02
7.706918645865420414e-01
1.879015170690787606e-01
4.875043331207247303e-03
3.961836246696034403e-01
6.006046547613362874e-01
6.468093720896731804e-05
1.820664351735868847e-05
1.159724045895549754e-01
1.010718975147667731e+00
1.860096279731654663e-04
4.656767418693276568e-07
5.168025407662997096e-06
1.370790886089344191e-04
1.736232077522446293e-01
1.523882943161820869e+01
1.218705023025370338e+01
5.045825686714410230e-01
5.755178886911627156e-02
2.118037155320166010e-01
6.929340381439867969e-01
5.755045200405395356e-02
7.067782347683615463e-01
2.022657875342049605e-01
2.044698969095788896e-07
3.569201199673744053e-10
3.961284676092064415e-05
1.857821626937369963e+00
1.748173057916749956e-02
4.766282945118810635e-06
4.737068368530093926e-06
4.194582453157376378e-02
2.616663889075872440e+00
1.511745415804422166e+01
1.325297514646527652e+01
2.239952787912060650e+00
3.240565867802559286e+00
1.598492251207968673e+00
6.180008702370674012e-01
4.166751531384229601e-01
9.375897069550395146e-01
4.469497105582944524e-03
4.791098930704783441e-10
2.258081327617595898e-13
1.182785914514228031e-07
1.055877753141925002e+00
1.093984653408355268e+00
4.509754809237745432e-04
4.531510219851084617e-05
4.300266553116507745e-04
1.307922897727080980e-01
8.230734468516113012e+00
3.461643366020607182e+00
6.717406425924600522e-02
2.564898383055452813e-01
6.289931269877334641e-01
2.268227235775208961e-01
7.821845674785549152e-01
9.460536531251715342e-01
3.403673790265318577e-02
9.891530698094493563e-07
1.542812384857916319e-10
5.052777960846315957e-07
1.045745416324914689e+00
2.783701563691327596e+00
1.082491715288068888e-03
4.857949377046807266e-05
5.503739829900565307e-06
1.691526248325996712e-02
2.710100269910329818e+00
3.781314557046989155e-01
2.685154961280646155e-03
4.929205052101104552e-03
1.008383058336344146e-01
1.574758935599757381e-01
7.381341885717405127e-01
4.318569668600629741e-01
6.678605772891121894e-01
1.430154091314568277e-01
8.121849913784195984e-05
1.511430172360389167e-04
8.524308320649455206e-01
2.751713561112366646e-01
5.091928069224537141e-05
4.319919402972357190e-06
1.803242703324559683e-05
1.687767523305732471e-03
1.214112795690521981e-02
1.154916941241563855e-01
5.606303042754777755e-01
4.011517597832187643e-01
4.641072097448151745e-01
2.027904515990338885e-01
9.678504181585997346e-01
7.794250282108613481e-01
4.141613313820959874e-01
1.577774827457406381e+00
1.179741780316558297e-01
3.559311947926147024e-02
4.087509006907695586e+00
8.100434327420010794e-01
1.471589850603445082e-04
6.709900401466815093e-06
1.291146881166858048e-05
5.686026749906801082e-06
3.692786498494482982e-06
6.063365147517069337e-04
3.959846559907648916e-02
1.474263468053559414e-02
4.479721498152355874e-02
2.086951162151368944e-01
8.429322510987999895e-01
1.233158418287139124e+00
4.761122816103053323e-01
7.527856248586777266e-01
5.805943764924620387e-01
1.580865886570889667e-01
8.528631715720051965e-01
1.107032607998116730e-01
1.001088271561152872e-04
1.084712125943500649e-05
1.016678628232396788e-05
5.025508028520613025e-06
3.792047170160759312e-06
1.035658982805067631e-05
1.476367526265687917e-05
1.031279973855031573e-04
6.610791570587695731e-02
7.707134044977769216e-01
3.627994507417099668e-02
1.465708783810133406e-02
1.281886393764511967e-01
6.098245197056985090e-01
1.419332077049661467e-01
2.369929465631016603e-03
2.710042652378941304e-04
2.664130486167452108e-05
1.364612784207159724e-06
4.839344081968055012e-06
5.980337626964565264e-05
3.206732388257704097e-03
3.282663541755828640e-02
1.150622078889033777e-03
6.175621341318924358e-05
4.107343956438378428e-03
9.103185369998016974e-01
1.250607189403467046e-01
3.658870814179475840e-03
1.350835007714272507e-02
5.893336221047730528e-02
6.221990026150146097e-02
3.601224248051550919e-02
5.709254327725388472e-04
5.219035071982857414e-06
6.860753562296287809e-07
1.140258766425615677e-06
2.115319348039258139e-05
2.349580512225371193e-05
1.232996170720003330e-02
8.607231337144893857e-01
1.287113177377025887e-02
2.616679093983669273e-04
3.671559950899337156e-03
5.645923160943080651e-03
1.354705043954093397e-04
1.752277447806041598e-03
9.382475078422892745e-01
8.258324854182464980e-01
2.214016811764250581e-01
8.137090164946740867e-01
2.303252159984354314e-02
4.383326811629705959e-05
5.778680166891147787e-06
2.554482874051801851e-05
2.118751230933631528e-04
2.452597146402649872e-06
1.535021505675674856e-03
1.575868612830507998e-01
2.358364659290229128e-03
2.624015651605956945e-05
2.607110121837745494e-05
2.380599803449711334e-06
1.346153561772542032e-07
6.549360326961050148e-06
3.515391313872247292e-03
1.260497954938936682e-01
1.831721338407179545e+00
1.083347974847213457e+00
2.826813253304625607e-03
1.986057704259894843e-05
2.076609766828606729e-05
1.298440522127676099e-04
4.201547706548605134e-04
4.302087055065846663e-06
1.145042148437547778e-02
8.490217518405407393e-01
5.566848350590354599e-03
9.023385451161104872e-05
2.753999896580228263e-05
3.716693687557140895e-07
3.388861864366488668e-08
5.466159274891188072e-07
4.224179933037817741e-05
4.220746368647974173e-02
2.009235041022484847e+00
5.524174390555965791e-03
2.839193676830125106e-06
1.205733655317312473e-06
2.100783388505371443e-05
1.283444040110466664e-04
2.490228953870863085e-04
2.882920024556114575e-06
5.213195308354821172e-03
4.225131418131868738e-02
7.949558038723166615e-04
2.339049469603321670e-03
7.424060044465542046e-03
7.283086642017822996e-05
3.631325131652356387e-05
3.727008766809699909e-03
5.983804367445905853e-02
1.855884808529985275e+00
1.029016206979760373e+00
1.458131447704334152e-04
3.787794054865908548e-07
2.200389877750808472e-06
4.064570332772638264e-05
8.672243892821120148e-05
1.202490529170546698e-04
8.318562541615721196e-07
7.975789353542482238e-04
2.276973702917488816e-03
7.267844671533027620e-04
9.757688209723139328e-02
8.234984134962916036e-01
7.674777556977524506e-02
1.019156536430504828e-01
7.827110857653701848e-01
1.012229925797211022e-01
1.183947566399552905e-02
1.959213162808273821e-03
2.284300840184993653e-05
4.186682009226238623e-06
3.309276989890707916e-05
1.123211013456130650e-04
8.101075609445616756e-05
9.835564054893248837e-05
7.507368850241759066e-06
5.399101847624739742e-02
1.818364530008248714e+00
2.290541471987502575e+00
4.542745059698844123e+00
5.209435448261652279e-01
6.075412955364052348e-01
1.646973891889816632e-01
5.731820784321475922e-04
1.388316007802681086e-06
1.629217774840901486e-07
1.095118204134079676e-06
8.208390475523165148e-06
5.302507631478687515e-05
2.658058017679602717e-04
2.951791581534679836e-04
1.610763332057233896e-04
1.905670354220091506e-04
