2.102056792079312063e-07
1.789886184973313865e-01
5.584736429154627757e+00
4.827610872379085594e-01
1.577283434633713011e+00
3.005803332355598823e-01
8.163566620656341755e-01
5.981768337920492090e-02
5.641513030342841823e-06
1.431710540397140556e-07
4.063556530790454546e-06
2.254982783576803520e-05
4.211906956660124642e-06
3.024081379850460768e-06
1.382756939612492372e-05
6.121229832712618210e-05
1.361457154333269796e-04
1.956857636093115732e-04
2.483248775466039763e-04
8.659418885376439778e-01
3.202593044518917242e+00
1.972722078160614734e+00
1.829984624254448189e+00
2.303785864774914594e-01
1.861346005266945269e+00
1.050686742459352008e+00
9.522399865679620837e-03
8.106401635117856585e-04
2.150162674402656716e-03
2.616607963368228575e-04
1.026792099552263671e-06
1.179581422370948472e-07
4.823146178794516527e-07
5.851670275995727972e-06
4.479231264107749689e-05
1.289012463864587391e-04
4.837559394470988816e-04
4.989521975371482426e-02
9.310911018061978073e-01
9.607710702816160131e-01
5.964029520183521116e-02
5.491484199581907893e-02
7.337714757673579058e-01
3.981165342285189479e-01
5.574193532283038266e-01
1.300162238939184478e+00
1.826714023286546862e+00
5.656217212915729681e-02
1.622545766180723227e-04
4.901460848544378609e-06
8.995318036527074801e-07
1.986406844780839861e-06
1.964316731833137502e-05
9.685081381037299539e-05
4.095868220709196497e-06
1.003368792344217831e-04
8.217229249933661814e-03
4.194123911682778004e-03
1.170363136792142584e-04
8.636315756600682373e-04
4.532112826144848311e-03
3.610926948126539499e-04
1.799316943968030935e-03
7.235759325341191428e-02
8.754407310838381306e-01
1.123301998916678590e+00
9.186515104902638340e-01
6.526320921345582504e-02
1.145511752238294187e-04
4.756430504912611519e-06
1.645701186451874838e-05
9.281010603548452500e-05
4.783034254052708261e-07
6.778038942631894378e-06
2.705584171557610051e-04
4.881432789919208252e-05
1.786440085061611474e-06
1.026022510716631085e-05
2.227018654901383125e-05
2.671605229701384980e-06
1.546581309132388630e-05
4.451767672621787398e-04
1.407493790397170569e-03
7.766891643818608394e-03
9.721272875796619362e-01
8.943389837712870660e-01
5.041372969949240845e-04
4.198503751770629162e-06
1.035949911460059003e-05
8.169791751387347177e-05
4.022084283516870357e-06
3.653658911938194071e-04
1.448822997472815760e-02
5.281886613670774963e-04
3.860611215424325031e-06
2.844312531701628154e-06
6.316270240347295819e-06
1.391242684795082801e-05
6.267274224485668965e-04
7.130018064214256428e-03
2.262464221501844536e-04
2.816768818580934710e-05
7.080926301742528073e-03
1.676083790848128807e-01
7.303835961646684433e-04
4.502842302622056588e-06
6.487074275694998232e-06
6.036996443226952359e-05
3.227423757291623089e-05
1.494875912672126786e-02
9.414436974082450726e-01
1.558684619969792802e-02
3.561141670874738474e-05
7.222981355761440633e-06
1.189750659295398208e-05
5.449262949046970505e-05
8.528236637582025173e-03
9.271167322247858555e-01
5.639239616516816822e-02
4.184083592854765830e-04
9.694256191694056515e-03
8.184199775775939933e-01
1.318068437725320417e-02
2.262448561687840058e-05
7.395944464497540514e-06
4.929110212864710506e-05
1.305365742053287708e-05
7.491337515505462142e-04
1.412044466148534502e-02
9.992188185236597266e-04
2.722233778219245294e-05
1.637793481345307909e-05
1.259184459612014556e-05
3.968247967977679744e-06
5.192153260961416753e-05
6.320973723096440233e-02
9.157266649819513216e-01
1.320498597622793424e-02
5.616217909567288412e-03
6.390227737693178478e-02
2.464698296773708448e-03
1.088701862525194764e-05
5.346004314811972049e-06
4.445355074151886680e-05
1.055027296882154298e-06
3.146881777048070985e-06
1.434107648750018031e-05
6.496066602339053865e-06
3.723583774036717634e-06
1.294704048158312932e-05
1.032977033668270998e-05
4.420946169614936468e-07
1.576482472100509683e-07
3.436110802085367395e-05
5.962158799699025270e-03
2.474116953169028243e-03
2.607484319945375505e-03
2.050094712236184141e-02
8.456303560274645555e-04
6.064559296358272991e-06
4.710770450003468626e-06
4.845525708655302403e-05
2.726202879835155224e-07
1.479538743474298658e-06
1.727068945652203102e-05
8.136361957838357317e-06
1.982039506466702224e-06
4.199252133194676626e-06
6.339544749516207762e-06
7.595568777727145482e-07
9.734614978309894157e-08
4.494132409622130162e-07
9.300382840548009501e-06
1.021861707191230970e-04
1.586122623126632117e-02
9.094905204339562843e-01
1.633386403403477849e-02
2.868448551978533767e-05
9.247053043055956660e-06
6.502880632667413249e-05
2.476116372994361188e-06
2.056742976519834742e-04
1.574234111641234155e-02
3.832937466732254210e-03
3.769525877576347634e-05
3.502622143218169957e-06
4.665449029430182751e-06
1.014477135709768494e-05
7.769337013048567808e-06
1.957510836039224639e-06
6.879101942392765764e-07
3.658382585976610592e-06
8.479291713739015935e-04
2.907558146093833923e-02
9.062303372219247029e-04
8.820687373755667666e-06
8.473619039215890691e-06
7.388908709631539966e-05
5.525297924881168591e-04
7.165089943580398024e-02
2.847751549095958179e+00
1.051172191938615885e+00
3.992365576018244711e-03
2.005181711095908317e-05
1.474278040251068756e-05
9.920064569576613010e-04
1.296503039480811047e-02
4.144862925038293603e-04
2.154656286107213539e-06
7.257020776181565024e-07
1.422623243487977328e-05
5.585899186723157652e-05
3.072856122158421118e-06
3.943526326168000213e-07
2.797346396363709642e-06
5.432251712671640019e-05
8.683225619547959087e-03
8.509368068875804436e-01
8.280310366260879462e+00
1.865677548529127927e+00
6.921914416276262957e-03
2.116383884961458119e-05
2.374945679827428154e-05
1.382944113478450088e-02
9.463010210466117345e-01
1.288530339040467633e-02
1.247563179806366805e-05
3.441145434339083204e-06
1.600537800016465584e-04
8.388959922483791480e-04
1.794128818080192460e-05
5.504235818561280112e-07
1.727566217529558374e-06
3.281416863638732630e-05
1.688456099369420316e-04
8.692638159926985297e-02
2.808382323921207124e+00
8.025889257670869303e-02
7.346877305772622692e-05
7.763686948176568225e-07
1.848265373134410593e-06
3.580724016801975908e-04
1.120528289549174022e-02
5.889271486720786030e-04
6.070002315042602731e-06
1.482206749649636446e-05
1.017243768231171873e-02
9.607853805720391049e-01
3.451708092743203254e-02
6.913559497704616834e-05
8.096651149643556631e-06
3.156986627810641336e-05
6.190401197297025502e-07
1.778104034540429134e-04
2.012779152579716527e-02
2.229548870099489020e-03
1.458385694259677041e-05
5.541612258811878341e-07
2.677406337941016538e-07
1.512915261965187623e-06
7.010311289220803923e-06
2.445923954965368556e-06
5.267456212527582038e-07
3.018945319948088403e-06
1.631435927996172401e-03
1.011779139657740245e+00
9.634653856776212999e-01
4.236641367341881931e-03
7.278338400686010766e-05
4.879857162059511241e-05
2.068717995498427158e-07
1.328653319286153404e-06
8.107934141062121040e-05
2.511045844078038745e-03
6.387368493234795927e-03
2.185388999691976900e-04
3.409336609385820797e-06
2.641765804101015346e-06
7.554980992327308946e-06
2.004440157550413558e-06
2.450201781225510729e-07
2.184176361629826590e-07
4.136023216042448441e-06
4.552667504956868245e-04
4.673497795522862409e-03
8.457798241465608454e-04
8.001303140568939059e-05
5.565609501589240175e-05
2.648588149972855070e-06
1.163748998751882818e-06
1.824430942150359681e-05
1.457718775728577588e-02
9.428764511693983330e-01
1.533068890644666629e-02
1.090105025087182859e-04
9.986786686215320778e-04
2.073754752693815137e-02
7.307340094616902480e-04
4.117561105110050773e-06
1.071063797882449585e-06
4.393305744640397159e-06
1.999418955824521134e-05
3.387369353393956614e-05
2.463388387402523598e-05
2.225172347048162349e-05
4.469696210902446873e-05
3.268898627655786998e-05
9.613984378454894450e-06
2.553389780611407109e-05
1.700425736556053112e-03
1.386003582227057947e-02
2.455533707842262104e-04
2.420896185493404156e-05
7.518685306785060675e-03
9.309089812443333001e-01
1.616998082139717643e-02
7.933155381287444220e-05
3.033410052459690185e-04
1.936181336442676856e-02
2.657208031952333627e-02
6.945804244639237337e-04
2.898829004323696373e-05
1.729092253581850490e-05
4.507211856069059399e-05
9.184787466504467355e-05
4.674479213191101403e-05
3.212364290854852542e-05
3.215936344061798876e-05
6.443371333988383361e-06
3.604898723530068368e-07
1.715657705565020671e-06
1.203331143257630343e-03
1.568718612871817727e-02
2.554460085476160046e-04
3.918880655068536164e-05
4.218057618951619007e-03
9.251511267077192624e-01
9.486479354119496943e-01
6.363756232798683035e-03
6.246673490121001731e-05
2.143726882895973209e-05
5.509965711589335792e-05
5.886458764297019782e-05
4.741540070003049453e-05
2.306309705338073930e-05
3.005783036673379719e-06
9.002025109449380977e-08
5.669345649375544656e-08
5.153356148281642088e-05
5.537580610559793975e-02
6.297616051914502015e-03
2.119148030883528420e-05
6.583824015317360826e-05
1.428557602420921224e-02
1.031743662539466172e-01
1.048397566015423464e-02
1.742803923548957975e-04
1.030506788977666453e-05
1.201856017489740024e-05
5.594556450844082024e-05
2.089874532940202970e-05
1.189041525721838487e-05
4.060978958210950026e-06
1.075082856836455146e-06
8.616530697571096584e-08
6.539319887552484487e-07
5.519859150839427978e-03
8.463126879404024860e-01
1.186662498071486098e-02
3.239995970135917201e-04
9.782461914007800977e-03
9.319634709296389374e-01
9.406790153571605861e-01
3.100918135234772763e-02
2.549240447055834335e-04
7.885708613599921627e-06
8.212952237868450422e-06
4.962867358237425114e-05
8.951732054538379189e-05
2.175685107652540606e-05
2.361915538228920001e-06
9.521436003273326797e-06
1.497395415697165463e-05
3.369522397692823997e-04
1.197125773985972669e-01
3.687173671579938722e-02
1.109643591236932460e-03
2.376212643045402112e-02
1.027353332526639518e+00
1.006032517703706830e+00
1.053345308256878221e+00
9.288174649246717651e-01
1.254590793617653757e-02
5.205290705899158601e-05
1.175004648031392417e-05
4.648178499930349331e-05
1.222183754323838065e-02
5.545672530284861783e-03
2.679999260129237778e-04
4.494054189701912963e-03
7.570462201045954215e-03
3.171219679552957083e-02
1.665265294914838323e+00
1.967198965545991496e-01
1.731311241903148515e-02
8.788746315074152937e-01
1.005268003761924600e+00
2.525644545378247403e-03
5.744815469143467685e-04
9.532623781935348553e-03
3.104300949352295936e-03
6.025817128772218356e-05
1.612369669307625760e-05
4.854039466536117561e-05
4.657653386330672801e-02
7.675197071259642900e-01
3.238106058968531764e-01
7.387753907380977259e-01
6.025885514743727078e-02
2.518674201049595288e-02
3.006197539609667957e-01
6.769839506230960202e-01
1.004418751881842042e-01
2.229556871978251309e-02
1.397066241163975701e-03
7.480237806957566618e-06
1.683177107093603390e-06
2.220283932011854879e-05
6.089335432213511672e-05
2.470893713953485558e-05
2.434222976206042968e-05
6.501301708444378648e-05
8.670471637830632781e-05
7.456937714437891773e-02
2.925715153361208021e+00
9.265545401552167659e-01
2.923273896891833701e-01
2.619459822186239073e+00
1.519409290764334453e-01
1.756847162650359727e-03
7.705972403089485841e-05
2.920453483651260509e-06
9.988014132891848972e-07
1.038263086873498073e-06
2.156399772516098690e-06
1.010013701566039368e-05
2.736206864406880566e-05
3.830636498126998798e-05
6.042600926000414770e-05
1.145099143103255410e-04
