1.654959798684917799e-02
9.588852147751596444e-01
1.704912374133280006e-02
3.956809625891662732e-05
1.025305733526463348e-05
3.700791756268385983e-05
3.772700794565308032e-05
9.205953063380210350e-06
1.799537804872033937e-05
1.775358190048944131e-03
2.551524706628764336e-02
6.563233134544469664e-04
5.991304581035462010e-06
1.474654926615389568e-06
3.437179885344195310e-06
1.845197016561783153e-05
8.064163375002331494e-05
1.600070741012721981e-04
3.860850563551157652e-04
2.953821038797708673e-03
1.856154259743528819e-04
6.167940902093705763e-06
7.402226470561394515e-06
3.728148949244194536e-05
3.079916882926123442e-05
6.858917760231888542e-06
3.497273349112788526e-05
2.123643336581035324e-02
9.143600167657193190e-01
1.921504125598470780e-02
4.122983032671877993e-05
5.846857471190847400e-07
1.233999433688803718e-07
7.374004344607614767e-07
1.649094357972077988e-05
1.116335989094537079e-04
1.087136838353689063e-04
1.199371121674915158e-05
1.586818446564316423e-06
9.504098678506928102e-07
3.909993964920322010e-06
1.680296045578544276e-05
6.851556271840799687e-06
5.753903699482876176e-07
4.251195998685868245e-07
1.535691797342314988e-05
1.463704840994333551e-03
1.333346751739445356e-02
3.694930448376135181e-03
3.754366039033626349e-05
2.502629936787121715e-07
1.031771184541278896e-07
2.312258258401249103e-06
4.834424690562637300e-05
1.698065802720530662e-02
7.068316797071069193e-05
5.700595599379796784e-06
2.175000579040921025e-06
2.188272571970845449e-06
2.626329628552449354e-06
2.828243137131740698e-07
1.711789107056502425e-08
1.910578358909289206e-08
4.768418864356682590e-07
2.277208939210011813e-04
1.369114786909201020e-01
8.280563920448437143e-01
9.922968732567452599e-02
3.451756614241545157e-04
1.291080004016984181e-06
1.170705266760946142e-06
2.029792276719740969e-05
9.378184224710115480e-01
2.769204618524179207e-02
1.116626169316218414e-02
3.895765178894289174e-04
2.359790828009171017e-05
6.513009145714708376e-06
2.419569722805959212e-07
9.933556146189796434e-08
1.043457340877586027e-05
2.880685981889318566e-03
1.181760372187872221e-01
6.138957768420331140e-01
3.496421423395452144e-01
7.555673837599267140e-01
4.051598478481777815e-02
2.208698902445057878e-05
1.393841524209148491e-06
1.215344781461683182e-05
1.004518072840712359e-02
5.488451775004844074e-02
8.901600036803334337e-01
3.465138020498220034e-02
5.921031481160764220e-03
4.881837895754988395e-03
3.120735821977505724e-04
9.801477034646472169e-04
1.120622628506970225e-01
7.629722339793717500e-01
1.268113477574149828e-01
5.242237910572388609e-02
4.758983270459102993e-02
3.104802653674194196e-02
9.704899097369596448e-04
3.377379707031215944e-06
8.015135076174956458e-07
8.727950127658995176e-06
8.045027829470322768e-06
2.173342977425398955e-04
6.980383504189387016e-03
3.441684071591891679e-03
6.345562808768348551e-02
8.058811142861753707e-01
2.421859552560483575e-01
7.324676415833288878e-01
1.313604601839071795e-01
4.364926049001879036e-04
5.266623183296086243e-05
1.165843441278602809e-02
8.342676817564248504e-01
2.736167587281181438e-02
9.235305200958183710e-05
2.395649596467946215e-06
1.328923972370061309e-06
7.811778723070995239e-06
6.672240786455479873e-07
1.658606361413255922e-06
4.345992571131662619e-06
6.591213729296253828e-06
5.103654195441880564e-04
8.004539911081525946e-03
6.524454705541253736e-03
1.201131348340868724e-02
6.151435949958344374e-05
2.565140870963972673e-08
3.290514820763376542e-08
9.710505216107207839e-05
3.213361387545752429e-02
4.024960482758942887e-02
1.954822225304110248e-02
1.186960455105881941e-03
2.117306377522193891e-05
8.970472487004745672e-06
4.008140754652749455e-07
2.674567160873937223e-07
2.893946261055050192e-07
1.428937362280530902e-07
2.186731936739788229e-07
2.975665280950115686e-07
6.082305706525350091e-07
3.050203326957644893e-06
2.701436831791568668e-07
4.680455641106757942e-09
4.039568708830595518e-09
1.080851147245529175e-07
1.246425639840692548e-05
8.608096350148610604e-03
8.733056429014787181e-01
2.383837979285273467e-02
3.090201825509493520e-05
5.621265906850616387e-06
7.478680498785886859e-08
5.561141976714113587e-07
9.979350818698905318e-06
1.224296161102203864e-06
5.543114589106519905e-09
2.202996294607805113e-10
1.063233618840948171e-09
4.737602216787033034e-08
6.611614359362209538e-07
1.537966455903836993e-06
3.763331218690487376e-07
2.426291860786833866e-07
3.432879753069064527e-05
3.697904704271041260e-02
6.360108427635324801e-02
9.623560135468246996e-05
8.625424580731266464e-07
2.226008723802985896e-06
1.305932513439836210e-07
6.491669415526323136e-05
2.341972698693850843e-02
4.179202104584763509e-03
2.467787921318616128e-06
3.304708188477469297e-09
4.443030715415613684e-09
5.099898022559507505e-07
1.693074136284871442e-04
1.030736630705863556e-02
8.427085542672106428e-04
6.012488857254523060e-05
9.820225887329381981e-03
9.104043041541769465e-01
5.061800274009976147e-03
1.273820576663079922e-06
1.662421022590442085e-07
2.936859692158708665e-06
1.986228333197189510e-05
7.359625330857885728e-02
3.874266357905137514e+00
1.937048669548725455e+00
1.178099668538691996e-01
3.141678494267575723e-04
1.123414086053954776e-04
1.804792518340325464e-03
3.966339758584372377e-02
9.234050075369517607e-01
2.516165080291016959e-02
1.289943015908315510e-04
1.354516583040677206e-03
2.721026728362689953e-02
4.526160899394538113e-04
2.101153852372217394e-06
1.311497751644786102e-06
1.268899267092814129e-05
3.516340429698346418e-04
3.909784767413056361e+00
1.307281793996217267e+01
1.337466501752499815e+00
1.459386432114894605e+00
1.822183639287547618e-01
9.383681341554851452e-01
9.805836863508596846e-01
1.118468882515066300e-02
3.754647050246926691e-03
2.862611007891468877e-04
2.400679351141305744e-06
1.753337025264799821e-06
1.343278146613352443e-05
1.311883619616328348e-05
7.006181775771753318e-06
1.376489511767090355e-05
4.252558941512426242e-05
1.773994273617693649e-06
1.004750309778364575e-01
6.799432489563079329e+00
9.035406197352201518e-01
3.471928167358922512e-01
9.376424641779840252e-02
8.727190172904566445e-01
6.039367020972974398e-02
5.164833552003774201e-06
2.012559542115456622e-07
4.294748893758495294e-07
1.834260917156437939e-07
1.298676135372071757e-07
4.800994873117521798e-07
3.124990939397406681e-06
1.585716141451336505e-05
4.334852537179538333e-05
6.835201367849891123e-05
3.392420046150712302e-09
5.477605362913488406e-05
2.976415351817767591e-02
1.269488851734446033e-01
5.694497808655906157e-01
2.964526476627358728e-02
1.454322630996123271e-03
1.471775633772128354e-05
9.094505673852550487e-09
3.615418854002597072e-09
3.696283295738240403e-07
4.660869288358306057e-06
1.505149041092129779e-06
5.429052737949318325e-07
2.002693604879008010e-06
1.550215041628553493e-05
4.800819200234423856e-05
6.806341174144377127e-05
2.649686549080095826e-08
1.561380231162648447e-04
7.323557703758324690e-03
1.317664091654320579e-02
2.532612430856043262e-01
6.286892772753088603e-03
1.527854831560836315e-05
3.144061662426219301e-07
7.603287696285751639e-09
7.546649381697538481e-08
3.088961450781871668e-04
2.022216277333527615e-02
2.346020644571032709e-04
1.006733341921367035e-06
5.799732640802934885e-07
4.576484208876172184e-06
2.379975105575756465e-05
5.216292543960801591e-05
3.447215489138000270e-06
4.359515394912916175e-02
8.171519209880883094e-01
1.653082644701601156e-01
6.666431702733550679e-01
9.211959750026860183e-02
3.945319454707931113e-03
9.266313689688285792e-05
3.416834770690127898e-07
1.559545270779479482e-06
1.726948757261584019e-02
1.926018433879504776e+00
1.254575950634044881e-02
2.488925408028698339e-05
2.866347118414600197e-06
3.493251695650399626e-06
1.077187661622131788e-05
3.598783837590434359e-05
1.531998178727262557e-06
9.600544004328687283e-04
3.142149527753985289e-02
2.218913858130160469e-02
2.803213828998375040e-02
7.847506877367788070e-02
8.766462889611815745e-01
2.751246556544666155e-02
2.916835580062470022e-06
3.022882603007196491e-07
9.462670826672849489e-05
8.813124385266388541e-03
2.514744861619718289e-02
2.602704617009233071e-02
1.514937057720963263e-03
2.340474612115174134e-05
7.829491703206919385e-06
2.650095368279582763e-05
1.403897730569880844e-07
1.173860385687225012e-06
2.541300418954588712e-04
3.553688240615169441e-03
1.365624225731518833e-04
2.871047925235632086e-05
4.907345637318483167e-03
9.208470529217697292e-03
6.877607068343829129e-06
5.752716511776219578e-08
1.413248300880831103e-07
9.418579095421928283e-06
9.389893661937119551e-03
8.829243205159734709e-01
1.932143193611543866e-02
2.756947243405397782e-05
4.923212201557325062e-06
2.366230194407095412e-05
3.476381555856666657e-06
3.128221331604137303e-06
5.304975226794382721e-03
9.557586308218756210e-01
1.031145180179072205e-03
1.591943774731371794e-06
2.323245897773818056e-04
2.701872683967879163e-02
4.501743136222201703e-04
1.049474409238028639e-06
3.729087852234743521e-07
5.816376792120634521e-05
4.176863551325227936e-02
5.786053291709511437e-02
1.090250000107331616e-04
1.126879824424142682e-06
2.429389415095183441e-06
2.821041160476169722e-05
1.065684277582137907e-02
4.626211895470807504e-04
2.533430843100383661e-02
1.971142659206050363e+00
1.548998427123883352e-02
4.034187627522251018e-04
6.528564658701206669e-02
8.932066474655617760e-01
3.829638288028127183e-03
8.419797550535539177e-06
1.272000869303661327e-05
1.190173496720720210e-02
9.075101008057320229e-01
5.604280968681736065e-03
1.955622952484702109e-06
2.386113983590656104e-07
3.251364655256107734e-06
4.285084970826969961e-05
9.605394043159291018e-01
4.607753690998443383e-03
6.142204874311999602e-04
1.416527481289777454e-03
1.371643782913548959e-03
2.003140653644375907e-02
8.840425505736083656e-01
9.983812610662995413e-02
2.627061987578167119e-04
4.123600284004886927e-06
7.079693466471778685e-06
1.330137646669525336e-03
2.734033938371251485e-02
4.502150092014097198e-04
2.268490351556325108e-06
1.228704209662214917e-06
1.045355739163347591e-05
5.686659504633859922e-05
1.343886280168155728e-02
1.400338284551857441e-03
7.269631138948229744e-05
1.489270852174545891e-05
1.277545823678429926e-04
4.465044752744063740e-03
1.265327380299407015e-02
7.228261665461191074e-03
4.149847371541641114e-03
1.648339998810339254e-04
2.752848110092174506e-06
2.394327755952828298e-06
1.269764531196361848e-05
1.018154038234138054e-05
4.755561963447634071e-06
8.162468537116693076e-06
2.444696171206470984e-05
5.413890195394745880e-05
2.479872528963607769e-05
1.970605519229695970e-03
3.219422326292053702e-03
4.108835061540169363e-04
3.148036138161952255e-03
3.103226417589749399e-03
2.398338351338601300e-04
7.636203977312100433e-03
9.270544577305199763e-01
1.970775401242167227e-02
7.171063723500610505e-06
3.023754255701584828e-07
8.462517850369346209e-07
4.179010446700533643e-06
1.263120816974853039e-05
2.500669884586092148e-05
3.673997755231152057e-05
5.157804445781386784e-05
6.809391450921288602e-06
4.027972302504266577e-02
8.762708505360347067e-01
1.509744416981354809e-01
8.738659035035348799e-01
4.175744364854121898e-02
4.763706774043756565e-05
2.355689136903443772e-04
2.078153667271786728e-02
1.373257551157841278e-03
5.812946754761856002e-06
1.302063041113805514e-06
5.033303345912801995e-06
2.086992683090303706e-05
4.356960754524833834e-05
5.308204281074700367e-05
5.497920003092630832e-05
6.527286001715495187e-05
