1.419259614077923032e-02
1.024060526188645959e+00
2.945161251130773650e+00
1.022722396088981300e+00
1.598146514829743448e-03
3.583538865195986938e-07
1.189162839510943579e-07
8.156428510062248275e-07
1.500468897801611399e-07
7.648263966123468019e-08
1.434548997612935016e-06
1.465060361595853896e-05
3.234361003016535775e-05
7.814011276738968539e-05
1.718973269053736860e-04
2.396164906853556873e-04
3.016334719449544066e-04
5.285255090297062567e-04
6.644794735105640296e-03
8.710521049764680113e-01
1.226655146903332438e+00
1.802595669115339971e+00
1.008118062995903563e-01
9.532482347859402741e-05
1.162238724234926894e-04
1.705210512594937042e-02
3.601955001649276983e-02
3.199838817576781264e-02
3.661173533250398210e-02
7.407925255521767473e-04
1.324709526149400935e-05
8.912888346858509087e-06
2.232581111344577793e-05
4.858281322755070601e-05
1.063030339238017850e-04
2.982427637577177637e-04
2.624675573676457635e-05
5.839032984703830531e-02
8.146524563987430634e-01
1.279591862946354519e+00
7.394778410247520029e-01
3.195961469563602525e-02
4.046616039768204803e-02
8.664071880256892788e-01
9.329422444182892127e-01
9.609395309714594546e-01
8.372636518683648221e-01
2.853479339032306047e-03
1.594229511022195913e-05
5.693608357218734118e-06
4.908807805825116558e-06
8.202457179463122484e-06
3.092276487011753222e-05
1.725560729404110414e-04
7.258901300768602573e-05
1.439320641571961712e-01
2.821374246104696670e+00
3.092906894004352925e+00
1.922324478102486189e+00
1.369994887609315093e+00
6.680221306205919030e-01
3.646365044280086565e-01
5.157710928477791251e-02
2.425222058636060732e-02
2.510821739609664371e-01
6.602836706022134627e-02
4.160056865785939119e-03
3.487443490212917469e-04
1.830229116750960628e-05
4.598330866951292996e-06
6.237895231777811917e-06
4.658831711970069268e-05
3.487205479665341640e-02
7.218049284529954868e-01
1.378395005236298321e+00
6.707781194877454389e+00
1.273393650678058320e+00
3.972824683434451609e-01
3.428914076164963909e-01
7.303470750488237906e-01
1.673516035685712167e+00
3.696824786997656709e-01
3.574010148070258519e-01
1.089088684487100167e+00
8.475568252368030908e-01
4.678696659332354929e-02
3.254633296512116341e-03
1.219566729070119542e-04
2.680530609751353767e-06
5.303648353902876019e-06
9.495036158632992260e-03
2.333512554219940166e-02
3.894319686507614897e-02
1.697449035386040306e+00
3.736705985224705318e-01
4.922842804772178948e-02
1.169724546840854168e-01
1.355401482845683125e-01
2.083870039135774288e+00
2.076945078038607395e+00
8.763444700952142952e-02
4.429446615377023999e-01
8.413362417526639714e-01
1.250137011206155224e-01
9.221386458550512311e-01
3.031631976708923024e-02
3.921244899017714174e-06
7.508273285256495913e-07
8.418247484337149284e-05
9.092982870231591103e-03
4.083148551771555862e-02
3.200248379601374760e-01
3.979995246359982475e-01
3.688270301301799226e-01
1.491179089245013412e+00
6.634954986295020507e-02
9.913033174129298741e-02
1.392167696477215388e+00
5.536036272669234704e-01
1.233270052850105714e+00
1.620236964284590686e-01
1.915024821569127553e-02
9.015797758149143304e-01
3.130940971758119223e-02
1.634719406702534717e-06
2.982748587587068696e-07
6.419789902072190008e-06
4.512134654798387323e-02
6.184532984172346204e-01
1.487187140889612291e-01
8.314332404391565345e-02
3.458457233923964425e-02
6.781133561848581848e-02
4.258556300038548320e-02
1.241370223567651448e-01
1.268180533682291777e+00
1.767623214208676075e+00
3.037419778565532691e-01
4.196463102679461737e-02
2.898232091727196216e-02
1.482348347844814930e-02
5.760257399852766557e-05
1.207119902271172927e-07
3.059550047150786114e-07
1.077593664032325722e-07
3.524267127947575910e-03
2.305761855327522536e+00
2.018012557719914390e+00
8.255375945858330899e-01
1.011042847147339274e-01
2.891344553568563069e-02
7.879912472209871233e-02
3.491622766848581083e-01
4.882953709228861072e-01
1.487138007815353991e+00
4.622093924910147811e-01
6.563378253888194624e-01
1.009521858269313510e+00
5.993448235034012396e-03
1.231024365587285640e-05
4.631500057511989842e-07
1.242179904994201208e-06
7.986966798241628454e-10
1.535440653444596938e-04
1.686466426595154999e+00
1.946712507367960754e+00
1.007503256027645344e+00
1.095767994225816722e+00
1.446050450576186641e+00
6.132928511382235159e-01
1.566586658749202429e-02
1.115011913923923039e-03
6.654410421706993817e-02
7.354408807097846390e-01
1.085313590020981211e-01
1.595970920896308196e-02
1.270618041895952254e-02
2.092293362420238195e-02
6.840237966430041342e-04
1.376353992072941267e-05
1.413707153668352035e-09
7.805440847935562771e-04
1.319203711123064116e+00
9.290532127263249895e-02
2.384888502251572215e-02
3.421042786573669225e-02
3.460398585658963078e-01
4.696608772896356254e-01
5.448414983398004252e-04
6.331499374939405195e-06
2.869721316181943031e-03
2.511555293955208823e-01
5.124777640003285025e-04
2.770586206145096251e-06
8.964385092353230160e-04
9.105059832557647059e-01
2.372705510198990994e-02
1.784013423080678656e-05
1.682276214127875335e-05
2.367926508113055439e-01
6.156505976510804778e+00
5.165398684156299325e-01
3.724847886862648338e-01
3.516651607657580447e-01
6.872917339470854259e-01
4.019535066429083536e-01
2.526615707947069741e-03
4.300860208164300567e-04
5.078099464111037603e-02
6.487688108330986747e-01
1.505992366502496372e-03
4.675129699513212798e-06
1.167865636215654107e-04
1.160690269837538237e-02
1.452366946656845435e-03
9.380943825870379177e-06
1.946806257806185311e-02
2.616708490171916424e+00
1.199016562560030152e+01
2.434891556114789246e+00
6.858743647780720654e-01
1.453673031462869192e+00
2.360767093241323167e+00
5.733953096889029544e-01
1.640873852252606457e-01
8.733465120440453422e-01
1.026193245645147245e+00
2.101620815766203076e-01
4.934740240595398425e-02
2.769984573583283635e-02
4.470289075097467341e-02
3.766536686120614680e-02
1.867941373170490041e-02
6.602629981119368524e-04
3.701203445608824711e-04
1.761562440948081232e-01
1.259685797849578925e+01
2.704614384976767205e+00
1.355114401232635768e-01
4.777803494522576966e-02
2.202140300329844327e-02
2.000657929752977862e-02
9.458903168855074817e-02
1.884039919465410495e+00
2.090067958982348539e+00
9.853113017605401591e-01
8.739115665422392265e-01
9.512663840970485563e-01
1.825100509453494668e+00
1.040150706789115809e+00
8.785118027430099952e-01
3.315565643429954634e-02
3.461936636639501155e-07
9.835539990281183358e-04
9.461986174732393007e-01
1.746781962423954448e+00
5.804467271625302072e-01
3.480041909916206655e-02
6.748830192579241549e-03
2.719726572484939750e-02
6.112727057564254669e-03
1.295811933253196522e-03
1.520543564402236647e-02
1.652436521473842568e+00
1.290653621795939010e+00
5.350341325751854088e-02
1.318462570221841657e-01
8.182099154984127931e-02
8.744325258627583600e-03
8.174063864725999214e-04
6.244491394621300422e-08
2.031083755716864698e-05
3.120824636411482014e-02
4.961790435920080955e-01
1.377658279712879463e-01
7.654083875247925245e-03
2.971621998542888637e-02
8.350810954652353457e-01
2.092406409756007377e-02
2.145965601689008787e-04
2.318955147248728550e-03
6.314316219006134157e-01
1.399417242924678950e+00
2.782515767193585732e-01
6.685014568744154229e-01
1.323822720991606541e-02
2.315073168664986069e-05
5.695204339389674841e-06
1.303962600618958943e-06
2.332450183565398739e-05
5.947599036485045482e-03
2.401908317517444935e-01
9.188807986920924376e-02
2.838038410136122652e-02
3.541389833365307660e-02
3.814277578055712964e-02
3.554642429498582057e-02
1.322134421166092089e-01
7.532971155050780521e-01
5.629264083487607317e-01
3.149388081754647684e-01
8.873929030088986147e-01
1.585437527859417106e-01
8.543130524086993600e-05
3.944933263699063577e-07
2.060615440966740634e-06
3.883229096124830729e-04
5.751950279483311959e-03
3.563706151890844165e-02
8.164761513210098132e-01
9.292723942123143344e-01
7.862092260144792899e-01
2.435795466864776326e-02
1.441373908217977683e-04
1.945190814024465309e-03
6.445051129068030127e-01
1.533009672119295397e+00
5.310101165666979151e-02
1.574713139937553574e-01
1.872510678733736222e+00
1.776368096349930596e-03
1.186386475928545306e-07
4.768559381382006436e-08
8.048750133438034801e-06
2.740674165318010211e-02
8.900221556133984802e-01
1.160106432631822365e-01
9.180157716409631519e-01
2.889116156250070011e-01
6.773198566154772782e-02
1.189391650848137423e-02
4.408079275445248393e-04
7.758425548020866751e-03
3.723474914211621911e-01
4.523134558799632443e-01
6.194219944608880118e-02
7.060760950699651595e-01
2.089656406769189623e+00
1.761557565053599255e-04
5.493514871788062861e-08
3.621421455594161712e-07
7.209554432346079636e-05
4.600470487430212418e-02
9.507379191925815487e-01
3.192792055883267310e-02
9.929825925326597469e-01
7.203511865239969891e-01
1.779085606457685154e-01
6.939920112633979343e-01
3.849555152419016912e-01
1.514036264425040468e+00
1.227342350963513740e+00
9.179457276092953810e-01
3.894825794203657932e-01
5.230584459316035134e-02
1.468992180346338468e-03
2.831734606129707312e-06
3.498435706637132008e-07
1.074133396902371846e-05
3.846826857225731935e-04
1.209710784863724138e-02
8.869219384390008010e-01
2.423269815773589630e-01
9.108293253129051692e-01
8.633643575941853110e-02
6.252050499269415362e-02
8.903394916514123514e-01
8.768964876138801712e-02
1.046259163160251707e-02
2.652659231555570644e-03
4.119701107431547604e-02
5.890523169801685777e-01
3.508959054050965823e-03
2.709770968936255178e-06
2.245202141757744344e-07
2.670801039148080812e-06
9.178241973321177955e-05
6.778244705271668650e-04
9.310185276952300784e-05
5.769450276089960888e-02
7.605746466067242473e-01
2.645407687937734176e-02
1.179976209604546007e-05
7.414421052009865637e-06
2.816436691630821911e-04
1.117041354730841225e-05
2.143085237135614728e-07
4.452095235947500249e-07
6.589820636941299539e-04
2.943951366533952840e-01
2.718021513398879117e-03
1.684394947782441929e-06
7.213735492855909919e-07
1.719472433949844435e-05
1.963404725095324035e-04
5.697751691658317456e-04
1.058022527631060247e-06
7.134086309339169934e-04
1.643172369216553408e-01
7.493573527715633245e-03
1.228176662554906734e-06
1.442808934961825855e-07
2.523191212966338100e-06
6.110539946877204941e-07
5.834928745039129122e-08
1.041111564226045028e-06
6.067915028395202102e-03
1.792974251442134737e+00
1.642094948304520866e-02
1.661299330063358473e-05
6.096248603160397110e-06
4.713423224417972492e-05
1.805143094514345019e-04
3.813916202581966596e-04
4.718715623037518828e-05
1.952593488235764702e-02
2.871153474906614100e+00
9.952843349268140072e-01
7.747625903782477197e-04
5.812234955199231335e-06
8.537505252699873669e-06
1.202156752221345055e-05
6.662612784014680943e-06
3.812728812793791347e-05
4.710955244647414483e-03
6.145237104670635275e-02
1.943058620724052131e-03
3.336759022098038067e-05
2.537903774007519336e-05
8.627035689525225566e-05
1.732595573155363742e-04
3.340484219525228192e-04
2.108467144179066236e-02
9.280684313885076975e-01
3.122599147709571810e+00
1.942246791654272720e+00
2.280176323833464636e-02
1.387582512841849225e-04
6.351013353162531200e-05
1.796518956636164802e-04
1.246937092257815853e-04
3.012497830604296857e-05
1.022886365358696650e-05
5.396070446430320306e-06
3.876174043426095069e-06
1.014691333821319321e-05
6.683454884610299639e-05
2.212969593372089597e-04
3.268530340309435864e-04
5.326154644720921443e-04
