3.911451298295617773e-06
4.567807829309740003e-05
8.042388900058576595e-02
9.393364145725409120e-01
5.241909900584774615e-03
3.425769641232139385e-03
2.935869815171214536e-02
2.385392907215529330e-03
7.022370475080859202e-03
2.302634548318979735e-02
2.876591531543980229e-04
8.122541595037712403e-06
8.601208537643528058e-06
5.949775667408463295e-05
3.022906988768030894e-04
3.253436127790029059e-04
1.994959232476391470e-04
2.680704638166638140e-04
1.199384570732781274e-04
5.698362654863734639e-03
9.008300331837383323e-01
1.976149962226765533e+00
5.999168827395006537e-02
8.235631361674831952e-02
7.189822445878802926e-01
2.351314993084266947e-01
1.849936174975874259e+00
1.956169974879721662e+00
6.284838546544172823e-03
2.999242948447399963e-05
9.381974542281879754e-07
9.646610915656293824e-07
1.318997391847949388e-05
6.075369089598184970e-05
9.223577056125304330e-05
2.102081770185365247e-04
2.023774470367000605e-04
2.585612145184058071e-03
1.445628888424108430e-02
1.370460067152342865e-01
8.712142638694855279e-01
8.563741157058978037e-02
1.451148902638804174e-03
2.014185006748479313e-03
9.652652625882930382e-01
9.213576640464888001e+00
9.616460766041394770e-01
2.237697446174695751e-02
9.134567871434237147e-06
1.580046192429952621e-07
1.686565137288241006e-06
1.665644672886606195e-05
5.637728938749751869e-05
2.566447202961238440e-04
1.287498454865171663e-04
8.555185518988376453e-03
3.575709348486384720e-02
2.963045517644416482e-02
6.572506616408899660e-01
2.256093978398842348e-01
7.896107586786382207e-05
8.825092064812099207e-06
9.294637568170612679e-03
7.951961192739914752e-01
3.933798633594646876e+00
5.008510652316759959e+00
7.374761572614989789e-03
7.657705867953275877e-05
9.997088978653456616e-05
3.695242018860103045e-05
3.224918273676862434e-05
2.385944016923080915e-04
9.606289391677409506e-06
7.982569377662982607e-03
7.599300448997849955e-01
1.072831469911372237e-01
5.351144336759660058e-01
2.576616117064417733e+00
2.398317773009658524e-03
1.841789403989795102e-05
7.536266997397928803e-04
6.233782739549028479e-02
4.525508850648797265e-01
3.574216236119564627e+00
2.223936052896204441e+00
9.530008210188276596e-01
2.797096724225766121e-02
2.281932498374757083e-05
2.542631504512297756e-06
5.644402678589335165e-05
1.942096782926584567e-06
1.276993538554523381e-03
3.966253645667282002e-01
4.862813630496815587e-01
2.815885705341808709e+00
3.190700492519009668e+00
9.034022303225146266e-02
2.998922064607633525e-02
1.248743817125318456e-01
1.780251956555938486e+00
1.658587111015117133e+00
1.363162907776473087e+00
3.947270505160419773e+00
1.807757088719728067e+00
1.138641647067127009e-03
8.702443209770262101e-08
2.886023440430907527e-08
4.807677383870611331e-06
3.606929127332552363e-05
1.520667184323320695e-02
6.082274310786734972e-01
7.054602414537061161e-01
2.098983328232754797e+00
5.344158625045346556e-01
4.952238419340471709e-01
2.264561431235533551e+00
1.331474267368758735e+00
4.956184281660737767e+00
2.351247774069745944e+00
6.925180499587950678e-01
9.086073664375273751e-01
3.524612115979098292e-01
6.508438574240915956e-04
5.177821012861633245e-07
3.354194797419103727e-07
9.287843195941347023e-06
1.429349932642888827e-05
2.329489630457219542e-03
1.163847824329905106e-01
3.948924417257982933e-01
8.850781092568450470e-01
4.683584860281866935e-01
6.956382606516110512e-01
3.402671148655453393e-01
1.700360759256917820e-01
1.546298483664740653e+00
2.248360257760714020e+00
8.413378209120854212e-01
3.861044210087454243e-01
2.501364273089429435e+00
2.021697376058590123e+00
8.206805246879098070e-02
5.394817420061944965e-03
3.827536188140955053e-04
5.112565256892226963e-07
1.863390845421875606e-04
1.004628096060213721e-01
6.359449763073043993e-01
9.021077845947849116e-01
8.112572069987720180e-01
8.248736423492871728e-01
1.112865194612461917e+00
7.693470919399089114e-01
2.271566894330769304e-01
9.513386593159578464e-01
1.881461118490678430e+00
2.271569271967774709e-02
4.282043644257432780e-02
2.220944985469827770e+00
1.639822737228874283e+00
2.113345538417781694e-02
1.550642695974756421e-04
2.069294620935844563e-06
5.196962762554510271e-03
1.744755443060865829e+00
1.363007998055758785e+00
2.110119333873963221e+00
1.273088815850511368e+00
2.106337181238422396e-01
8.053644459439893710e-01
5.134078223656619866e-02
6.412394279735115739e-05
3.030141906019308707e-03
1.037406302945258707e+00
7.561291043013427388e-03
3.193355468495993454e-03
9.425709205437367011e-01
4.245347826533484303e-01
3.740758098083851431e-04
4.394154098173665828e-06
1.712769060765084912e-04
7.913838150943094951e-02
1.222202882736372676e+00
5.539523641331206560e-01
2.199238784473886099e+00
2.199586893308226099e+00
1.977531333098221100e-01
4.380873116788564642e-02
1.957655031310101144e-04
5.441961627213781143e-07
2.846048110561839525e-04
9.524859203892384052e-01
2.364826695011650742e-02
5.668222660837734898e-03
1.773989227590508477e+00
5.829417546477729806e-01
2.008096380531116830e-04
3.638237738419766711e-06
4.531357863397677752e-03
8.916966352302976295e-01
1.661861816829050653e+01
8.979991361046851139e+00
2.168553193181746330e+00
2.296373051504661422e+00
1.545128975380735570e+00
3.163489135272564562e-02
6.494084479119761454e-04
6.686803952356928623e-04
5.655652883891072041e-02
9.502467335434241491e-01
1.216807679471568031e-02
2.618272326494371516e-03
4.063027435801994658e-01
3.791547775148794708e-01
6.942094362688544778e-04
2.264612726930891507e-05
2.859990693696448996e-03
4.033450740626122411e+00
8.568247759894910587e+01
2.033002972921770635e+01
6.328466044008743019e+00
8.641693620141392529e+00
2.320206813157802195e+00
1.037564665766288821e-02
6.366564063802144895e-03
9.288364441056292664e-01
1.015044999209743448e+00
6.020915453120742264e-03
6.032895060956602835e-05
1.097722324294126686e-03
2.474637911791865541e+00
3.708527168942729713e+00
5.395492735698240172e-03
1.159949653294444736e-04
2.466268182012642889e-04
4.008358796182713846e+00
2.624859883685624595e+01
2.841825390666230078e+00
4.826392753895131449e+00
1.935307112131202434e+00
9.426001550142169005e-01
1.516084244000327416e-02
6.169885913209765139e-04
6.562383470891343037e-03
4.265972693942413118e-04
6.728260424751550821e-08
2.091807844250276014e-09
1.210428416843866613e-05
5.465776329637876962e-01
1.403569932643808638e-01
7.609385251368817448e-05
1.136417123778350985e-05
3.480484882990596955e-06
5.456139205900836092e-02
2.294370086663635622e+00
8.642621423462142349e-01
1.271643189125788997e-01
8.426652493015144088e-03
5.697246265127287046e-01
6.905992266696531212e-02
1.874460982754543441e-06
7.226877922489141897e-08
1.832809537101776951e-08
6.875080750471604033e-11
1.548147906400448209e-10
9.172551648754886271e-05
2.517286453364215859e+00
6.246990053891820702e-03
6.085983901439424165e-07
8.240359542448384201e-07
1.795545627615873659e-06
2.566719181245260412e-03
8.256946161117765248e-01
3.024708631740371523e+00
6.952482878644111741e-02
1.987100980115852084e-03
2.621754262548132708e-01
8.884227124231300343e-03
2.756358482197558609e-08
4.347543930925993948e-09
2.668093137381798839e-07
1.650768749318295572e-07
4.743367893221185372e-06
1.755766020468050859e-01
3.127250378207852233e+00
1.913518023777079546e-04
1.304569113258413288e-07
1.487428471933891714e-06
4.486979156936276436e-05
7.279296392390720381e-04
2.652191566743282783e-02
1.066446176872973162e+00
7.360900608484632901e-01
6.943799841312123244e-02
7.908148093961849812e-01
1.259031880057370593e-02
1.519487006078133603e-06
2.837211779576317676e-05
2.942861210219746212e-02
1.204922200924677181e-02
1.775539479487632868e-02
1.660026202287439467e+00
1.468401167703515808e-01
2.066461575566500046e-05
4.464917190909096228e-07
1.109165511696558650e-05
8.288380220198500090e-05
7.636748020327883277e-06
1.311902324226234846e-05
1.452995203467392048e-02
1.214201897672571251e+00
6.402916655048991601e-02
2.041261055216054415e-02
3.417751982852552505e-03
3.648929511802624995e-04
5.943057372918384568e-02
8.160082780208253173e-01
3.205733234233168558e-03
1.304450456833781708e-03
2.629492896520313483e-01
8.175476049209589036e-01
5.474355247476605374e-03
8.052919820806604993e-05
1.121798675312610190e-04
2.637945701970505208e-05
3.340278246515742996e-07
2.745608592184647102e-07
2.174257219838039885e-03
6.941229485989391934e-01
5.533865217425625689e-04
8.698956195943040615e-07
2.801526779848397976e-06
7.659140105243455272e-04
9.366217985565400417e-01
2.356196163276077504e-01
5.683089035003290306e-04
9.390642436278384339e-03
1.939510437113825869e+00
1.033728330634595682e+00
1.232752914128596756e-02
2.739187944078788368e-04
1.773224119829582403e-04
1.789858122864858173e-05
1.656301438778560978e-06
1.487572164551395566e-06
1.628335262575203186e-03
2.577099742823417694e-01
1.415330371481581678e-04
1.356124988741259216e-07
1.792830974436990366e-06
1.336149884838291413e-03
1.059984839624215747e+00
1.659765006867076620e+00
2.182932294341007051e-01
3.758828426996106309e+00
1.049739650416605663e+00
8.601675564216545262e-04
1.202220017843552176e-05
1.277225701607241160e-05
9.278342414638044843e-05
3.515330528714100599e-05
6.975252888475268979e-04
3.961265095309830613e-03
7.125297443965929178e-02
1.725951935779084234e+00
6.226353176500184355e-02
7.222492926862370335e-03
2.811844521748899442e-02
3.427987915474045057e-03
2.258346021523696071e-03
1.382528016478137556e-01
1.962071956963271413e+00
1.207495932993626481e-01
4.088969280618657296e-05
9.798414459129939889e-08
2.000877720154941962e-07
8.078114379346288629e-06
1.544559411560061132e-04
3.969407165351890971e-05
3.877874012218023719e-02
8.756233979472177742e-01
7.992872072596809985e-02
2.287176296139755566e-02
3.275962241283459503e-02
9.580351876568662384e-01
1.880193038544753836e+00
3.668263215912795946e-04
1.496910544297278643e-06
1.466700223044356023e-03
8.894100703272109776e-01
2.227850390055235042e-03
1.284170963503468909e-07
2.149633860145177621e-08
1.540163555923641492e-06
6.726390901940163133e-05
3.865154350714062920e-04
7.564168524951848294e-06
1.341717056627238572e-03
1.879048323171218088e-02
1.761247979009727743e-04
1.391040880124748217e-06
6.039327564453857584e-06
8.299314671397864732e-03
1.672507408814668250e-01
1.296659477594457662e-04
4.362079388230087082e-07
8.365022009466516336e-05
3.411412695691514591e-02
8.329120553694023110e-04
2.075563983564404715e-06
2.380664874867656700e-06
4.805961612688170712e-05
2.272445687042433469e-04
3.841500222330438970e-04
2.575378269049360201e-06
1.907017635275097745e-05
1.066503964062309696e-03
5.792690612879799941e-04
4.724201432215628883e-06
3.555480084043209962e-06
5.867372519307978602e-03
8.517295116450309678e-01
7.346336607655746219e-03
9.673478566739656455e-06
7.049381129702715741e-06
7.857768917821062425e-05
6.690882299308637655e-05
3.203386226838973592e-05
8.324680368182387239e-05
2.049149846692236777e-04
2.014803317917232485e-04
2.522081304328440722e-04
1.036233448595581774e-05
3.307599999178365821e-05
1.877296229516389400e-02
9.587249952433747335e-01
1.464411223152897214e-02
1.665794424672472273e-04
1.895783735591946790e-03
4.715554268373266245e-02
3.594575382506031650e-03
3.193662033013223962e-05
5.059861902079896076e-06
9.708447831567870850e-06
3.433630560197564188e-05
1.266329894385465060e-04
3.091952514861851854e-04
3.141313210868949108e-04
2.347194625422927027e-04
3.236650650531452695e-04
