1.237051216662346777e-06
1.498953941999390804e-01
2.694657778979557605e+00
3.753437307074818929e-01
2.456517691244009427e+00
6.270911680231946450e-01
6.196086623137818661e-01
1.074955327724316234e+00
3.893750117898295976e-02
1.656682902551145670e-04
1.152139420151056474e-06
8.561736629339717395e-08
8.873937794680155919e-08
1.892103288215031091e-06
7.110081449679744804e-05
2.649638696165833372e-04
1.502778119336019335e-04
9.160330736285120495e-05
1.059389501582110472e-03
9.090803378952516667e-01
1.020329960138818715e+00
2.188773377167780310e-01
9.861020414303544035e-01
6.713193981977632063e-01
9.997255594793144073e-01
1.396726918581309373e+00
5.917631605107026571e-01
1.208789418258801179e-01
5.664658851909913639e-03
2.256850548755322443e-05
7.096542415436929627e-08
5.837005838932423957e-08
4.011047652968573566e-06
8.042313103225709220e-05
1.133242519940689234e-04
8.698497113495335710e-05
1.410987797526686938e-04
3.363638284221304002e-03
1.326809565718506390e-01
2.446293025784648467e+00
4.432846641350466355e-01
3.104653457032285208e-02
2.519409352400325264e-01
4.698378857886021942e-01
3.527790858098227011e-01
1.048670365418779671e+00
1.805873336061032175e+00
9.195361789689031340e-02
2.867422085363386354e-05
8.045760793788500834e-08
2.924374177402346829e-07
1.329494223482928852e-05
8.779366465126388125e-05
1.317696209464314311e-04
1.764605671592572752e-06
2.783881574070468340e-04
2.467915964449547001e-02
3.555064384327121796e-01
4.488927475231746511e-01
2.349102353501064389e-01
6.200984519679034745e-01
3.346643280972655399e-01
1.006564024933289225e+00
7.533337109041777779e-01
2.607229316836341959e-01
1.834890432420098083e+00
3.582982573871729137e-02
2.631619891571925729e-06
5.041354900097413668e-08
1.009101972958615307e-06
3.776114583193704115e-05
1.886924091919161791e-04
1.586346637568145064e-06
4.818715191681070126e-02
7.802598872795388774e-01
6.865926540796390976e-02
2.354161427754605795e-01
9.526870547177931359e-01
1.005966549753722683e+00
2.302159414258662662e-01
5.648568469503781886e-01
1.904004658007361905e-01
3.390584474368396606e-02
9.808709510962889677e-01
1.000550084999785483e+00
1.911456618198269556e-04
8.118005240000187918e-08
1.255874076612150073e-07
8.838328503762319800e-06
1.494268114906953620e-04
4.997158417722341461e-07
2.858348215511849477e-02
8.952733437548912043e-01
1.844904894153241437e-01
5.128476906388219625e-01
4.160272727443489194e-01
6.677666307757637032e-01
8.875521792693395751e-02
2.340734290777942220e-02
2.971672550606035412e-01
6.037054037795563932e-01
2.260339517975078483e-01
8.819442905229157859e-01
6.536731266853022804e-02
1.791237631980575532e-05
4.055783492049298303e-07
4.142127940314265144e-06
8.152625861147647698e-05
5.893611785675769947e-07
3.128640040861852770e-03
1.252609760658089655e-01
4.539527954598356757e-02
1.240822175612346992e-02
1.946178916728778189e-03
1.217305431189528650e-02
7.364120593098790607e-03
5.451559253348395133e-03
8.129327416618340463e-01
1.124892853654014396e-01
1.222096538958776252e-04
7.494732182156770180e-03
1.939034131105936476e+00
8.560540126746547449e-03
1.161780197983677500e-05
7.455424929551092260e-06
6.146584297327277783e-05
5.081246111434281233e-06
1.454526134257014963e-02
7.938524459541880240e-01
1.293633163429873736e-02
1.822753801220380185e-05
1.363449505210275136e-06
6.841651861607483899e-05
4.018317944738008293e-04
1.012047086137375087e-03
2.924725399775376586e-02
5.624337357544797756e-05
6.000133762702233872e-09
1.264378035758253481e-06
1.173051138158326227e-02
3.670639322255575369e-03
3.518681776820087136e-05
1.644024277116611416e-05
7.144027173910744643e-05
7.124990267079200095e-08
4.174332134532956064e-05
8.407822307743040291e-02
4.211514079807299887e-02
2.981597092331984318e-05
2.280287326359879293e-06
6.599225296930811332e-04
8.168177780992635570e-03
5.383924733593183597e-03
3.451384857159929542e-02
4.899249676551557179e-05
1.727308763611557576e-09
4.040402280988985049e-09
1.667020612272263604e-06
8.759639362718081725e-06
5.863826223614532166e-06
1.491867729778888340e-05
7.142509362778532214e-05
1.890436932535090214e-10
1.118364456223782857e-07
2.172766190316516299e-02
9.189293890814309584e-01
1.114897559145696217e-03
6.223798938148344549e-05
4.481532215349125214e-02
8.528877438477088235e-01
1.641118078150066717e-01
8.198797203733777517e-01
2.022448072342396957e-02
2.589531622085504252e-06
3.426534597348839870e-08
3.925618034969273021e-08
1.468366390888677792e-07
8.333263698534123449e-07
6.085872783629796622e-06
4.032375018819640768e-05
3.900565712226383111e-09
2.042896250368195175e-05
1.003976957740504883e+00
9.903416267731419698e-01
1.359611692904865582e-04
4.770205216365855501e-06
1.254994343806369386e-03
9.954783616613175484e-03
6.294333559638882374e-04
3.217489072870519107e-03
6.013612394051935650e-02
1.901449695399176978e-02
1.387956493081394431e-04
2.151226081069251189e-06
1.936920541967201842e-06
5.400515279442179417e-06
8.617964608222447638e-06
2.525784744951621014e-05
7.432421062230569041e-05
1.115679827977763133e-01
6.761607221284224423e+00
1.750091087693843861e-01
6.816047543144441469e-05
1.351052337076145163e-06
6.002189328619036386e-06
3.278098360228351174e-06
1.446637394408193818e-07
1.921004987865968257e-06
8.051846521562737100e-03
8.629831372310771131e-01
3.032421702159654800e-02
2.126080880350522759e-03
1.482716460234663990e-02
8.381423193297885335e-03
2.146233781340011024e-04
4.209045984343518578e-05
1.518353531490347977e-02
3.782735206741894007e+00
1.639127917840336934e+01
1.745316671834436395e+00
9.017026755533294816e-03
5.113139213119996339e-05
4.731898278445617536e-06
6.446953145421805925e-07
2.564067833171265229e-07
3.133353949802732005e-05
4.322274663192040428e-02
6.592431175526779208e-02
8.679980986050979700e-04
6.951833797229859530e-03
2.948193143080720446e+00
9.912211280541550762e-01
1.769128513857279447e-03
6.255260353041117399e-05
9.855388138551734892e-05
1.128468787681591590e-01
9.770690925191114928e+00
1.118174824063755013e+00
2.711913122955933887e-03
4.265106946179550272e-05
1.282606083701353985e-05
6.226936765469284949e-06
2.753873468253539904e-05
1.445279207008798306e-02
9.011933505660002508e-01
3.188693163977168905e-03
2.348432338613322188e-06
2.984569446966134270e-05
1.625874776803892113e-02
9.348016913216121437e-03
1.020423216882069119e-04
2.197331685691280624e-05
8.555003961837180165e-08
7.542902030539516808e-05
2.259971354820525941e-02
9.005000979287176941e-04
2.656829890511441802e-06
1.402756666792259428e-06
8.763153088493620614e-06
7.638752508382939908e-06
8.170133327231379129e-06
5.475916737154738669e-04
3.335316991247959384e-02
8.601819624012383564e-04
9.442986406533558415e-07
1.188458095916648323e-06
5.958202318883344190e-05
3.051519502510484206e-05
2.536144250374065799e-06
5.238361645495321358e-06
4.952888858461379927e-08
1.086278397499585927e-06
2.737672601683484362e-05
3.396991107831743869e-06
2.208307172243172271e-07
7.913887022173220234e-07
5.907737102949850368e-06
1.198319920621208961e-06
2.507895515413686643e-08
6.807162955880316632e-08
1.614188804238421535e-04
8.280141360337466006e-03
1.588495976117259710e-04
8.085339427124402342e-05
1.965990087471941941e-03
1.802617093795453132e-04
1.956840620786247762e-06
2.575724712697119582e-06
1.780215550175311038e-06
1.818128810169472354e-06
1.929314953239007952e-06
7.095260898381156247e-07
5.194176942165413007e-07
2.750807819921050157e-06
3.009153421908677720e-05
6.807656977257518510e-06
1.330091701834356832e-08
8.875945098948857166e-09
4.894509867873468199e-04
9.635145816922047191e-01
2.400828522776675758e-02
1.424491835078585573e-02
9.659263282980165011e-01
1.694415309490874752e-02
7.387446598907725015e-06
2.126817316573392006e-06
8.654953222825227514e-05
3.308541367431307216e-05
1.282776526104278862e-06
1.443735042937045389e-07
3.764096265135236109e-07
9.766836115692430014e-06
2.901956106390474362e-03
1.869611341868343199e-02
6.580768294158762910e-05
2.633888461776855781e-05
1.118928998607539027e-01
2.878006674172104873e+00
1.476024319702045305e-02
1.471721382026616731e-02
9.557896680268083145e-01
1.649245917878311429e-02
9.648501112851319613e-06
2.876836872312247320e-06
3.278161465258282344e-03
7.362275176825740404e-03
3.133067605042712641e-05
4.335043807604405744e-07
2.637062954087232746e-06
7.847661275200982958e-05
2.525855915032135593e-02
9.123750068401235147e-01
2.604634473503043141e-02
1.259859988118461165e-02
8.248916455168264772e-01
1.157487806263862495e+00
3.356549869174070555e-02
9.606226515723030948e-03
1.078976806201573622e-02
3.374220218583825451e-04
6.666304869136815095e-06
7.784950244210981862e-06
3.444361001134297467e-03
9.459114169908994230e-01
5.131696104647812118e-02
8.978291332612345658e-04
5.624612432380006986e-03
3.099264159484943926e-03
1.918919652706017540e-03
8.042977709196850317e-03
3.018362483759407661e-03
3.158424957522796249e-03
2.840558685590274801e-02
1.016600557582758135e+00
8.270680280726504519e-01
2.570796260651001409e-03
2.892802206023721055e-05
8.150898420224725414e-06
9.752851957455122174e-06
3.273988907328647437e-05
8.704096149551470674e-06
7.424451083273306273e-02
8.241374473092522024e-01
1.709349330368870323e-01
8.314871167845361288e-01
5.753901721014321319e-02
3.010112708493492724e-03
7.409681406840834886e-03
3.324527711083702375e-02
4.694999839705171069e-02
2.171976277160188665e-02
9.356766290213094361e-01
1.708815316626155489e-01
4.563405390312033886e-06
5.288126239741453759e-08
1.239952384409842663e-06
2.921578932159405511e-05
1.109546272157014906e-04
4.409309221854412154e-08
1.903251833466596096e-04
1.417379159006668457e-02
2.651605320313292838e-03
2.966234932513955695e-03
4.237950091523570717e-03
5.760200127942537163e-02
8.305636633017544623e-01
1.207190205273299899e+00
1.464222743161412543e+00
4.470047984385306372e-01
7.199582455840675133e-01
2.217066460863477764e-03
4.150737243601080037e-08
9.937572808741438441e-09
2.599504499490207790e-06
8.374137521035383163e-05
1.698694580562884655e-04
2.747231203822931300e-07
6.730957592006716955e-04
2.810798518682191757e-02
2.519573580922159547e-04
5.216452098033171116e-06
1.258007947089798146e-05
6.557475331620129036e-03
9.094312305366870630e-01
2.123921200864181680e-01
1.336575478362405367e-01
8.529721568015368183e-01
1.282883474847911209e-01
2.403475343958540736e-05
2.500265212762537298e-08
1.873093192304080154e-07
2.257008277806449913e-05
1.319901932939339612e-04
1.233010499923610579e-04
1.079226645223461103e-05
2.186443403349255452e-02
1.883051912891300139e+00
5.241055021360484928e-02
2.883446379727590421e-04
7.854903570701819306e-06
7.364779828296412695e-05
1.172153366282878278e-01
6.795542210516488657e-01
1.591549551914104299e-01
8.691370398902457106e-01
2.088428964384328457e-02
1.885985157326058633e-06
9.133247689079528138e-08
4.303392534467866672e-06
9.928106558666568320e-05
1.271645728646095676e-04
8.641965166953768235e-05
6.217104195461317247e-06
2.953127533576025863e-04
4.144256049311557250e-02
9.977902039529625844e-01
9.649750442217636115e-01
1.764720737576665763e-03
1.200012825370936001e-05
1.079264937079919438e-03
4.136722195384918283e-02
8.361089959552382364e-03
1.367651543883486968e-02
1.448143168036054515e-03
4.416842092833370744e-06
1.953076164680938175e-06
4.320672977165494337e-05
2.044140867386616209e-04
1.478158128885998369e-04
1.106816165735987023e-04
