7.226706702788635180e-05
5.982441279040370119e-05
6.568316860136629498e-05
7.651966187057522367e-05
7.646726390337838289e-05
6.558403343701460551e-05
5.275324234043952612e-05
4.392406456677135790e-05
4.083346155844187097e-05
4.171560839135408992e-05
4.435398090634202600e-05
4.921141276421698489e-05
5.539492370022529517e-05
5.635896142514005988e-05
5.054502610116689372e-05
4.608553983025234145e-05
5.051208564717298840e-05
6.818352302431455330e-05
2.039893376794929168e-05
1.366785941328129465e-05
1.885229266142687693e-05
3.502225752862456925e-05
5.336219313290273183e-05
5.900458045741124185e-05
5.263854761575534726e-05
4.384546495569687327e-05
3.787776077622731751e-05
3.447926795001035111e-05
3.280099167070430486e-05
3.401992782241137646e-05
3.785018292388915562e-05
3.992526539017334658e-05
3.779748017164469157e-05
3.528508062142987964e-05
3.846196820453939293e-05
5.350323466052894284e-05
2.934005122977006275e-06
1.991452478371247444e-06
3.245948481413400062e-06
8.296843604925290436e-06
2.151579432502370460e-05
4.235896290339201392e-05
5.970937085268300857e-05
6.246568551181692712e-05
5.195812448617370856e-05
3.897986782354983870e-05
3.029005591108143179e-05
2.729066965924297270e-05
2.889920362405629871e-05
3.218352955615622285e-05
3.379616826317623267e-05
3.317862662584797123e-05
3.501015420804418012e-05
4.708596997246047275e-05
6.143947292369074045e-06
1.373843500309555428e-05
6.698874503758611052e-06
2.256848844329895065e-06
2.638071382830425961e-06
7.134546292238089785e-06
2.317930333320700835e-05
5.764536516573473513e-05
7.382606605033456169e-05
5.481382878258768908e-05
3.556461430632140832e-05
2.705377719981069359e-05
2.626525889708319493e-05
2.944918208534670430e-05
3.258388764343779324e-05
3.284295739515662421e-05
3.389140081592830378e-05
4.437679773465185167e-05
1.278336406805105586e-03
2.555977348637955560e-02
6.879430842399442267e-04
3.708772265738488686e-06
4.470150322524614719e-07
3.056022427902909151e-07
8.498204490634619946e-07
8.923745843568484641e-06
5.371489584616900343e-05
7.936480229723088305e-05
5.499530100744633561e-05
3.661918922576213079e-05
3.094956664809002714e-05
3.118888048487899702e-05
3.231184402384962030e-05
3.224343586055044051e-05
3.409686317657387145e-05
4.526294744266221530e-05
1.854413453674382331e-02
9.173138277568697596e-01
1.106560778126712899e-02
9.084335548431215015e-05
1.535575696164689902e-05
3.157762263765991142e-07
1.671565225749218319e-08
1.609706976045655362e-07
8.433408901152994062e-06
6.617459812435124290e-05
8.607696540990321789e-05
6.092238317886254493e-05
4.526778834848562533e-05
3.803015783782845324e-05
3.391931559780815960e-05
3.272782125765469612e-05
3.635225363802135266e-05
4.926207426193570906e-05
2.935659694744087098e-04
1.784146533810876400e-02
5.057485415688573425e-03
5.213841308028648903e-03
4.453057565149676905e-02
1.791138738287278325e-04
2.188077454690612543e-08
3.831691278668939365e-09
2.453545513981418032e-07
1.279766544573358411e-05
6.807397061758394322e-05
8.236140709925414817e-05
6.438571816206723711e-05
4.805827844009391819e-05
3.770590931578981261e-05
3.469533813327452574e-05
3.887347695210409865e-05
5.174202830604193856e-05
1.723098604437953900e-05
1.222289991571410411e-02
5.361448190792018204e-02
2.375693466186850136e-02
7.113076837162216615e-01
1.251920163716674916e-01
4.923351308016032776e-06
5.009309216958163427e-09
1.372023050794667001e-08
8.078461018611661839e-07
1.634757411298327321e-05
5.114789701821813756e-05
5.651167898734859961e-05
4.682822383914458659e-05
3.907406062516519915e-05
3.701126685521743650e-05
4.071159409647404597e-05
5.142632051913711565e-05
6.713732826385970944e-06
2.092338065064039063e-02
7.844258561302842603e-01
9.149453987468944560e-02
4.031757578665432495e-01
7.863920961746742044e-01
1.774662687958079160e-03
4.718071372831727593e-06
4.763587725861631091e-07
4.519165500156843154e-07
2.027527190753668974e-06
8.901947573914446545e-06
1.610092154141266638e-05
2.037178793730151419e-05
2.684815371995410830e-05
3.513261163104914068e-05
4.288415114483481869e-05
5.327824340938816587e-05
4.758619944532590375e-07
2.108927961847986861e-04
8.623842590246248718e-02
9.997419463439021214e-01
1.586833624948618127e+00
1.250284196257213098e-01
1.560515929516439852e-02
7.774536509547298746e-02
4.600153647699094933e-03
3.745854349547451682e-06
2.252790974488319554e-07
7.536092921042592827e-07
2.514243172890873584e-06
4.778526072673003881e-06
1.038059624061044828e-05
2.366214912920279305e-05
4.083023106489979889e-05
5.740908052204225938e-05
2.501703397181152027e-06
1.296146889173341050e-03
1.777478256087159092e-01
1.783428133136768956e+00
1.354808473422889570e+00
3.017215907891301549e-02
9.693758661028143916e-03
7.231431157508707575e-01
2.894061284509281268e-02
1.441493973792735526e-06
6.415046613427984033e-08
1.439976499490026096e-06
1.271378702665405119e-05
9.953289872303463698e-06
6.898353493456675754e-06
1.301027887016235206e-05
3.147853951001608832e-05
5.769745374617286416e-05
3.926907482597758728e-04
9.929631166950817489e-01
1.454182855612098990e+01
4.471740773750125797e+00
2.675261744313409462e+00
7.695764947719815341e-01
1.897635890012108750e-01
2.298653955198429466e-01
8.682842924889613108e-04
8.362179125022773052e-07
5.026492978031770309e-06
2.063994183586484541e-03
1.966026852250474591e-02
1.040892484376604874e-03
2.643576027705886203e-05
1.074055633104324888e-05
2.423338429271989597e-05
5.503077059139136964e-05
8.414365921357219724e-02
2.084350645278356495e+01
1.008712913006251881e+02
1.103328768896159495e+01
3.749653513231886226e+00
2.888526099472397579e+00
2.946249501124383219e+00
1.742163911307163415e+00
1.378665715247087524e-02
1.170574008083151299e-03
3.439577460081367360e-02
9.883627426669071570e-01
9.444402414969438331e-01
1.169639818568189368e-02
6.974921373364955247e-05
1.263017600460252375e-05
2.492100692111454081e-05
5.801399794120863413e-05
8.974533120789144336e-01
4.182522877647600446e+00
2.900696814140324875e+01
4.147078078588653405e+00
1.006308972254208456e+00
3.395582801478964630e-01
4.947215008969468863e-02
3.151295042162702981e-02
8.872764060319432433e-02
1.022942620051272122e+00
8.562225014068218787e-01
5.668331712524343757e-02
5.281674696292652967e-03
1.909560203420362619e-04
1.177090793161509447e-05
1.040485393080663928e-05
3.134576883017990516e-05
6.915651840604514200e-05
1.859747677287838796e-03
5.905150204933483880e-03
1.641508309172660107e+00
2.226413584015621172e+00
2.788446472169780588e+00
1.673433833248441305e+00
3.199695848993973878e-03
8.759782933700293000e-05
9.334802115610104506e-03
8.578601038135987844e-01
1.696225554655991785e-01
1.797841818535515779e-02
9.972804959006130194e-04
7.831477979760838193e-06
1.273168541697025384e-06
6.600742366075903381e-06
3.745221071380202470e-05
8.127041505680646929e-05
5.909876870111625840e-05
2.462433933980339665e-03
3.633148371791164344e+00
3.338135752580083437e+00
2.582470610012211232e+00
1.131846625292992625e+00
6.242371838210532481e-04
6.567724071964780262e-06
2.921979869134605219e-04
7.764641757370150180e-03
3.517404414537123047e-02
8.239943482172527034e-01
3.770963846984552725e-02
1.084489907018270791e-05
6.756217962394473345e-07
5.943215117131785415e-06
4.255615462154128931e-05
8.951338253709830632e-05
1.636438741169112324e-02
6.473690567903660209e-02
3.964117248686935380e+00
1.146955648253855431e+00
4.891521206094139040e-02
6.227177217026370589e-04
1.148230690350024951e-06
1.889611424879439496e-07
4.185356664363519555e-06
6.984938896253426127e-05
2.198422264919703151e-03
5.174192991613669329e-02
1.149749702327258457e-03
1.767358243481256854e-06
6.988800250921136220e-07
8.881185964300424902e-06
5.105037007289808771e-05
9.509372302194517713e-05
9.346833954968730707e-01
7.310424953850181394e-03
5.982319374013744806e-02
8.281395270123776964e-01
1.525139144213678681e-02
4.687219962686015353e-06
2.567798625359250806e-08
4.451336798278004630e-08
2.304194723543421103e-06
3.826671300300045053e-04
1.265820952560739107e-02
1.702606161009350338e-03
4.835628012554450289e-06
2.601608573964062909e-07
1.447815927093621280e-06
1.782547934693985006e-05
6.000398691391873977e-05
9.385012023662328800e-05
1.785513210246297833e-02
1.699934015943919475e-05
1.065841313892739535e-04
3.261641156876605302e-02
5.032860545285497422e-03
5.205833216651768549e-06
1.579163266917727749e-07
3.446497342847372658e-07
1.640939870719519751e-05
1.657254359285036463e-02
9.312563380501207577e-01
9.827474748640997390e-03
7.995673458037490968e-06
1.090864086311680345e-06
6.597726562696499054e-06
3.323719073715508134e-05
6.129448476572194862e-05
8.384387564925083907e-05
3.798583834249818087e-05
3.059223219975832377e-07
5.770798599223979631e-07
2.963481477586402054e-05
4.908910553414278920e-05
6.297639436902553385e-06
2.718467343112094341e-06
3.175253541690463395e-06
1.444782128492410246e-05
1.051839059146917558e-03
2.145977525673064060e-02
1.469425354815262139e-03
2.034081222927587050e-05
7.736917467293067822e-06
2.217988690013796170e-05
4.439777304929419012e-05
5.439930409186267843e-05
7.031743717829314403e-05
6.940804104381108245e-06
7.372710675391480015e-07
5.251749062929266438e-07
1.887713711642796597e-06
5.583824310479239488e-06
1.105189022866775475e-05
1.844218843521046978e-05
1.315795219510307583e-05
5.960024064328380857e-06
7.503169492396570962e-06
1.555302639179445901e-05
1.223240554873836390e-05
8.977491128399124490e-06
1.699192643122543586e-05
3.592630471408274345e-05
4.382837719586652901e-05
4.455100176265598070e-05
5.771896386274937891e-05
2.448718762715153510e-05
1.061076523376927670e-05
7.250281912643533589e-06
8.864903613139925510e-06
1.584289893155505307e-05
3.154358306790747249e-05
4.733112850404592352e-05
3.295340175010313651e-05
1.060106791235160728e-05
3.434111171126467786e-06
2.408640624606115271e-06
3.941448270661233779e-06
1.056052079832027692e-05
2.635863517134262666e-05
3.929800509259214879e-05
3.798885351183536868e-05
3.719795158150131632e-05
5.002316090509342675e-05
6.363019175386071366e-05
4.282117588430032427e-05
3.386011243563070235e-05
3.318855021341289796e-05
3.818289342049544335e-05
4.642508407396481429e-05
5.247048217626415050e-05
4.620029263490128775e-05
2.878564282090295920e-05
1.604707215396785643e-05
1.252146431822041051e-05
1.623532186949202009e-05
2.636173686835084938e-05
3.659994902140182807e-05
3.845316304152265131e-05
3.518894709711242876e-05
3.650310504964158549e-05
5.083292124774925279e-05
8.438962989649137914e-05
6.286307915555075043e-05
5.190104591750770093e-05
4.705654129646406382e-05
4.479077349510892920e-05
4.465544547040646507e-05
4.671188892881025437e-05
4.874971820961897148e-05
4.769133163110627840e-05
4.475656824858671116e-05
4.356222976299788064e-05
4.455177532420348096e-05
4.508219089708435392e-05
4.352320446680348379e-05
4.114714449198860266e-05
4.039040057101106484e-05
4.533971082240742566e-05
6.208807856626146697e-05
1.002617746987694572e-04
8.131275141310884201e-05
6.918627342390746887e-05
6.051235352244964909e-05
5.463273202665995250e-05
5.294326235486860829e-05
5.539800262408300571e-05
6.028229705631546215e-05
6.526593433386581634e-05
6.887314257210265902e-05
6.958118702014696490e-05
6.592145710544390408e-05
5.990135625675016220e-05
5.540526274778807445e-05
5.447068237771685755e-05
5.760536134529511114e-05
6.631998344104871610e-05
8.380332863147630404e-05
