2.822084876875497004e-03
9.181276428145603019e-02
8.654579864937460565e-01
3.052799828516806979e+00
1.551169621504511729e-02
1.991224354247198621e-03
1.135593248543983330e-02
9.479432009908367405e-05
2.540141442707420447e-07
1.368877687732358570e-08
6.575727872149896407e-09
6.012451831813412939e-08
1.871854978621658207e-06
2.460672331825004361e-05
7.202798933614940134e-05
7.490287247304707840e-05
6.841348672141803558e-05
8.716272142600040343e-05
4.213615152390919050e-02
6.871118461848072512e-01
4.528800159554323135e-01
1.683495004081322577e+00
7.708142704542851609e-02
4.259667445981349387e-02
8.399288253903364199e-01
1.067624671834694616e-01
1.887122445243555758e-03
6.675361739848972529e-06
1.764284995757046834e-08
3.222976156669237970e-09
3.778031665459612717e-08
1.706723415838843647e-06
1.714786155600780420e-05
3.062334047925690459e-05
3.717572918897709918e-05
6.028543340302286463e-05
1.061014279974938703e-04
1.341823182610739074e-01
8.371094775055968329e-01
8.156093149131127262e-02
6.475007496531153721e-04
1.482055405171369843e-04
3.100142053587632771e-03
8.354443882429113399e-02
7.501152674804359988e-01
1.329073522389966067e-01
5.137512955311374389e-04
1.300320239610850628e-06
2.002491751629817733e-07
1.593147619683840497e-06
8.197922369345099898e-06
1.364515994453166627e-05
2.391796392928796354e-05
5.170910274182772295e-05
5.549268307985117191e-07
9.735750024167386454e-03
9.078650269557794195e-01
7.892109787062739912e-02
2.500902184085942396e-03
1.127877740047554598e-04
2.109887277268090229e-04
1.253834544510004645e-02
1.311817222595970667e-01
9.713046640870873771e-01
2.864891623147518995e+00
7.963614454885289962e-02
1.863491650605225182e-03
2.441998142841542217e-04
2.408862205388655076e-05
8.952146795094809075e-06
1.920372848062108057e-05
5.566267356727815568e-05
7.360618345112350703e-07
1.837883800870136167e-04
5.041396464748387415e-03
6.437137707064535808e-02
8.473569224228020280e-01
4.691477834817434078e-02
3.664979827143334534e-02
8.697981998331000275e-01
2.111505247057655910e-02
1.086416395149947256e-03
4.132693813857936382e-02
9.976712166630535839e-01
9.365836060181729206e-01
1.492946043116996462e-02
4.857737073052848973e-05
5.785542196014749480e-06
1.681875856877863701e-05
6.437997938393891283e-05
4.017782606934781007e-06
3.456615134504335827e-06
3.733281817150784473e-06
2.477275832859130540e-04
2.091808137918599320e-02
2.870305975221673460e-03
1.173661383149038687e-02
1.004639548513548197e+00
4.101876430633190525e-03
1.305121423696210582e-06
2.156046849389888198e-06
5.193152518231994568e-04
1.472097996270472706e-02
1.126447556824735014e-03
9.738202613386196465e-06
2.675974163845071497e-06
1.288849352144409179e-05
6.173078034301327703e-05
1.146516590271434960e-05
1.214952672267602763e-06
1.557695467289178477e-07
4.090646731983130666e-07
1.394128273367291789e-06
2.904158583088756322e-07
2.472453197494660879e-06
3.368146998548115318e-04
5.426075254100055597e-05
1.773876877310361289e-07
4.149739223050161696e-08
1.249741565825759058e-06
7.284393948411660793e-05
1.089315368101742245e-04
8.289624200276359659e-06
2.482076924978046565e-06
8.359510736081711733e-06
4.237208271850902424e-05
2.178262968979501586e-05
4.437633065201522334e-06
3.728431517833068377e-07
3.373706162017905721e-08
6.811028372308408158e-09
3.808290795430177980e-09
2.503935149364983829e-08
5.090434997515596793e-07
9.223792026081124767e-07
2.218837828290478240e-07
1.303150133707918028e-07
2.017184626501197720e-06
6.025120870132968844e-04
1.261547368115965330e-02
5.740833994215058245e-04
9.933750765867549454e-06
6.039974283086104047e-06
2.593452846170022800e-05
3.413706718213574491e-05
8.512955574772312754e-05
2.793777781081713794e-05
2.589939048839975102e-07
1.009816202758980120e-08
8.315766708069503453e-08
2.263775497623072549e-06
2.058295419558620194e-06
4.552506992126266024e-07
2.978045365601745159e-07
4.474854196799015389e-07
1.070558577782661354e-05
1.334438498071043554e-02
9.443501324651223383e-01
1.516999654905431226e-02
3.083236916770883216e-05
5.868337622714212775e-06
2.151114436442354036e-05
2.124308155185017591e-05
1.594810144650913100e-03
2.275464046285449043e-02
1.824977452385523715e-04
1.514269000212220550e-06
1.406642968892656746e-04
3.649589560904525909e-02
2.153403239982938817e-03
2.198861476285410125e-05
8.106133088097600164e-06
3.883538234431950968e-06
5.923102543204780908e-06
4.609036820954218400e-04
1.255951627976681882e-02
9.191848271644422743e-04
1.566552594503288327e-05
7.619763109017392328e-06
2.801470355911012396e-05
2.449580113255364576e-05
4.120786068326855005e-03
8.655309621942538501e-01
7.289270231512912090e-02
3.709319609841905691e-04
1.226799986939066354e-02
8.583620551089902184e-01
2.133963311516832995e-02
2.756973059198679615e-03
1.390116992945916209e-02
6.169697561775550152e-04
2.405091502801912714e-06
7.386771814204726995e-07
3.573994955287964538e-06
5.366264778338702752e-06
5.163366786573546324e-06
1.336812203566884724e-05
4.584210856012993989e-05
1.456282686400478055e-03
7.030308837667802180e-02
3.179891517985472760e+00
8.119605632455062505e-01
9.992298298961452968e-03
6.103934803776650542e-02
9.230536525494675848e-02
7.481448872851452709e-04
5.581817035415852744e-03
9.424582588721952536e-01
1.365142812972901416e-02
1.641723319093769812e-06
2.534165314243680707e-08
4.930292081494491968e-08
4.162523126737273138e-07
3.946361404096227382e-06
2.365111273118589169e-05
6.809875645745046909e-05
9.234311744869456301e-03
7.733406219685319272e-01
1.995051092644382962e+01
7.128571730015336172e+00
1.123296337082283491e-01
7.881245979675840507e-01
1.023688870842802245e+00
1.575549727296751126e-03
5.786750015408809872e-04
1.177067989482712303e-02
7.775276889970055786e-04
6.455110321647266046e-06
1.335111560569819753e-06
9.593169764232636664e-07
1.136717374013449805e-06
4.911950413317134380e-06
2.684358831490793262e-05
7.435118410690502114e-05
1.566864824917435419e-03
2.359167496368449468e-01
4.063924470298896807e+00
3.727770993232434549e+00
4.902897824718371877e-02
8.052079256699697096e-02
9.455050254735022364e-01
9.661917609482548533e-03
4.490103767271652499e-05
8.971389260607634956e-06
1.554369973880689591e-05
7.963400432314366416e-04
3.131603416012633534e-02
2.704005026090354480e-03
2.372560055618200473e-05
6.252845016197868071e-06
1.912197180687965690e-05
6.003437814284989294e-05
2.403197174539290978e-02
7.573875766893065631e-01
7.310014425923731796e-02
8.510093282993963504e-02
3.627819668957046190e-02
3.650543754557806012e-03
2.872580985662655240e-03
3.239742894862616615e-04
3.951934764972730646e-06
4.382021319443254221e-07
8.715255639739015843e-06
1.403428704788823277e-02
8.982724575206484374e-01
1.396541668652494066e-02
2.699592773285049770e-05
3.825349196321905323e-06
1.129123132115665790e-05
4.324713398563854387e-05
1.314388943329281023e-02
3.961041158203287837e-02
3.208426214025898683e-04
5.430224742887892683e-03
8.747419879784429364e-01
1.962669671536318786e-02
4.351683702675542388e-05
3.205613692936447408e-06
1.057807566628284127e-06
2.804453396812958009e-06
3.380742674559622193e-04
3.458243515469117124e-02
1.349390785897056598e-02
1.153324858780035615e-04
4.175694254207385228e-06
3.029164741182871072e-06
9.737226096647963615e-06
3.584779399277159988e-05
6.478961333310578560e-06
1.508381149585570549e-06
1.338743511282326894e-07
4.159771183153459563e-05
3.867443871606131289e-02
7.484850730860105649e-04
6.165396625954521234e-07
2.178234761790864925e-07
1.195480725649405223e-06
2.102629305102670447e-05
1.059612299425324866e-02
9.068533682287434061e-01
1.468393519160909877e-01
2.693470226066788445e-03
1.393732651508776085e-04
2.301835410894349782e-05
1.759192954506352916e-05
3.984881727411177123e-05
8.815575952294411067e-08
2.063521673736829899e-09
8.907511904761983423e-10
4.163690544371880337e-07
6.478802280294765781e-05
8.020417579826338908e-07
8.208297377065317651e-09
3.175904311236922234e-07
1.221157852383816305e-05
6.308628273473502012e-06
6.607667796036868053e-05
2.514585725505927641e-02
1.772600685589185154e+00
9.648473763928583358e-01
6.381571383354118360e-03
6.584928464291717307e-05
2.172137406343380001e-05
4.972405320900983710e-05
1.470879246210417136e-07
3.013035853260084737e-09
1.054495894095941431e-08
1.496509222108504352e-05
8.733485749261967390e-04
6.779209211228960514e-06
1.996058960126041024e-07
9.090670085814719339e-05
8.847092576022558622e-03
1.052581582614331207e-04
2.131855747023313692e-06
9.140474032547630493e-05
3.354997668058358751e-01
9.873181634062401235e-01
5.486642919745466761e-04
3.917639326802817103e-06
7.915419963665044689e-06
5.430116798512841917e-05
4.784503394480461358e-07
2.227447319625558839e-07
5.721553033042443229e-05
8.570873030442920093e-02
8.629715115290741423e-01
7.732051275635765109e-02
7.057889773399069963e-03
6.220304645627756923e-02
8.321042356821723995e-01
1.292150275496350420e-01
4.517640034684351595e-03
5.116280319289021397e-03
5.864429090958050983e-01
6.752950916519959157e-02
4.804947158524443530e-06
1.409583654856500572e-07
3.069973318515604439e-06
5.727711063079289128e-05
9.561607588010098392e-07
1.348177708400984138e-05
2.610639801952951630e-02
8.337880157196632114e-01
2.130061697237823071e-01
8.712278956038557176e-01
9.562170141432991821e-01
2.201239684990344281e-02
8.023406004479387635e-03
9.633888518795234723e-02
5.330692150707178056e-01
4.533064594911065393e-01
7.744930199777726176e-02
5.668125906645668386e-05
2.703505809050475127e-08
3.858460893142628601e-08
3.845974599885407750e-06
6.929858442076849252e-05
4.916850797884244393e-06
1.378716174097777581e-04
7.600765651638377585e-03
3.490389865949471843e-03
2.795445363478035240e-04
3.545268090325685590e-03
2.119069273880895554e-02
4.082970976262280220e-04
4.733607361703409764e-04
2.970101830930835934e-02
3.876096658833122488e-01
3.555381151440828891e+00
4.912865334843231901e-02
8.211124206090711266e-07
4.128183748947154242e-09
1.190410947090219753e-07
1.150580261679231905e-05
8.938047354440524148e-05
2.750989757797182985e-04
1.482747010209248435e-02
8.717166518992937319e-03
1.226858346897953230e-03
1.424594857101708564e-03
7.446967624385530775e-03
3.154617565174093474e-02
2.864621497997690315e-03
2.521731566100051877e-02
7.161057592059844046e-01
4.635890220518068539e-02
5.614962645909842703e-02
6.778167775409027658e-03
1.869680670411012830e-06
7.986961383416360402e-08
1.895412830473063082e-06
3.820780065897566504e-05
1.077221412413036290e-04
1.952780767879814085e-03
9.954056171019675103e-01
8.547599181799717671e-01
2.929877629353023205e-01
6.107582448655952678e-01
3.487299903705141646e-01
6.829787482960885114e-01
7.962280822642577027e-02
9.477135079181381316e-02
6.297399840917364267e-02
1.450555827552809881e-05
2.917800733082961001e-07
1.385464343090686363e-06
1.125182468862293490e-06
2.171366785845464009e-06
2.071348276213054039e-05
8.376836814328788292e-05
1.208009606865212827e-04
4.097089109317968869e-05
3.134573965093052222e-02
1.000418753772959413e+00
9.557816769892587550e-01
4.588177053494082308e-02
7.012574559017385051e-04
3.201327724398329421e-03
8.261484127503197772e-02
8.609217779457932762e-01
2.261154745526696916e-02
3.098274206784616651e-07
1.279318869064038742e-09
2.669593539332036986e-08
1.427942262040700264e-06
1.783503579732691286e-05
7.511113562530459965e-05
1.237324956696864620e-04
1.367582949019696052e-04
