1.588793106905623154e-04
5.615896084039626729e-02
9.222571319174112103e-01
5.525595461675983366e-02
1.271745505689762595e-04
1.350387976637377285e-06
5.677859472837211427e-06
2.271215562223950594e-03
1.357933541089238402e-02
1.182620853625646599e-04
1.913955781063041502e-06
3.932971070138623780e-07
3.547085765875112113e-07
2.551846010778172665e-06
2.863780213567533966e-05
9.067956697004134052e-05
1.130386936413704948e-04
1.322603190572138197e-04
1.487735446074845390e-02
9.020330357311668878e-01
2.103080723535275087e+00
9.113199746349215369e-01
9.051444061172397512e-03
1.259814873766766504e-05
1.406907205650677300e-05
2.262177718706134821e-02
9.120759915809257823e-01
5.098055381515120138e-02
2.037802129561761943e-03
2.287000032742923523e-05
2.277340483340215748e-07
2.856427355610639077e-07
5.531017832446227500e-06
3.312821457643858627e-05
5.187727203990524230e-05
7.029476102781830678e-05
3.577224118106511926e-03
1.076652400226531248e-02
5.157798407675187775e-03
5.153151643216092280e-03
3.035901621645028126e-04
2.053262595076346726e-06
2.200060327716552276e-06
3.292450354716193852e-04
6.074478392228375122e-03
3.688107675830056692e-02
8.959095611137992687e-01
5.771659488838921936e-02
2.647949174282659173e-05
9.931999629586828424e-07
3.995192967217850831e-06
1.800778439595315434e-05
2.966748964648776652e-05
4.536164144630644565e-05
1.167526451547457034e-04
5.478294956986174639e-04
1.530713229582996229e-03
2.742164698441951036e-04
4.126514176802692438e-06
1.394927782265627797e-06
1.662096481149655117e-05
1.882767171972952975e-05
1.195342852347975565e-06
1.029049331020961489e-05
4.266610039778723218e-02
9.504452036937429682e-01
4.439551625660539784e-03
2.842036951120361643e-05
1.074154870477954057e-05
1.729646837565768430e-05
2.457087506615205052e-05
4.108222082814630719e-05
2.689429544072643210e-05
3.599225795214070975e-03
9.835627458083460173e-01
3.780230754055665526e-02
4.388885667870885796e-05
4.473216759228021400e-04
4.147041744731747026e-02
5.496155808028973556e-04
5.758342414859970456e-08
4.948433139436678392e-09
5.964591806464505836e-06
4.479550553921743221e-03
2.943472730504591208e-03
1.235469564053162032e-04
2.706682802401604344e-05
2.255349239339605140e-05
2.756897260741350970e-05
4.905850691675907424e-05
8.947514734062998255e-07
2.471822216547299228e-04
3.006051981454740396e+00
8.751481289813847209e-01
3.039387585024943151e-03
6.168561481996871071e-02
8.049142965693918406e-01
7.871541269375868094e-03
8.461069374146603245e-07
1.382882788179663026e-09
8.763659327284854109e-09
1.902490582340879653e-06
3.344736352295729436e-05
4.249783356561783983e-05
3.307072933087112796e-05
3.069350839255107210e-05
3.652820410264769242e-05
6.546684084629196705e-05
5.601611658198389466e-09
2.285135212872696493e-07
2.668450991880958953e-02
1.051160185279339521e+00
2.083749739581000349e-01
8.031844953526710018e-01
2.591303111780855484e-01
7.526112373997939642e-02
8.226424793997470612e-04
3.166703075661868830e-07
6.850629541701882718e-09
2.798710837078976364e-08
7.796596326955816794e-07
6.118655647411804665e-06
1.590373383332792213e-05
2.927765741218539027e-05
4.702965847449682509e-05
8.663399034020790701e-05
1.157918506235693775e-08
4.167184251017420435e-07
2.720077813594990596e-02
1.787091529025605974e+00
1.038049731277145948e+00
1.676728093208832870e+00
3.335456049461326677e-01
4.407782337907972803e-01
1.144859571366410728e-01
1.444879382713437589e-03
6.964762501213300714e-06
7.978897875350859873e-07
2.042846482380577835e-06
1.505959554346379820e-06
2.067423824225618999e-06
1.045930290392949077e-05
3.830099620942075837e-05
8.997647876856965077e-05
4.022359708381164588e-06
5.716189688313837993e-04
1.153035750134486559e+00
1.856843002673308929e+00
3.738437602968650575e-01
1.015651909491156024e+00
9.128096125113002168e-01
3.183169707806807747e-01
1.856832827937112962e-01
8.024047408678337545e-01
7.966008212995889792e-02
1.012309016467504395e-02
1.038952944826582962e-03
2.526525949795999505e-06
3.138575914273812491e-07
2.688795757543699599e-06
1.731376505839090171e-05
5.521193799492499498e-05
4.225096174018956061e-06
9.752879646409761761e-04
1.586742455108272720e+00
4.471908175973198674e+00
2.464809252908853665e+00
5.009398561930914262e+00
2.184741632628010244e+00
4.564867518620989717e-01
2.210747717681653679e-01
6.843599042515736697e-01
2.985025052803940704e-01
7.525833601995606248e-01
6.635064341713121927e-02
3.434806675224269393e-05
3.432767937063123470e-06
9.855727541242640413e-06
1.098374169141625582e-05
2.188079029810105353e-05
3.652024981093290803e-08
3.551312089956312382e-05
5.872193730772645726e-01
2.399850819293565696e+00
1.432596478197040168e+00
9.755436232265217722e-01
3.757533878335305583e-02
7.365426969275941371e-02
1.848930771566633380e-01
1.179373419136315465e-02
2.437979566571335695e-03
1.931557263642215763e-02
8.895750955785210537e-03
1.538600793355474625e-03
7.157462101771042834e-03
1.266065396743250695e-03
1.851012166878627979e-05
8.571817223475626087e-06
3.763733420075538013e-08
5.102994968247570899e-04
7.466543946916022634e+00
3.270953595132333191e+00
1.210837935701754242e+00
6.013784280471354826e-01
1.544595028850262800e-02
2.187775365007999795e-01
6.412363858973071373e-01
9.825253628502327377e-03
7.887706342378023039e-03
8.837401862584404882e-03
7.176763548768162922e-04
1.054646633808734024e-02
9.391485394330584269e-01
2.030672650207274166e-02
2.116862767504055232e-05
4.861990756543192196e-06
5.359351715718645792e-06
7.573896402382158943e-02
5.527155870621454170e+01
1.205953618474560685e+01
7.567717615881504045e+00
8.086526628970746700e+00
1.657680831844831282e+00
2.160466367684324762e+00
4.641029038990793221e-01
1.437010580516728808e-01
8.387093605868560786e-01
2.368736070251759723e-02
5.577921950588515733e-05
3.148897482918100801e-04
1.501174321977687132e-02
8.373857332447936109e-04
7.744111958222920934e-06
5.579376570353145639e-06
4.380367671217554331e-04
9.191331838791167996e-01
2.091833953351780906e+01
3.713084784671849992e+00
2.547654983411711260e+00
3.146845084408000925e+00
2.935803706246200573e+00
1.101363419679167288e+00
5.203503023364967062e-01
9.138820875858048032e-01
8.237195670178037998e-02
6.526433457331549471e-05
4.056997964669327762e-07
1.680263783631364645e-06
2.365930517824302957e-05
1.430231843791763750e-05
5.270480911986909935e-06
1.362802182437937777e-05
2.180232319292962396e-04
5.175862652572936484e-02
7.811852181668961226e-01
7.319418764271383715e-01
8.897424887427660689e-01
4.164898826144928234e-01
4.625334119594936011e-01
2.435761988994419980e+00
1.227347541166373013e+00
6.774566014130413948e-03
3.430296010438687823e-06
2.644559823278151675e-08
4.156392989525165569e-08
8.256646000541951865e-07
5.518346363451893672e-06
8.452517912610289498e-06
1.312190020885026820e-05
3.681337987028000179e-05
8.502658763625203179e-04
6.449877311013256509e-02
1.286912037378928897e+00
3.264668075763139221e+00
3.226155097016121687e+00
1.244860701464640451e+00
1.153649491648750969e+00
9.750265483450348825e-01
1.431570034413879146e-03
8.837967317790650513e-08
1.355866558561550257e-09
1.229287693756769802e-08
9.041881347003412465e-07
1.468145915039145988e-05
2.806360822020672504e-05
2.473061418894729224e-05
2.996844200730332217e-05
5.748870273436588584e-05
9.157328023444280540e-03
8.155513876313010835e-01
1.827667167256803227e+00
1.239385761261094787e+00
1.378852441846952104e+00
1.295452994030955374e+00
2.976008804466752977e+00
5.103199056172496445e-02
4.680899447196968564e-07
2.426497746409269089e-10
2.791065642399384993e-09
1.051098159495234939e-06
4.624403760388779035e-05
1.243926102953918302e-04
7.338883791552556178e-05
3.717167500745586876e-05
3.404025460078148325e-05
5.799869418264398760e-05
7.992516365254085080e-05
1.187354699548967552e-01
2.617142574667253307e-01
5.353550702683698009e-02
1.345988049987422996e-01
1.256790020952598119e-01
7.976249848384339147e-01
3.304432506269964348e-02
5.685211946652193912e-07
3.696713961865043308e-09
1.674395451600798432e-07
1.709950061515758428e-05
1.076859372104658200e-04
1.047962574344904094e-04
5.407765487378865109e-05
3.130740795243132054e-05
3.181130586595862301e-05
5.761428488009875997e-05
6.067281035320187818e-07
2.248985672799300867e-02
4.767028344483034141e-01
1.089852953441933781e-01
7.427654168387971545e-01
9.056109889395162760e-02
1.483580570893139501e-02
2.826313572288656571e-03
5.829527735914067312e-06
2.207211169388443097e-07
1.254231464646424621e-06
9.822206807343389251e-06
2.019400985939499474e-05
2.326416437198582310e-05
2.416881896576988754e-05
2.561777146266487745e-05
3.466010733440702486e-05
6.630130058990182018e-05
4.017475663627223440e-07
5.537548786538899759e-03
3.141967358179585945e-01
1.973918070216193199e-01
9.383500463426819316e-01
8.502877577671050582e-03
1.825257847841691260e-05
7.295232396701766202e-06
4.823753061439598418e-06
4.634732041726204905e-06
1.584565347309305574e-05
2.660329802018402036e-05
1.426767546673162931e-05
9.649504209492710619e-06
1.380619049023089024e-05
2.432956324589171683e-05
4.193790309352802138e-05
8.039747499589714407e-05
3.205557929550013668e-06
1.000986614706251068e-02
1.765074355944237228e+00
8.644723289515590103e-01
4.728399005925944254e-02
2.297145485950822066e-05
3.713880431882587773e-08
1.126851574005377601e-07
6.603590956358415626e-06
3.942415056346663883e-04
1.213391518388254840e-02
1.251450622483847759e-02
4.324232150267308264e-04
2.411920561287916415e-05
1.455061295008051624e-05
2.622987443037824679e-05
4.756097754858095393e-05
8.571869715793153076e-05
9.023029152157848533e-06
3.461881322250868771e-03
1.032941471166259062e-01
2.940688648670942984e-02
1.573501341532279824e-03
9.769009093178162194e-07
1.510329071592139343e-09
9.676003101199692551e-09
5.956468528655595700e-06
5.217745497116964976e-03
9.752018452759144695e-01
9.695944547140492586e-01
6.241385665589660979e-03
6.493201372308372594e-05
1.872574841830278993e-05
2.817981401481132561e-05
4.585591455401156970e-05
7.532888739847713700e-05
1.670374695061120214e-05
2.177323584793501923e-03
4.104057336070808699e-03
1.250331966565663153e-03
8.081687259399002871e-03
6.756954168915348309e-05
5.931310154789032374e-09
1.878923533257465965e-09
5.898103943771542959e-07
2.436398093651217199e-04
1.164412620511267281e-02
1.149375363704828630e-02
4.446646829953888663e-04
2.941874898630257679e-05
1.845463731063238836e-05
2.942520628478940788e-05
4.332051689805380417e-05
6.729057925127001141e-05
2.256675644126929670e-05
3.004759444215050410e-02
8.024750471305384103e-01
2.721062145032124846e-01
1.718877483724684074e+00
1.188001556280897375e-01
6.411341457334218727e-06
3.438012604157804285e-08
2.591094521933652004e-07
5.257272846170004184e-06
1.851617229648587943e-05
1.754699247496553064e-05
1.091785669955931433e-05
1.142869660199045109e-05
2.116198383164471860e-05
3.731935657179953197e-05
5.316189625835277292e-05
8.124222389598670391e-05
9.955033893412995900e-07
8.745635060110038992e-04
1.107481907689646494e+00
7.850225507590048446e-01
2.539653017158962633e-01
8.566414783070849248e-01
2.263531027355376521e-02
4.761844754418322864e-05
5.122397304587552699e-06
6.607985444894948982e-06
6.454354445805718293e-06
6.027598564765714377e-06
9.765122178249712606e-06
2.195743531663201515e-05
4.428142368468831086e-05
6.837287498233367321e-05
9.318060485536643468e-05
1.357096032082761054e-04
