2.958653316409627800e-05
8.255042110926522991e-06
1.981654800326023360e-05
2.073689507225736327e-03
5.641427159809223046e-02
2.936107602599654070e-03
4.360101090064980636e-05
2.110666142228051942e-05
5.390645450872007054e-05
1.059041792944605525e-04
1.316453355924645206e-04
1.140236419822461203e-04
8.504534071870393868e-05
6.769175472586310414e-05
6.004120746110949279e-05
5.646512541144530297e-05
5.953842239091534699e-05
8.362594160686112632e-05
1.739014298826737636e-05
4.085903784391215178e-06
1.062421407986962056e-05
9.890959685376898847e-03
8.101658399260839305e-01
1.456191573849586031e-03
1.161882250769588336e-06
4.240693857114513520e-07
1.204735097010102379e-06
5.020395683315568841e-06
1.984990958772218838e-05
3.109100631811732547e-05
3.137127712163922288e-05
3.464689451562877792e-05
3.799857565112078325e-05
3.685944746823541891e-05
3.735947471049248558e-05
5.411097049001973615e-05
5.599878670409021999e-05
2.664330051099045329e-05
7.923970880430665536e-06
1.774322240265170441e-03
2.785373401985692388e-01
4.555737778037925885e-04
7.299873889873025448e-07
1.080949624726703222e-07
1.105155331475733409e-08
5.091537829802698511e-08
2.325699510253815272e-06
7.480615172061673722e-06
7.255692116170953731e-06
1.371138775818531681e-05
2.783253901220275129e-05
3.424793427964118603e-05
3.386062680773960058e-05
4.672501749864572501e-05
3.824334153843643317e-04
5.764694165369899093e-03
1.596154582396355770e-03
1.394245830579208048e-02
1.565521761906812692e+00
1.094748551650475965e-01
6.788138992893283201e-03
7.272859185441160265e-05
1.375224448017117362e-08
4.174249165483151519e-08
1.760350393993676094e-05
1.348833968318887665e-05
1.570711199746184698e-06
2.833144836984033793e-06
1.448147494089854728e-05
3.222876748430929733e-05
3.588618211038413378e-05
4.772219689445838056e-05
3.431896518625788861e-05
2.327953335741622318e-02
7.947869235812983213e-01
4.629883948465665089e-01
9.481226113476990403e-01
1.213566432875283763e+00
2.705953197112715980e+00
1.089502783566520666e-01
4.460388036320858863e-05
2.635779590268236402e-04
2.247779233043950900e-02
3.820736625010221670e-04
1.969779814043202082e-06
9.081507567912966228e-07
5.652102606833533768e-06
2.477887956633410265e-05
3.822746165740442822e-05
5.275184157886612864e-05
2.794420524360291803e-08
1.135454954683275306e-05
1.617573622150249024e-01
1.402640468153887543e+00
1.196273408737241528e+00
1.802575061122101419e+00
4.773172277964959354e-01
5.044678273833940185e-01
3.723908469327527060e-01
1.849631633272650788e+00
1.915600710973766940e+00
2.750479239827570768e-02
1.740957322693274562e-04
4.337971143059905396e-06
3.657717597417647731e-06
1.821114874324688502e-05
4.379700322908011733e-05
6.686288876041329840e-05
1.149232213255294743e-09
2.337656876705028237e-08
1.227104534126265481e-03
2.839953617415910680e-01
1.304791622042637877e+00
1.427619803283745048e+00
7.044158709977077493e-02
2.996808099357622934e-01
2.698026206662499149e+00
2.944869981434514727e+00
1.271488523880365484e+00
9.439562666830006998e-01
2.831688770990915122e-02
2.164351379012279501e-05
1.713942559560688085e-06
1.192582542653889076e-05
5.716590334661540522e-05
1.015744617636994755e-04
1.951182894146766889e-08
1.927731098788093884e-07
2.998664107988853814e-03
6.733008506325621756e-01
8.812767708017886781e-01
4.006188228748847613e-01
1.633501423358416360e-01
4.551590661565687035e-01
4.788801928677354214e-01
9.436851506185823801e-01
9.942130399639115268e-01
7.434016105477957437e-01
7.361323508979333852e-03
1.126460970494211129e-06
1.127369922803313472e-07
4.091191954841207197e-06
6.401797425108115679e-05
1.517983296450395357e-04
3.955777173821942784e-08
4.415228752194212899e-07
3.788955604351859890e-03
1.274079477222566315e+00
2.028846273620265706e+00
6.134198420683447672e-01
9.212184740742883349e-02
2.213367844451745448e-02
6.938443821910120213e-02
1.748672290195837364e+00
8.968761022723740206e-01
4.861887441106307328e-01
9.467960200712187413e-03
4.707300854596032249e-07
1.249882925434832895e-08
7.731859932478221206e-07
3.979921328246960327e-05
1.651174333352508727e-04
4.920865072635985088e-09
1.440148301455903803e-07
1.664245723150727194e-03
7.006688954189080887e-01
1.249660552319661777e+00
6.875277443510112441e-02
3.633235310599200289e-04
2.278999509829417213e-05
2.328694067083577918e-03
9.269099185871929603e-01
6.129066518687606990e-01
2.108239376642598195e+00
1.071289794674403550e+00
3.317056205118634320e-05
1.676513581983967406e-08
1.432633425171699687e-07
1.321885666462016121e-05
1.198775663113438387e-04
7.576925264271366743e-08
3.016505146400372308e-05
1.115685988213702823e-01
2.120113016878766299e+00
7.040075375032437410e-01
3.494572189057045669e-02
4.140940989233259616e-04
1.159034550435064847e-05
1.326281065959781429e-04
8.564573764178448623e-02
4.337184178081088248e-01
8.138700311691222655e-01
1.957390345812734411e+00
1.584622736705855114e-03
2.930744836832382417e-07
1.765839810768518539e-07
7.124455614585421173e-06
8.225481100331367491e-05
8.928105480190509408e-05
1.002480037970787663e-01
2.459053198006703056e+01
2.128153590071574186e+01
4.085594141555988656e+00
3.070424400247512509e+00
9.567861438727931489e-01
1.931800137431193606e-03
9.642709986254844719e-06
4.697897812430505281e-04
1.254937118163317877e-01
7.759774135511032789e-01
2.713136122255750848e+00
1.202325531238507550e-01
1.300641662866937180e-04
6.321964542711670423e-06
1.847850173473406662e-05
8.314951270034115244e-05
1.220770247900299175e-03
8.465746131779410266e-01
7.149422359314475273e+01
4.055015902336097611e+01
7.974370014017086561e+00
6.902759096064437827e+00
1.984460263451822692e+00
2.430937883060970035e-03
5.754524922978879669e-06
2.905037883788050626e-04
1.766143028706723683e-01
7.630869254000031132e-01
2.475803123424276109e+00
8.026350735292290262e-01
2.911001761380279003e-03
5.076304652558093596e-05
3.809769575941192131e-05
9.442816500100433973e-05
3.298098636552198091e-05
1.072618980031197766e-01
4.066445912247344552e+01
1.834035936947045542e+01
4.079796233389027194e+00
1.129572853945462141e+00
1.372539751766043217e-02
3.789683027774179999e-05
2.353814631013930098e-05
2.291741771408049855e-02
1.680623150099604057e+00
1.406427171369009743e+00
4.606784279280508265e+00
1.368997887798234780e-01
3.877712322600175451e-05
1.626399024793807367e-06
1.077276928306680302e-05
8.003785405204315003e-05
2.537746185024311435e-07
1.265531848890456704e-03
4.015011347204665348e+00
5.946133400789784140e+00
2.758793410129635415e+00
9.141643009346657189e-01
1.940611240421160483e-03
1.692345011273422227e-06
1.747837323056821289e-06
1.320329650409452068e-03
1.206227060373976367e-01
8.552855326975106198e-01
2.053606584101133059e+00
1.457622247833947155e-03
1.009791972281189764e-07
4.671506246287566443e-08
3.930615118015650734e-06
7.761204364715891394e-05
3.311463226791624747e-08
5.587382590932324738e-06
3.469495866949524193e-02
1.025563656681184099e+00
2.273380840305314621e-01
1.174362534294295761e-02
4.674104391538432804e-05
9.407350280838105304e-08
7.800535145332123907e-08
7.584827734256506114e-05
2.125167452197564491e-02
4.111440449891323040e-02
2.436696396229065965e-03
2.765870180590800711e-06
1.992337346658134150e-08
1.434198737585295044e-07
1.095180485825545111e-05
1.169355998076366008e-04
1.287741309128987923e-07
4.194181360388832536e-07
1.098470420083258372e-03
1.875477106209835432e+00
9.544087142522490463e-01
1.455784006248543464e-03
2.111161371842638921e-06
3.155151979954904034e-08
6.064844129474331707e-07
1.227634771265114465e-02
8.954248917031217836e-01
4.720170552553401566e-03
7.876118831457244566e-06
2.191409314586923535e-07
1.851176456114089348e-07
2.892166677397948102e-06
4.642284625329485344e-05
1.716274068504624879e-04
1.060238194121562234e-06
1.341403534309617795e-07
1.203958036665526641e-05
9.437359659776517473e-02
9.223632943400724704e-01
2.590108667412068140e-03
2.463224577691685839e-05
4.233551968817429827e-06
1.638477295156032861e-04
1.028878868383080958e+00
1.043470421164921946e+00
4.880858397743775053e-04
1.070603600448572111e-05
3.965593958278097103e-06
2.607378548840333253e-06
9.656369690309457926e-06
5.826062036125011662e-05
1.584602481109633582e-04
8.236941965627251130e-06
5.857088908822302552e-07
7.130157342554268281e-06
1.148598895492800899e-02
6.118147037593209964e-02
1.184606831874425188e-03
3.000839152204988133e-03
1.673166132087637939e-02
6.139449024308052394e-02
1.828353406540964787e+00
6.522833362435852267e-02
1.047122135740491053e-03
6.049621158771626740e-03
1.208104238424213524e-03
1.143430639973813751e-05
4.635221955779186689e-06
2.598755435986582283e-05
9.948082416149399085e-05
4.506613656170660285e-05
1.788004795852838892e-05
8.042512704339026697e-04
9.571239820592621905e-01
1.922744494953605887e+00
4.283669037483197467e-02
1.178448201525830741e-01
6.195573704261495562e-01
1.295230025149193942e+00
9.498144797694827446e-01
7.139475242119929302e-03
8.018368329687034293e-03
9.322816771982347372e-01
2.474105737524300019e-02
1.180982798334319696e-05
1.773854877715948009e-06
1.239455805066916700e-05
6.503787676437714513e-05
4.890951208444834056e-05
1.423907870126977353e-05
1.387277812264091673e-04
4.191425431707880567e-02
9.804156927055571735e-01
1.043023056589142961e+00
7.808317902582224690e-01
5.091176010653672979e-01
1.627114881331702012e+00
7.908063371210240222e-02
5.853817687465339304e-05
1.216922877812262442e-04
1.546046658667880186e-02
1.055543116139668561e-03
4.270270585494727307e-06
1.880327278312267672e-06
1.290824597220046881e-05
6.003477834794185259e-05
3.053278946226991490e-05
1.992480824657737054e-06
3.582259120052983427e-07
1.368141584238114457e-06
7.111851416695997728e-05
2.149805053860487369e-02
1.013347733413328067e+00
8.273353159017602376e-01
9.791976333334770355e-02
1.330166730523003502e-04
1.046977477811141410e-07
2.529816073265164696e-07
1.533256202536602343e-05
1.484340633846165917e-05
3.173440434460323343e-06
5.140091342977824432e-06
2.207897453144705711e-05
6.837554164322797205e-05
4.751809646521385649e-05
4.227519025526227321e-06
2.323901103290846684e-07
3.794090660518273197e-08
1.158778951658662598e-07
2.566173165087685753e-05
1.084142393722154797e-02
2.074299634613220936e-02
1.565261816175195924e-04
2.399417907408956936e-07
1.432387649389296202e-08
1.580195485618638833e-07
3.522849095823046955e-06
8.551384453652444300e-06
9.071768483283600427e-06
1.545348789387628307e-05
3.452066396883743887e-05
7.598043270523506065e-05
1.161370252634736212e-04
3.908710486255957429e-05
8.049623587850497406e-06
1.255273174428871802e-06
3.800387412721576609e-07
1.311407303426801028e-06
2.352466303535776819e-05
3.539090814929488527e-05
1.827317988310435128e-06
1.713488778517061191e-07
4.346369894867383934e-07
5.796029543507840493e-06
2.969044752665868774e-05
3.870910437337457891e-05
3.228600030242237569e-05
3.266896236283650830e-05
4.703221309245232039e-05
8.758760293532001152e-05
2.190099355042671950e-04
1.675667132011590069e-04
1.128901956665209885e-04
5.102343801262693770e-05
1.519880886343879073e-05
6.552338753715452524e-06
6.837234394772244581e-06
6.959785958875462697e-06
4.753803845862367197e-06
6.970274413669328220e-06
2.952086731644362519e-05
1.099582994159817610e-04
1.652307654632556762e-04
1.254020429829627462e-04
7.931288038514570102e-05
6.251382825566978105e-05
7.541105644140570785e-05
1.241710047123743312e-04
