1.165194260859930657e-02
9.475038368291449631e-01
8.379888998563865543e-03
9.729502246519365953e-07
5.196092390717291829e-08
5.143924713833319659e-07
6.153096470886406970e-06
2.514808296934111477e-05
2.357743347518779332e-05
7.789561980180648908e-06
3.143632239546385394e-06
2.688214642607518618e-06
3.698709521913375076e-06
8.531738967550842032e-06
2.823629375059381134e-05
6.004508777972122088e-05
6.768273489707251093e-05
7.271628019633415206e-05
2.931276862088721285e-05
3.897840415662241070e-02
3.292328283979096409e-02
2.996068378540074238e-05
8.143631320512526668e-07
3.071206626861951342e-07
2.195066403765889682e-07
4.563919145357196265e-07
1.995646485545247510e-07
1.043115678628126075e-07
8.580618144628900172e-07
1.024173341648288058e-05
7.279464758799728478e-06
2.288428045017392512e-06
5.432189553703987677e-06
2.300050164426276729e-05
3.784045743689805634e-05
4.564849312906107791e-05
2.419041897943618725e-06
1.686663047411628841e-02
8.570361719015027191e-01
7.152591433907413976e-02
1.053394420120761822e-02
7.977263839333336240e-05
2.013231568798380863e-06
3.070423188729508514e-06
2.508674060475540537e-07
1.959552791374105449e-07
1.045268821384922529e-04
3.089986671340125279e-02
3.797808999578525160e-03
1.333680853735537340e-05
3.276029376784164786e-06
1.403873182235586011e-05
2.949525125002082037e-05
3.715377335861446063e-05
9.199722966365596222e-07
1.202767670604280425e-03
3.601597470604929463e-02
4.188028087037344582e-02
8.250045913565182687e-01
6.366725488413797762e-02
5.332505181813859511e-03
3.585910154615619405e-02
1.362212832329955841e-03
6.243732532400686789e-04
5.131781588760895435e-02
8.635661716580157465e-01
3.432710156347165698e-02
5.025871163161715156e-05
5.775279743018682474e-06
2.068938985214379707e-05
3.957460384341700467e-05
4.254052012545627082e-05
1.126067812771747417e-06
1.562630855945201618e-03
1.219864287201002061e-02
1.227131367389553036e-03
1.362680088915857735e-01
8.793750308895352807e-01
2.505782481603093803e-01
1.479975362340167910e+00
3.856931339789483326e-01
7.408072341191351828e-01
1.244717248868173337e-01
3.956851878399796313e-04
9.725938021549548291e-06
1.411163630105256050e-06
3.864029243559675397e-06
3.729362595253186974e-05
7.478726958188504120e-05
6.339546463981583834e-05
4.183682218899147434e-06
3.490008269194890683e-02
8.849130917211334157e-01
8.383957600940763338e-03
6.736228728187095005e-02
7.694346531264035782e-01
1.483411092656469199e-01
1.425458334312178776e-01
5.963107683031815959e-02
8.066896543234554073e-01
1.220899502904742445e-01
2.057785468166491852e-05
5.897782996875427064e-08
1.860205117070080264e-08
4.131863440001452483e-07
2.255938198495259891e-05
1.035449899038039977e-04
9.522485062680532985e-05
3.226733623376673066e-06
1.488606155402023021e-03
3.039198932814156026e-02
1.010647253701736853e-03
1.096058227795151246e-03
1.000720271025486337e-02
1.005208903447794150e-01
6.875480039852571723e-01
6.358323970563033167e-02
1.777343573926078446e-01
8.248227607501346093e-01
2.295700553773420693e-02
3.040855996804293711e-05
7.131549810382479246e-08
7.300470846165803353e-08
4.569144997721134707e-06
6.399407607794999466e-05
1.036210755879090359e-04
1.211966588880708784e-06
2.569480527197389920e-06
3.846753724942366096e-06
7.498870589427637328e-07
4.634049166289824459e-07
1.739394641466598859e-06
1.946077328752816361e-04
2.803193415280831602e-02
1.082859071981531751e-01
7.659298183600108390e-01
1.263777952408405403e+00
8.000138098521994978e-01
9.271897939711092052e-02
6.968198651191923184e-05
4.882694646032201567e-07
1.835817246298198531e-06
2.565405007771261200e-05
7.446972532895243936e-05
5.229800577352076412e-07
3.109367120018958064e-07
1.157092389570747930e-07
3.134219241118498284e-08
2.444909222565594211e-08
1.323228818614366084e-08
4.370648265249667948e-08
1.518621018904537553e-06
1.234118051941260731e-03
2.979028181591623969e+00
1.952940169956715044e+00
1.722773185156696030e-01
8.573584100313824674e-01
2.354880287018256552e-02
2.266542055392276213e-05
3.433642298698810180e-06
1.631402625743737293e-05
5.277132566013063050e-05
7.408222961083734481e-08
4.308999427692141423e-06
6.060222764614375026e-06
6.810966443418826475e-07
1.748242019771483863e-06
8.851612357276123128e-07
1.963937094505005161e-07
1.006326900090402228e-07
4.167575802885032346e-06
6.216365935201544068e-02
8.954122811975830931e-01
1.429924536078977168e-02
1.135145006055632289e-02
4.516947194514508990e-03
5.893095545411675075e-05
9.032491780041146064e-06
2.159893534470108101e-05
5.279135479815545137e-05
1.761508005312580878e-08
1.169315881604183083e-03
2.523957043330455480e-02
9.430500186674013567e-04
4.810104991499468408e-03
5.849072764638468293e-03
2.064362954348306686e-03
2.597303702404659255e-05
2.161577155725762936e-07
5.740572176231907044e-05
1.400301801654283036e-02
3.123360678827919704e-04
8.666900607123809280e-06
8.997166497667543207e-06
1.001034904956113312e-05
1.521010666288178765e-05
3.532609074788732042e-05
6.104437254444262202e-05
2.339082858609687377e-07
1.391205492258690002e-01
9.575689962915022946e+00
5.032889871970376294e-01
5.163745984513017362e-01
3.094336963330813206e-01
8.494483229978599947e-01
3.822196139738886621e-03
3.357359132490192806e-07
1.242819629248937706e-05
2.464222900157510276e-02
1.166139710872080015e-03
1.399883372054396418e-06
3.206809786830629173e-07
2.491867592167479575e-06
1.790827240865157331e-05
4.442548520205760461e-05
6.317848164995902235e-05
1.822754821822445434e-04
1.929840824150546696e+00
4.524643387651006066e+01
8.795519172009061748e+00
1.368946664251512457e-01
8.327791282295106748e-03
9.005413282456085078e-01
1.343070514490527501e-01
2.391366168649917810e-05
4.005388584094084757e-04
2.916138886608083070e+00
1.049717167341077229e+00
1.303629732900339860e-04
5.304082078881891701e-07
1.161109356407118173e-06
1.318136128062246658e-05
4.404206956629342284e-05
6.617312025613243599e-05
1.504634359165257611e-02
1.956754126098960489e+00
1.398664896943227554e+01
4.961284625549689409e+00
2.559929087966713191e-03
2.483643330118353543e-05
3.759391223492259543e-02
8.949589801562785052e-01
7.488383789605217514e-04
8.854879382051948362e-05
6.640040576892236590e-02
1.907287362952086562e+00
3.975353007184865596e-03
2.364918143483300341e-06
6.845678834744694676e-07
7.067452268441923937e-06
3.849056852213865373e-05
7.165610659513726446e-05
8.109609011473744959e-04
5.671082806009359982e-03
1.598534512238817054e-02
5.914452313583268457e-03
9.269244319266292396e-06
2.607021614864812525e-07
2.050136355909486707e-04
2.506021568082272832e-02
7.737293729520547012e-05
1.375872649160566079e-07
5.460383703284513412e-06
2.240135585519191508e-02
4.923998286484881221e-02
1.109222755011223828e-04
2.737206538797809347e-06
5.971965490154865282e-06
2.924170564814370090e-05
6.295026169875944969e-05
9.738630683110605400e-06
5.319983610507234689e-05
1.321887055168924818e-04
1.202827790303227417e-05
1.055305529790986152e-07
7.032487356989139546e-08
6.778826348712371644e-05
7.337790539944101867e-03
4.038451188832308219e-05
2.583918484891029624e-08
2.039821111334375061e-07
4.653450567246909982e-03
9.198344046866763213e-01
1.090800613673206451e-02
3.228386001058506743e-05
8.573396795359833428e-06
2.252818805966117161e-05
4.863484848774499175e-05
1.200482550220656698e-05
2.341529289971720426e-03
2.693703727813234750e-02
1.490207503572153606e-04
1.745339271866063276e-07
2.705995841996552750e-07
2.572999060424839037e-03
9.974246524858633167e-01
2.561171417771119455e-03
7.983927849416333241e-07
6.530662991369706064e-07
2.877784063054293867e-04
2.149740300844297028e-02
2.209997159510163327e-03
3.356855355372926350e-05
1.050140648104746186e-05
2.259622750690428835e-05
4.647560711857675063e-05
1.602698808325684506e-05
2.080564961648729422e-02
8.869804363110749268e-01
1.619330958792246367e-02
2.151139712349667242e-05
1.281312936667254479e-06
1.832588746496940663e-03
9.340413072634164982e-01
3.219320504167861446e-03
1.800000619892195414e-05
1.209987874922754933e-05
7.069321267615578209e-06
8.259066206837306322e-06
1.065808030014374380e-05
8.922201550000686738e-06
1.386248111383530010e-05
3.060910452320349896e-05
5.562657992081739390e-05
1.175597383204943593e-06
6.116717512050292172e-04
2.765157380701265682e-02
5.000993299983325785e-02
2.236482741558235357e-02
2.107334249869004109e-04
1.139240991855910903e-03
7.655621853272173705e-02
2.055983660733185989e-03
3.949906493927674359e-03
1.563202855915257761e-02
3.243516913526649209e-05
5.129412052038071017e-07
1.646668161061599055e-06
1.058545087557434627e-05
2.610498678025931050e-05
4.042640382302216997e-05
6.100593736030889577e-05
2.927101406317950033e-07
1.197972323444053714e-03
5.550221578383339460e-02
4.448877221754501260e-02
6.379834676689327688e-01
1.931666652064471246e-01
1.125710933394243607e-01
1.621225804639982337e+00
3.712280726885063276e-01
1.762001498781850417e+00
1.030917455686134243e+00
2.187168381144710379e-04
1.570905144212618706e-06
5.847480404995083279e-06
3.193116500177392526e-05
4.227370228756710313e-05
3.926719149038658514e-05
5.193363689948200535e-05
1.531010156746708280e-06
2.174750711017806384e-02
7.214739544010988492e-01
1.084369212534820048e-01
4.870212917342265357e-01
5.465022531170184994e-01
1.475830580868371655e-01
1.046454850899691369e+00
8.506211996768225925e-01
9.341712662190027050e-02
1.476694450091518927e-03
6.995704107060423483e-06
2.689141652668174014e-06
2.328821949977084209e-05
6.614379789922712456e-05
4.611271829695017373e-05
3.086285004517195076e-05
3.886254666160744877e-05
5.979151006704584844e-04
1.129144437435889853e-01
1.841325120967541584e-01
7.954576385882081713e-01
1.797411417217229523e+00
1.446821551496743075e-01
3.177463773652199064e-02
3.917595063580895515e-02
3.141149493735873131e-03
1.910358696478395703e-05
3.868533813306528988e-07
3.106444406802298130e-07
4.512602988466078226e-06
4.446779835932347446e-05
6.559287302930868124e-05
3.646275680785814667e-05
2.472515867764748634e-05
3.340691151816046269e-05
4.144201511035850577e-02
6.442970270039328762e-01
1.377071157759285625e-01
1.154138381724801432e+00
8.375791283734939086e-01
2.618040778267232693e-01
7.397729545298949994e-01
2.119720886536497276e-02
2.430237452895160294e-05
3.540522908811681295e-07
2.136159280361596797e-07
1.697237816662321943e-06
1.721434540272301274e-05
4.306420072520379878e-05
3.606223926894755862e-05
2.509896713165969895e-05
2.512095290571201279e-05
4.213934224726494971e-05
1.772861880085657054e-03
2.158055848318936043e-01
9.658686845583988045e-01
1.721381109602791559e+00
3.578040257609639840e-01
7.038184346858880058e-01
1.585456172028637256e-01
3.246525339984344141e-05
9.810803899641068792e-08
3.069341859801556596e-07
6.316586242070043349e-06
3.966392287532284990e-05
5.876516603041545360e-05
3.761080677300335072e-05
2.426032827549172530e-05
2.415368235208847854e-05
3.728006883808959547e-05
7.449821150608826868e-05
6.060653621243539298e-03
8.926553011425656381e-01
4.038759088898551397e+00
3.073979867362314877e+00
2.903342347882727825e+00
1.033933288891863755e+00
2.174506755143673707e-04
6.152548426246951748e-09
2.643929394874131527e-09
9.058314829426847068e-07
7.038874312201997847e-05
2.184150059770117883e-04
1.307247525595511654e-04
5.789735416973095547e-05
3.791197236575939993e-05
4.314634791471299983e-05
7.270965972908597491e-05
1.346356413491700619e-04
