5.689309433844538799e-02
8.117580203825597307e-01
3.243956445861067572e-01
5.994555008165939336e-01
3.439163538656644370e-01
1.726669767186726823e+00
8.945356847369441422e-02
2.095062025041302331e-03
5.610712850199753819e-03
7.293052591285058956e-05
1.247708690197778229e-07
7.577688155278776607e-08
1.035754692697508835e-06
1.157811038688108995e-05
5.544466739483416704e-05
9.336604234962815835e-05
7.985172881961019099e-05
7.145984502791771081e-05
2.655030118758868688e-03
9.860394228915587700e-01
1.004302049302752575e+00
2.620462572820497771e-02
3.260664836022977332e-03
7.046691844063736332e-02
1.938150939477245593e-02
1.181606984946340783e-02
8.911430498646222276e-01
6.786269108567817565e-02
1.254099514446866998e-04
6.195176748646912447e-06
1.654057165385430394e-06
1.819621043663901998e-06
9.488511964033802192e-06
4.220198133369325929e-05
6.743906845224433661e-05
7.172384935123003139e-05
1.458037533458638299e-05
4.063475527971627949e-02
9.202761720936252221e-01
2.568965311121668843e-02
1.839594586391036374e-02
8.705483836200547110e-01
2.412779757565931132e-02
6.003256317604917626e-04
3.257145823219250586e-02
9.871054116890709551e-01
9.656397765413347045e-01
2.632637191839647811e-02
2.130669304601744130e-05
1.242468756197468071e-07
1.814116713288846900e-07
4.068284323935055409e-06
3.655824206615959540e-05
8.034714087424446138e-05
6.795801447456185337e-07
2.296358503209101529e-04
9.008450591823860196e-03
1.246403002721839124e-03
2.167409877877368371e-03
3.189596718351341009e-02
3.516303520134538333e-04
1.165068502966016256e-06
7.560982052224945499e-06
4.211945877042092522e-03
1.004421182962185188e+00
9.478101738217289407e-01
4.837408303622265423e-04
4.596641089136695724e-08
3.216370525087250898e-09
1.445350060163445980e-07
9.737819016008694494e-06
6.768861052859285728e-05
1.175308576092307933e-06
8.871984900730313289e-06
3.783287274590795880e-05
7.955836020744334362e-06
4.600757048924576382e-06
1.032411798084199603e-05
1.158044590279969310e-06
5.054973910237388319e-08
5.799595342996976641e-08
1.232610606836326873e-06
1.893926076396903601e-04
5.018866178703088043e-02
5.276159980303895408e-02
2.209369814505081377e-05
3.540064594966054753e-08
9.230527407183970283e-08
3.832704665648529972e-06
3.591325626565806728e-05
8.764041568205753921e-06
9.207086816495678536e-06
9.045723884512039343e-06
3.045158397759181066e-06
1.205386339456466297e-06
9.590108960769131099e-07
4.717214575926333606e-07
1.789385155805282175e-07
9.517784172991653319e-08
2.764339429480871016e-08
5.633184718226771138e-08
1.282920002971910751e-04
7.409776034503554598e-01
1.227738426151538248e-01
5.392994274147599445e-05
2.753209186519975137e-06
6.170048937323294866e-06
1.287045410546090505e-05
2.948786206084543819e-05
2.167702934180372560e-05
1.903682944778799580e-05
1.566344152585345134e-05
1.264781464825487649e-05
7.319505105309063012e-06
2.350359421982650176e-06
2.056373890793233080e-06
7.240523301914888012e-06
1.283325518700206441e-06
5.089724186005979432e-08
1.052563327518054525e-05
4.108624848677859820e-01
7.286465393136928315e-01
6.778413051506454109e-04
7.424698326111177967e-05
4.879300646668377473e-05
5.081189015568582949e-06
2.404555279892034862e-05
1.294272809043778286e-05
1.054564567627441959e-05
1.534356203951687812e-05
2.927631151590497584e-05
2.045235707552159641e-05
4.520151251826460024e-06
1.713639794145601882e-05
4.004569627163554087e-03
1.032774940793110274e-02
7.966735952380251502e-05
3.459783903330934706e-04
5.228505400629346322e-01
3.402171607059163994e-01
2.419589280288384284e-03
1.101331617526186794e-02
4.098810419517426480e-03
4.728411643112997905e-06
1.153397842026204583e-05
4.871175504150119778e-06
2.332523921250419746e-06
1.700384921658599768e-06
3.347452865931998125e-06
5.086244489484487202e-06
2.563918266825022063e-06
2.813613414738400678e-05
3.382278742262057741e-02
8.885724954256214447e-01
6.194882038441507782e-02
2.996562033437915468e-02
3.988974231504232582e-01
5.925364102373885666e-01
2.003528181471942726e-01
1.817954201774559797e+00
4.941353856600475686e-02
2.981785334542706645e-06
2.269690548667280855e-05
4.957207888074031076e-05
2.484388333632934416e-05
1.027237264100772522e-06
1.202653869076902431e-07
1.870226657839635579e-07
4.181217549500350102e-07
2.246135743412891859e-06
7.298597757585769980e-05
1.797688023993648408e-03
9.366849511169597631e-02
7.254669201073553619e-01
4.783362248704089992e-02
6.698467676562574677e-03
1.058410837967412553e-02
2.729181268678972441e-02
4.262869597349368180e-04
3.677060556428571226e-07
6.041482740053865530e-05
4.652680623002773685e-03
2.885926419316665534e-02
1.090376622444366500e-04
1.095836420200616797e-07
2.170533699191475589e-08
6.884457710579194635e-08
7.110972809981687595e-08
1.857854023697598533e-08
6.329562952846978898e-08
2.217731980050313494e-04
5.723074897879903283e-02
2.401677957933907447e-04
1.296324422522128106e-06
7.092966455970102252e-06
8.215287430840415364e-05
6.971993069173716789e-06
1.717301171519291142e-07
4.199850215495536029e-06
3.481329849189261898e-03
1.853624063053927351e+00
6.267837022300042082e-02
3.376382149633313915e-05
2.148874575771345124e-06
9.991627382036015618e-07
5.886360398346523168e-08
2.476946369537658536e-09
9.686153858851123807e-09
3.562269810259616930e-05
9.757981996426728227e-03
7.473784146032058380e-05
5.723479784496032724e-07
4.446732174780771758e-05
7.540817573630616971e-03
3.618835253957667871e-04
1.825647836621109809e-06
3.523325017381251026e-07
1.115243322482555987e-03
4.224439299485927890e+00
8.579178993119880303e-01
1.894115379470097740e-02
2.876277750031226710e-02
1.582965955521441030e-03
2.037977888479220805e-06
2.393684179975694760e-07
3.257749671088041064e-05
4.981679203960293068e-02
1.885007530225479844e+00
7.686737932284669339e-02
5.719059899328365979e-04
7.693919182343672732e-03
9.431267073198819073e-01
1.946507583660770507e-02
1.655491511582139535e-05
3.745122007111292336e-06
2.612298703751661857e-02
6.771395979969976331e+00
1.064980714785099675e-01
2.693448403708277941e-02
8.773565458276104678e-01
1.970183874370783073e-02
9.107187380685177852e-06
1.480564843318012749e-05
1.927755063659510049e-02
8.885464631834635307e-01
1.178052612311257130e+00
8.191228880731190598e-01
1.476296221172587741e-02
1.415203613888974671e-03
7.391777091714267674e-03
9.907702767586977488e-04
1.417889456375853046e-05
1.133961879798192647e-05
3.088670753825548381e-03
5.097589639288292035e-02
8.720397568811119257e-03
2.956958943286003977e-02
5.502715615696230494e-02
8.906052921407034352e-05
2.583455831442433040e-07
3.359561599879255058e-06
9.361525829440244233e-04
6.704914265667472582e-04
2.505078291888368611e-04
3.171190954145969992e-02
9.162779045638008713e-02
6.811400858425032453e-04
3.397515735145293178e-05
1.264332988874400466e-05
7.547796280999363380e-06
1.817910466522520491e-06
2.724164876309150259e-06
3.727949487622154475e-05
9.391635657512498181e-03
8.868301497225805630e-01
1.270516367109114642e-02
9.194531828699092355e-07
9.205124276154795287e-09
6.916299161947738957e-08
1.146330108586156424e-06
3.757171899176657006e-07
8.342183370873526194e-07
3.763311311063275485e-03
8.672817437074767932e-01
8.027706488302409696e-03
1.644975145177808256e-05
3.290625371401686015e-06
9.284556333016372198e-06
2.136294443655310478e-06
2.927017986603671925e-07
1.359382540142788833e-06
6.401306955837546969e-04
3.771764802182441673e-02
5.187669148119908487e-04
4.108421631899714934e-07
2.702775878052440778e-08
1.346567032500607431e-07
1.732296395019626884e-06
1.509157654659905802e-06
1.115120545776689628e-06
2.578905532256422573e-04
3.996698551056666882e-02
1.157970098845922035e-03
3.593202126867559570e-06
1.590126446128912099e-06
1.195795648134885529e-05
1.390962671575603473e-05
2.090261196190739513e-06
1.042764886889835736e-06
3.972822376677819652e-06
1.262514064211323421e-05
4.370902267973528651e-06
1.007563128621527123e-06
1.923920419019723979e-06
9.698653239967101696e-05
1.827518474839068957e-02
1.775268185509026875e-02
1.784556953638427850e-04
6.821227645815474468e-04
7.119576509981005719e-02
2.347738551038368836e-03
2.914485835286019071e-06
1.075901937917267733e-06
1.315563029177023815e-05
2.910689195607849453e-05
8.705204516513246029e-06
2.231806572210849454e-06
6.527455168139666390e-07
4.958241550934116800e-07
1.167230158251121070e-06
4.094516641217693447e-06
2.828079296564698253e-05
2.759736980545445667e-03
9.840300068490888119e-01
9.252289997983306202e-01
4.487433610914939169e-03
1.370486642208799608e-02
1.808618623690789518e+00
2.727939851158181842e-02
7.842678069779075768e-06
1.362531620942134854e-06
1.579018980654633763e-05
1.221233656956851659e-05
1.232186212026994469e-05
8.409518788485530809e-06
1.279854126888641165e-06
3.591264679365103934e-07
6.747898929287624694e-07
1.800404467784319004e-06
3.030365248866363474e-06
1.524251246341671413e-05
8.555820030050931583e-04
2.096522463235142228e-02
2.712264079328921551e-02
9.141683042078424526e-02
8.174670104274121829e-02
1.883637207075148929e-04
6.941268500723989145e-07
1.077574129328202956e-06
1.916758204367624427e-05
6.140406986253415572e-06
1.450583258093851872e-04
8.763341328550251471e-04
2.594352503250809276e-05
3.097221722721159394e-07
7.141283533596095688e-08
1.098664938287767809e-07
2.745187102865799177e-07
1.003866842795401876e-06
1.024723291845269855e-04
1.080212669524246438e-01
2.896068000516938135e+00
8.852659842460733897e-01
3.820337291725449391e-03
2.658344794532267132e-06
1.838150715406681461e-07
1.795133872029256543e-06
2.809370119966157070e-05
1.052387354464856879e-05
1.191943760592615795e-02
1.000764535777484587e+00
1.507745316022930833e-02
1.340627976440711087e-05
1.809407854879215698e-07
2.046745552202937863e-07
1.400287210262023821e-05
6.685825680482920287e-04
5.010464011495895098e-02
2.760191035950201766e+00
1.675325741981512073e-01
1.130297589415206255e-03
5.414445456037174674e-05
3.441986203016567398e-06
1.862866760942905963e-06
9.765816578637504474e-06
4.756400940268160299e-05
1.713455575486948825e-05
1.664436549116819763e-02
1.902482266408350720e+00
1.001257159269611785e+00
2.113093842709666895e-02
1.315959368430963481e-04
9.289313985432479646e-05
4.433908640838080811e-02
9.204485177141376040e-01
1.044039639066862701e+00
1.085705441291590745e+00
5.116792056420820488e-04
1.451093921433097146e-07
1.866449984570135106e-07
3.248722117441520575e-06
1.455928731556136974e-05
3.520611809656259370e-05
6.533644849198787751e-05
1.204358804199020844e-04
5.497246061007390883e-03
5.964234778152944366e-02
1.069878656750839818e+00
9.082809713504153004e-01
6.307960041673060445e-03
3.921879171707989484e-03
9.878024940030132317e-01
9.527530957309652271e-01
1.042600732342760239e-01
8.489627684325969925e-01
7.221957620257890391e-03
8.017227199791202427e-07
1.752091234255073057e-07
4.047641386216351694e-06
2.997990453649360107e-05
5.615330123997558018e-05
7.466138716594427878e-05
2.133145704854488497e-02
9.307623628645813607e-01
2.055674051847200090e+00
3.891115915826680371e+00
7.591776724678904464e-02
7.043027341069782433e-05
6.246735658378975474e-05
5.705905670187918013e-03
1.843020999748912246e-03
3.415452968473672813e-04
1.993334667314224443e-02
1.186186304089704296e-02
2.511292517668943272e-05
2.533916269481567069e-06
1.239003960977279640e-05
4.830108717793616568e-05
7.476092000576351621e-05
9.056514869522797615e-05
