2.641738757589893070e-05
2.302437998363994278e-05
1.938400795107310824e-05
1.740698089515062215e-05
1.766923568727543449e-05
1.889478109388970461e-05
1.921509929745661804e-05
1.841520418685576335e-05
1.726753029545133531e-05
1.602288140734829861e-05
1.501493829137720082e-05
1.492603802708261270e-05
1.598894216558163962e-05
1.701867820987588908e-05
1.650008909743675597e-05
1.547211461585282647e-05
1.585893089021041477e-05
1.804082184497453445e-05
1.854031310298459158e-05
1.222031615116276792e-05
8.139799167482938825e-06
6.746900257811561031e-06
7.711335367725058766e-06
1.083294939734304031e-05
1.454529859794615548e-05
1.621472252141792331e-05
1.557686403639529278e-05
1.392636609950418210e-05
1.239435252886955220e-05
1.192569868018243850e-05
1.282132618532251455e-05
1.386026623257564740e-05
1.349899870126315630e-05
1.289172163686602923e-05
1.390882636179628376e-05
1.674879928449905995e-05
9.766191449779755224e-06
4.471805340617261286e-06
2.870266508449086622e-06
2.645205767280740552e-06
2.899621325668427907e-06
4.392595884959459615e-06
8.453063823037985366e-06
1.342408178290254338e-05
1.521472260265085062e-05
1.409580922453349375e-05
1.229664903499712880e-05
1.142258236694518829e-05
1.197081670452067988e-05
1.278080378215393304e-05
1.245445676759919907e-05
1.209706676777077713e-05
1.338618213210803210e-05
1.643518976609668387e-05
4.820715791274656854e-06
3.005554437209663384e-06
8.416643675815244809e-06
2.123861962312567847e-05
8.719423654399412822e-06
2.990574015132631890e-06
4.152644906175013003e-06
9.623796109779335795e-06
1.451237243592242335e-05
1.474624698686467868e-05
1.312834507735364990e-05
1.215773757123977861e-05
1.250161375046530737e-05
1.312807036534837671e-05
1.279987491491195326e-05
1.241991396331443496e-05
1.345867532133623496e-05
1.617603774047869295e-05
3.306863312049723325e-06
8.651541501527810552e-06
7.133082245596633533e-04
1.394142992023526297e-02
7.193237727054379487e-04
8.067403490175345770e-06
2.673582086639399906e-06
6.951427592099939072e-06
1.362343404851576909e-05
1.490899915299699272e-05
1.348197495902519685e-05
1.260585378880283430e-05
1.288771410960908923e-05
1.346710602885675227e-05
1.324057288821080514e-05
1.280115536597889154e-05
1.349963000679988466e-05
1.589175071958459810e-05
3.404189753541307782e-06
2.368444141437123704e-05
1.473808818844350547e-02
9.419213548169543815e-01
1.456527646270439763e-02
2.133432550234119545e-05
2.709195172633584982e-06
6.608130755933990368e-06
1.382076534193197028e-05
1.503066171758098993e-05
1.341242313132683598e-05
1.249224683364090702e-05
1.266350890041175930e-05
1.318280612794212267e-05
1.301420361100623027e-05
1.253972272253287481e-05
1.313611839277972868e-05
1.556821318856051840e-05
3.950040742533776516e-06
9.789096386897455364e-06
7.215014885164948780e-04
1.381262999565173108e-02
8.077904755683438902e-04
1.053360200933225060e-05
3.647117764796147707e-06
8.823680896273000470e-06
1.524499958054975096e-05
1.504042033563330091e-05
1.311760657948407153e-05
1.225633009999362375e-05
1.245164174126499345e-05
1.292379018071330783e-05
1.267165273924341009e-05
1.210189355280622505e-05
1.269155317252188381e-05
1.527349971457119665e-05
3.270776069185820391e-06
1.403640314480884019e-06
2.929051949218146681e-06
7.558869177816485611e-06
4.803822406269511303e-06
2.908442011896228202e-06
5.548135580503795903e-06
1.282015794933643505e-05
1.629231179523185448e-05
1.421649645464361398e-05
1.232126263013235594e-05
1.191793003263678958e-05
1.250142358034842515e-05
1.308734359283565961e-05
1.278624114561901775e-05
1.222942537089273428e-05
1.289826254795529605e-05
1.554938098867608286e-05
1.167006139049878742e-06
3.721750193755115946e-07
2.508659382851829748e-07
2.224645545264082630e-07
3.550925536628484206e-07
1.474911631730814313e-06
6.857350842315313058e-06
1.476779395023424416e-05
1.552933764729090796e-05
1.277787161856732175e-05
1.129444070060352840e-05
1.152290596386141299e-05
1.269410212839216464e-05
1.350292888960407849e-05
1.319329780167543882e-05
1.277250467819329665e-05
1.365234300833820657e-05
1.637795919441429116e-05
4.279967520072480523e-07
1.403356354466706945e-06
7.541687323807592559e-06
3.434039899567986057e-06
8.342392953031896413e-07
1.438907167403844298e-06
6.332976442250550716e-06
1.426868778677552878e-05
1.513482636149959670e-05
1.250209121997779253e-05
1.111565952204377515e-05
1.156946836271389138e-05
1.306062690758520768e-05
1.390814273455698694e-05
1.336791326575917413e-05
1.286167320522446217e-05
1.382959212440657870e-05
1.666034454399211177e-05
1.759045451903569466e-06
2.084664578078119026e-04
2.215369486231998086e-02
5.173780565731532152e-03
4.471122016292229591e-05
4.940087003052215248e-06
7.977451219028283737e-06
1.639462279076088673e-05
1.830158838496412301e-05
1.498427552445519931e-05
1.264452187426346723e-05
1.252744168091542081e-05
1.371284077040001438e-05
1.423518948525784230e-05
1.330871095480269827e-05
1.246193229080371493e-05
1.315479474541901081e-05
1.587004452899908494e-05
1.147567979203054008e-04
5.159009971678538142e-02
6.858424731164987520e+00
1.027989387981631753e+00
2.010328886397865292e-03
2.953711479078735455e-05
1.386095805122034495e-05
2.018343785771075822e-05
2.161648355360090592e-05
1.728024086157065547e-05
1.400790051746103520e-05
1.339917140447825216e-05
1.437733076285659761e-05
1.482169285005934737e-05
1.382557392867274205e-05
1.264808895737037674e-05
1.271949373277959183e-05
1.485372129941114137e-05
2.257711404138668197e-03
9.137643546910861891e-01
3.422740151185256963e+01
1.926745698726829659e+00
2.255815448544861400e-03
2.109897954352395758e-05
7.125152484565486810e-06
8.731210791842192379e-06
9.801243874026521429e-06
9.778558758192740192e-06
9.354375567121429535e-06
1.009476606850877928e-05
1.289552751798265246e-05
1.555441799366011484e-05
1.559371382866686572e-05
1.409562522111740480e-05
1.323478547609713112e-05
1.448578763801649567e-05
9.243778634707900028e-05
5.237333370083496753e-02
1.079453112809949467e+01
1.055895067886952310e+00
4.474992490657141446e-04
1.728228445062059968e-06
3.926557098393762150e-07
4.005101772847409095e-07
9.137466906339624414e-07
3.217783282513383333e-06
4.596072368819487073e-06
4.243069919066884177e-06
7.151825498536582487e-06
1.402268386659440128e-05
1.778946377481128454e-05
1.621387775603060170e-05
1.425851573888875108e-05
1.472837168745377819e-05
8.118977453504064494e-08
1.086791865786214230e-05
8.040611046655106453e-02
1.008464462253778837e+00
1.211655041175719802e-03
7.706277305212271076e-07
3.265160941699451639e-08
1.990503613166964388e-08
2.861021063864802928e-07
1.605364284871374842e-05
1.932638612408161269e-05
2.339444771657549862e-06
2.281372528370832465e-06
8.745264608275520640e-06
1.763017385537640357e-05
1.719241259160758813e-05
1.451117798807067332e-05
1.465549162305120602e-05
6.928438890311916916e-09
8.080188046610775123e-08
1.405923583117219986e-03
9.321323394033641518e-01
1.241252513855376979e-02
1.094330746451829086e-05
9.424389249856537288e-07
1.045261143167079943e-06
4.525640714492793534e-05
1.294456612713077229e-02
2.566106122544184291e-03
4.945850606422451033e-06
7.771618629990364872e-07
4.432651977134639807e-06
1.497910721276332045e-05
1.643663683733632036e-05
1.365216378512781870e-05
1.379860503807427904e-05
1.487908695691593949e-07
3.427828503102250409e-07
1.556987210982668855e-04
1.555034453983619551e-02
1.270244013449403717e-03
1.203163193661861572e-04
2.838129043755042991e-03
2.329689098913712009e-02
5.873131491970075974e-02
8.946922676764804683e-01
3.088821508442695860e-02
9.989461046694241087e-06
5.921306846220377447e-07
3.368149966750377783e-06
1.353718371478181201e-05
1.562528692113028428e-05
1.287582289239045854e-05
1.299532355975464571e-05
3.035882812591215372e-06
1.961120173340459778e-06
6.684990866788791021e-06
1.714235693022670055e-05
6.874449852740018577e-06
3.027276385940517943e-05
2.326975075658903672e-02
8.258152819261072031e-01
4.792882033553988452e-02
5.882866704344104358e-03
3.898668416971155944e-04
4.128658280145895735e-06
1.141485522375694471e-06
5.196566898502118936e-06
1.459207723979986479e-05
1.526406939329027939e-05
1.261882023713635857e-05
1.283050104498916359e-05
8.483601829377472757e-06
3.201461119794172438e-06
9.871538039383325903e-07
1.598699104089146374e-06
8.171815074381689662e-06
1.832348294050576288e-05
7.736479924149533040e-04
1.385971350593434015e-01
2.013293094273617412e-02
8.195797797164050698e-05
4.742773213542964914e-06
2.102561056218571526e-06
3.731382798600368943e-06
1.059029868453736443e-05
1.599968124234926538e-05
1.428648933975756584e-05
1.232392194352603578e-05
1.312412706125576844e-05
2.394132886777477215e-05
2.283381601587808178e-05
3.678298147876717803e-06
1.806946098910371093e-05
3.598708514385902304e-03
4.724677107403006671e-03
2.835843288369537668e-03
8.746997807541867509e-01
9.641344083810849952e-01
3.431860113727199218e-04
2.815525035042581883e-06
3.267767278745229716e-06
1.031637008937941935e-05
1.703715484673485361e-05
1.598069644750626278e-05
1.304184722661193663e-05
1.216569262920559320e-05
1.387212830876462968e-05
4.318982957623546072e-04
4.189166901059008900e-03
1.562949878117938607e-04
6.024382243918759378e-05
3.373993001710583195e-02
8.294281461208230510e-01
2.289311888850097676e-01
9.355789823952408435e-01
5.051486264177470348e-02
1.749695243691075204e-05
7.171239086888456204e-07
3.613436894652925393e-06
1.625182671801840150e-05
2.017388831072343245e-05
1.524310897156853385e-05
1.234112281946160942e-05
1.247358757890829962e-05
1.504395264336729946e-05
1.021169415407969377e-02
9.761680923596468551e-01
5.141379325471954684e-03
5.474172055452217330e-06
7.328280340763495551e-05
7.606723257581046727e-02
8.586017333489700532e-01
3.113024200683776888e-02
1.488697200299435465e-05
5.226700162851668232e-08
1.301246186222545960e-07
3.749207149343053877e-06
1.930131241580301942e-05
1.977450671050140214e-05
1.368239911396099035e-05
1.146230914913785162e-05
1.260412596253398069e-05
1.611031380405064266e-05
8.172015535987772750e-03
9.799115492328427379e-01
5.498159143802149734e-03
4.618577308956128333e-07
7.975491882775803307e-08
7.001713438843827500e-05
1.733367966560603324e-02
9.209091136675045825e-04
6.864803460493311736e-07
3.869961305529633722e-08
4.469323620579402144e-07
8.384595384431629708e-06
2.219255639200248532e-05
1.717711261926184538e-05
1.147889267272047098e-05
1.031852639864576417e-05
1.255380582702036780e-05
1.717160022267471618e-05
2.753208885914303766e-04
5.242285432411742871e-03
2.704396612070272040e-04
4.791194425176168634e-07
3.155659965351537024e-08
8.271023421558269706e-07
5.439745018357656847e-05
3.544514791287240395e-05
1.877191474649744140e-06
1.028000463606542326e-06
5.423114463003233400e-06
2.071459678114868385e-05
2.384410868280393089e-05
1.531780414693576951e-05
1.071320524741828123e-05
1.050418153060497197e-05
1.364879827681997424e-05
1.904571674390428718e-05
1.839190566292474529e-05
5.044606973682489408e-05
2.087283324936124271e-05
2.204512449096714197e-06
5.491890920538041661e-07
1.089773666407381880e-06
5.307278130689005465e-06
9.317024478640889662e-06
7.948331649104369411e-06
1.135142816847938419e-05
2.285354196659918920e-05
3.097836501964063304e-05
2.481509732866806617e-05
1.656718045217367668e-05
1.296051331326418974e-05
1.334148324471814319e-05
1.679483869645744638e-05
2.181740774563923219e-05
