1.830321709907070250e-05
1.538065037127064050e-01
6.720291084428766659e-01
3.288183411425884550e-01
7.733043275964778251e-01
6.039587514944649849e-02
1.489674572220120972e-02
1.486563553697743678e-02
6.714426807493246649e-03
8.765273111731593236e-03
8.877778146381066137e-05
6.766202907717408500e-08
4.187832569744649919e-08
3.650532880828158807e-06
1.019395254628081539e-04
1.695745102320123749e-04
6.779027345493873280e-05
4.199998084813260236e-05
2.785163987466483804e-02
7.702205660204282101e-01
3.597393237821660539e-01
1.775598290607872887e+00
1.151138676381038839e-01
1.374805690353103236e-03
2.282720550198319778e-02
7.478861356860524445e-01
1.291219259844951450e+00
1.705526608388875820e+00
1.465085240522709387e-01
3.859715461046541547e-04
2.846483149597009941e-06
1.853356610357815362e-06
1.949403850816737495e-05
8.152215336021026958e-05
6.063935527774236538e-05
4.297793405135174542e-05
1.176783577156518927e-02
9.566842791366851270e-03
2.180815177532499996e-02
8.351845408247074998e-01
3.191200660417624346e-02
3.616170993251743154e-03
3.854863661774048100e-02
1.583493845295136371e-01
7.492587916440027751e-01
3.089281080510549171e-01
7.990163152160519866e-01
1.003529275520499642e+00
3.613080869146223810e-04
2.356511416480134033e-07
3.855065571827968238e-07
1.127393005496409770e-05
5.554902832390277951e-05
7.670276106958890002e-05
2.631430932669169467e-05
4.375289179185027662e-06
5.985951713544293139e-05
2.653712642913084313e-02
1.597824773188877279e-01
9.578358215999200898e-01
7.066462241567408320e-01
3.144803988014803764e-01
1.832508116175775248e+00
2.798878114324911126e-02
3.662083130095537126e-02
2.001712398501612977e+00
2.146268563032038314e-03
9.733212918192673472e-08
1.724987592570245122e-08
9.884284077333005190e-07
3.254078724819759046e-05
1.270375606943235816e-04
2.320377699719408317e-06
1.605639289499754930e-07
4.568904520140582781e-06
3.237042748026178890e-02
1.798627721275245506e+00
1.420792484184988103e-01
3.664835448743209226e-03
2.359510693903856676e-02
8.078145973042580863e-01
6.006985794736217216e-02
1.139802860084089403e-01
1.841350965286181918e+00
1.210881266052941940e-01
1.554774282932965283e-04
6.921456120582962797e-07
7.558027871804263589e-07
1.579804299982271040e-05
1.283864448289870135e-04
8.714934051800765622e-06
4.942451183682229512e-07
4.914796387875233705e-06
7.160898672924251654e-03
1.345500842801466285e-02
4.784526653853178711e-06
3.802776030389040659e-07
5.475657035590803185e-04
9.789280627262270107e-02
1.854766318974392925e-01
5.778007077668051439e-01
3.768470573269676049e-01
2.668361995370315931e+00
1.073178358026274148e+00
3.709429826779386688e-04
2.634985593656145510e-06
6.656096238052969851e-06
6.391786227709891682e-05
2.589975006703350863e-05
2.442334086917197430e-06
3.323248817113843511e-06
1.527724127526250815e-05
2.764241772015749364e-07
5.783851282025997296e-10
5.472455862804190941e-08
1.246559121065769944e-02
8.427651140273364483e-01
5.213626697052857473e-02
8.177852962229385791e-03
1.009132839139754816e-02
1.227245646721130568e+00
1.882502927302414752e+00
1.639265792316729796e-03
6.946942287920960407e-06
2.494198866215861367e-06
1.418693959176636810e-05
1.885219720739380196e-05
1.878719415946020568e-05
1.224263538233822106e-04
1.806190179034630747e-05
2.586200151171436298e-09
6.355987436493887858e-12
8.543513371789359912e-09
2.762825464928105133e-03
3.064556886995263921e-02
1.057375651260655938e-04
3.550889783212186727e-05
7.904821884094671847e-03
6.834807765704671301e-01
1.888495243251173683e-01
1.601832903726218768e-02
3.838677015794993326e-04
3.386164603570289816e-06
2.537781029337015541e-06
2.090926477690050612e-06
3.195963192703981992e-05
1.360974296762590061e-02
3.324136227128460935e-02
4.238667418727936661e-06
1.885545536506645308e-10
3.608548427838280669e-10
7.362727796683844711e-07
5.093183803790036532e-06
6.840027539258060232e-07
5.543333765043356905e-05
7.590598537983524186e-02
8.629044015584372285e-02
2.619920709700498951e-02
8.425562689069727718e-01
4.201975409344337747e-02
7.344438798553236037e-06
8.384383972932699552e-07
1.179880440393258983e-07
4.211289685375735750e-06
4.052119948017533259e-03
7.115811470702783081e-01
1.777256098125689632e-01
1.455646950107981136e-05
3.223839341909425698e-08
7.112226911074111954e-07
3.987111584185699270e-06
6.803272329299531646e-06
7.373644918087405957e-03
8.923234404895964422e-01
5.145447763051745095e-03
3.640111244889344282e-04
3.029930343693436334e-02
3.565918970094674248e-03
2.250370333013311060e-06
6.270370173597976929e-07
9.590864674102896201e-07
1.428350447373204668e-04
3.364799264869762496e-02
5.469068050408599779e-01
1.564426174590128227e+00
1.951567306071443422e-02
2.726133380234964008e-04
7.136404514777804423e-03
5.880959543546028338e-03
1.070789779151951179e-04
1.837045791622609735e-03
2.497335784558856256e-02
1.357462415165207152e-04
4.748931984170913830e-06
7.664507795259309288e-05
6.660430032049380301e-05
1.604550605953289977e-06
1.012047782182279281e-06
5.985855462188442461e-04
1.255086591723637290e-01
1.357247112835741376e+01
2.795878087294811465e+00
1.537676151117985668e-01
1.166195248417829650e-01
1.093827793009559679e-01
8.450244200410014228e-01
4.244958489924832712e-02
1.446386314947569854e-05
2.007617235734981926e-06
5.341028178805949014e-06
6.523812720089685215e-07
6.705455352149514271e-07
1.295155746264687181e-04
2.588527409181913368e-03
8.711400536773825640e-05
3.134088362146169632e-06
8.364495944870408914e-03
7.279685275014492474e-01
3.186603407677778321e+01
7.479115987140179556e+00
6.725865303672540207e-01
1.333582266528428262e+00
1.420168712738374972e-01
3.748492101368433582e-03
8.241622192498279024e-05
3.612679698886957412e-06
5.083394586956993023e-06
1.781667560079770263e-06
4.071682302575248802e-08
1.282669749325947939e-07
1.285477984575757225e-03
9.876280392207691383e-01
1.127600751823421184e-02
9.649233837078063095e-06
1.156192423357920096e-04
1.704569591821507024e-01
1.237159199131539822e+01
2.366827303447489594e+00
4.382361735157129790e-01
3.940356949636024675e-01
4.393846510939290739e-02
1.742621734275679401e-04
2.053218584013327385e-06
6.596032267775879261e-05
2.808459260113510894e-02
1.293737080732044412e-03
2.038555428381992956e-07
9.828846022444098103e-08
2.485159031256169767e-03
2.939301530695104248e+00
1.642664608877834539e-02
8.721050135650124346e-06
7.240070893234716498e-08
1.904661709374601253e-04
1.011505417594793649e-01
1.684749308255893696e-01
5.634991015245501694e-02
7.186310678090711279e-02
7.604084402571273937e-01
2.541667831529154098e-02
6.016218585439798381e-05
2.410801327762560325e-03
8.847570651126159813e-01
1.098296658760201418e-02
2.751118070470787603e-06
1.095452557289089137e-05
1.197351033596671388e-01
1.009172552911292708e+00
4.890009686309194654e-04
2.061977543531819244e-06
9.447636252356262338e-09
4.966672448025388572e-07
1.418806342442900312e-03
8.590948167711234262e-01
9.185820533846056346e-01
2.918428308516177183e-02
3.737772218903874510e-02
1.841842608104217460e-02
6.708916190532170434e-03
1.064003356834366393e-01
7.480144136115927933e-02
7.444490532157788977e-04
3.994425554144717677e-05
1.476250872820023636e-03
7.385454105773432421e-01
3.120330821539614094e-02
3.829481739828061386e-06
3.633998182566685720e-07
8.011274511900796916e-07
8.809995369175590531e-07
1.160996013472242143e-04
4.581933417386260810e-02
1.849029815154309628e-02
1.768572553148755418e-05
4.538957927279590043e-07
7.421539147775933668e-06
1.669373689327603369e-02
7.161616323750681357e-01
6.162686116993100656e-03
1.409977465441172558e-03
2.138468015043045248e-02
7.953992013257624172e-02
2.127400744523935960e-01
7.395825957994422474e-04
1.435202832593724717e-07
1.231764307263629813e-07
3.838140169659620367e-05
2.041702829756875042e-06
2.662997301669685860e-07
2.505648105829114179e-07
1.798505090732820142e-07
1.573939954798154067e-08
2.048026743761605039e-09
7.704738871909737504e-08
2.028673892788305892e-03
2.995770099730199476e-01
3.100674301755994636e-03
6.795205829094326522e-03
8.047594452434962964e-01
9.994200110905462342e-01
1.798037823663240165e+00
6.890491581374179157e-03
3.008761420466149885e-07
9.946294604010757716e-08
7.668918661707411295e-05
1.365806602067083244e-06
5.056988738942969159e-09
2.310758543982948993e-10
4.291359831565373366e-09
3.514341307793742490e-07
1.981694373581266977e-07
1.401271615936331378e-07
3.170160342033467404e-04
6.178931895025171483e-01
1.173800899082005494e-01
3.954378783778682988e-02
1.464560325551721998e-01
9.914819074686290201e-02
2.005047092047088864e+00
5.425157894773385142e-02
1.398315641608954757e-06
1.444630872834268187e-07
6.333083499561353749e-05
1.282744478926224473e-05
6.367161998502523897e-07
7.278328329964418326e-08
5.945258179631906569e-06
4.339601541087920351e-03
5.267689945041778435e-04
4.189032179385411836e-06
3.646911407751773177e-04
4.866114691328450315e-01
5.285479475909988789e-01
2.670300350431965009e-01
5.065297509804786991e-01
2.871307311535380991e-01
8.308827963449778586e-01
9.349859773050365336e-03
1.843988825757031947e-06
5.738666956669602194e-07
4.288916379843066572e-05
8.923632633100424651e-04
2.250855224266930243e-02
1.654436423276335263e-02
4.801210786127813046e-02
9.204290551694149780e-01
2.617067222364831761e-02
2.781101438993019578e-04
9.709761786358598809e-03
5.762583926075458551e-01
4.858444921835065600e-01
8.498333858268320995e-01
1.309637851454086288e+00
7.641343917277927389e-01
1.019147695949023380e-01
1.665945007085804167e-04
9.433045311023738393e-07
3.306688688032657439e-06
6.060273050806808718e-06
1.171362287166250642e-03
9.310166596691268337e-01
9.175132160375787382e-01
2.705278407829845091e-02
5.030667567458433492e-03
1.876130414575484886e-04
3.408407399553679032e-05
2.323763342441322651e-03
1.371692421471212842e-01
1.810222854259024405e+00
3.848087112805146148e+00
5.214949667693828672e-02
1.535428586655075136e-03
1.433597874220259873e-04
2.048320898156953236e-06
6.366412073208532741e-07
1.209519119424549458e-05
3.946420653812280334e-06
8.278059105819202297e-04
1.393489760512871822e-01
1.275231626571585869e-02
4.421222419509420761e-05
1.652686111059165872e-06
1.982509444384695449e-07
7.152830438249314858e-07
3.181026560697923630e-04
3.103851480396841583e-02
1.130464478271356876e-01
2.062219115122796570e-02
6.724996013573684560e-05
2.208459756380949924e-06
1.788922634690009007e-06
1.114052988531227075e-06
3.040147357340403976e-06
3.673327830665958728e-05
5.231618731576807895e-05
1.788479917318300250e-02
8.196935525613153750e-01
5.670754788097306237e-02
5.476915433998810799e-04
7.016532247786494075e-06
2.244482238427713267e-07
3.307193027814529413e-06
1.914399360066218816e-02
8.628563872633008280e-01
4.293046045429487444e-03
5.724491033485190608e-06
2.799873924656940262e-07
5.923306146526153952e-07
4.575734950435491000e-06
1.357921939325921229e-05
3.158093702268080711e-05
9.229527991381914344e-05
4.219220081309062843e-05
1.196994721272957212e-03
6.025214182986660810e-02
1.001669842197030924e+00
1.953749233510220451e+00
1.458198468643505212e-02
1.226113770291234595e-05
7.092430718838778505e-06
3.310641976515408917e-03
4.330304424895686788e-02
1.460040363631647106e-04
4.672757280730274757e-07
4.253024546972691426e-07
6.878230893991803372e-06
5.786112449490633455e-05
1.212793282670942955e-04
1.432703563041583803e-04
1.771269335821169387e-04
