3.082810172119551748e-03
9.516421431063293301e-01
6.105537032524183338e+00
8.621150447310608200e-01
1.143377040696328395e+00
8.546795939750461146e-01
3.940037176296763699e-02
1.155410613088408631e-02
1.970198257113420920e-02
2.609575940286627468e-03
1.645356028483343111e-05
1.262667269170568252e-06
7.413414894211559462e-07
2.289513144625644516e-07
6.553413408716167361e-07
1.583799689718503508e-05
1.547681996057397936e-04
3.440867080764877547e-04
2.477538749459281522e-05
6.716454079381892206e-02
4.825396955923043407e+00
3.170013911906835347e+00
1.910454320203434753e+00
7.789560133138583031e-02
5.634722153694742691e-02
1.969715663610441148e+00
2.922953968197042229e+00
9.705042661549970751e-01
6.157392450972705433e-02
3.268721771118088693e-03
1.050669742296732930e-04
2.475842965955538585e-07
1.896447545570812240e-08
5.088629393039138720e-07
2.807760277685142843e-05
1.934369905386460159e-04
6.276661695607375395e-07
1.438168641177713222e-04
4.747728679067109506e-03
5.341439609137163536e-02
8.424826850669061562e-01
2.982117296002013973e-02
1.407297890901107115e-02
7.324714382626489328e-01
4.606961747255887141e-01
6.800978409728917207e-01
3.209359469087736283e+00
1.724290027205522824e+00
1.348898165090286483e-01
9.146691662081831830e-05
9.190466704740521580e-08
1.169389767480172621e-07
6.628896326775880254e-06
1.149291750621999627e-04
1.737423965800718548e-06
2.802987383188696840e-05
2.968524181564809005e-05
7.990524193628680189e-05
4.115941563161894939e-02
7.908720635720536962e-02
4.777235885509936546e-03
1.242319631193021939e-01
7.292366699844310407e-01
2.943938253238035929e-01
1.630728265582354286e+00
4.583413400241336255e+00
2.603855902069758255e+00
6.627190656599395158e-02
4.648653383687641216e-05
8.504736325669704082e-07
4.451815360767422133e-06
8.163716817189811052e-05
4.530336517785973590e-05
3.393059524963735162e-03
2.466882610305698876e-03
1.346103713984002478e-04
2.010622246777219249e-02
8.325721073671747963e-01
1.292956830624887934e-02
7.580161664485238204e-02
1.881000020002614681e+00
5.247880786469001635e-02
1.151451735523903730e-01
2.566899391808117326e+00
3.332268574309285025e+00
1.981923649366428730e+00
7.518504026807534997e-03
6.493229947102347245e-06
2.756123847297491912e-06
4.950809237934474828e-05
3.491288539847212991e-05
1.591298902829351575e-02
9.080086777561221512e-01
6.413222687609593242e-02
2.498715454837471470e-02
2.887341468422002788e-02
4.974116961878062007e-04
9.489450253855482393e-04
4.196103893310869359e-03
2.407182974020778603e-05
7.746770125229566128e-05
9.211694871543678331e-02
3.017361715090962626e+00
3.782733913714474205e+00
1.153817827815428743e-02
3.947179531607969390e-06
9.306640779479951084e-07
2.368438137599810262e-05
6.879822107845377646e-07
2.721054668852646797e-05
6.966411035951303177e-02
9.052201540862204743e-01
1.161136099455384492e-02
7.686183683191767993e-05
9.594717606357979346e-06
5.854930170914911724e-05
2.498797762678956369e-05
6.517948414369882148e-08
1.350375044405342079e-07
8.734178283560515340e-04
9.196715514632389787e-01
5.228598112194802638e+00
6.346780942863743114e-02
3.429077827043605143e-05
1.337237040138491142e-06
9.749152726287025174e-06
8.729656746954471553e-08
6.105016574006803557e-08
3.904637557636626356e-05
9.873913710806722296e-03
1.045421968294113881e-03
2.581527738922838382e-05
2.373705263921337789e-04
1.069269075570502582e-02
4.700537776949012688e-04
2.349736516777960306e-07
3.956759856647775305e-08
1.018754722370415306e-05
9.625473585158706921e-03
1.784674066273505444e+00
1.913626105858461601e+00
1.229008314564745746e-03
1.099068375740762436e-06
1.005533911110040410e-06
1.493058167909008891e-07
4.173976841307619768e-08
5.586656694491405156e-07
8.860161215126057048e-06
1.236679091303730786e-05
4.357721515304213093e-05
1.264093875892113340e-02
9.478504324171456163e-01
1.244551783913237265e-02
3.358191867991629226e-06
1.006178898494470995e-07
1.143104877024810993e-06
4.162179070235238099e-04
3.112209198127775522e-01
1.963316402185764309e+00
3.032889106545933952e-03
8.326971941272723887e-07
1.486101544257719451e-07
1.053588852676790645e-07
9.545968886748555795e-07
5.091497523519428442e-06
1.192033205726216661e-06
2.055941258054193204e-06
4.490076375508117917e-05
1.726637687707324948e-03
1.190434375140167304e-02
8.787637122144210814e-04
2.005287477926802917e-05
6.959224619444936933e-06
4.950389202236734520e-05
6.358920680322652057e-03
7.186061658495644933e-01
2.984891543490826749e+00
1.541716513135353572e-01
1.530007660334617393e-04
9.439320115237257107e-07
1.698333728324418342e-07
2.540112917485043745e-04
1.183520334738349077e-02
5.720797515919282027e-04
4.525517927071422619e-04
7.899844382155929131e-04
5.538238834139850713e-05
8.541251989889582036e-06
2.161297749283459902e-05
8.718990349545803356e-04
1.370395731704041400e-02
5.462534053442094292e-03
5.422718258429923277e-03
8.015141140826492760e-02
1.206803964588177847e+00
1.579811216797674778e+00
1.193888528305328545e-02
1.984585738591852921e-05
1.934117834963170417e-05
1.144893072428702918e-01
1.274913783688416480e+01
2.227676500550397343e+00
8.917726432798352976e-01
2.363004696555129000e-02
1.354484577169800556e-05
3.346514417926328733e-07
7.534496743609654684e-06
1.593396425332756564e-02
9.369723646372832837e-01
1.103427818661657095e-02
2.414519881289157977e-04
9.246091419960539987e-03
9.026839602405183349e-01
1.374976483267618343e+00
1.013051013039140968e-01
1.178900149224509138e-03
1.478831711372372362e-03
8.654013720755517891e-01
4.424890736282387849e+01
2.277562300690081543e+01
1.032097234954781451e+00
1.811475328772947343e-03
2.420931658559301195e-06
3.272540453275911350e-07
5.523207541719526587e-06
1.472541306740229525e-03
1.637599042335459790e-02
1.937305960792641579e-04
1.152545262013751039e-05
2.433424640523716969e-03
7.265882951190079098e-01
1.910052577842452859e+00
7.128053059147946291e-01
1.121537406823082395e-02
2.285023694432819041e-04
6.930232429781210679e-02
1.887416853228305058e+01
7.175791349016808596e+00
6.213035957747126831e-03
5.835562024001254424e-06
5.009859224712526219e-07
1.387958284962144901e-06
7.860509979801075744e-06
3.888715677207304773e-05
2.951332005813762645e-05
1.576770010221567447e-06
2.048925479130209057e-06
2.017348273398823083e-03
5.446976722953873473e-01
9.390608822614230355e-01
3.034462555498202430e-01
2.338139588643011434e-03
1.613988803298383093e-06
3.822968054416183629e-04
1.001722438129592385e+00
8.373934776875390229e-01
2.207672608643151708e-04
5.402458213463003330e-07
8.299598425105107917e-07
1.172730305738318745e-05
4.305755703637925355e-05
2.902834195111589845e-05
3.010285640625839827e-06
1.416090561049110911e-07
1.108245694046234220e-06
8.833196950388073551e-03
2.279457401764952706e+00
1.118314089324759397e+00
7.479056870490494724e-01
1.863781827151165041e-02
1.192092269327126243e-07
3.428909705771606204e-06
1.191716295474987836e-02
1.603562795817493891e-01
4.345719675400844251e-04
2.442284414250453561e-06
4.346086146782183388e-06
5.987325898704399005e-05
2.181948095948846539e-04
9.679430107085746238e-05
2.899615038702177469e-06
3.473657359862767265e-08
2.172267550099776261e-07
3.835193039644915584e-03
6.594480989266603421e-01
4.808232571163246344e-02
3.072848524076808932e-02
1.052184300387357281e-02
1.987427096791894229e-07
2.080193568689504691e-06
6.576508313231988097e-03
8.531207634198163525e-01
1.461574520049941858e-02
4.387170574256184404e-05
1.569105612037344376e-05
8.169749765541423352e-05
2.285900405419400360e-04
8.002637405128400173e-05
2.103387600170414525e-06
8.141474843172112975e-08
3.817671087894519028e-06
8.870798493340402435e-02
1.306954365418419917e+00
7.954842685970519916e-04
7.747018169346028051e-06
9.985595515214750471e-06
3.890957691132353600e-06
4.329331925691960053e-05
4.325992685142594427e-03
4.251084885461046958e-02
1.897426348362589010e-03
2.440898478490190402e-05
6.520182554357294468e-06
1.330858686768559254e-05
2.164502266764549800e-05
6.971825665385954088e-06
8.117322472093769906e-07
1.336873896124590742e-06
5.226387200600645993e-04
8.777945789404052457e-01
5.426495449911440394e-01
7.102949599701827859e-05
1.243470205830348680e-07
2.425316411596481997e-07
9.876926443184847176e-04
2.015155916081600926e-02
2.920774855821043053e-03
3.281896389483842036e-05
1.527991856761121064e-06
5.640045992658482535e-07
6.676282923059324202e-07
8.790780173707113420e-07
5.566115723358961470e-07
2.038852532556074585e-07
6.903764882600035766e-07
1.606932735553927760e-04
5.410798251526657832e-02
1.040591379271367023e+00
6.986331740053323136e-01
3.351544422984104477e-03
8.138859018435242276e-06
2.736221836533619496e-06
1.736797433539554944e-02
9.256695575908308049e-01
6.941016272153401750e-03
1.318813000834778622e-06
3.216267842172270746e-08
1.507206080087407688e-07
3.587048556045542082e-06
1.036197031354088162e-05
6.314784688459910325e-07
4.510820129805634622e-08
2.708955971382483526e-06
3.884142377371355148e-02
1.845398249608093622e+00
8.803384475775087592e-02
3.639644631540494418e-02
1.396057242508367928e-02
2.767661795160333447e-04
3.802148953582924605e-05
4.032310891140025700e-04
2.836443856644415076e-02
2.761312215726372237e-03
1.303557758518353221e-06
2.030449750319768748e-08
7.639960431614797951e-07
1.732850806177882235e-03
4.464176266675650567e-02
2.154262699345007573e-04
1.344631802305996544e-06
7.405206862818927423e-05
9.638125816541005531e-01
5.089526173332555636e+00
1.158375274588303383e-03
5.991082574299047321e-06
1.028031934477845159e-05
1.956400627267375044e-05
3.843625819361865529e-05
5.953164018481886939e-06
1.318134793468045060e-03
1.689905608793183453e-02
5.032283761453153079e-05
1.569790437360547859e-07
4.391293085977549717e-06
1.928008357651106799e-02
8.448937652474068916e-01
1.541127287007468781e-02
1.940477600665206507e-03
4.950201203347492224e-02
3.009973913703202442e+00
3.909458337712823361e+00
3.111766971061386434e-03
1.908918249464073335e-06
5.357304690505709383e-07
4.092154879316365835e-06
3.719985661134079402e-05
3.357185646069019251e-06
2.436484713014764464e-03
9.214820839711069800e-01
3.088111624732799501e-02
9.907415947839788844e-05
4.250966330016576794e-04
1.709516717160046786e-02
1.039260555286116161e-01
7.494208312400878202e-02
9.425875746906052788e-01
2.924189525534514722e+00
5.467182291983940096e-02
8.439181831005667517e-03
1.947158119691386191e-03
5.234401250621816692e-05
8.233284936536539470e-06
1.759654365285685552e-05
7.527185312300452356e-05
6.817794583122553675e-05
1.635480907996653480e-02
2.108704477897988649e+00
1.805722371474620447e+00
2.772597481610123982e-01
6.650604836650594320e-01
3.098232666011437320e-01
6.343150273437352382e-01
2.157730242806445542e+00
1.948853262153446675e+00
2.749732540920617890e-02
7.570343894631721780e-06
8.074585152382962740e-07
1.634761612985436184e-05
6.467005148573345800e-05
5.533876976978784675e-05
6.895917245371225505e-05
1.338374697932147870e-04
3.983719635033509260e-02
1.866416119743763202e+00
3.138990607730928417e+00
3.867925190788910950e+00
5.101163510215717345e+00
1.926387027482784342e+00
3.308545718402167851e-02
7.503756874743140737e-02
9.359993873341809767e-01
2.739610303877578271e-02
1.909196870859517523e-05
4.687147393362778420e-08
5.250376605238479533e-08
3.149615100882961142e-06
5.331737755621406043e-05
1.204790468041592045e-04
1.507093731847207116e-04
2.113158476324411030e-04
