2.155925738505703527e-05
5.240778831544559013e-06
1.290180279903732913e-05
7.149134616943783843e-05
4.998542206845050552e-05
1.366088624483218828e-05
1.530669572522846763e-05
4.298413098503990615e-05
8.054799833041277688e-05
8.484216774587326128e-05
7.513110645615062640e-05
7.245118946267952820e-05
7.356698862080388035e-05
6.691267240003900797e-05
5.589476157023184211e-05
5.340778901993578479e-05
6.763905072608441898e-05
1.110428737098786956e-04
6.189525303214181788e-07
1.965774985943654085e-07
4.558833309912573370e-05
2.532585201189639645e-02
4.329231039818319006e-03
9.138183097066711479e-06
1.419802295870381525e-06
1.099175750602281331e-05
5.003954396534707704e-05
5.784907633275994518e-05
5.182997920261309246e-05
5.667829233868026983e-05
6.481528607179893513e-05
5.985446079400179146e-05
4.377117837961163731e-05
3.352386286631370960e-05
3.709831327921350714e-05
6.522733386680937934e-05
9.961379536534469131e-08
1.404478556924068361e-07
5.531553806332037198e-04
9.157633278527983478e-01
6.651026794902231698e-03
2.664496333313471120e-07
9.001751602118365578e-08
1.530517045622371071e-05
1.398197983875094084e-04
6.645929202186298484e-05
3.188339656847144054e-05
3.255560399576287836e-05
5.215396884975502810e-05
6.825945536151315656e-05
5.425719420788875630e-05
3.627883538126690872e-05
3.385679982127752957e-05
5.597785676859875120e-05
1.659450247465558738e-06
1.063593107576494472e-04
1.279711076798839553e-01
1.997346345749753116e+00
1.082643278130307734e-03
9.899188029662954060e-08
1.942675673161206678e-06
2.199916786801320821e-03
1.516283181335735921e-03
5.059240664685759806e-05
4.436948329202936504e-06
1.889308149747410944e-06
6.043855648582782285e-06
2.512456983830898072e-05
3.858312460452273775e-05
3.688929874372277867e-05
4.095439112522492145e-05
6.702546111121285494e-05
7.476889223097628083e-06
1.361286774695590063e-02
1.726218865909322941e+00
2.069994793126733956e+00
5.617791577802858788e-02
8.234890578228308902e-04
6.192338409540897037e-02
9.594705711467828024e-01
3.786667235501214954e-03
3.260586869603664410e-05
5.022484801761880736e-07
2.380757996967975979e-08
1.796132213097628234e-07
4.041176511716306517e-06
1.064759982585844674e-05
1.770568629508911855e-05
3.938793025387570142e-05
8.381342147194019898e-05
7.612400607749980478e-07
7.579978254660921060e-03
2.115661342961414060e-01
1.220839832661317625e-01
5.513400929841639764e-01
2.886425268698122326e-01
1.737721644569154122e+00
1.034781797945491633e+00
1.181598013081085023e-02
2.144128423863412170e-03
2.243602427889963727e-05
1.058502644111317961e-07
1.086672098716913350e-06
2.480544338701707753e-05
8.046853958034999447e-06
5.650767662227701062e-06
2.520345225095389587e-05
8.990272414942138374e-05
8.999442331914731740e-07
5.827661013436098714e-02
1.680651286879638828e+00
1.345298959092291746e-01
2.092371627185210803e-01
6.063119594926560767e-03
1.376368943660352543e-03
9.946575230111956434e-02
1.161665578100580243e+00
1.792798886012795689e+00
1.237634723052258301e-01
1.856394416550292232e-03
9.788104897801458773e-03
1.155132062705511303e-02
3.706579920360522352e-05
2.678644452003307200e-06
1.586643894006884901e-05
9.491041768549615958e-05
1.243442269824796580e-06
3.390659254975858430e-03
5.037008427245767694e-02
5.371761163829496394e-02
6.937498172508121952e-01
2.262802234316600800e-03
1.437690756498923142e-05
1.691166135240611962e-02
1.497757204272669229e+00
4.505118705781047672e-01
1.601413813870909975e+00
1.202674741484881071e+00
8.054994160381717672e-01
3.349346534843505863e-02
1.960939478831111009e-05
1.268980927687213499e-06
1.329879427498958248e-05
1.146221478989946748e-04
2.458699741927227883e-07
4.600745610455519937e-07
1.630637492428390516e-07
5.516765735144415055e-06
1.140854427493100676e-01
1.336731945226608542e-01
2.848244978836874395e-04
8.915446981258595693e-03
2.869518667481891216e-01
8.791675669615041377e-02
9.454252526321244021e-01
1.124914933330938727e+00
5.048117318984427643e-02
3.705734940927761512e-04
1.253850253837623720e-06
6.409462676279095372e-07
1.408220968807427550e-05
1.387931524446308230e-04
5.936842240619019911e-07
4.997953730338892715e-07
4.500187942478577173e-08
1.975720377234872287e-07
4.889454529673759389e-03
7.386405182365357591e-01
1.804415853914947965e-02
2.517222599972116989e-02
7.839403605776712469e-01
1.720444707579109611e+00
2.198129291761077297e+00
7.016898225554033530e-01
7.081120519055651708e-02
5.933789435917550615e-04
2.107129463290655074e-06
1.033163306756213436e-06
1.664750932709693860e-05
1.404795947744656487e-04
2.648094913403022695e-06
1.061606557268407729e-03
6.558985294441030400e-03
1.594158879093426559e-03
2.037775465637724215e-02
1.489904941507911029e-01
3.987671629471089413e-02
6.802702676608530369e-03
1.821763933357281248e-02
3.811937613271350056e-01
7.328374301933188173e-01
4.317322688058550795e-01
7.818485406244156666e-01
1.563876664661466992e-02
1.537913808472012405e-05
2.098855439156756325e-06
1.749727462862135630e-05
1.206032314718487249e-04
6.830890838015947843e-07
2.830331503625302045e-02
1.186351018245602873e+01
5.103760659924653886e+00
1.868408911510524684e+00
1.064576960470015043e+00
1.847617549852452745e+00
6.077452133045629923e-02
9.717654760211497100e-03
8.353523475160351541e-01
2.047245848442823313e+00
7.019639374951092137e-01
1.196127869368036611e+00
1.060767298872213396e-02
8.373422630622057064e-06
1.742952326411115852e-06
1.668536638219206533e-05
1.050161820070677818e-04
4.169155706744487942e-07
3.349251612185610849e-02
2.003504753115768366e+01
6.117320290670117622e+00
7.645392389728113969e-01
2.277341851738760858e-01
8.666643133290399259e-01
4.077679276808938991e-02
7.726334752887399626e-03
8.900924377614969352e-01
2.094825263025442919e+00
1.251136070867718830e+00
7.411743305274555160e-01
1.065978080494661044e-03
1.403316896262782084e-06
1.173370774438748170e-06
1.815597737707745258e-05
1.055692654848982984e-04
7.563708714728974082e-07
1.011377273707373889e-02
7.804976740954661096e+00
2.152696038717404114e+00
1.081909452290509555e-02
8.205017819630347259e-05
1.056350907591374296e-04
1.763217601244610497e-04
1.037704637853969049e-03
1.332326367593324457e-01
9.905374549262137007e-01
3.743753180414147064e+00
2.293314561021890796e+00
2.240002652967801409e-03
3.021288998653179176e-06
2.189109220515566848e-06
2.507619012283312477e-05
1.195851343672443151e-04
1.236180971558740173e-07
3.745534257024957188e-05
1.064530816767013111e-01
8.365606064007751197e-01
2.058815965908494978e-03
1.302959640082825826e-06
3.312479801048994866e-06
2.141206830317777306e-03
1.526910558376897986e-01
7.469041682629512513e-01
1.060655802584970386e+00
1.064719011675564264e+00
7.666875387665705865e-01
1.100619892285216797e-02
3.097877559594549402e-05
6.574327216929073529e-06
3.313965636191650753e-05
1.345042918742790574e-04
3.005758990705060781e-07
3.733911626495069983e-05
4.986281648548127055e-02
6.639182224296798218e-02
3.380241265403853627e-05
5.196380548563402724e-08
1.479606097946663268e-06
2.036713226678282113e-02
6.434721168045203221e-01
2.665622831011013050e-01
9.197698427505838215e-01
2.244839958684632097e-01
1.747762411283957859e-02
6.970600217057611007e-04
6.453518931043822395e-06
2.229910427051488858e-06
2.058539154282180948e-05
1.313608985231586165e-04
8.898811375008447148e-06
9.852938810247121454e-03
8.629621435757186543e-01
7.925149672026386401e-04
2.620773642125510150e-08
1.943407602304040120e-09
5.374065417546292150e-07
5.770915573552355508e-03
2.722562079648179756e-01
2.013656173402190996e-01
1.633702550092735795e+00
8.326396538433872285e-01
9.391366917309904028e-02
1.133066297339405115e-03
1.253356902612470340e-06
3.202436748649699824e-07
8.707859980202753617e-06
1.173162210665449522e-04
5.202098702473465456e-06
6.816221945210476640e-03
4.331416259699010646e-02
1.634950150844174873e-06
2.763204315703187916e-09
8.116340726558032125e-07
5.124115243856832563e-04
7.577671731413473943e-02
1.614403625117944108e+00
7.346897213515439784e-01
4.202738597393589903e-01
2.005560343675379664e-01
7.674465168161147544e-01
4.937495425624843781e-02
9.100423914524774467e-06
4.163127119333181695e-07
7.889101549565045510e-06
1.116615805475749252e-04
2.080520524264260032e-06
5.336938860424627652e-03
6.296781217081662274e-02
1.996121809926165367e-05
6.891999468806149647e-06
1.018795352363652679e-01
8.376133826675891125e-01
8.630241827349614814e-02
1.890715273872428936e-01
3.975703376115459209e-01
1.445787242825732566e+00
1.188452540104525529e-01
1.376128294463536787e-02
2.405942441062597793e-03
1.492968264796364124e-05
2.013839436982401522e-06
1.631587418590005529e-05
1.140652677695679930e-04
6.913554916329114344e-06
1.930019662464396712e-02
1.746822289191419353e+00
9.291191188170443149e-02
2.304137102010135260e-02
7.889117360589429362e-01
1.243169289408413147e-01
2.944881901774357852e-02
6.550419935376015079e-01
1.077671960773462390e+00
1.043432673906814045e+00
8.383202802322934841e-03
1.331369698792823152e-05
3.604168823392808808e-06
4.538604290780414806e-06
9.075325724253603243e-06
3.793927127135114338e-05
1.133775387662831015e-04
2.884899985016732798e-04
2.767014121349740258e-02
2.582034586511990359e-01
1.812414978885567463e+00
1.471234402178265011e-01
1.306063459908409288e-02
1.291656804683283949e-02
1.084882554564207680e-01
9.969133992374545894e-01
1.805213260797531791e-02
1.239661814543151273e-04
2.842284672347027881e-06
1.967323827267639041e-07
6.847046517583421593e-07
8.249548824090654163e-06
3.200116968459240728e-05
6.051523811747705625e-05
1.024213240753229067e-04
5.052740147560633860e-02
7.907416103313116285e-01
7.535374366088132270e-02
9.615166078787649173e-01
8.406999309071174764e-01
2.410841119983549163e-01
7.244357077156967639e-01
3.813164947338026217e-02
2.438584741706409929e-04
1.623461674159915259e-06
8.191997090586786110e-08
1.141259966600180229e-07
7.091877230866991807e-07
7.266259501747880694e-06
3.727586812562567813e-05
5.834414219800700677e-05
6.031126070213412141e-05
8.519699081078232605e-05
5.252464340042649511e-03
3.905488364560552594e-02
6.254595571768376298e-04
1.923902153208251762e-03
8.793946098780774934e-02
8.641391025194421482e-01
1.159706373128773504e-01
2.353608286502364307e-05
4.216686827163641258e-08
3.618999765253614094e-08
2.997704170114805464e-07
3.083238518676000204e-06
1.927453570772027521e-05
5.133277147043044191e-05
6.252406611300932683e-05
5.132048575793810176e-05
4.846799112282116598e-05
7.385961342138780764e-05
5.370018517555792930e-06
4.289040231318435970e-06
1.909560631004703329e-07
4.270327530527575137e-07
8.663947160741475003e-05
1.916771015681629012e-03
2.792313274112075516e-05
2.510885606992283165e-08
8.881026147977511454e-09
5.443919572973014423e-07
1.939242873846401216e-05
8.562175052046326769e-05
1.103014298573468203e-04
8.099746755750711260e-05
5.304710697781673043e-05
4.298714110904319232e-05
4.946252372863372551e-05
8.316484447909759051e-05
1.535200040793174856e-06
3.930131484324376175e-07
8.722789426526790668e-08
1.847403391870472524e-07
6.525761119089413162e-06
4.003668078017936182e-05
1.897211835670376039e-06
1.016578101986344491e-07
6.282148800168190624e-07
2.745989039582210506e-05
2.211613264196470822e-04
2.834751607449216516e-04
1.717625302764911471e-04
9.394499357033557778e-05
6.401804851437281282e-05
6.282460356774961969e-05
8.303991359066145782e-05
1.337360648325556329e-04
