3.696761254789248114e-06
1.489260923607872321e-03
2.049068774969871054e+00
9.032760020800910672e-01
1.221047150037635198e-01
8.737088100564120996e-01
5.717420670889018786e-02
4.077968224620923815e-03
2.106762565985369207e-02
2.082861082111048950e-03
9.295995198667568018e-06
3.971830577191799797e-07
3.744961975629509549e-07
2.971316578376763678e-06
2.408331679296341635e-05
5.847236919954167843e-05
7.230637173171644875e-05
8.895850960533970898e-05
1.419809549879487354e-05
1.203729258351352374e-02
2.932819357291947426e+00
3.232686220210869571e-02
1.509651838047282757e-04
3.614765047757668732e-04
5.041632496692628751e-04
6.009143259995602948e-03
8.704608240370877992e-01
1.032374102107115110e+00
2.275934378245384609e-02
4.686163125064952100e-05
2.971660690448460413e-07
4.950251409307992703e-07
8.892616133142429614e-06
3.527106414357675680e-05
4.894087504931596164e-05
6.938431688267618466e-05
6.957632637725395426e-06
4.159511313524155598e-04
1.610822753953211617e-02
4.908722642659983518e-04
1.427278092706674102e-06
2.284295147200338815e-07
1.223154207391627382e-06
4.823928256233935442e-04
1.285016484296924444e-01
9.942965646493224785e-01
2.911925331652247095e+00
2.086054998912539177e-02
8.014160042473510864e-06
2.156257039397296270e-06
1.365257740449188912e-05
1.699057997426251922e-05
1.983926572372887631e-05
4.739459253992500437e-05
2.030063169467570620e-06
1.510209288832410301e-05
2.423406747592814822e-03
9.933451150335243646e-03
7.157204750260419781e-05
5.678738126076807854e-07
7.645103950636356380e-06
4.079873176235644661e-02
8.403907552652321034e-01
9.734480584551569171e-02
9.828788750775934169e-01
1.022956703514804166e+00
1.016781202943577329e-02
1.413873294216059237e-03
1.172774190959553363e-04
2.692807042328933598e-06
2.102152069372210048e-06
1.931499314554471392e-05
2.942977496377233457e-06
1.651093298370426689e-05
1.289139285557746456e-02
9.457577462207436003e-01
1.152744047341881621e-02
2.706412751508964717e-05
3.508756166098131262e-04
9.777624021329607285e-01
1.012134157450000016e+00
3.396639530118035315e-03
1.603750368270048104e-02
9.309849077750499413e-01
2.037700214548420430e+00
9.635455507575619860e-01
1.552322107273477070e-03
5.144863056508262221e-07
1.935202465305751060e-07
6.266973604908656981e-06
7.601091982492449585e-06
1.284438448064769542e-05
7.125569555668835814e-04
1.137313741619753148e-02
9.430123068958418727e-04
6.674571044456157742e-05
5.490219975458815243e-04
9.977418135079234307e-03
8.787848642443260279e-04
1.393305992210352410e-05
4.838337339316929679e-05
1.158011131885421660e-03
3.440178929599170543e-02
1.923303193779511533e+00
6.975681073561183776e-02
1.015422930932540510e-05
3.163394318546848176e-07
3.491162454438972803e-06
1.058040798409536374e-05
2.567808482440139351e-06
2.370023680564344699e-06
3.040468169510622367e-06
7.577207998692312701e-06
4.305285565657721025e-04
1.648707712570983766e-02
1.626701873542131136e-03
6.817757861526804202e-06
4.652076360341344439e-07
4.637587617704538867e-07
2.523611337207867612e-07
5.006987948094295511e-06
5.170328308878474610e-02
1.960737859617158740e+00
1.204509254168555652e-03
1.184777799477421765e-06
1.361805996265284549e-06
7.935504942202133415e-06
2.110077126132008136e-06
3.152547100097244105e-06
6.585057747057319565e-06
3.666569497773948283e-05
1.196299470151026244e-02
9.365754320712490477e-01
1.453255332746201250e-02
1.396577769844366608e-05
1.005601708683730507e-06
3.584123796885347048e-07
2.602244872533848648e-08
1.136767938383569968e-07
1.592459196407643683e-03
9.043949986119342865e-01
2.994272937829111324e-03
1.136187706199003934e-06
5.099686396922545567e-07
2.792904383072264503e-06
5.374338070730002403e-06
9.460155234043631737e-04
3.856584439936528580e-02
7.098779233565321103e-03
3.416404730990499523e-03
1.373825045251315588e-02
1.385423339142184598e-03
2.775618845991308041e-05
8.484420679653290019e-06
4.290133323480871278e-06
4.519157084671483926e-07
8.494128801758755907e-07
1.427382073343944459e-03
1.149161431905286301e+00
6.866736864663018636e-02
6.427417805419476224e-05
4.857193626781305113e-06
7.552013584298306167e-07
5.759469289187187040e-06
1.133715085526607394e-02
8.506737035924512025e-01
4.505370360989436121e-03
5.336663724546839593e-06
1.634243304613221277e-06
5.554910200368106656e-06
1.510992075008070111e-05
3.987089710668757054e-05
3.356694522587888780e-05
6.381251750649811375e-06
8.968829274252907623e-06
2.798497458542028183e-03
1.751353088198954966e+00
8.974853135008770133e-01
2.467112757781781372e-03
4.959639206981763577e-05
1.113974842503833465e-06
5.472663758159738556e-05
3.503315015074496414e-02
1.664003562742385478e-01
5.467945486059961040e-04
3.647345392300941826e-07
3.188999409007840145e-08
3.979665609572131117e-07
1.284783471407253607e-05
8.436550482873435373e-05
6.479010398651463836e-05
1.499544742039997753e-05
2.798406431266393365e-05
4.076306842356190903e-03
3.618435868384027310e-01
4.163273394336479416e-02
1.486973026343769663e-04
1.074609722673879083e-05
3.727641336081174683e-06
3.881150542958731239e-03
9.440510627212175265e-01
7.858147316062421561e-01
5.683734556164628249e-02
2.086122381930020258e-04
8.110927688350917691e-07
7.668349363713490943e-07
1.492333339043254258e-05
7.053244863613625183e-05
2.958348258189761774e-05
3.742352508561457948e-06
6.397796796320676291e-06
2.247939691865045737e-03
5.270507611867359943e-01
6.333519979247810572e-02
1.525962277982239018e-04
9.824382472937042332e-06
3.637449466255969306e-06
2.453407415636087510e-02
4.973699685675578408e+00
2.320059603601856590e+00
1.817015320181462723e+00
3.266672633666277414e-02
2.159239504200589170e-05
2.168927128182210595e-06
1.144528916552102765e-05
2.674121791746021372e-05
6.775723971660385861e-06
1.961862595191575780e-07
5.877506036273536247e-08
5.490036110989738889e-05
4.582142815299726224e-01
8.936712511069276887e-01
2.829020443962465114e-03
5.682458276152584076e-05
2.918788328950743154e-06
1.598113820433696292e-02
4.927123691703724440e+00
8.843043689101645066e-01
5.259014190334131839e-02
7.364870721979356431e-04
5.152663121668103348e-06
1.754463748179400406e-06
4.587470164230413604e-06
1.090094221631653529e-05
1.711927609606029714e-05
1.156496398038078283e-06
2.091469600033674858e-07
2.531916988166596993e-04
6.556558969039053553e-01
6.560818114297670145e-02
8.766977425128655494e-05
8.382835184029721712e-06
1.554524879347896591e-06
2.056533919570591260e-04
2.759956139544455719e-02
2.477967878119977096e-02
8.519970583693159535e-04
1.075612528146715470e-05
8.201808117937238236e-07
9.546147239116840899e-07
1.277186838349597955e-06
1.061956996591668715e-05
1.917881560342040098e-03
5.983891348348679626e-03
1.353777212183397390e-03
7.584847600442316817e-02
1.106993741052047647e-01
1.180368329185110444e-05
2.031000570763654271e-08
1.513141110726820243e-07
8.574125566027175766e-07
8.513743634787886333e-07
2.195773340824183544e-05
2.601429890694707380e-03
1.249503099647461188e-02
2.799532907346303752e-04
4.357062242669794063e-06
9.244262988699503678e-07
4.534003632373760238e-07
1.054122306207413146e-05
3.884867015713094895e-02
8.877579432692901396e-01
1.132288242572574016e-01
7.936140945582708106e-01
5.994337859108024580e-02
1.086701069453679181e-06
4.064964731185220954e-09
1.208775876994525865e-07
2.573274488544797815e-06
4.431020416423186192e-07
5.505960848863907276e-06
9.446515801417202512e-03
9.353984884353462315e-01
1.645688503622241491e-02
2.214474468738461980e-05
6.839052525601732980e-07
1.872287256589322052e-07
2.099792738215680757e-06
8.335898740292359537e-04
2.389157900292065116e-03
4.029657705431144779e-04
8.377034375552268319e-02
1.945592242934523597e+00
1.496571894815147468e-03
2.026007530089249911e-06
2.821221541261633110e-06
1.540713063838906321e-05
3.837120063373842764e-06
1.270409661952504413e-05
1.320102062936787590e-03
2.029984064517325118e-02
6.624028203144665056e-04
3.864518831248030126e-06
3.133179056252094970e-07
1.309301792425985568e-07
2.788431119875072039e-07
2.948966111803863539e-06
4.645451098152368617e-06
1.757577135335272578e-05
2.462393780806041224e-02
1.959155791843161243e+00
1.163093333751067868e-02
2.852832874118212231e-05
1.378180677119939750e-05
4.796289639851552053e-05
1.918893482622390734e-05
1.254140588198743750e-05
2.026659804516891750e-05
1.595462716150760255e-05
2.051459330506836808e-06
6.082883118245097228e-07
2.562436083663141611e-06
7.163864694593793146e-06
2.029663151062674588e-06
1.594697165153324973e-06
4.315407899545532598e-05
1.608411555563317788e-02
9.486343825906152771e-01
4.220129225218871571e-02
3.691938933315620585e-05
1.746722859317891420e-06
8.511465001260934581e-06
7.498987967734398511e-05
4.574737185502895432e-05
2.115295388033872694e-05
6.520619514105352412e-06
9.854617260521323357e-07
1.571693326901306645e-07
9.139104584837825266e-07
6.370180827190621148e-04
3.430355642338908662e-02
9.057955220248932937e-04
2.276516266167233593e-05
8.865618503791324653e-04
9.814263627007103752e-01
1.997280299606651210e+00
9.293234157293807363e-04
7.564508564045345800e-07
4.880345724330106259e-07
9.574444989463083721e-06
6.766087243535247634e-05
5.124528976558240001e-05
3.415478304353248635e-05
1.106158174075578330e-05
9.709635696633241899e-07
1.248948260703108667e-07
2.773478851116337267e-06
1.178508841083564414e-02
8.814478371698502013e-01
1.766307504910063358e-02
2.261968558733085729e-04
3.804113912292428367e-04
5.880956205199048409e-03
3.787096935546906649e-03
3.899198060149353286e-05
1.406449594561071349e-06
3.034609855040566939e-06
2.764158909636209644e-05
3.567718161923069946e-05
2.388151987617936819e-05
2.394228656485409323e-05
1.265514616688483279e-05
1.557127972368867731e-06
9.250187553374674462e-07
1.316788763371464670e-04
5.064504583087406364e-02
5.429693116478975790e-02
1.106064076619208553e-02
1.591394484131573861e-02
1.498239752235637663e-03
2.879727888302085917e-05
6.362665586358693439e-06
5.780239170324070302e-06
8.210303328626148971e-06
2.191136160239013175e-05
6.079642388351970032e-05
1.339516985280056599e-05
9.401296514585137927e-06
3.323993482492942567e-05
5.840188735085484164e-05
9.331664372619441852e-06
2.117064204983511749e-05
1.999387059236008499e-02
8.839995984822149877e-01
1.807845206534378080e-02
1.610212771216616365e-02
9.126056245068319139e-01
2.302826592679747472e-02
9.922845355731361688e-06
9.659257080422053384e-07
5.263777983130469092e-06
2.498719318369984802e-05
5.037426026150588489e-05
7.438470700363992961e-05
6.517860746308033278e-06
1.023187893266421322e-05
5.179285647258322512e-04
6.852563507493602581e-03
3.488923540286343228e-04
4.338154539571397345e-05
2.789500949154949394e-03
2.824337928934970293e-02
7.082079979953744692e-04
6.700425608333971175e-04
2.063368236664295252e-02
1.415455792160760524e-03
5.696990448892803132e-06
1.998611940755517308e-06
1.244628048964540312e-05
4.380780164311106657e-05
6.290476663183190253e-05
7.695542580600687956e-05
8.018242411456244506e-06
3.592781929236630727e-05
1.612526420324904633e-02
9.608291180608390381e-01
1.386230462877065771e-02
2.500887552089849834e-05
7.751998949433654568e-06
1.137598126818614929e-05
2.453270233340351598e-06
2.813003951999618774e-06
1.652991519018607298e-05
1.084544004426970159e-05
3.577326334797321915e-06
7.839726469756046223e-06
3.335745048315236048e-05
6.692349508707609509e-05
7.860236173722101908e-05
9.178001489251229133e-05
