2.393865852573948821e-02
4.879295014960281840e+00
5.071410472836663352e+00
2.951103372313256479e+00
1.109159082377769945e+00
9.403528418543495304e-01
2.066207146974165632e+00
9.776523212393612994e-01
1.066347761740751077e+00
1.677426389766915448e-03
1.437708117445656247e-07
2.605780338620742735e-07
1.441958956426426054e-05
9.769461962203497226e-06
4.309625723741431260e-06
2.212461293290097773e-05
2.027618569751982484e-04
9.226352763226653700e-04
3.066738519089683840e-03
2.142683913204492807e+00
6.060160418114257652e+00
3.936299956293850766e+00
7.251580958134720145e-01
2.946013661118306870e-01
1.582126749266377530e+00
1.328879399029575525e+00
9.550347925987978215e+00
2.147912701932116697e+00
4.836098387772005958e-03
8.820467604416657587e-03
3.937538659037872341e-02
1.135533232143481235e-04
1.815104025627471879e-07
1.856618410460997060e-07
8.532955553940610924e-06
1.117558445026133507e-04
6.400917919901131722e-03
8.772885949361272084e-01
1.600945170480684521e+00
4.874651207844325485e-01
2.878065574437467175e-02
3.919499035679557299e-03
4.093946978840305034e-02
1.098158290174974655e-01
3.294752532582195248e-01
4.816407582065962423e+00
5.083704662751904912e+00
5.853726310673017963e+00
1.922451697651174074e+00
2.657473759061169429e-03
5.622861668853456271e-07
1.130826348725908462e-07
1.548785798338049496e-05
1.372083997495028595e-04
4.969852477381866539e-04
2.477321534988881011e-02
6.616934995708770861e-01
1.419601215283577744e+00
6.945101719069404211e-01
3.699272586003896635e-01
8.971686998655927781e-01
2.597964498674831813e+00
9.113931408912498977e-01
2.153283208321466358e+00
1.175611662963380866e+01
1.347402179494188346e+01
3.875682596321408546e+00
1.561483219510359510e-01
4.992352400503750854e-04
9.608297024366750552e-05
9.840790122184386174e-03
5.990506158303794161e-03
5.874526591153601904e-04
4.661149918248747720e-02
1.294121414668753856e+00
1.333309624977704111e+00
1.898924270902642819e+00
3.795143239455678774e+00
1.679252327340220452e+00
3.144257644092683712e+00
1.208343709687744294e+00
6.078821893745638416e-01
1.606608459425588276e+00
5.899066568717625358e+00
1.278347571002506378e+01
2.288056598492129723e+00
1.059882626605709449e-01
6.702640706223336742e-02
8.762368203043908732e-01
4.001494719964496932e-02
1.450848198625108269e-02
8.931256489178780456e-01
1.767790653256529287e+00
1.499125115465029578e+00
2.513276988352232788e+00
2.755720986282722773e+00
1.983514834005874583e+00
3.078926389781937445e+00
1.601793288130267223e+00
1.795125769716226394e+00
1.897217002168677169e+00
9.374544457790069396e-01
6.999499217695514197e+00
5.141695397544583379e+00
7.144386170985906892e-01
8.556452606877486267e-02
5.814948136286586522e-03
1.756586940691815544e-04
1.055398713303968943e-02
1.011728388086140074e+00
1.414033160485882901e+00
2.567137656335014118e+00
3.949543168999872123e+00
2.789119300438742677e+00
5.469980482566913160e+00
3.455406874495865477e+00
7.757498064508360214e-01
1.716485136924663868e+00
5.350251262104994687e+00
9.155492187754871170e-01
3.371130199804690974e+00
6.162592174889509167e+00
9.716189561308207212e-01
2.898225912648318397e-03
1.266103423520555815e-06
1.043361477408776093e-07
1.371082268161771573e-04
2.016698768294248462e-02
3.389781577747398855e-01
2.566529694744652978e+00
4.199260567244230025e+00
1.386267608919256045e+00
1.935070851243767542e+00
2.391959913461085829e+00
1.282623555245727021e+00
5.667027639257447014e-01
5.600664957685569378e-01
6.559675345799099722e-01
2.370978812234391775e+00
4.985419400741003315e+00
2.106063510691141616e+00
3.966183141219130001e-03
3.433358102477361807e-06
3.919901394720391592e-07
2.300700727315859224e-05
5.157114112711033184e-03
7.691665878160858227e-01
3.559087614740436667e+00
3.230184037873336855e+00
2.001264138863550812e+00
2.039567403337976703e+00
2.491125396340789333e+00
3.816686674868014162e+00
2.004142892544980903e+00
8.022035302088542652e-01
1.470597874920827719e+00
1.187927267505322737e+00
2.484766842783002527e+00
4.464598858675076443e+00
9.480154184016259533e-02
3.625511373364175005e-02
4.805130124067617629e-03
1.135012061078090422e-05
2.187587660665634131e-03
1.057011806732048198e+00
2.517745425409394056e+00
1.048598912254632864e+00
1.752023402785736206e+00
3.045123473264403469e+00
1.367777275761866029e+00
5.391093651923851704e-01
7.465710698200097584e-01
1.432774322616608531e+00
2.123792172424679325e+00
2.310623514549326740e-01
2.018810986772962834e-01
6.464110391017524604e-01
8.656672281970040350e-02
7.134987515349346943e-01
6.910177072270361209e-02
1.036974398590917785e-06
1.044706369653794834e-04
7.185504051543202542e-02
1.152998657360674306e+00
2.242437069203646605e+00
1.949550306255845245e+00
2.240380336370625169e+00
1.469458059282801043e+00
3.775013014187545424e-01
3.628761198829945078e-01
5.063116739147499601e-01
8.533151453798176744e-01
7.823630947344339948e-01
1.079358988501538441e+00
2.911736416593001753e+00
3.467892091945283251e-01
3.695810322779063267e-02
1.961250198559531821e-04
3.645547530364949985e-06
9.542933383892612115e-03
2.906851630879475845e+00
2.136507030920787198e+00
2.386148738845149442e+00
3.304561669159957749e+00
2.713329265156127601e+00
2.417930281584605545e+00
1.926696146207893534e+00
2.277320352736266429e+00
1.684000691461728039e+00
4.671744657585613081e-01
5.397131731792207399e-01
1.339834278126365463e+00
3.917193951553227471e+00
2.536738660774734644e+00
1.062754583004674597e-01
2.345801366030866918e-04
2.018937205231037662e-05
1.049733460166357712e+00
3.019105718702515446e+02
6.928329910298598904e+00
1.549441364329248172e+00
3.915218565013237395e+00
1.931596726296836319e+00
1.869008149257977314e+00
3.712864433543086928e+00
2.336561706373386560e+00
1.629140235297392936e+00
7.419203705866028731e-01
7.382234712909334640e-01
1.421573854788481084e+00
3.326898360824607437e+00
4.418723256348145334e+00
8.271856856105765932e-01
1.370329181968110016e-02
4.452156464422967235e-07
1.780494952480837995e-03
5.922539456621420229e+00
4.322881842581637990e+00
1.236047973455216331e+00
2.243039466706024498e+00
1.734003597342491432e+00
9.441367583492630278e-01
3.159722358298321931e-01
1.612784718743708601e-01
3.293007656669065253e-01
1.249425596296339425e+00
1.188539947834304833e+00
5.761889782278705185e-01
3.471857724030339654e+00
3.775071175489051356e+00
6.166450266897174903e-02
1.016770320078875904e-03
3.240580811395934369e-09
8.120675150148919282e-07
9.859249390615669462e-02
7.791224555345262814e+00
2.588565494447572224e+00
1.856312706599955398e+00
2.498750084717554554e+00
2.225308331343864854e+00
7.430378166818066843e-01
1.314351076910443838e+00
2.678387991195708029e+00
2.128330976640510297e+00
1.866664877535746947e-01
6.827132439340194425e-02
2.265761542951945984e+00
3.260041119411740684e+00
5.632526081636467230e-03
1.851400898985758062e-05
3.351012580012130921e-09
1.133296354861228292e-06
4.524492365934948412e-02
2.623946414715957687e+00
3.123208821993082474e+00
2.496988937886838844e+00
1.954383121046716854e+00
2.660480658954119892e+00
2.193757180126676420e+00
2.453383888774871124e+00
1.630712260185973594e+00
2.381426700062105439e+00
4.593861070953374481e-01
4.077574196818136709e-01
1.969698829245369653e+00
5.897090032530195591e-01
2.537590136743193316e-03
7.297081947362996638e-06
1.396127248494412514e-06
3.034890474858876769e-03
9.535841559989252092e-01
1.598498946609483218e+00
3.823308161567284813e+00
5.390796669875707714e+00
4.143889628091663724e+00
1.300921548358412672e+00
8.295263129000041147e-01
1.637472989918438149e+00
5.493412340493635249e-01
1.376437196940496932e+00
6.948142981783058669e-01
2.387725838498280684e+00
3.236090067207528786e+00
4.056789118806051753e-01
8.088922635272693951e-03
1.561890534891756114e-05
1.941897761635049454e-03
1.113078098743963684e+00
2.705413595682636618e+00
7.400503590039139157e-01
1.592423888707366952e+00
3.065251799531265142e+00
9.245985600698674034e-01
3.838759558396896698e-02
1.186759134025089507e-01
4.363070891832332876e+00
1.986124950722562899e+00
1.442039713399754675e+00
3.066951117930606929e-01
2.749753580862355218e+00
3.628714140904467200e+00
5.208721047975808371e-01
5.162598569093640455e-02
1.002284908039906871e-04
2.773356972168341747e-02
7.798654571669274560e-01
4.808096789040435248e-01
1.037626257971883792e+00
2.976997903101528564e+00
2.455735316176268057e+00
2.004788904304216079e-01
8.894125841744340150e-03
5.373505477138090097e-02
1.993347721807686046e+00
1.364666976667370246e+00
2.797503919757172497e+00
2.486576344314666454e+00
8.770771223014214968e+00
2.359553293459054846e+00
8.714352607713266030e-02
6.024616258126760417e-03
7.943479666833625245e-05
1.382536867410330203e-02
9.807711125586286993e-01
2.009140816354063830e+00
2.459990298969840339e+00
1.177320087532780279e+00
1.323514226876919997e+00
2.183470511623349264e+00
1.664417786547476963e+00
1.166251846973906714e+00
1.043870389632963525e+00
2.516585118598573256e-01
1.664129454390197438e+00
7.093495759659300681e+00
5.478788272385552105e+00
1.441388402833186699e+00
2.058408136004479319e-02
1.237695088613174226e-04
1.015925528264217853e-05
1.512545526858620482e-02
2.118754256246293100e+00
2.752659434842438912e+00
5.797956221049147540e-01
1.456992501158369535e-01
3.344127359878358297e-01
1.194228560250999660e+00
7.648668608846759254e-01
3.202225357789514892e-01
5.462944531317827090e-01
9.743831535779733377e-01
5.566169939848680137e+00
4.389758447497109195e+00
1.118400483206050122e+00
2.459586393242552682e-01
2.214235859646682993e-03
1.013866460524190017e-05
3.236887012332066756e-06
6.684482086280771861e-03
7.238341474433847011e-01
1.486925680412188866e+00
1.322945646813784348e+00
9.350089865469625172e-01
4.147694138178484868e-01
9.243702873768881723e-02
1.359607563989206035e-02
3.551947248535668872e-02
9.849933795659743252e-01
9.705542315020707633e+00
8.435798960223653609e+00
5.985365164872192834e-01
1.228743957952172922e-01
6.197167359652191315e-02
9.228966945234916286e-03
1.853601256610032779e-04
1.134871056425794617e-05
5.075069323916540269e-04
2.225234700361978235e-01
6.699011609518966681e-01
3.866631940489034247e-01
1.078300647110688848e+00
9.127981992730173078e-01
4.586751965296733125e-01
5.062615379268963212e-01
1.437220000132466646e+00
3.523964825838291404e+00
3.738667680396083437e+00
1.129274845067745003e+00
3.294153781367951256e-02
2.022609435973774308e-03
1.839804088031149823e-02
8.714368185191931904e-01
3.557840779621444793e-02
7.060789389017307341e-05
1.505748565434247713e-03
9.513116160222484519e-01
1.906234834765398789e+00
2.568329616094578438e-01
4.893764744228716324e-01
3.352886284253029925e-01
2.612297955502718150e-01
2.641481922242285396e+00
3.446679994515391865e+00
5.311352314452385537e-01
3.161223015015998117e-01
7.781341332391844556e-01
3.077891226651154749e-02
8.001665902936706289e-05
2.345176700843234010e-04
3.302518101975952802e-02
4.547620356607605038e-03
4.213097744848398683e-05
1.813838690743778750e-02
9.312289857906604906e-01
5.234783188355559780e+00
2.575918451707912116e+00
2.575116699573620327e+00
5.482730273042109026e+00
4.262366328512264602e+00
2.822903079930243031e+00
8.148614550349750352e-02
1.383579155319118476e-03
1.277370330236311932e-03
2.308224468518999678e-02
6.950575703056289037e-03
1.944406082938691279e-05
3.541816279156280956e-06
3.071402054503846003e-05
3.583239334671714169e-05
3.620985481643730527e-05
