4.290554823355259215e-03
9.984987545531854858e-01
9.304971982106011730e-01
2.612876686434733448e-02
2.362065049085944335e-02
6.951776223969628223e-03
5.584975235869329681e-05
1.689590609383354846e-06
1.274047282736655651e-06
1.674402920919261834e-05
2.443889184946039473e-04
2.378233709494860699e-04
9.036794027097572841e-05
1.228100056541415411e-04
2.867599852795458680e-04
3.726334770095225744e-04
3.339251939317427879e-04
4.287306342855133233e-04
8.043949249856644605e-08
1.835076599842589180e-05
5.596307306244593070e-03
1.409789701663772821e-01
8.427646246739389779e-01
4.994665870743261044e-03
7.785165427377026082e-07
1.937282620679468822e-08
1.812578682623276044e-07
1.640544969167903068e-04
1.243513723363715365e-02
6.315311621072588859e-04
9.915044544897092332e-06
7.661444457085490024e-06
4.803186850049043937e-05
1.502600540471935205e-04
1.871266599855435895e-04
2.677139165974270173e-04
1.516759287747669066e-08
7.258455736863945052e-05
1.596518897753952948e-01
6.605805510743830711e-01
2.075834741001390260e-01
3.699504737103689661e-04
3.286039904228430153e-07
2.047820675105879055e-07
1.265586511315501571e-05
4.161590050110077627e-02
9.433747277654310759e-01
2.765586153028875161e-03
7.006755597034692093e-06
1.701866816782706376e-06
1.021601616384336739e-05
7.243671468818758691e-05
1.585667527871961171e-04
2.547588109521888131e-04
6.160557900485785700e-05
1.400486318396736429e-01
3.460236039638211025e+00
6.723207221049698479e-01
6.578639355004404221e-01
8.774971723070690288e-02
5.237826873641051109e-03
9.012628983648969527e-03
2.016236574541264981e-02
9.447706698097599887e-01
1.979001748754711354e+00
7.078461020692813910e-02
2.511447525932094735e-03
4.166279029020568799e-05
1.057294548889178241e-05
4.694776149400152547e-05
1.566299895010468625e-04
2.855617029253929538e-04
2.340123708360423299e-02
7.568253726272392568e-01
6.784899401321694556e-01
2.298869106203920154e-01
4.844182490887074533e-01
5.333981344606422148e-01
4.793636050164500895e-01
1.404509610171725154e+00
4.683894199329457497e-01
6.702134252439382323e-01
3.320296086690841530e-01
7.706710843027193558e-01
1.032940493188392317e+00
2.122990334329975543e-03
2.279585543577474456e-05
4.070468003822827951e-05
1.595847431724156651e-04
3.252672965579446658e-04
3.271000681118717453e-03
7.356133730180428043e-02
7.329411742683503705e-01
2.554597723797556452e-01
4.251354495794634238e-03
1.600300505769529965e-04
3.654336833442656360e-04
5.719776212505262719e-02
1.128352685805354083e+00
8.145090308932821932e-01
2.021048867958361028e-02
4.809024320311381870e-03
5.888919035849776544e-03
1.363773078573840883e-04
1.051303211011079507e-05
3.396139044188284059e-05
1.621465812871811251e-04
3.732153146120207720e-04
9.550205627086503065e-06
1.821824369845472056e-04
5.560001529131879811e-02
8.721472544430466378e-01
3.901187943683066123e-02
1.366028425858923788e-04
3.910802149869816569e-05
1.908319347710474637e-02
2.811846477238689967e+00
2.164883699201969769e+00
3.160538463575160439e-02
1.543837699094287612e-04
1.189480200234293429e-05
4.726273187303301537e-06
5.156588151255317544e-06
2.540553384126453384e-05
1.384768142128707709e-04
3.953633026561762464e-04
3.136104991315525521e-07
1.580201214018401829e-07
3.112894236564644503e-05
6.994077402726321668e-02
8.989430166723413329e-01
8.391004891217128392e-03
2.032727182366156913e-04
1.590980972350878719e-03
9.868861419992536882e-03
6.806790128727112366e-02
7.682228236135639765e-01
1.187556008497839960e-01
6.984883539051202003e-03
5.698715337133284211e-04
3.193418847200308962e-05
2.086044341975700801e-05
9.360245190724974227e-05
3.578749540667342487e-04
8.044129025405100208e-07
1.895196692085623114e-07
2.969911743509656409e-05
2.916445649979357985e-02
2.751074296960284021e-02
1.678551787125796043e-04
5.675775863600839586e-05
1.600191462488986663e-04
1.960515222340062196e-05
1.140726240568847830e-04
6.039887625750089972e-02
9.829594301983169968e-01
8.967933581878019256e-01
2.659964667825598372e-02
9.468103101667776206e-05
1.561370015654876410e-05
6.911004807865854776e-05
3.158556910036279921e-04
9.770199888635797418e-07
3.546572505664163359e-06
6.822165499853534258e-03
2.927088750202363254e+00
3.333902744479751157e-02
2.177104711983961796e-05
5.110312963607672055e-04
5.106072885094452285e-02
1.193665612702421355e-03
3.621584729254079932e-04
1.272744136938976957e-02
2.632621461278636388e-02
1.263197253694080605e-02
1.001899392605287362e-03
2.434570091286427645e-05
1.442969466866062283e-05
8.146440253367578943e-05
3.264534814496786131e-04
7.649270883060062224e-08
4.157711503033842279e-06
4.056015466322621631e-03
1.933186459966103277e+00
1.050770404429734128e+00
8.206113680767991364e-04
4.771036004429238427e-03
8.127416086248187010e-01
2.361664970947698408e-02
1.241139343124619647e-02
8.940803646342140309e-01
1.066451920665032471e+00
5.361355351412791514e-02
7.031982998167042717e-04
2.009357983275670100e-05
2.114132410057145342e-05
1.180961293203403544e-04
3.820691865641510812e-04
4.636716088182589653e-08
1.209260344390726419e-03
9.169341902536277955e-02
8.978621938698296001e-02
8.657908916839315294e-01
2.445100372025303323e-02
1.680516356709920583e-02
2.059775095205170214e-01
2.724671817329248676e-03
7.742552920068626523e-04
4.034864639723152041e-02
9.404462932264101571e-01
8.542345478274923076e-01
3.004578413878782744e-03
9.690192760791160097e-06
8.565801930706801791e-06
9.421311091748011670e-05
4.306065191332135661e-04
2.528063699970653613e-08
1.035286910364559970e-01
6.149398873901733964e+01
5.879668675737894645e-01
4.498272044843844575e-01
4.211400081806642159e-01
8.316290702064991214e-01
1.800603850229918423e+00
4.783232346056365963e-02
3.566851210729348690e-03
5.021448481044349290e-04
2.574980305642066494e-03
1.911823405618175153e-01
3.133216612874255552e-03
1.772687446965393705e-06
1.292924338571483520e-06
4.809106994006296846e-05
4.705855417759442381e-04
4.660239620089758186e-09
2.084559491134765278e-04
1.190164957124395517e+00
2.524295762648034902e+00
1.610005082975992430e+00
5.680980071745833637e-01
1.390602949644792752e-01
5.362636152646501481e-02
6.103790462845529174e-02
8.126339106908752052e-01
1.680214871413041600e-01
4.374400647112951929e-02
1.764860921123782012e+00
3.997379863581546067e-02
4.712333303284512406e-06
9.572642588674554122e-07
3.952403792257961685e-05
5.480623655326533929e-04
1.144744506614931844e-06
7.354472569475513106e-04
1.527760980311533290e-01
2.200414390852190927e+00
1.591715545077321048e+00
1.794011967943015262e-01
2.571739291654315945e-02
9.604342966497465481e-03
4.158892774975915009e-03
1.384951872988772203e-01
1.658172469746497679e+00
8.401629042189073804e-02
3.485609800883201354e-02
2.340566380895160552e-03
4.665965818225888627e-06
1.310658520743228096e-06
3.740772206771236726e-05
5.550802468530174156e-04
2.718921644720180032e-03
8.317120380028902860e-01
1.927691177659406341e+00
6.484084804556186077e-01
4.413156121070878624e-01
8.759757553847384859e-01
1.049165911777497184e+00
8.036403540152274871e-01
1.939933458789966716e-02
1.228457250934500075e-02
2.856241671100466784e-01
2.522847693870504827e-03
2.845272179644387089e-05
4.369139822143308882e-05
5.922285587633871548e-06
1.392245060566361556e-06
1.693083949260637677e-05
3.506370324988998901e-04
1.606478031475053470e-01
6.267057431975503468e-02
9.170015298040273821e-02
3.510398838496167073e-01
8.213666512467431291e-01
1.784623628219070612e+00
1.557133577071200536e-01
2.483679700556680817e-02
5.195603320889836431e-03
9.719485931069747273e-03
6.202305627205513261e-01
1.274039242060145093e-02
4.408564831059766050e-04
1.821199166645841652e-02
1.626694685734348571e-03
4.377307338926500458e-06
5.162443229146146128e-06
1.606945404944501573e-04
7.115969222499214375e-01
9.568386786731806993e-04
1.368434792314842351e-02
5.236234151322194386e-01
1.732380704244888825e-01
1.150311702097701477e-01
2.191636687772981901e-02
7.859943033714705818e-03
8.930238727178298544e-03
1.011299439099952804e-02
2.945841180676419535e-01
3.173858714240086754e-02
6.167207388514055200e-03
8.984131324390411955e-01
3.801529421721937946e-02
8.627843151627740504e-06
2.847316364952332590e-06
1.084117763450313956e-04
2.530892020064193226e-01
2.766867216603537735e-03
8.968547919475124142e-02
2.113095082986597428e-01
2.380199005002799420e-02
6.379195130333932540e-02
4.561746069110577118e-01
1.533727715032449312e+00
2.356301957276849546e+00
5.809038234708061577e-01
1.407058510382711125e+00
1.468718975011051864e-01
2.946760610068834517e-03
4.512018166091706813e-03
2.511982185070384208e-04
2.099506491122108601e-06
4.259003643433137908e-06
1.594443908335594045e-04
7.995547226292234466e-01
1.278077762610944357e-01
1.607998520976653190e+00
1.188846644665040087e+00
7.512067398230761750e-01
9.790494206596860316e-01
1.657900498638835929e+00
1.418802216457546006e+00
1.564454790259755868e+00
5.040460353459698117e-01
4.009822956554940365e-01
7.979902894882637820e-01
1.022470182664815125e-01
1.163265913928874552e-03
6.898447038488724931e-06
1.114052567300560159e-06
1.323325251057407732e-05
3.137087685686202579e-04
3.470628542858041066e-02
4.370328440370795792e-02
2.076209696311141162e+00
2.210285902241468481e+00
7.100770205919219036e-01
3.912925477502489091e-01
1.090131093807377605e+00
1.628049011266499146e+00
7.318912602797252864e-01
9.099140519309636965e-02
8.163327056035937779e-02
1.037497274097336941e+00
1.860136304685338748e+00
2.495858539608560023e-02
5.188232330776832281e-05
6.910632164914534436e-06
4.685034004691276098e-05
4.254110099054218570e-04
3.270674343368870987e-05
4.896135192148124912e-03
3.941329906737872424e+00
8.839615643967251302e-01
8.453625365132487468e-02
1.351518014610652296e-01
2.786744502561967485e-01
9.133673553264973766e-01
7.480216279785170119e-01
2.724378749810378864e-01
1.590066234426258829e+00
1.848869036213499351e-01
1.950328615510518509e-03
3.949006290135320197e-04
9.802645672198394896e-05
4.644129426316315082e-05
1.069819910136211524e-04
3.533494436742749259e-04
1.296990108059371145e-05
6.828980146724162453e-03
9.618278320041655505e-01
4.047039006277643181e-02
9.096418008861756332e-02
1.564161432017900255e+00
5.433671950912816184e-02
5.361186197275379615e-03
1.612439227539782041e-02
1.975107126708810779e-01
9.739305649562186584e-01
2.654063066690526057e-04
4.802197797900614058e-08
3.080026716375787522e-07
2.455450762615619335e-05
1.108598636059269951e-04
1.500705636283070088e-04
2.481528492242860719e-04
1.639106468842862954e-03
1.437795077556185824e-02
2.085634319960964767e-02
6.568577484112283387e-04
7.733155678271481752e-03
1.844918126438266637e-01
1.307014224858710737e-02
1.208926165727062423e-03
1.342401601263884872e-02
7.969294896378463777e-01
6.021526355012401382e-02
1.009458710511533328e-06
2.159712838291554000e-09
1.652630041268424991e-07
4.116593032660518484e-05
2.211662838024954370e-04
1.938669112040036931e-04
2.307583322820939184e-04
9.600589985567187234e-01
1.085798429552722544e+00
8.247127501559479157e-01
2.225893503498070358e-01
7.132913599387676884e-01
1.206641263526692098e+00
8.060091939581445208e-01
6.260092649970093459e-02
1.153129281094395289e-02
3.696132360518763343e-02
7.061314812828170182e-04
3.653817728174339922e-07
9.589410959846133169e-08
8.459541569633661516e-06
2.800551292255174136e-04
5.148733815493799831e-04
3.490389927175313622e-04
3.834388913021960000e-04
