7.430001892230813614e-06
2.033888777001609943e-03
2.027609880070216697e+00
1.811792768039807600e+00
2.690466453174674144e-01
1.862516069163564492e+00
4.511494682108703469e-02
2.095505077881493466e-03
3.892224676114144390e-03
7.809864720308565947e-06
8.981916340435153013e-09
1.071275674882768358e-09
6.135360939316109659e-09
1.355167158575835277e-06
1.005202758334954147e-04
3.106581742817498453e-04
3.462135249333996457e-04
6.095142703830829130e-04
2.682966110299985177e-05
2.345856713513643638e-02
1.018594878538059190e+00
2.156856885685537684e+00
1.791735843820083440e+00
9.305877819212661217e-01
1.907747626730984039e-02
5.648288828588991783e-02
4.886747421814876979e+00
1.057078425652365067e-01
2.151288259066172980e-04
8.492372713836293216e-07
6.621544942091742105e-08
1.956696661024517689e-06
4.614764640032398404e-05
5.264376533532870553e-05
4.862820341739680077e-05
1.689311456629278316e-04
1.367291232633618394e-03
9.208697532632138527e-01
9.986750137264372995e-01
7.549361934449800859e-01
3.271652341789400564e-01
4.527893218906012957e-02
3.280927534863769396e-02
1.037358719736819063e-01
7.209619350912958025e-01
2.207096628866514809e+00
2.717885583936096694e+00
1.683318018595786336e-01
2.865543488475743705e-03
1.906235069242991217e-04
3.659935234682406684e-05
7.024496710562033008e-06
2.995044705693433241e-06
1.941026763293541131e-05
1.756437097170151784e-01
1.786147714259938679e+00
1.345373765145720713e+00
1.053248314473780090e+00
6.558495241206961923e-01
1.283390567684581374e-01
5.914093804444793268e-01
2.315759685425733960e-01
2.326365201210942729e-02
2.400513210551032672e-01
1.839102476512842532e+00
5.031691344112640962e+00
8.615402975773884808e-01
7.789087712020026800e-04
5.975498854308363106e-05
4.311669568787779397e-05
1.762558391815692531e-06
2.512497773528579847e-06
7.261126057808657830e-01
3.418138275222085132e-01
1.398501408495997689e+00
3.459284723785066573e-01
8.398251648020942373e-01
3.543990284964821935e-01
1.944820552572143202e-01
6.304698509953374774e-01
4.142992843007832771e-01
1.021831784473023363e+00
9.094314295805414616e-01
2.663349709578861191e+00
3.225157135731540059e+00
7.710322939400586321e-03
1.400693043957840569e-02
3.549148916120183073e-02
2.064718357620999302e-05
1.168187587117092421e-06
7.261852497889829949e-02
1.553195928498484479e-01
4.870193576071626951e-02
4.898409020849996479e-04
5.742736690057904936e-02
5.357051552070350997e-01
9.555601795759975647e-03
2.102411416352446549e-01
2.658360017980275103e+00
1.095267738289373627e+00
6.568821719908858325e-01
7.560707037308882494e-01
5.226099327158264529e+00
1.651476377591320377e+00
1.539042460906907550e+00
4.157297915018256379e-02
4.021238847766796614e-06
4.929377201953958962e-07
2.798739064612381505e-02
7.334186978005035051e-01
4.687895301123124782e-03
7.071654683857005521e-06
3.537634727749849103e-03
3.344135014592001243e-01
3.468180632191864791e-03
1.969383310716417770e-02
7.280472701633731170e-01
8.233276728301132108e-01
5.308052365845484788e-01
6.763216446375451552e-02
1.226105699462367721e-01
1.521512636398812734e+00
4.128257105585567688e-01
1.033424479022595940e-04
5.603364817362438106e-08
3.107266979138561835e-07
3.356336883633439226e-04
7.227964483495075143e-02
1.269965760759088902e-01
4.357095903787216139e-03
1.872714752170694108e-02
5.907433594489820416e-01
1.065035173127044793e-01
2.412739366729758569e-02
1.120707068568464887e-01
1.216972614078188686e+00
3.364785617743676571e+00
1.811245872502823540e+00
3.307330891694408304e-01
1.227522916438893885e+00
1.749067560704601787e+00
3.594643919772810229e-04
1.664404552084278187e-07
1.063028824657818260e-06
1.485909069537819289e-07
9.400691021770325967e-05
9.552717788629504492e-01
1.787131425495150694e+00
1.369194008395257511e-01
1.277829384810442725e+00
2.039881667966112033e+00
5.079835329544786227e-01
8.302784949783972301e-01
2.793132440730305532e+00
2.652477658151288775e+00
4.381686684338089499e+00
9.000758696401335301e-01
7.092490127489816665e-01
4.110499392466295809e+00
4.173201889474120740e-03
5.274458841870005487e-07
8.093689988457120182e-07
1.831572268998512780e-10
1.181714395350482341e-08
1.261130205141530562e-03
6.923000373921504857e-02
9.617826241273562393e-02
1.564380555102548254e+00
2.124025590000236385e-01
1.240503691510909806e-01
1.374606323505478844e+00
2.858188904975834888e+00
1.720920006426829518e+00
4.803538943570646036e-01
1.985872374553922237e-01
3.220367420663065583e-01
1.979031583084625234e+00
6.493179027541989487e-03
3.891186314264576268e-07
2.099521590884045580e-07
2.667746991527063477e-12
2.264507479315166793e-10
1.162010202357407980e-04
2.458521679691563419e-02
5.399888274212752415e-02
9.296854424365356140e-01
1.435853134835935185e-01
7.796500054123622903e-02
1.335020672664687658e-01
2.953607626505736980e-02
9.781120315818883637e-02
3.567853725837331069e-01
1.304474460818344284e+00
9.865283189343065917e-01
3.687090210047389238e+00
1.213648972242350188e-01
5.406748707101842179e-06
3.626356337065350738e-07
7.713718693323530865e-11
3.273700975601873590e-06
1.189382408566313831e+00
1.629914818602831827e+00
6.720642336378745973e-02
3.101803255109624735e-01
5.187291474433705085e-01
1.066816653628144707e+00
7.302583608850924390e-01
3.545147713547175394e-02
8.312991260026622586e-02
7.271025580251153642e-01
1.412298678069649371e+00
1.201101163506210906e-01
1.402759655268347450e+00
8.088257096545431457e-01
2.479146586535918166e-05
3.516613941803882009e-07
1.651017304003091655e-07
7.760868426342917847e-02
5.060395694720045157e+01
1.535222944706586823e+00
8.669546626164595926e-01
1.779897577342139714e+00
2.944716041439376375e-01
2.440735058482675079e-01
8.675199510092933552e-01
3.719304817055530954e-01
3.212245495044162569e-01
6.903888114366997231e-01
1.323871203655241136e+00
2.837868226659481796e-01
7.308383425485946105e+00
2.294587331605319580e+00
2.326137970430663168e-05
2.334375095717438988e-07
3.519585956478135303e-06
5.944863750801407908e-03
3.739410160522023407e-02
4.935163348658203747e-02
1.585120683831817257e+00
1.549014180353522896e+00
4.329566626327728818e-01
2.387868106166007032e-01
5.791817982355611516e-01
3.429920368692592758e-01
8.750342198837676722e-03
9.382016295912537496e-04
5.608662943277667283e-03
5.982804492297040533e-02
7.411316280074268015e+00
1.821880308441197638e+00
8.054813296183829167e-05
1.759465007888665105e-06
4.507421468324367650e-06
3.018208316053545796e-05
6.646532934100609713e-04
5.762764584165157994e-02
3.250149705541632850e-02
5.066581649618975489e-04
3.633228761678874985e-03
2.486565120626078179e-02
1.791410241878861054e-01
7.228305733344146944e-01
3.049954640491179311e-03
5.588272427324420780e-06
4.747759435215440302e-06
1.946367184271154821e-03
1.728192306950236068e+00
8.924426564646657789e-02
1.800833486375712629e-05
3.492917306325193671e-06
1.322025988742170483e-05
1.151161813881486557e-05
2.007483145548202407e-03
1.883050220628231797e+00
7.443256563066186215e-02
3.961882632196556348e-05
3.090004749786672673e-04
9.566102371668909130e-03
7.975577213549479849e-02
1.004592957379685458e+00
8.524191597354184580e-02
7.044730080578584736e-04
1.241116064984250681e-04
2.733514810220541782e-02
1.048301967668148205e+00
3.052364773109622555e-04
6.723292994293609322e-08
2.811419437064065741e-07
7.693122079725515298e-06
5.720693635346297581e-07
1.442040630092518658e-05
8.985269208750276682e-02
8.810010501495629809e-01
8.912842632489380995e-03
3.579839325712117631e-02
9.299328712159695698e-01
8.057953853361168317e-01
1.037598753893230752e+00
1.151922052603493896e+00
6.452398214513342944e-01
2.789714696966284491e-01
3.837590916895147419e+00
2.092898165021560786e+00
6.150380528809812396e-05
1.833466186659251250e-08
1.083340603879244553e-07
1.950784109424887269e-06
2.277977366450522843e-08
6.466450349728917452e-09
5.950771430319424351e-06
1.066175391316692006e-02
1.375644010305541662e-02
2.304387701051132178e-02
8.420837776918470574e-01
1.590199217205767290e+00
5.992819767600565672e-01
9.793576765384155447e-01
1.284291180040872948e+00
7.914814026253568224e-01
2.052713759133951044e+00
8.873052073984452059e-01
2.235912902088613499e-03
7.191817983942814609e-06
2.225636549508132780e-06
2.418256533982443673e-05
1.970747668133763601e-06
1.467021460784381519e-08
8.116473276761191522e-08
5.998510289232902902e-04
3.030979257187351589e-02
4.635147326794748432e-03
6.379273908512621272e-02
1.590370410895115327e+00
1.155123301189643126e+00
2.351813470619161794e+00
5.673860187564028212e-01
1.799980032284609344e-01
9.277045510540171680e-02
1.294410479858851444e-02
1.826832669247603624e-02
1.943224543287159004e-02
5.574015983890963149e-04
6.991967702313734920e-03
2.241838289527555567e-02
2.363441977381061548e-05
2.105425163126825506e-06
6.489234663132011950e-03
1.848707764548624288e+00
9.962706159358536429e-02
9.001967495794538365e-02
8.538815826825447708e-01
5.484160920382129545e-01
1.961332606937512546e+00
8.053138932891544810e-01
3.672049477049659227e+00
9.676299566961884535e-01
1.386903824865946908e-03
8.909294322603369259e-03
9.290964595486311817e-01
2.089322195086833547e-02
1.989842381949138289e-02
8.864691729617804050e-01
5.755861932756341053e-03
6.454987950102218175e-04
9.608564468779534629e-02
1.178409570242488824e+00
4.703204393066924283e-01
1.553166252961527549e+00
6.053779038991027317e-01
4.385570910250700949e-02
3.859614137797247602e-01
8.230957611656659623e-01
2.956377573078315724e+00
7.531759567255200127e-02
1.217250277352601310e-05
4.872692665506434819e-05
1.522815802262874295e-02
2.660968177824419786e-03
1.400690369369640568e-04
6.763821567477533436e-02
8.973190574518592755e-02
4.665062770820862376e-02
5.289690607384364140e-01
3.603373061257024168e-01
1.951417804103543763e-01
1.614798908522624199e+00
1.601189842171800159e-01
3.024677762874373316e-02
3.724698303248575204e+00
1.106042294385979341e+00
1.502537743118315767e-03
1.393231940426279798e-06
1.073198010592138567e-08
1.884635378175650423e-07
2.930708423514952825e-05
6.589296920015071688e-05
9.333461536503181721e-07
2.358077605061281116e-03
7.006374340508749743e-01
2.432783961628784686e-01
2.772768501115887019e-01
5.531792789395854060e-01
7.193002114794866397e-02
9.215052989660198202e-02
5.485578981154946854e-02
4.368686526605953385e-02
9.986516669269619451e-01
1.324496413768600465e-02
7.710910740834784152e-07
5.584446089436050426e-09
1.101020023504282666e-08
4.251856448360861966e-07
9.853927177722126521e-06
4.223560001221477004e-05
3.072913141707347332e-07
2.718779915653786461e-04
1.307864363640842464e+00
1.554958274276224017e+00
1.736166492926244087e-01
6.081891256096202958e-02
2.879863844825810738e-03
2.328517503147888024e-02
8.174794977425219322e-01
4.149850405092764261e-02
6.429439543919078298e-04
7.962928489359207118e-06
1.498221557342007831e-07
1.866234371271752604e-07
3.028786094290665574e-06
2.922568541649395998e-05
8.463640212553151651e-05
1.871377139983093499e-04
7.871797987994985722e-05
9.386745060676092781e-03
1.839614360515211544e+00
3.247442300392309189e+00
8.433052075095611722e-01
2.024134672790252679e-02
8.515818656646865440e-05
5.990496582270111352e-04
4.645144629827318433e-02
9.364614877350263891e-04
2.897109613944761285e-06
8.522287608005545592e-07
3.923515225983724014e-06
4.312343218925600226e-05
2.811419138406447550e-04
5.203737134138095542e-04
5.038086215413098597e-04
6.582734398253096541e-04
