2.522494714159912582e-02
9.066899112328438148e-01
2.838616691927473568e-01
7.484048359463948419e-01
1.125840788126770464e+00
4.157587696295945295e-03
1.649781387128141893e-04
1.162596204245959150e-02
5.468224828003317300e-02
4.999845455478873173e-05
4.313833386179769353e-08
6.925986215049192202e-08
1.152101702908396653e-06
1.448074598443288260e-06
2.865192055208245789e-06
3.008297728612968475e-05
2.371968801871602824e-04
8.392782424581596117e-04
5.188431097913836186e-03
3.990539321876917178e+00
1.661350689464304420e+00
2.345883412418686143e-01
9.647070434851995335e-01
7.006677856112554226e-01
3.429314872602400310e-01
7.647548471308704965e-01
8.439956397476393590e-01
5.114334386452344672e-02
1.597381362945404998e-03
1.068753858836161280e-02
7.919173764720208175e-02
1.135707590449011855e-03
1.236793610116124731e-05
1.036688242995734237e-05
6.484453190774711398e-05
3.521805189879153664e-04
4.487792024176162804e-03
1.320457736613511179e-01
1.128683854674965154e-01
1.529510767091563084e-01
7.660327502051292869e-01
5.541997733047950847e-01
4.007883209768802746e-01
3.283919866595643167e-01
4.343810247932370916e-01
1.667077224327876861e+00
2.273381899060340050e+00
2.800705502409149172e+00
7.878773605398510238e-01
8.521849027721326714e-03
1.020908487434304160e-04
2.296509014581449320e-05
4.956011584693457734e-05
2.323807244220351298e-04
9.881059140421787346e-01
1.845479686902139926e+00
1.050473127612195245e+00
1.641917737717166093e+00
3.109564788682466663e+00
8.324314660871596772e-01
2.598707269713258494e-01
7.888261299315333375e-01
5.272552523806113278e-01
3.097952983200149557e-01
1.501568489675041640e+00
1.486323054122375531e+00
2.402166619400854797e-01
5.151640948137988646e-02
3.526851508612737114e-03
1.439256193448548498e-04
4.699242644000298604e-05
1.252842823573413402e-04
1.078767807968325672e-02
4.589462498852641542e-02
9.467319834486973562e-01
3.743256898020719259e-01
9.133395905726707231e-02
6.130118495203686901e-01
1.271986868354719302e+00
1.173092874896476401e+00
9.940475613560999235e-02
4.775379942182177845e-02
6.658256445321225625e-01
2.078521983980430754e+00
2.953789061557027473e+00
7.870669794879300296e-01
3.263782518081145920e-03
2.799635712986513401e-05
1.054401113257530426e-05
2.632576629483280738e-05
5.989191908843099595e-08
1.547380174400398693e-06
1.081661995875937143e-01
1.540149425465688449e+00
6.537046928516257460e-02
3.985388544537947220e-01
1.693712021829754999e+00
1.481546213289138603e+00
4.599292956115271225e-01
6.821350686750725645e-01
1.052807445563817001e+00
1.363188481175591882e+00
5.861471373179751865e+00
2.891016478861261341e-01
9.624677571379594511e-05
6.629053704397178375e-06
2.453609056888960069e-05
1.255712813015931821e-05
9.813746074286796541e-10
2.506132754663426287e-09
3.822383667516362441e-04
1.011832208178022441e+00
1.421393371871132238e+00
1.065809627642024138e+00
8.712866897055707716e-01
2.137127672611665474e+00
2.822983973305817518e+00
2.924582890827259973e+00
1.369659045363689875e+00
1.414334884513041679e+00
6.127210743704982754e+00
1.751671909910651470e+00
6.229953139955508867e-03
6.248423382244858507e-03
1.433479024788266581e-02
5.340092099013996361e-05
4.668291730432680011e-08
2.856985171079920547e-09
2.203999236845552940e-06
2.221957770421020134e-02
8.108451093925830300e-01
4.578503978321094570e-01
5.401156384664459464e-01
5.946209174952281629e-01
3.651169255402585967e-01
1.798432657671204193e+00
3.239366826004762334e+00
7.439133037983339802e-01
6.285266274274927678e-01
6.590534431300994811e+00
1.461879275612071760e+00
7.270957275779131868e-01
5.349796689607441008e-02
1.475838072009312657e-05
5.041245016342097060e-06
7.384228812663948125e-07
1.220880021573917383e-04
1.551864741830807082e-01
6.838278891002370630e-01
1.732539675791588130e-01
2.094527553665442299e-01
1.008984640812238959e-01
1.271614363679357818e-01
8.737605482229974241e-01
2.681122989153190694e+00
3.338494889695638346e+00
7.537376417679784169e-01
1.982275193586435558e+00
1.852763618426132020e+00
3.973839607099492049e-02
3.243420544313167190e-05
6.200584961741634523e-08
1.220405314738726701e-05
2.086752202059506727e-05
8.756189290230092723e-03
2.669572344419431698e+00
2.650987713900707643e+00
4.910206585122147693e-01
8.129118090054272550e-01
1.212851215332582333e+00
1.765315932125901988e+00
9.590159605561088263e-01
8.393178990066026968e-01
2.225494513310784406e+00
1.322483961230550842e-01
1.109786887237277919e-01
4.108192404772512241e+00
1.255260179297944534e-01
3.210871282353319303e-06
1.763285218110149620e-08
1.980031110187846158e-06
4.910524320360369106e-05
2.698043745698272197e-02
2.250727424844448432e+00
2.457392493807298628e+00
4.204458819978082462e-01
1.299571540406576187e+00
6.328769908415895484e-01
4.176005921576347174e-02
1.411614750189126855e-01
1.099469049664285158e+00
7.516787012226091580e-01
6.734289094880670234e-02
7.137724758532823510e-02
3.592041737846531468e+00
8.248836347595638330e-01
1.194671341759182329e-04
6.055869938903250435e-06
8.495404661416776081e-07
6.710113086905078808e-03
5.963128585151639349e+00
2.958408158702378721e+00
1.122944350045447237e+00
9.767298997150222206e-01
4.435020540135256262e+00
5.861541598108805928e-01
6.898250901383601308e-03
9.941547400255042188e-02
1.519230490612571316e+00
1.572290041980803910e+00
1.692147609710052958e+00
7.418075344351607869e-01
1.729186187521451146e+00
1.155140092713251354e+00
1.122741465941687160e-02
2.711428852736662981e-02
1.839319054368895704e-07
6.057663456458131646e-02
2.078368244233326436e+02
3.151629181377180178e+00
8.510415617847846281e-01
3.106968701405254052e+00
3.527331578886606422e+00
3.125671550302467239e+00
3.497451338940343879e-01
4.115781283098566279e-01
7.956276431712443475e-01
1.310445839917223632e+00
1.382223079849804304e+00
1.265749746466069858e+00
3.281651574478220645e+00
1.659037394380705299e+00
1.516658365639289574e-01
8.591170748120487977e-01
1.116526958894954957e-08
1.847758149694295931e-04
5.033995023016573533e+00
2.963862629630102052e+00
1.303948789712647605e+00
1.323057075612966482e+00
1.896486928687318441e-01
3.506757843047802470e-01
8.170559692264535434e-02
4.361735960246020810e-02
1.004823142384324797e+00
9.602205217821602190e-01
6.564348990893432989e-02
5.172378857501070959e-01
9.316532088512627929e-01
3.869927999912190636e-02
4.495099626629634609e-02
7.896384792605239122e-02
1.096967163215086382e-08
6.639204190747053048e-07
4.052263171353685106e-02
6.892012835262328885e+00
3.781844485315638771e+00
1.703930974226609329e+00
8.023774733519907221e-01
1.556384314145798919e+00
9.469980085063792186e-02
1.057677671474473342e-02
6.541035741729536168e-01
2.082156368435017224e-01
3.205925147765823543e-03
2.139709071996865053e-01
3.152898089526212200e+00
2.920374403697078014e-01
7.133191815469523966e-01
3.761280889954860679e-02
2.322451633786921337e-07
1.520646879856641910e-07
9.309537853368927279e-04
2.976120015151266340e+00
4.406046505417534398e+00
2.099513082580168888e+00
1.338910677761606660e+00
1.352973816994085254e+00
7.379982524574779656e-01
1.315980840594071222e-01
1.433182806441904100e+00
7.343656582103060826e-01
2.385475277333151678e-02
1.309023912122821431e-01
2.317978900034724621e+00
9.220673575512469133e-01
8.334846868310162582e-02
4.467206199097746686e-04
2.875067224929960772e-06
1.232270332924966592e-07
1.802875251716649417e-05
6.293755410721772747e-02
5.487455589690662938e-01
9.436812367759054299e-01
4.584848363751290456e-01
1.159171734212873645e-01
7.877570044769772739e-01
1.395092113385838051e+00
3.958226771032895996e+00
1.751672414442941861e+00
4.639733468920912984e-01
1.002122152337447725e+00
1.897982338296960947e+00
3.083912017135318970e-02
1.277895785069552602e-05
1.624346091617869419e-07
2.755182214845659870e-06
2.628828297663501745e-07
7.467080113533398893e-06
3.517661933759174634e-03
8.147535988278639674e-02
7.640859363258771797e-01
8.520923247174404525e-01
3.291333510234197290e-01
9.234279215393247364e-01
7.241999481101472069e-01
1.944065074832622253e+00
4.884084478374020044e-01
3.895838020117731171e-01
3.253809723337810489e+00
1.764767210399240671e+00
1.780399180188354472e-03
1.238698959282516011e-07
1.509208637998490411e-08
2.970157254287458955e-07
9.440103041790323205e-06
4.028497304748228196e-03
5.136550639158519310e-02
1.782470745408335291e-02
1.278133884476843028e-02
6.747613128712690034e-02
1.069644638456018315e+00
2.558677118810098072e+00
8.237799098881515292e-01
1.713914515055378063e+00
5.274140648694000122e-01
7.129266582587457934e-01
1.554035612121024590e+00
4.145705004815317674e-01
1.613518025335244736e-03
5.108643287578049479e-07
1.778688775670688580e-07
8.044254535464823978e-08
1.078936060681286125e-03
3.008410807492817085e+00
1.835502298788391107e+00
2.888831681045572058e-02
2.352441959739815652e-03
3.960332572211575780e-02
9.543341985187415721e-01
1.026945653915899204e+00
8.675439311789782115e-01
4.391040899192583669e-01
2.394236365976731562e-01
1.719669846525239576e+00
1.774280346296522426e+00
1.442540515168582393e+00
4.450180632588383867e-02
1.872186604031223064e-05
2.748928289228909886e-06
7.159971261360431887e-06
1.055467640023166759e-01
1.801755086812566464e+00
3.826677390480110463e-01
7.503263181170485296e-01
2.741628736828760071e-01
7.036603273918838886e-01
1.066147377437582477e+00
3.220741590820224154e-01
5.926222091357834509e-01
1.009561686680257031e+00
2.758542075823932738e+00
4.002733172896120628e+00
6.650630067808682711e-01
2.124149232874114890e-01
2.179034362840364357e-03
3.370472786162954236e-06
3.333679503972109036e-06
5.400251023752889422e-03
9.266108629019756959e-01
1.782251829403320303e-02
4.778894033691009728e-03
7.941663444537145899e-01
7.161345305861631372e-02
3.674459054935737094e-03
9.756959887930903574e-02
1.594156254533057648e+00
5.291614561880688683e-01
8.229543130570039500e-01
4.157428594238394837e+00
1.497061175329658655e-01
2.222562377647494675e-02
3.443756216923408303e-02
1.667149854477247678e-04
6.648043790295539061e-07
3.512891328000753600e-06
3.027002585239742510e-03
1.678414529779912248e-02
2.797421065413481511e-04
6.510603766803275180e-04
1.459508023145910383e-01
5.175994015206311855e-04
3.269295656077387151e-07
1.162117546746139004e-04
1.124414570374916433e+00
7.111019407854336505e-01
2.053951809779410442e-01
7.636060491552680851e-01
1.505089567432973778e-02
1.480960874994678364e-02
8.785314618246847784e-01
1.580490726684705485e-02
2.342191857749651218e-05
2.240517780387547744e-05
3.444743621759769893e-05
7.993294642527232772e-04
4.241290550245220906e-03
4.866695505295291768e-02
8.417060937512924612e-01
1.482507007469319312e-03
8.020878723130392776e-08
3.919155615898829784e-07
2.812508330923076724e-03
2.151345401203624830e-02
7.569116585090281644e-03
3.098588663873184587e-02
3.790570518865812779e-03
2.110084117061593410e-03
3.799549866643858048e-02
5.097881369494504725e-03
8.140983277994669296e-05
8.749493646434606370e-05
3.350676742277085307e-05
2.867856464634747568e-02
6.936039538655910164e+00
2.009437938046575223e+00
5.912585225818485501e-02
3.921955924480090218e-04
8.503541176660356052e-07
2.441281868444840005e-07
1.059261873965685068e-05
4.046855501589624463e-05
1.830546106066462789e-05
5.465524772508710463e-05
3.746471883577647216e-05
9.368231549070589535e-06
1.253095191314219853e-05
1.549912549877290521e-05
2.664456836664853294e-05
2.149020232927013419e-04
