5.192545415364833121e-05
2.391118777017777885e-05
1.193985427011709399e-05
3.006394162768200358e-06
9.821579957803169500e-06
1.777664968988219938e-04
2.565278432450523896e-04
7.733379364707484397e-05
9.040277843159487858e-05
2.112054459288754309e-04
1.701493197528892326e-04
4.890492096867259900e-05
1.419437481923285806e-05
1.065703683445632565e-05
2.641393079785130736e-05
1.006947301111213905e-04
2.725769942227588226e-04
5.504488882535987521e-04
5.497135664171592831e-05
1.581984793208450715e-05
3.287828733612869879e-06
5.511743395800215022e-08
3.747245427403754271e-07
2.160659859676419890e-04
1.297523685408669462e-04
6.396467321190951526e-07
2.166178294727939417e-07
3.211423213179713817e-06
2.406705461669530653e-05
5.167001120193282578e-05
3.283486583360367076e-05
7.391339023696910399e-06
5.018241605322161908e-06
2.016453378524688794e-05
1.005873024869154299e-04
3.056857211377585421e-04
1.445328632476338034e-02
4.424699246534437649e-03
1.894959766706405925e-03
4.144928927785156679e-06
6.150680010977794029e-06
8.661734823597406346e-03
9.521575447295814541e-04
2.285923453995833928e-08
4.525346876126770260e-10
2.543659650645345815e-08
5.889676181772321689e-06
1.788902416600328870e-03
2.336532471341296047e-02
6.981668022293725144e-04
1.090132131495077770e-05
8.504408062559571215e-06
4.394295757414545220e-05
1.753285712630153932e-04
9.299814809318978082e-01
1.240593644599312789e-01
1.802282788007170566e+00
1.870432396221925753e-01
3.348545261930449546e-02
8.333695461182883957e-01
8.594130960729168267e-02
3.738700800749345303e-06
1.261175976289510325e-08
3.452385893872315177e-08
2.833731983379349791e-06
7.439306192567976886e-03
9.282509857241364459e-01
1.974037952269942428e-02
4.399031035891211061e-05
8.899200570058505853e-06
3.045639049589599594e-05
1.178323971170898015e-04
2.819092253288302263e-03
3.874099439512520741e-05
2.025165469084259234e-02
5.851327160050137088e+00
6.793143615514230405e+00
6.468091571177908783e+00
3.614384310133784250e+00
1.660963940205707756e-01
3.295492726076252200e-03
4.602611661766964574e-05
5.618570998952500829e-05
3.557452001706928012e-03
1.156976367655536582e-02
5.436173055948569652e-04
2.358858257662278530e-05
1.566656357673718047e-05
4.129241990552365196e-05
1.152122559322600793e-04
6.304185135730563906e-07
4.916079183537483129e-08
3.932198258072022875e-04
1.421616924257254055e+00
8.814641049927502081e+00
1.193633214121759245e+01
4.052041305011119476e+00
5.093167012100732194e+00
1.746799062250199652e+00
2.217515056089241002e-02
5.310951055783955793e-02
4.578669067288333033e-02
9.576599056635371669e-05
2.824941704625285151e-06
7.647074681045594907e-06
3.986144434591539897e-05
8.611489411821982064e-05
1.508783350552147888e-04
1.855223484776060160e-07
5.440025496714723604e-06
8.045841572962454669e-02
5.246515504573817879e+00
5.611852950308608534e+00
1.059110832878668518e+01
1.337189185462708263e+00
7.498337400924757201e-01
1.122493116212097464e+00
4.348089101774986753e-01
1.520016126233607601e+00
1.380386957454021908e-02
9.782362543858563503e-07
1.239843481799361871e-07
6.511666294422294812e-06
1.037934121428063880e-04
1.685814753787043144e-04
2.015059344720008269e-04
3.679451316546932236e-06
5.333189833225431692e-03
3.966519278688795502e+00
7.488410781636396507e+00
5.913954946031720006e+00
3.973685932632438522e+00
1.718340465189334365e+00
2.503200257747583812e+00
2.622173153700406267e+00
4.635129499014285059e+00
2.559076065178213177e+00
5.077505511135921084e-04
2.309673703257504469e-08
1.381842074333840947e-08
3.107076953741688318e-06
1.123175956571863515e-04
2.219590835286570885e-04
2.474611161848425437e-04
5.196227077767162162e-06
3.817736900078982226e-02
8.878564858456298836e+00
7.058874471690818275e+00
7.085930126857372002e+00
2.993991191457903156e+00
1.853655185942404193e+00
2.327257754314548510e+00
7.812801065646695076e-01
9.248050637812802455e-01
4.580100455544876326e+00
2.071799454378059346e-02
4.045397870105449941e-07
6.797236299540010290e-09
3.366835340108069520e-07
2.997002803853027783e-05
1.768995579260770033e-04
2.932809940819253755e-04
8.900702805666550216e-07
3.196261857068378662e-03
2.815443779986113171e+00
9.225774753018900043e+00
5.026067099808913419e+00
3.547091808309830174e+00
2.621305126794954976e+00
1.396596022665564485e+00
1.267032827248780524e+00
4.148717795083614601e-01
2.179849099437932480e+00
9.719437889262578789e-01
1.746204264662115527e-04
1.259184165660745306e-07
1.206361317143959731e-07
5.022733755875820150e-06
9.249598091914329001e-05
3.329162469945326779e-04
6.550549854676382584e-05
1.313129459828079292e-02
1.656130245638764542e+00
7.858763519999695468e+00
7.779380182253914811e+00
4.220868108838518928e+00
3.942828855097253449e+00
1.468926297119663715e+00
1.877893614255286669e+00
8.015435864459771187e-01
1.943613589552485976e+00
3.901905679961632512e+00
1.365378445719567235e-01
2.946013577532577573e-04
1.347737504072813409e-06
1.520536576190985603e-06
3.683684817671774151e-05
3.319252759669962210e-04
6.589552099800573270e-02
8.420120253248525310e-01
2.292338982333880537e+01
1.339761376968478146e+01
1.649328690913644735e+01
1.029560897952203113e+01
3.254616448007894736e+00
5.866448266911240550e-01
3.924374362938543581e-01
2.102613284865068599e-01
8.225040128077507617e-01
3.338206687916835946e+00
4.607132627112035195e+00
4.124909371707873723e-02
4.434014573633958900e-06
3.583936694514075117e-07
1.343177332063883868e-05
2.979293014488598517e-04
8.072395093260373855e-01
2.517300492172940274e+00
1.888449102338204852e+02
5.537954677434266415e+01
2.821254085177232085e+01
2.095513430600642835e+01
6.022235418191248968e+00
1.731300781744497197e+00
1.935544129495989862e+00
5.060079910052519558e-01
5.222272928289142246e-01
2.148528323691562214e+00
5.246212344506343328e+00
2.177661858218224444e-02
9.689610847557412488e-07
1.049727640986804771e-07
8.523486557586436535e-06
3.008811036186875994e-04
7.124791646943656742e-02
7.589839107431552989e-01
3.482355146544308155e+01
1.795811402742152296e+01
1.411966876409806737e+01
1.397343136218952608e+01
8.029719603187441379e+00
2.161294222683779243e+00
1.264665741696190837e+00
9.337088865276227390e-01
1.439367689953527707e+00
2.741281142723866804e+00
2.709287793185267468e+00
7.124579712414838735e-03
7.490576151772355456e-07
1.664782227648758351e-07
1.238863564909762340e-05
3.573131836402144166e-04
2.596919187194656744e-04
3.556949523460319063e-02
6.959377657051147636e+00
1.796634216379906235e+01
9.901855941977709463e+00
6.673751630919851685e+00
1.747082246241862702e+00
5.128700110382414801e-01
4.589670117288023876e-01
5.331332011405932603e-01
2.644213261882152111e+00
3.413688853992025596e+00
1.213247082499218088e+00
8.425466138336772104e-03
4.000052415842369085e-06
7.546403033962239342e-07
2.150631674674562680e-05
3.738218065474444300e-04
1.186075307819253570e-03
1.708236963030923539e-01
6.392659092818136379e+00
1.565784830194057697e+01
7.714813550647430240e+00
7.014196397085241230e+00
1.093078421468070660e+00
2.884372456031849552e-01
1.160890784192354586e+00
9.168485118552505142e-01
3.111390847750645339e+00
3.638927845791457116e+00
7.793385868032977060e-01
2.319223125706123406e-02
5.019954830268654340e-05
4.697296829418597905e-06
3.293486714214393800e-05
3.000515893172299615e-04
5.634396475715624727e-03
1.520222217527387176e+00
9.532572128885705709e+00
1.323808531822552048e+01
7.239441344007006229e+00
6.792655262368142211e+00
3.222360183302876102e+00
3.170297231928239090e-01
1.382121530168010537e+00
3.476385840100539859e+00
3.603359820465480645e+00
5.757980764607949498e-01
2.471219791258772586e-02
2.004744665294763868e-03
6.798577389692249157e-05
1.484522536607247434e-05
4.520812108689495096e-05
2.223148669574763080e-04
3.076900859376963072e-04
6.829105423710125633e-01
6.421759834962897706e+00
9.442669759220699177e+00
1.187206274980996668e+01
3.566057159145561428e+00
1.225170125633790796e+00
1.074562258642222518e-01
3.402967805736870077e-01
2.697748546008583492e+00
3.107912221617118220e+00
6.498420999555657440e-01
1.298603328317968035e-02
2.928646910974738379e-04
3.155729607048923411e-05
2.357899587762033906e-05
5.886711755973664836e-05
1.935475617024500644e-04
9.834734422934832045e-04
1.330627303307270415e+00
1.423762585601897390e+00
8.846015780471706558e-01
5.830230659104298496e+00
2.575816845033575664e+00
6.502323323766669994e-01
1.584595903789181304e-01
3.277791219117529575e-01
2.522456843440960217e+00
1.067671212585548757e+00
7.862334526806022406e-02
3.177733875782633773e-03
1.393615030514078581e-04
3.291067142545955079e-05
3.844355084057906669e-05
7.739049041444165714e-05
2.007272210549260096e-04
3.443327794645695532e-03
5.950084265761100832e-01
1.431556351551773965e+00
1.613035039319382635e+00
1.635108169926981603e+00
1.758387091811447922e+00
2.263125106511714169e+00
6.530530392323922184e-01
9.877941470896293985e-02
4.864296002727911544e-02
1.615188973251635140e-03
1.076093326402488173e-05
2.643975600768481669e-06
8.837468426805154061e-06
2.989375115283463135e-05
5.649799932812467758e-05
8.982446613614426356e-05
2.034695494827828553e-04
3.263811673230207488e-02
4.771964145898102694e-01
7.894656965272440763e-01
6.123732203080654024e-01
1.804969900888557244e-01
6.752858928693887819e-01
1.700822769148046532e-01
1.768277388390948916e-03
4.029250572794339583e-05
5.457356273328249546e-06
5.796442292565311898e-07
5.541833318309811995e-08
1.841511489873246584e-07
5.404513886863223413e-06
4.486615044194316451e-05
7.324483723896727460e-05
8.866087456390459422e-05
1.849482435961872942e-04
5.967909217908319401e-03
1.469422650023207988e-01
6.692514480102885743e-01
1.957298826354973431e-01
1.683560696803584888e-02
1.393810498837450527e-02
1.041600319015055449e-04
1.941571271156139558e-07
5.077162654421841666e-08
1.282511322657785609e-07
3.446182477525720102e-07
8.891135560611197078e-07
5.487166392567584722e-06
4.045179466114242050e-05
9.160443036415716572e-05
8.077516867356983354e-05
8.169020609626303359e-05
1.664522672011576688e-04
3.194277259523816659e-07
3.164157087388008683e-05
8.313767753369202818e-02
8.784033716815446979e-01
1.198850157737665553e-02
1.709759444197084754e-04
1.114369512772209467e-06
4.376183164169042330e-08
2.202573232772789802e-07
3.364186874323835459e-06
1.793094816086657223e-05
4.610490128771486848e-05
8.727231947541593047e-05
1.170296004032195128e-04
9.713425774944375900e-05
6.977657087509845897e-05
7.629630282173399973e-05
1.639944577078247009e-04
2.068434293336460653e-09
1.168539803885438851e-08
7.201031862076870871e-05
2.274203352613329496e-02
2.573589100088667647e-03
4.327493031348830668e-05
3.952387739067198665e-06
3.441387593322714878e-06
2.175914168026357989e-05
1.175620949069169441e-04
2.106010010394665391e-04
2.018007742487967478e-04
1.573224137617187577e-04
1.123610275957995236e-04
7.973320404316711833e-05
6.848072660296238988e-05
9.091740594344155119e-05
2.038784409101299143e-04
1.571769252227672012e-07
3.444355436638067088e-08
1.062876715350517421e-06
6.421333919462670812e-05
1.396984352575536081e-04
7.059412151498977036e-05
7.405927832488296047e-05
1.508830658060234843e-04
3.491847515734890954e-04
5.232111307518211426e-04
4.569171535717393533e-04
3.181650937672664942e-04
2.172489079773159374e-04
1.545428118207945877e-04
1.250302838975850337e-04
1.289596063136180153e-04
1.859964991018683541e-04
3.750659776647482049e-04
