5.233277185142656352e-05
3.870914831000142001e-03
9.594057731001144340e-01
9.829069608434881644e-01
2.261371765393928226e-03
1.713815831913397073e-05
7.343263948644084937e-05
5.199048387267240362e-03
2.240807518682386146e-02
4.721536941583611129e-04
2.323810784653356945e-07
5.423143983636202321e-09
1.362751471458799035e-07
1.445140858491915954e-05
1.210614013784375246e-04
1.393215605650554776e-04
1.050000153396862991e-04
1.215745993985713436e-04
1.073647254708519550e-05
9.082828358566710433e-04
9.544595792119264788e-02
1.110412807973424308e-02
2.221162796294037648e-05
1.315427187227579565e-05
1.084435319749712384e-02
1.063914176459358707e+00
8.235884669826979421e-01
6.919911799797805185e-02
3.087747502570548010e-05
1.572031579183291087e-08
2.110583527598641012e-08
1.605083813426994746e-06
2.889965336264453750e-05
6.626985886832068668e-05
6.937565657003489132e-05
9.239496467280482303e-05
9.029389753033716882e-06
5.983248687428311362e-03
8.556445257823501738e-01
6.092222011622066592e-03
2.509553622752506379e-06
7.371217960634929727e-06
1.846105539109821683e-02
6.928132213510672655e-01
5.278156742321868933e-01
1.659775818412638548e+00
1.216170373696817547e-01
1.304892696674365645e-04
1.727096849600246991e-06
9.340008879245733216e-07
3.109289026303314271e-06
1.583004850110176478e-05
4.942512386070422681e-05
1.039848101122357567e-04
2.350997578801788600e-06
6.091857714165429052e-03
1.101151450264431286e+00
2.040103965182379474e-03
1.827712911441523359e-06
3.735384253735895155e-05
5.167103337254404932e-02
1.241866049773710401e+00
5.830949788761710106e-01
2.705766590555071516e-01
8.773069451702544264e-01
9.756631457731633761e-01
8.380218792839649877e-03
5.929236651932045397e-06
2.021008639412748358e-07
1.245363867377097031e-06
2.532190504999436392e-05
1.460843059346005892e-04
2.724586668274031733e-06
1.625913063267982878e-02
1.919682892826598763e+00
3.193345999601294744e-03
3.311399182429521223e-05
3.735111105465159335e-03
8.594958022263178288e-01
1.991710456672548091e+00
4.157075279343505625e-02
1.210896357338858145e-04
6.639574359864937195e-04
2.045686851747486212e+00
4.015074895479672890e+00
2.888348328827032552e-04
8.514648301970667682e-08
1.214243938616821559e-07
9.144635398897018428e-06
1.803728642177048185e-04
1.134714567896259456e-05
1.767020473751243145e-02
9.554604558652286528e-01
5.124166739457691050e-02
1.329928416389629907e-02
3.591307409126853062e-02
2.311471453408437196e-02
2.423636075279791621e-02
6.774945498821374062e-03
1.608533976503764395e-05
1.708469070848148979e-06
2.474276273675684625e-03
1.864991956000844997e+00
4.681697042522396657e-02
5.332009918520642908e-06
1.213469416615312816e-07
2.212514579574515811e-06
1.017991823766070810e-04
1.156606641262171861e-05
1.741550658271344356e-04
1.952937272862695405e-03
4.055524153035751367e-02
8.806096919114173582e-01
2.120956950562794333e-02
7.119742635275933397e-05
1.626590617780813075e-03
9.685323319931076202e-01
3.721309760531004568e-02
8.985327351899008560e-06
1.320832531124791494e-05
7.218029783667744004e-02
3.041895154893826447e+00
1.382139467395226149e-03
1.721618783403632070e-07
1.194493619538478376e-07
1.182794897847928118e-05
1.072092097623393778e-05
2.810770055958805883e-06
2.786458597125901254e-06
2.348099010022417768e-04
2.642374719626792642e-02
8.936070765196518729e-04
4.856932222648073619e-06
2.802846182016217316e-04
1.014513536248133896e+00
8.729907583607194876e-01
1.821088540644526113e-03
9.956052985975458788e-04
1.625985379285710408e-01
1.697811262998252024e+00
5.858340390053169526e-03
3.757079271202501622e-07
1.058674214018098940e-08
5.888330815299684166e-07
1.852586490242934904e-05
2.218768117474635872e-06
5.400790116934362428e-07
2.227509596409565771e-06
2.744771794355214625e-05
1.150999061080931155e-05
9.350517730458152953e-07
2.909337554201595005e-06
6.338828223749459192e-04
6.884506688728077306e-02
2.229705547886164374e-01
7.768229374861472802e-01
8.600022769270362355e-01
2.207601820186942121e-01
2.110931819193647696e-01
4.389615711181741567e-04
6.578488084466192129e-08
6.527773201768787887e-08
1.220673495540205034e-05
9.171179081415658754e-06
7.611873358904117930e-06
2.838991524891173537e-06
1.821558411749533810e-06
1.962796403559996617e-06
5.912980752406664780e-07
1.595812372692132402e-07
8.244460325621075450e-06
2.437674672276543206e-02
6.269591193599821644e-01
1.334215664296358073e+00
9.955894838771329747e-01
1.872208477803179727e-01
4.350597454971762090e+00
5.960852543760668254e-02
2.365043533683755500e-07
1.334883786823850008e-08
2.918470490264009990e-06
8.940153847304572749e-05
1.339627665226889334e-03
7.305047346282275375e-05
2.333008729022567657e-06
1.979675105032843366e-06
6.727535282141677530e-07
3.751346742032214673e-08
4.509323859091629176e-07
1.363695432887774292e-03
4.551724985429902309e-02
2.357548547827779950e-01
4.699124345535176106e-01
2.885518449963221654e-02
5.546292702757016357e-01
4.714902741072463793e-02
3.878206965927932269e-07
1.450437149555236202e-08
3.294252800576150375e-06
8.315961732773097595e-03
9.932970325059026218e-01
3.203570918530417293e-03
1.272573579881835795e-05
1.799270098820339325e-05
2.382287404208984719e-06
1.603142529598269942e-08
1.460709028549857396e-07
1.863556695571317494e-03
1.507453643078275340e-01
5.602078060157684725e-01
5.900176720054928214e-01
3.863026471840525639e-02
3.500992971096140050e+00
9.249901811906059423e-01
3.006432110989720239e-06
2.693358104532641081e-08
6.948549601836929838e-05
1.038185540183193201e+00
4.992610365385505133e+01
3.553844649806076755e-02
9.350197011881365662e-04
1.107406931977307496e-02
2.178878743289803599e-04
1.644973509223353339e-07
2.896035478265468641e-06
5.515033091921392461e-02
6.638629251030623291e-01
5.542918958167692978e-01
1.331707068792058246e+00
1.510194742974317883e-01
3.157030482962443152e+00
1.214094190428496589e-01
2.259043003757553153e-07
4.710070487847267379e-09
1.148884530270473771e-03
9.780717637443860912e-01
2.006463548828268717e+00
6.761431500230719732e-03
1.393934594982026466e-02
9.318940852686773413e-01
1.557492383120399719e-02
3.593477182007355643e-05
1.039037481052246709e-04
5.116051527306467520e-03
1.371496792195960393e-02
1.174964375775674336e-01
8.953283956232462870e-01
2.796532243546955288e-01
8.105684403562088969e-01
2.800942285841180861e-03
2.970959083287379001e-08
6.017247295595922963e-09
7.382598462967705170e-04
6.464574726204545124e-03
1.423496677540616717e-03
6.363106825428289622e-05
5.141448646296849223e-04
1.153568747903778273e-02
5.196675489208737314e-03
1.093553680497667650e-02
1.693479292291862753e-02
9.596319881111573099e-04
5.691123539830034161e-03
8.417657994847165259e-01
1.126107672041605001e+00
9.592773539699379626e-01
8.387297459061497928e-01
3.092162013859879252e-04
6.317923006114925400e-08
1.273773445755879979e-07
1.403352739467825531e-04
1.010704855884890621e-04
2.072715922512139268e-05
3.847959017179097634e-06
4.296839841948228913e-06
6.261709067621529565e-06
3.832754545696996363e-05
2.014905506913067940e-02
8.315221069049527625e-01
7.892156978834623249e-02
1.402251366339030136e-01
8.362601718045902244e-01
1.694511478723840781e-01
6.411620273642605339e-01
4.778819324252917555e-01
1.754777183305379564e-04
4.775029573144230907e-07
2.361828376315791252e-06
9.423523397619605157e-05
4.947023967679059324e-05
1.909577382653683414e-05
4.500779597107231578e-06
1.085781929089624167e-06
1.008519682955534260e-06
1.443639189647579006e-05
1.356707402188144732e-03
1.144938777815391884e-01
1.998796409172357569e+00
8.202868169674314425e-01
5.241838756369821689e-02
6.991542538388068051e-02
1.298098385647625808e+00
1.475623454050858818e+00
4.837122074641317555e-03
1.618878237435046383e-05
1.193710611629751628e-05
8.350459681617156181e-05
3.741921808588516153e-05
1.518891124613746402e-05
2.568414078775501734e-06
5.769927868876441819e-07
8.233882603451348866e-06
2.802223781947236949e-03
1.701388229437688498e-02
1.225052211828755143e-02
7.271973261853453829e-01
1.335185880224614596e+00
7.556900901584923114e-02
6.356504275012331284e-01
1.934212675702757123e+00
3.581032667833558003e-01
3.608286310020262979e-03
6.450265953026659037e-06
1.876430980895918907e-06
1.120550439929257204e-05
1.586354058900839197e-06
8.405282484510075836e-07
3.114925009002897284e-07
1.153834378764177960e-07
8.213821979548148298e-06
2.600151754372014359e-02
7.729005208050997444e-01
1.657206779962569487e-01
3.514983814045120059e-01
4.384883765757746632e-01
1.470375257623149634e-01
1.191618993211110755e+00
1.061959648300179193e+00
7.772011253164317068e-01
1.243618435157880023e-02
1.360785731406711310e-06
1.155324754837368048e-07
3.875221714492169942e-07
2.083120534483857314e-08
1.551683122928260367e-07
3.579505517061227134e-06
5.660384978388817324e-06
1.389086918725758381e-04
1.885088057075841317e-02
2.811388514020607410e-01
5.659486303727540024e-01
9.156010666338765258e-02
2.314364946734362785e-02
2.879196064693919643e-01
2.535694459965875946e+00
2.750033051668945294e-01
8.808724589205756406e-01
5.781842122190627986e-02
2.158580639660403358e-06
7.129139007172713197e-08
9.188279407611986729e-07
2.532806945686789999e-07
3.405810940647980488e-05
1.621343903436783460e-02
1.870390863392092443e-02
6.541576315325836610e-02
7.345796410631392215e-01
1.755631200371262357e-01
2.357414831510224254e-02
5.245712656943735119e-03
2.377929193962651996e-02
8.793170529759637422e-01
6.769640016208780531e-02
6.233793077729609484e-05
1.055229641331709611e-04
2.456438465086303153e-04
1.485454858175074878e-06
3.845234681209404083e-07
9.708821194730971656e-04
8.512784381958880126e-03
1.330462467017523576e-01
7.846239595210093842e-01
6.802915471126635624e-03
7.426616424553991389e-04
1.015770483298116533e-01
8.467435800269610402e-01
6.322643353334227168e-02
4.448635520274644289e-02
9.031983000170752396e-01
7.967553481501417345e-02
3.127720060628292258e-06
1.859840584221164869e-09
2.671936263890587996e-08
2.406659223586102085e-06
3.280097506322130232e-06
6.426948655879801508e-06
2.168432924967156686e-02
9.036669071569819467e-01
8.520641847951009318e-01
2.616843862413855692e-01
1.031136022091426062e-04
4.727006536752044563e-08
4.190073413878576379e-06
4.684981002465864186e-02
9.217860084796102305e-01
1.022389755978701853e+00
9.817551286103656238e-01
8.087288931577020805e-04
1.768530244244422838e-08
6.386609834996111964e-10
6.001778781464883629e-08
6.225116876036134991e-06
2.853538013263695684e-05
6.005995205859503518e-05
1.523920604558980140e-03
4.713289435496968022e-02
1.890330926984020443e-01
2.740289326519364188e+00
8.020746602780959300e-03
5.413618855852809535e-08
1.042618008248513678e-08
3.911163840134520057e-05
8.367162590277777215e-03
1.084750613913869170e-02
3.233472711409290674e-03
4.250970572442724996e-05
3.104478993047497283e-07
2.732097593816116050e-07
6.574735249414970111e-06
6.601836636806490439e-05
1.212853893495961040e-04
1.537452419041308404e-04
2.131459163380904423e-02
9.202178580807882646e-01
9.870982100740659515e-01
2.051765314133211504e+00
1.645118711492573119e-02
8.456210748430652358e-07
1.999171012481714207e-08
6.742076312795115380e-07
1.467858566280330088e-05
2.057782050165591636e-05
2.570176154879174032e-05
2.721710333773949574e-05
2.188980785808850008e-05
4.493281670843401836e-05
1.392901451547249399e-04
2.247117077131247813e-04
2.131565066156667525e-04
2.203155784810416947e-04
