1.523897623295011547e-05
4.271353471204028529e-02
8.676860707411663265e-01
7.763079233714723082e-02
4.106131788880507116e-02
9.140705936922038921e-02
8.668828580100070846e-01
4.231985025021434837e-02
1.584000422852912840e-05
2.117038012632197491e-06
2.209498317813297821e-05
3.183659951203200277e-05
1.152755849326191493e-05
7.801411162006932973e-06
1.625720490497948938e-05
7.200547443105256222e-05
2.731454745352686927e-04
6.628278350125502627e-04
1.385003556376748120e-05
5.964840640954356329e-03
5.954453817809472749e-02
9.180821274505669705e-02
1.565564928137404443e+00
1.422056207753465140e-01
1.730682261537248336e-04
3.612828240561914147e-07
6.387889696606466660e-08
1.915474587210893196e-05
4.906543626533005353e-03
2.360235616891687063e-03
5.229296490424325042e-05
1.156736090520384986e-06
2.072657863193741061e-07
8.205885107474276557e-07
1.232453719224760016e-05
1.378459708169709407e-04
9.308638525550333402e-06
4.303775105399075887e-03
8.162213105905985477e-01
2.657776356991609634e-01
1.424370985083361074e-01
6.585421736864224829e-02
9.007915675629833349e-06
1.007301015263620082e-09
3.175225011842190188e-08
2.760311709518227692e-03
2.001065116410928546e+00
9.961063095041045035e-01
2.109456877008637765e-02
4.969887380417552529e-05
2.439617439358671607e-07
6.905515869697447896e-08
5.181716359616325764e-07
1.489315776127252562e-05
2.160898952711597650e-08
1.684170034686888283e-06
1.728831134508619916e-01
2.477932089441725605e+00
2.229106556078991330e-01
1.682961366719805119e+00
1.438598123216343078e-03
9.102308635482445888e-08
1.093856737296545788e-05
9.371587627463749681e-02
1.751606624309161697e+00
2.180348651642873836e+00
1.811350175613095415e+00
8.601885772672680786e-02
6.860237546237677852e-04
1.313748781810433970e-05
1.898372162301677063e-06
6.110185030219282933e-06
3.364786483669891792e-10
7.264044583187951190e-10
3.884775797613647039e-04
2.497033775266661870e-01
2.771534932673149626e-02
1.022285657177627760e+00
2.276753938476740735e-01
1.280654734054673376e-03
3.557196642270096104e-02
7.270869736835456898e-01
5.681794540300773022e-01
7.054028886373074902e-01
2.242549017062651640e+00
2.885588280720662535e+00
9.570540737568216105e-01
5.984727306260418517e-02
4.233404919397010203e-04
2.228870464452523841e-05
2.921441491307386849e-08
7.294160767639470183e-08
6.007038033444848588e-03
8.011220809242243224e-01
7.568487442183746694e-03
5.920835807476480112e-02
5.852493244430999608e-01
1.558150837742236783e-01
7.003498002695101032e-01
4.865165262753120001e-01
2.169556561547124340e-01
2.574337231718256125e-01
8.066543948082319782e-01
1.127486798469301554e+00
1.015308425670242709e+00
8.596722857656620143e-01
9.755723735454297288e-03
6.462156204581539630e-05
1.023751059629995017e-05
2.430326543225673131e-05
1.253738708470113553e-02
3.997839999433322467e-02
8.743321246597703707e-04
2.035140222218256856e-02
2.460702335465851931e-01
8.897777243727207630e-02
1.020806433953595826e+00
1.057361390068876306e+00
2.463318067135269185e-01
2.673551364314837309e-01
8.893312526603511792e-01
9.525169126489529958e-01
1.072445342725815598e+00
1.161489098704638234e+00
1.001120510995992356e-02
5.112328567379704846e-05
6.495691943006170056e-05
6.374418466164521937e-06
2.038260879423510228e-06
3.329087455749544584e-07
2.217076648718095383e-06
1.994446992800740295e-02
7.066269060852146122e-01
9.137780816287867369e-02
7.335024889145105309e-01
1.877080897287912054e+00
2.852348791452747001e+00
1.709385097575826240e+00
6.095601239601354526e-02
5.105910073243687813e-02
1.886895572403354482e+00
7.373283764359193082e-01
6.531860397776986489e-04
8.063695148804772943e-06
4.673725850316810690e-05
9.439768277751783920e-07
3.758417609843081105e-08
2.221895340362945380e-08
2.256579270515159615e-06
4.588458044741617649e-03
4.678381460231111760e-02
5.872905351870413848e-02
3.196330617662347939e-01
1.528685436061782699e-01
2.130131207265013149e+00
1.184615464988315381e+00
3.849854582877683721e-04
6.591934723296198357e-04
2.102461343722835885e+00
3.479374181135670985e-01
3.120816796070726942e-05
1.101462603411202239e-06
1.237904737420041105e-05
1.244491671158140702e-06
2.936766174096570964e-06
3.851215553632669178e-04
4.974564337746908288e-02
4.003923783398058434e-02
1.549964784826927001e-03
2.449687569767789591e-02
1.393645409988379713e+00
1.150305465964873153e-01
7.599869579134991282e-01
1.917843464239237239e+00
8.750484177788968873e-04
5.119246652135213925e-04
1.817615152881485008e+00
6.452690494486132966e-01
6.167683552490341159e-05
1.856329579110876568e-06
2.961968635795241982e-06
8.812759415830992245e-06
1.847854211131009334e-04
1.138766481335139538e-02
8.571326798734104635e-01
9.073399330686057196e-01
1.118719722439713918e-02
1.791057466009014429e-02
4.728321894008917781e-01
2.191013447013805820e-02
2.983426067664178213e-02
1.043554493895148205e+00
5.057823531490370644e-02
2.221183631746171706e-03
1.308831616361674222e-01
3.890977011469223257e-01
6.423143020879433680e-04
1.385528701063347416e-05
2.787610426345374424e-06
2.028478037307756502e-03
3.418667595633207573e-02
5.563885098110862501e-04
1.181184608802431915e-03
3.543769803018997355e-01
7.150533836819908950e-01
2.828387612912252602e-01
3.913849200358251457e-01
5.758403421644749803e-02
9.964729486568356387e-02
1.094768224849948624e+00
1.672752634467016719e+00
2.453097106362291668e-01
8.167456350514625818e-01
1.632518581489047049e+00
5.004357415480966548e-03
5.071173772151231951e-05
1.183441531102109990e-06
5.180938151621503757e-02
2.778991131139263260e+01
1.951032484066034800e-01
3.234951371233291822e-02
7.263776649503673744e-01
9.848302988646504552e-01
1.014049545763567206e+00
2.074384816048110147e-01
1.699213790193251361e-01
2.556497446118524586e+00
1.081016646088446498e+00
2.260920734443750302e+00
2.720035514059084392e+00
3.190582504252324814e+00
1.278994813067469316e+00
1.488699104927932891e-03
1.593921161805150321e-05
2.539749776534877440e-08
2.107019195059683901e-05
8.236344110998072843e-02
8.798381303955530308e-01
3.768842658073213947e+00
1.278182846700116837e+00
1.385229688078873367e-01
2.023832285219000493e+00
6.909296371173835327e-01
3.408885967655020388e-01
1.971334471811456490e+00
2.256084325739793062e-01
6.193284713516723494e-01
3.771721842278524250e-01
6.953345564774524590e-01
8.720823829318483655e-01
4.984504953974513595e-04
3.733762047882884687e-06
2.484344151425370546e-09
1.963067048418577716e-09
1.214401938217586258e-06
1.764915326043958906e-03
4.398959433753766302e-01
5.445260422956000879e-01
5.844477937882110175e-02
7.654704011693758137e-01
1.168565601818623678e+00
8.269121458348853704e-01
1.611000766944308271e+00
5.037833292539191099e-01
6.155255521558306020e-01
1.045165190192459681e-01
1.191296007917959310e+00
1.036769175656155673e+00
3.641686679826950502e-05
1.548406986379896029e-07
3.623096580084027752e-08
1.909020497010200348e-08
3.576352852694986297e-05
4.290377585669620519e-02
6.483431050298047449e-01
1.233175553912337241e+00
1.481581653660394848e-01
8.275157802467239532e-02
1.220224457755413883e-01
9.755835695861247991e-02
2.472832325512425156e-01
5.916658528166518494e-01
2.538991475595451242e-01
3.664615360728827598e-02
6.567257368296367526e-01
5.966908560992850025e-02
3.505934298100968738e-07
2.254865179563887762e-09
2.470654703169877141e-06
1.453628066042633603e-05
3.807065226489429050e-02
8.556788551818623745e-01
2.572455516196824887e-01
1.935188720530240492e+00
7.033259881881442910e-01
1.171778879817926972e-01
5.808226356241831256e-01
1.011443861913853270e+00
9.923922145292752850e-01
1.193132509385690376e+00
8.711591423725372207e-01
9.089876807420552152e-02
1.111695496578108400e-01
5.714687498599375221e-02
1.083805066039332716e-05
1.650535319968290659e-08
2.536852385728716102e-05
4.346406283363846173e-05
1.124813818304625781e-03
1.910908482362761287e-03
1.225571212521291316e-02
9.925671746393026629e-01
1.172147221550285529e-01
1.504859976988042955e-02
3.202124805272681951e-01
4.128358319817902355e+00
1.636082725026025919e+00
1.082900349589888955e-01
9.123348016891933421e-01
8.488000902483718857e-01
1.261661657951884674e-01
1.799390352661885961e+00
3.842900459235115695e-02
6.185907243878133932e-06
3.794137973036171247e-05
3.704021163181180169e-06
1.920601935813049361e-06
1.719003592170933580e-05
1.165104348027477636e-02
8.119217393075964795e-01
1.134735893887038188e-01
1.170855861489905614e-01
4.271047104790768878e-01
1.177627419347074156e+00
1.963393093507039555e-01
1.787906961493048721e-03
1.104898800467397496e-01
1.032321271737252300e+00
9.693463867519543434e-03
2.554677214118130507e-02
1.050647419418045125e-02
2.836278448980107602e-05
2.426204002039850007e-05
1.494806407928550676e-06
3.457829024596609344e-06
6.037878223905900326e-04
6.786965779199660709e-02
5.315082952769750041e-02
3.565728407258557386e-02
1.495794092728570224e+00
2.868009337161627759e+00
1.614658930490430411e+00
8.467817751345393384e-01
4.298084745252707395e-02
2.897058867760633039e+00
1.977741590445649233e+00
4.699523296669952025e-05
9.179451564893652801e-07
4.736078528685217781e-06
7.562656598235589435e-06
1.694993986707721129e-05
7.523999520098015516e-06
1.453473457151053172e-03
1.032389181331401007e+00
8.585457827559387356e-01
2.539625380165501378e-02
2.054786675849262084e-02
4.691461983965555249e-01
1.175825536079598610e+00
5.542951628977675904e-01
8.169993605935557124e-01
2.378367829228476837e-01
1.854122909712251577e+00
7.239185747095744361e-02
6.104069905784384403e-07
7.991968337316261004e-09
3.493160513792490783e-07
1.775708856858704447e-05
1.525263495567978305e-05
2.614655484209946367e-05
1.686413995213241826e-02
9.431391882631678936e-01
5.381269293079619237e-02
1.193748508023231569e-01
1.665143664450849936e+00
1.338574095885508852e-01
1.259443328477825863e-02
6.107323630789699559e-02
8.508578847303867043e-01
3.716454183160595309e-02
9.268501017640405583e-04
2.475460388221468433e-05
8.974127689992786980e-08
5.945529010682326085e-08
4.038454637087255452e-06
1.347310817111475813e-04
1.180656756159137990e-05
1.396366857719628937e-05
1.504743990837052389e-03
2.672747895168438130e-03
2.640872381949035605e-05
5.795145782644126400e-04
4.525248720152710846e-02
1.604435644311541813e-04
3.673700200031101738e-06
1.777625987809812154e-03
9.860779919797684201e-01
1.260814094734177999e-02
8.153896635196267433e-06
6.081239919510680156e-07
5.355668729330890656e-07
3.520071961709947243e-06
5.663925860114508662e-05
3.742043249469000597e-04
9.132388786241466848e-06
8.607588088351671521e-06
1.132445929286881757e-03
5.008712995137849962e-03
1.559760735728597174e-05
1.461574593580691658e-06
3.573786962949752122e-06
1.162073641657270914e-07
4.325112438866123440e-08
3.231558420290558611e-05
9.425694413338422603e-03
6.399339751703926518e-04
5.692674942543288296e-06
3.405664367437754545e-06
1.590944798534266589e-05
6.902884167814261863e-05
2.029716194018626779e-04
4.499473401322751759e-04
1.670069324099988266e-05
2.981109236580941458e-05
2.094955935906408703e-02
1.957630721129993923e+00
1.331735689940466080e-02
1.051400138844161587e-05
6.585679836281726991e-07
2.813175136671193493e-07
6.610868300147869596e-07
1.516644005529011672e-05
1.346729358817608561e-04
6.442215153094520890e-05
2.635719903134519919e-05
5.963791282861944016e-05
1.857407550026476885e-04
3.135234483854553518e-04
3.928890685197285724e-04
5.720672807290284531e-04
