2.056914987392790106e+00
1.841402606510269546e+00
8.229461248366796156e+00
5.556823357324040202e+00
2.548146860010930048e+00
1.475006424685993300e+00
1.324057295736530193e+00
1.905591037678740829e+00
2.018071304441989081e-02
6.386885122760558794e-04
2.059220198393967374e-02
1.982744279394096226e-02
8.892204105911791126e-05
1.153417045027797990e-05
6.496015988837633036e-05
2.757641505042576139e-04
5.182676356838492992e-04
1.218157491934941444e-03
1.862037157117462982e+00
2.373059975551595535e+00
6.563543643227772506e+00
5.801085048765595609e+00
2.182905615190744442e+00
5.859434233256386459e-01
9.465003483721804445e-01
4.620876413840172781e+00
5.143976469550638697e+00
1.261602928798537526e+00
5.963723410378701795e-01
8.686853692809991256e-02
6.133990175683524124e-04
4.150934080931157694e-05
8.132417779225988713e-05
1.410064224575166667e-04
2.112153439835824252e-04
6.777217653218346044e-04
8.687413548810835051e-02
4.686087072656417440e+00
9.236953787332160104e+00
3.371427724719987307e+00
1.437596661700389467e+00
9.194585981697683819e-01
1.415843424085343472e+00
2.086112636707418311e+00
6.577943970199871870e+00
8.408022217562482581e+00
5.903031953434687118e+00
7.814533756462340719e-01
2.480270675927588771e-03
2.600100162265567998e-04
4.668551536962957231e-04
1.030912380767639029e-04
6.782399644031260387e-05
4.789997474454085443e-04
6.783794507178350641e-03
1.205790742112484715e+00
9.028974225730546088e-01
5.513676099137881925e-01
1.704609011013735298e+00
2.133619598379618676e+00
1.349469431426263855e+00
2.021570286380973247e+00
1.399271049426517033e+00
6.848780484848485672e-01
7.983951343865863137e+00
7.106551593097106156e+00
2.789815823311768417e-02
9.631458111845299375e-03
3.711685390598396667e-03
1.258030545825950439e-05
2.701193445916661927e-06
1.175928013503646681e-04
1.300479224066655899e-02
1.724198431630468820e+00
1.191579253291948470e+00
3.812577521634610833e-01
1.351325522474337015e+00
3.441502249211973563e+00
4.950676864626318285e-01
2.147953208821010707e-01
8.573846802108339160e-01
1.453684714157705171e+00
2.902456542756893576e+00
1.081822663441158028e+01
5.340739404405908886e+00
2.783171529418096757e+00
1.979682912846233295e-02
1.797104732811227943e-06
1.378719045392917438e-07
1.802911057892539359e-05
4.630489841317742580e-04
1.375481693533602001e-01
1.046846265870554848e+00
1.665003808326855073e-01
1.516320500784736902e-01
1.307235519194151818e+00
1.298104468329912109e+00
1.451196220639421330e-01
1.854255283211639072e-01
9.991619136003976331e-01
7.488183231881050395e-01
2.783868882869893646e+00
1.671595719481211972e+01
1.000420126135403720e+01
1.593954939698715711e-01
9.017940933150799801e-05
1.630721801049007528e-06
1.855969139999223745e-05
5.244754041986401840e-06
4.163892865068111529e-03
1.738813502707341474e+00
3.248058293013177167e+00
1.495646421674583282e+00
9.809561690544349455e-01
1.620980186174370674e+00
6.688978250260024794e-01
7.782796194222886717e-03
1.100731748324397432e-03
1.955663515458633608e-02
4.397139446557034037e-01
2.086153902867347476e+00
4.438253376172283993e+00
2.517043357001552462e+00
5.825302326609244769e-02
3.863679948424322656e-04
9.334905963859396652e-05
1.044488599160767864e-06
1.046840620060945568e-04
1.100528484312092159e-01
8.324901260461519126e-01
1.250175112278410827e+00
1.148450100108556526e+00
4.576300149844359511e-01
1.228227938213770187e+00
3.345014261774621050e-02
7.505032211152935220e-04
7.428569083762058545e-02
1.558069545154671109e+00
1.986458751144334567e+00
5.290439300831279112e+00
5.637454734086658981e+00
9.225097357563506462e-01
7.555535331103604979e-03
1.881073362483642690e-04
8.348909139299138607e-07
2.328736670227499997e-05
4.480001739527572635e-02
5.225471313448689509e-02
2.116715421070097108e-02
6.992494370494843903e-01
4.307724496057569463e-01
1.003001318577659617e+00
1.661071654439722378e+00
3.294015644562164336e-01
1.721473536997048859e+00
2.682251180281761682e-01
1.506446800114102647e-01
1.643586863996355341e+00
4.497653483956226772e+00
1.973067246262056429e+00
9.560494936142784062e-03
6.883582910592994902e-05
3.666740922783386342e-07
3.834874893917516884e-05
9.029931840883511640e-01
9.362932068109602879e-01
2.850776367303462649e-02
1.062318593146196255e+00
8.614098791655964149e-01
3.361474599559972215e-02
1.229140544559751726e-02
8.728916233698222338e-02
2.699577461286474023e+00
5.359818357518651988e-01
3.710247438107925899e-01
1.678392360432309438e+00
3.254267534571424481e+00
1.110546957862791784e+00
2.534805879325627287e-03
1.529644417197561173e-05
1.309582596779425793e-07
3.076119938299758544e-05
2.039892475663021287e-01
1.605402628945574284e+00
5.621301682156429891e-01
6.950044185769084226e-01
2.481287114515357689e-02
2.849630462132325229e-05
1.873700371747308501e-06
3.220715128900125245e-04
1.566490572187208552e-01
5.430524268316031522e-01
3.833628585767488439e-01
3.428271889393232352e-01
1.846050079064028848e+00
8.289705356042205153e-01
1.288720813442737357e-03
9.277447842059819170e-06
1.348021517226805639e-06
1.673965052827940808e-02
3.844979940178252953e+00
1.674326990489101608e+00
2.989078993614614266e+00
5.180865354930339617e-01
5.406435824098092084e-03
2.480811434571789553e-05
2.171691442324983479e-05
5.641413396236265657e-03
2.020231065719462621e-02
2.675569549605685479e-02
1.834119093615369511e-01
4.353530092490749959e-01
7.243083408182396710e+00
4.137172902464523183e+00
1.477221308074795625e-02
1.414514261987324321e-04
3.102898338836220232e-06
1.054426349036185595e+00
1.267411675380309077e+02
2.775591148991129575e+00
3.566460207523062920e+00
2.869351969084335430e+00
7.849466677376927271e-01
6.537736587380837960e-02
5.222300203858459833e-02
1.851817356331311393e+00
8.814270625457403252e-01
5.600533008821131364e-01
2.094495390635462861e+00
1.999796361806098322e+00
6.419891173310648291e+00
5.970302540132245817e+00
9.889128439090306699e-01
1.799328086293874862e-02
1.137524301074598902e-06
2.072561925207104874e-02
3.234551671653847382e+00
1.152475493062084633e+00
3.657648277275238335e+00
1.064350773069587142e+00
1.009665893767841327e+00
1.999504161022196413e+00
4.914682761066430094e-02
9.880007512322352622e-03
1.809585740385285524e-01
1.374076796062856154e+00
6.780346440821592990e-01
2.469404368812106565e+00
6.265736208404836027e+00
2.362694896262114153e+00
1.763832515429587522e+00
1.342604283273377865e-02
3.490833055249789006e-06
1.832741341721662613e-03
6.975268223588900751e-01
1.157189800609454089e+00
7.859170656340747074e-01
1.600741422396062541e-01
2.147584757752000750e-01
8.430230979283456216e-01
6.217997339499802467e-04
4.850401694799659638e-07
1.621150248455403408e-04
1.729892445242540433e-01
1.481300898505324426e-01
1.664360426720699504e+00
8.204752698682662881e+00
1.330630618773430696e+00
3.862523360118702009e-01
6.440829342079331570e-04
1.168187915383582908e-07
5.623526041210631203e-06
1.666556768139544342e-01
2.904537742200846484e+00
3.631034413741605071e-01
8.466592766727233377e-01
7.083871770646555932e-01
5.357985611586829622e-02
1.059309724015613147e-05
6.314553034389298191e-09
1.711160760654615800e-05
8.942456650010146557e-01
6.807647372152382248e-01
5.005061203053170482e-01
3.769060719735901621e+00
1.726776116626452362e+00
5.578463963110856794e-01
2.459570425589883546e-03
2.982152360063417718e-09
4.344481365287296428e-08
1.120309011595852812e-02
7.157780079682710683e-01
7.256085430787338753e-02
6.229865591335563835e-01
5.270553476221826461e-01
5.424727276251066488e-02
7.208306737860990126e-05
4.411050632868330517e-08
3.037279926887027581e-05
1.113013069204531469e+00
1.105518042814721547e+00
8.928872774650178368e-01
7.751767223860922762e+00
7.081563817939043881e-01
1.522327427548912093e-01
1.120292185289930298e-01
4.752428625143932803e-07
5.372956059778466486e-05
1.757322341779565533e-01
6.335887705383301538e-02
1.118477269395754328e-02
4.641520733820789779e-01
5.867754984873607693e-01
1.687693060479199092e+00
6.378165121184144193e-02
2.370590339307914192e-05
5.903962749125139537e-04
9.123398344491691070e-01
1.021919600267663375e+00
1.927944096798723583e+00
2.423439840186416117e+00
1.713576010601092561e-02
4.431753967065030567e-03
8.539975296022110918e-01
8.311276567506059923e-05
2.080406837243222590e-02
2.532320216038820515e+00
1.971049862333190961e-01
5.542823159402993777e-02
1.303013255567831985e+00
4.920135504339696597e-01
1.309921295293290600e+00
9.402130594561540766e-01
1.486731360207558042e-02
7.183336186481893704e-02
1.872749171021058867e+00
2.106181865623096172e+00
5.977565419688881221e+00
3.622142674156910491e+00
1.492539867262042130e-01
1.256136620959243284e-02
4.561293193902653254e-02
1.044089689926318764e-03
2.025858685447738325e-02
5.244479415994558469e-01
7.063696595928032895e-01
6.427631419911698785e-02
3.043225241252855984e-01
9.697253042190614458e-01
1.597069160008486310e+00
1.927999817689308948e+00
1.079801068241724282e+00
1.906376808856889316e+00
3.156434571928206978e+00
7.909513942796153607e+00
1.309686606266371278e+01
1.258766054640614751e+00
7.019273492356991051e-01
3.239019968068621025e-02
9.603777254032336806e-05
4.876461684406440539e-02
7.906762527791775241e-01
9.354602696176872456e-01
1.667878232439804487e+00
4.361750422814588135e-01
7.056799860438737193e-01
9.994552913504799463e-01
8.595941612897128881e-01
2.862886119794468609e+00
3.327476530891198880e+00
3.365459924238539902e+00
7.693474690070646105e+00
9.270003620145597978e+00
5.519734293718157048e+00
2.558696515236825175e-01
7.700475100565572217e-02
4.397675715852009809e-03
1.806291280820336348e-05
2.463035080888859550e-03
1.018642509813296959e+00
1.175475979280811378e+00
1.225416089591319757e+00
2.802358764223053189e+00
1.727044289115198028e+00
4.014222589452793866e-01
2.951510382086159900e-01
1.811053910501684738e+00
2.787623230590962287e+00
4.831836831010257072e+00
1.192531141672318640e+01
1.815206918727296226e-01
5.690439549040816891e-02
9.249685613676024154e-01
8.713252963024277209e-01
3.765651255958128024e-02
1.032585058946062194e-02
6.541431650290013911e-06
4.071269814504586970e-02
8.300616540510498131e-01
8.612295384545320953e-01
1.034801416385925599e+00
5.269553002869371561e-01
1.416726756540790610e+00
1.770111462277295322e+00
2.109623276487960997e+00
7.180475006938336513e+00
1.036655139552991578e+01
6.801969397068588385e+00
7.385909751472970186e-03
1.311723569998859626e-04
8.439172087305654019e-03
4.026057889019567931e-02
2.039919217590487749e-02
9.471542456413670763e-01
1.369771787399186314e-04
7.564223678134901485e-02
8.219216682200837232e-01
2.491264499739317184e+00
4.571696536481318240e+00
1.909762505636516616e+00
1.370258561749777781e+00
1.895671092864804619e+00
7.700282111126110607e+00
3.109776197204949355e+00
2.514639264357648729e-02
9.349371368567357607e-03
1.349790930810642123e-03
1.737108188067992682e-05
6.471816356617782694e-06
4.395182259337880584e-06
2.289326104207379327e-05
1.719305009597569059e-02
1.034321634344921526e+00
3.812885015973585645e+00
2.377419264484494921e+00
6.401103278257354035e+00
5.595003815303924988e+00
2.668161446680455295e+00
6.922041261550496150e-02
8.094675729678715848e-03
5.438920608733185252e-02
1.377239868371950022e-03
6.651907681011718083e-07
1.621886602985424137e-06
1.592992498417737960e-04
1.041021254110889983e-04
6.698342822889853432e-06
8.263271398178604042e-07
2.072282394637625148e-06
2.171723057405883510e-04
