6.295634539872879687e-02
8.068073579459836830e-01
4.070757222237276762e-01
3.552887889377064567e+00
2.362052134937605796e+00
1.782579759072179471e+00
1.446635635921396656e-01
3.578513115659205483e-03
7.009405838595429825e-05
6.369188970337410653e-07
4.941301569328302026e-06
3.850658316786665552e-04
6.777341508891204390e-05
2.585840867942020910e-06
3.493901761499148099e-06
3.073398601427672935e-05
1.901305328079969385e-04
7.571222111243607706e-04
9.519870471772334461e-03
1.973443012196593793e+00
2.816580284425211467e+00
3.138554223165032742e+00
9.732741841979994923e-01
8.536010712048499594e-01
1.044500727415425434e+00
1.813651399739427461e+00
6.134877327453159418e-02
1.301539829934870768e-04
6.505450909365574240e-04
1.235527963640385349e-02
4.555075563200629480e-04
1.819468850841212375e-05
1.375683239929619773e-05
2.431943229822180542e-05
6.582371466165335230e-05
3.053264989159944795e-04
4.665917161706132970e-05
2.103902484737735223e-02
2.597413993293943846e-01
7.162193353676279406e-01
2.697649957762974782e-01
1.236863929489932790e-02
9.658811587646153746e-03
3.132839327167309396e-01
7.324960258495559762e-01
1.724076805973744908e-01
1.029970777185038600e+00
8.212173578358759052e-01
6.115137552592211229e-02
4.043247628997764104e-02
5.986697613951257047e-03
1.881642003153151399e-04
5.621592667919253803e-05
1.686627765443435365e-04
6.782841206366314077e-06
1.447387509580444313e-02
6.784280350501541434e-01
1.481019507664439905e+00
1.374668068386617925e+00
1.551133215785809594e-01
1.416029661096838144e-01
3.977697309375886614e-01
5.047712122188512396e-01
7.230921617783049316e-01
3.745573275745764263e+00
3.500122089007751125e+00
1.884751577778175813e+00
8.337616954984624629e-01
3.761349990366526837e-03
3.312633082672055882e-05
2.081383502362639800e-05
5.931973090487894411e-05
2.944889091971072332e-06
1.611160014991770695e-02
1.108721924407082282e+00
7.531813400161773142e-01
4.338468477438074400e-01
1.929873271435403603e-01
1.231369830591761527e+00
2.172202471652296740e+00
1.158496034164741673e+00
4.400152548218154713e-01
4.069834951081652830e-01
1.175692262011993394e+00
3.221375571678852801e+00
2.121925393370880653e-01
5.397333443868857530e-05
4.728355306900871833e-06
4.485739346643423311e-05
2.667427863063916293e-05
3.783986880542644407e-06
2.194914403906982753e-02
1.912418184568303259e+00
1.295672059613273142e+00
3.779982545445694786e-01
6.996382702443870727e-02
5.121120430330272644e-01
1.232100454802219636e+00
2.274232647317607547e+00
3.037754744415467556e+00
1.164920683714658178e+00
1.272066436367955022e+00
4.553161139277253078e+00
1.846062869737654433e+00
2.650571964334699337e-03
2.156483660197330669e-03
9.290827887024634066e-03
3.629262488911884761e-05
1.911016929134624938e-05
2.484381615143887653e-02
8.989018772221779585e-01
9.967735123251774132e-01
1.355746744091686606e+00
1.009619173106755419e+00
1.727548545261907043e+00
2.395119622847006191e-01
4.029618329643906982e-01
3.431285021172543637e+00
3.180722086322815390e+00
2.285100127838807449e+00
1.940949520897901293e+00
4.558834647232055559e+00
5.005219574671582183e-01
7.144289395691258981e-01
6.603115730592025445e-02
7.988904259513530837e-06
4.515715877170209278e-06
1.527552156038488988e-04
4.117119620128636623e-03
3.879505290438194781e-02
5.331877625774363860e-01
1.276458850787305366e+00
7.348647229505156364e-01
2.068592377719689068e-01
4.561984273054047745e-01
2.173654393771482507e+00
2.757457674484610433e+00
1.675969797227049085e+00
9.941885725153439823e-01
1.844861037099055023e+00
8.277999049278886856e-01
6.223234057597516744e-02
4.819537890710616631e-05
3.616324752343723831e-08
1.430537538730341360e-06
2.559113149284973325e-05
8.127536225550339999e-03
2.003826464396218365e-01
1.188554917655700427e+00
9.503683219143548300e-01
1.651375737139512134e-01
9.667596141159281453e-01
1.421127100144880862e+00
9.818657527091027015e-01
2.898358290295594220e+00
1.610077009852626029e+00
1.761815777349891032e+00
3.283318402564797012e+00
4.151155518807170708e+00
1.032343596794758726e-02
2.824213182105528166e-08
1.375913079005622846e-10
5.543795058431936660e-05
2.023636284100166667e-03
1.076660844043125786e+00
3.439980697837918378e+00
2.161067145028519043e+00
2.721677551505155446e+00
1.871832690172787195e-01
6.140819025263587472e-01
5.634261545254188874e-01
5.045739058762461759e-01
4.387009829774800806e+00
2.324918457025136220e+00
4.125419957354529155e-01
2.158752035891938204e-01
3.551492358888044265e+00
3.532610779694667080e-02
1.241393755341852270e-08
2.221410922716371677e-11
8.570663334788387183e-03
4.158529836660092294e-02
7.684214964580596829e-01
6.599336362466905470e-01
1.530981673208218485e-01
6.224115307210511538e-01
3.306090758668875362e-01
3.971404408903138061e-01
2.713465256533431069e-01
6.566478765296202003e-01
4.475440244879949958e+00
5.596281547811288171e+00
6.332445128373751508e-01
3.890993901480405831e-02
1.739749910437569380e-01
1.049427770341397614e-01
6.302894425759506318e-06
2.517795045697684954e-09
2.605203035768107259e-02
1.717479969999279543e+00
7.827070246769991080e+00
1.592138856510561862e+00
4.086091511727164560e-01
1.138918393754764891e+00
1.976901090650218240e+00
2.751235718776798844e+00
9.036785663528439372e-01
1.093778517209181178e+00
1.574878154103614536e+00
1.833806489811909080e+00
2.599173717870967515e+00
6.283409169097924352e-01
2.032930423612702431e-01
1.664699689899699520e+00
8.628602707075756773e-02
2.546643550454909320e-05
2.322303928086439333e-05
2.191459057321715420e+00
2.293048123262251465e+02
4.246951106136052978e+00
1.746130330331001179e+00
6.525693828938365471e+00
3.431385757756887589e+00
2.130138814425315719e+00
9.511696455079565737e-01
2.086456974122785191e+00
2.553384423709715190e+00
1.575106064582050935e+00
4.319302276130898122e+00
1.606288339598388903e+00
2.396221782356155183e-01
2.081870625610914960e+00
9.438162557955570575e-01
2.039932561487940721e-03
1.117913079980126096e-10
3.127651272747509781e-05
3.109072949606559000e+00
2.432620003404440734e+00
9.400130187746962296e-01
4.555132272573157337e+00
3.428280158225692542e+00
1.950539910518039211e+00
1.061625059305520979e+00
9.614930746598575606e-01
1.026894569888548325e+00
2.069372395260915098e+00
4.976259101936075346e+00
8.559062725363977275e-01
5.606461916081534325e-01
1.092298774764937974e+00
2.235931991492262974e-02
2.329828784138070923e-04
6.467280634256674143e-13
2.156378421599480630e-09
1.255956945645174926e-02
1.495086074959230071e+00
6.796350906912210776e-01
5.046473595805781365e+00
2.294254817512318745e+00
1.004697011444262378e+00
2.108525411296773289e+00
1.849364627819086060e+00
2.319244614805209714e+00
4.776551356177196617e+00
2.953607752248343932e+00
3.590020904116032474e-01
1.238561592166832481e+00
8.676985332938162987e-01
1.080370309648617279e-03
1.644981462544903465e-05
6.513497103653321553e-10
3.766588001053582731e-07
1.130026466231298099e-01
3.248364810886114284e+00
9.214346780284158323e-01
3.263366263815413948e+00
9.157834637975235115e-01
2.938704123994567152e-01
3.083185480440499004e-01
6.960019243683885914e-01
3.205206535279659708e+00
6.220729010225630518e+00
3.368572089276439474e+00
3.004545963965742361e-01
9.820014187440335718e-01
1.135679841278595559e+00
1.775935716484856224e-03
2.513502078722348374e-05
2.995316613587905193e-06
1.590758713188498335e-03
8.994715161172259776e-01
3.377385303329938804e+00
1.579634190582407838e+00
3.189513310436369320e-01
4.583251197647200681e-01
3.821844308344812813e-01
2.788446167015519450e-02
1.104376135966142203e-01
1.750168671009002086e+00
4.374388171259457891e+00
2.813972482500772809e+00
3.040164923752351478e-01
6.960946314415389358e-01
9.110045616331122753e-01
5.729024021412809989e-03
1.466831612029094922e-04
2.620184307399355046e-05
2.724286390878514694e-02
9.699700749605709715e-01
2.245750879229063912e+00
1.604841723059135639e+00
1.878962622829446483e-01
1.586702043852917354e+00
1.222726126773973077e+00
2.168401500171120710e-01
1.887460887446933411e+00
4.254736517159504849e+00
3.289878902360005242e+00
1.547393884066304626e+00
5.511903909438653493e-01
3.856864678175458416e-01
2.703139259434211850e-02
4.172146507094458604e-04
1.270737305138354661e-04
6.973772634937571964e-06
1.782912078356764171e-02
8.354906034037119511e-01
8.358077045195714261e-01
3.126684077291779218e-01
7.902187267242365143e-02
8.824306738713205700e-01
1.209479059147531954e+00
1.820416435273146005e+00
4.728636599080227931e+00
2.005175801521736911e+00
1.770907635715443851e+00
1.467389010413799655e+00
2.219924027962095980e+00
7.489169795402759178e-01
6.124632908020669585e-03
1.044086152262136227e-04
1.156126590571812559e-04
1.378007038037705345e-05
1.855561287452322378e-02
2.231266279427068233e-01
1.449377278974157135e-01
5.544629135931755659e-01
2.913934709155886482e-01
6.280808488013286395e-01
3.457254472038102655e+00
3.527188444211843521e+00
1.587868315251630191e+00
1.259241131554535320e+00
6.169030781571351874e-01
1.819597397105455761e+00
3.931137784715171168e+00
7.002314382881667798e-02
4.756906233398849925e-04
7.791619976941705004e-05
2.455942256965092454e-04
2.625865588616869181e-05
1.830793349945489604e-02
5.290671253754999359e-01
3.240203826459414627e-01
1.960682914190204240e+00
1.943295989029511395e+00
4.053279463239110036e-01
1.232839982904654352e+00
1.518403089850762999e+00
8.592190107230195384e-01
1.857585739517696011e+00
1.336387972945033420e+00
3.714856987485817719e+00
7.735913598974873684e-02
5.835561366778390578e-06
2.157117688614302823e-07
6.240220122106271217e-06
2.706072366479409549e-04
7.906929504863569502e-07
2.631000631866340376e-04
1.395873442297081546e+00
1.681536410543668092e+00
1.655368325459583567e-01
8.554487440596030279e-01
7.320964652540117301e-01
9.624776306291739081e-01
1.432333570268838896e+00
9.823049772247532951e-02
1.287042533653865728e-01
1.726641151912357897e+00
1.446836404392028708e-01
3.034601260488331481e-06
3.366590154268534339e-10
2.440782073141845214e-09
2.918341599835324724e-06
3.508329155276150146e-04
1.457339854282672416e-07
2.295559993774062967e-05
1.804279635340165555e+00
2.029142661114630375e+00
1.450888811460769763e-02
1.715861077932780976e-01
8.458305974150512330e-02
2.718329653191898718e-02
3.450009145749881601e-01
3.964861352661241262e-02
6.843078282071832739e-03
1.971090156070467656e-02
6.399683218133003283e-05
2.167460345575400550e-09
1.472013055058856877e-10
5.086784291729117888e-08
2.699646718465252641e-05
6.674123278224183397e-04
1.835962435743992530e-06
1.147535385983700768e-04
1.131109392104618472e+00
1.893596829778595003e+00
2.160427298066728008e-01
2.601326044837633411e+00
1.251062994430802988e-01
2.272483375213006987e-02
1.799225182745162632e+00
1.875784943301721519e+00
2.663098706637678087e-02
4.081826362983665790e-04
1.595828952047618101e-06
2.428519119092714901e-08
1.329429646083777382e-07
1.307645844831566304e-05
2.511150762640808223e-04
9.148955763280621932e-04
1.171320078607810392e-04
4.716185795012203114e-03
2.958476615691238987e+00
5.005713833281991931e+00
9.741393249913505858e-01
2.055560656226169680e+00
1.095306923694342460e+00
8.055049542846474120e-01
1.914737491583430595e-01
8.230591967616428598e-03
6.748994323613682423e-04
7.217978582135618900e-05
1.422422465818842289e-05
1.733307286033690601e-05
1.101245414324654627e-04
5.457205913662592110e-04
8.900952250718174473e-04
1.255337038586582313e-03
