1.992225890146049086e-06
4.229146675285926027e-06
1.067068288973817280e-02
1.992292020299786692e+00
2.219182334791659425e-02
1.525254757528211319e-05
8.968652625267652866e-06
5.788722313564527260e-03
6.047895255473083320e-02
2.289772919594236240e-04
1.098237833287672341e-06
2.861410794703738497e-07
3.762535409186550526e-06
7.375600184410115547e-05
1.073982378346579101e-04
9.596458016247031591e-05
2.251557246780213890e-04
9.934198641186279405e-04
4.669198319367746442e-05
3.799236062474664437e-03
3.138172504118069917e+00
1.820626454536103722e+00
2.560900912272559213e-03
2.987973079656221800e-05
3.097261345897965378e-05
1.165344193411635247e-02
1.711990112994357549e+00
1.110728753379492950e+00
1.636158385272863669e-02
3.638397372808338076e-05
4.409289625016904137e-05
4.692703429974529072e-04
4.447949433415180433e-05
6.643449452974904454e-06
1.460186389864075419e-05
1.042147442321821635e-04
3.220278493651802516e-04
1.220494706931314795e-02
1.590458250263744766e+00
4.061839096251910197e-01
3.595838348159373365e-03
4.843333017698944754e-03
1.156363603359955236e-02
5.692562098694659706e-02
3.608068133013288548e-01
2.923560233734130431e+00
5.826235478837783255e+00
4.276172742863994236e-02
1.650953478525514495e-02
1.644142795522138267e-02
2.082405877767357289e-04
4.427793117741715267e-05
5.689182850467927865e-05
5.972052195412274949e-05
5.044250487800194457e-03
1.865563751679699678e-02
5.477475242854518145e-01
2.474481006778463055e+00
1.695335947672424737e-01
5.506121438308275717e-01
2.367977662900843328e+00
3.617953012496390119e+00
7.009092960488456647e-01
2.081883097480154987e-01
4.818902646015534863e+00
4.536700971726866705e+00
5.840111303896264872e-01
1.613678684407909847e-02
1.568644259511175034e-03
2.325368685391988877e-02
1.161868664335113759e-02
2.275732203672740277e-04
3.398873679355633032e-02
7.629845223577407243e-01
2.902494205497225366e+00
6.797185100829934434e+00
4.287033243600445687e+00
8.688178748661766093e+00
5.188726624814909094e+00
4.902539852189643277e+00
1.781193072430589108e+00
2.401037767307259707e-01
1.019740860465467858e+00
6.230751300243333013e+00
4.558219833743741845e+00
9.428587785516868991e-02
5.037892379697846840e-02
8.387173036496713419e-01
1.734941717025533653e-02
5.507804756319511916e-05
6.664030075616184958e-05
1.314043085859480653e-01
5.040699143606693688e+00
5.512734259177638485e+00
7.705289148544959055e+00
1.267780868966684338e+01
6.390795180831567279e+00
4.832029588859226621e+00
5.298216489322681078e+00
3.645443216592794577e+00
1.191859080738225440e+00
1.617948225445637211e+00
1.476305946234503175e+01
3.424332717751704447e+00
1.169933793031320723e+00
1.133867297359634069e-01
3.821151192686946348e-05
7.117932593188804949e-07
2.152461674955418995e-07
3.810125512379400770e-03
4.927513979019012780e+00
8.265718926652574794e+00
3.417465909560181370e+00
2.476007900967398534e+00
2.741880527383188770e+00
3.557847177639090308e+00
4.463742102900583930e+00
2.937304553506488336e+00
2.452014667908984258e+00
2.246386260578184579e+00
4.096054869080724359e+00
5.569157055430201453e+00
3.360158599554988079e+00
1.538891567713398210e-02
2.859405776590284009e-06
5.094907241110464138e-07
2.146901146335276408e-07
1.452395779588589852e-03
2.808799007476651344e+00
6.324934987479399418e+00
4.837632251613321444e+00
5.314037153132099789e+00
2.227927826637984499e+00
2.734293451173596345e+00
4.235454029616986915e+00
2.001026065009490651e+00
5.391874462598705620e+00
3.452697744287287041e+00
1.357998844197100929e+00
5.191227878083694236e+00
4.571578632854262025e+00
4.783428722808984873e-02
1.197698735684046367e-04
2.682928607025667598e-05
2.019866907603167765e-06
3.530701694549212219e-03
3.315829661343019819e+00
4.466224401739713024e+00
2.408442940404605714e+00
3.396719404648373963e+00
1.908749957168729861e+00
3.342975722570462604e+00
2.550665628780266481e+00
2.167679089502454026e+00
4.422316266070075663e+00
1.412922117026577551e+00
1.041225161474633287e+00
3.181349394246732576e+00
4.986936787781639957e+00
7.536560306686536093e-01
4.604172725205820001e-03
1.252728532451990800e-04
4.548932462460462283e-04
1.604463189015551197e-02
6.443035663145013636e-01
3.388253347789173642e+00
3.808910619513632856e+00
5.526001692374190810e+00
5.486635938672269397e+00
4.782380984452318629e+00
1.492399083274426275e+00
1.173676470223644852e+00
1.668974083219530113e+00
1.218215759594922787e+00
1.005726850197527167e+00
1.834424893278761015e+00
4.349987028517060317e+00
1.409153289535965303e+00
5.877710048311800273e-03
2.912761376007491960e-05
2.712066745854835662e-02
6.471714724476473890e-02
9.156795572347029011e-02
1.082769584235615978e+00
1.011273841375713856e+00
8.659963316728158667e-01
3.086715560873369402e+00
1.235061781066268960e+00
1.008754845049582460e+00
2.233598276977549091e+00
2.280293836004291474e+00
2.389369495585323744e+00
4.607983936137905467e-01
6.561006115872677347e-01
1.916986301610205334e+00
5.515784961993827062e-01
6.107688915467858644e-03
1.984969215268335589e-05
1.310598277357324882e-04
4.212765130983011086e-01
2.104269148307567061e+00
1.244016363386256430e+00
2.181695022813166407e+00
1.241840199487113550e+00
1.462219488686233415e+00
6.940819571627431239e-01
1.628269632395474842e+00
3.984402865477042255e+00
1.460703801231740595e+00
2.887587092426070257e+00
1.415725562678926908e+00
2.636771259991821381e+00
9.697138327313359341e+00
2.107881880652757722e+00
4.441211169843019974e-02
1.546075883306585969e-04
1.590024895111540278e-06
4.951471142355341470e+00
3.059193603586422228e+02
5.419828113064510511e+00
9.230006492688163533e+00
7.395225697433833290e+00
3.218631575000701961e+00
4.826166463907395787e+00
6.886989151447662216e+00
1.015569406339292158e+01
2.628985830726859430e+00
2.147708877680365003e+00
2.180706508769729712e+00
3.807428443529283779e+00
1.078046279245653061e+01
4.123843184165042253e+00
9.782909584669766678e-01
1.242968139427895469e-02
9.822894623281938631e-04
1.324740179620900848e+00
7.376320767926838329e+00
2.082044490204893794e+00
2.535496114516440969e+00
2.921053371777057261e+00
2.690150161792695283e+00
3.004233421835042162e+00
1.991345823485270561e+00
7.429195184438896149e+00
2.559929488496890393e+00
4.887490997222287969e-01
4.671363033287285194e-01
1.444186282800896004e+00
7.230235405801592741e+00
1.976812441834292500e+00
8.277165514329080098e-01
1.883831674563759412e-02
3.847669929304688152e-02
7.648265968082638977e-02
1.000873602656459777e-01
1.200329513711740459e+00
3.931172691145584430e+00
4.905354509907859040e+00
2.171437308398620036e+00
1.230301788782307337e+00
1.114487131546838317e+00
5.259413483251094590e+00
5.603403390007127172e+00
4.733035859049731897e+00
2.129874480305350204e+00
1.087856095336237283e+00
1.080814770940699177e+01
2.049936195047431298e+00
1.817108887302516240e-01
2.405806736544754791e-03
7.532310440974891003e-05
3.017054234233305932e-02
3.433277691665168607e+00
8.468202515341047842e+00
4.619606550457797667e+00
4.110704108227916542e+00
3.006386780214205245e+00
5.697963248446546558e+00
3.653528269925097050e+00
4.023409303869308395e+00
4.251368871539749072e+00
6.269351692559679279e+00
3.569732765484963988e+00
1.418048178188042296e+00
8.931704996681665065e+00
3.094494326587475364e+00
1.765345048210841927e+00
4.121443363181703790e-02
2.625271353620493496e-07
3.430989262786071289e-03
4.549901788745914999e+00
7.290870413755206059e+00
9.491826062148669862e+00
4.310411535680952255e+00
1.333159010845167192e+00
2.947311167457509207e+00
3.631383582186272996e+00
7.008231218264422857e+00
6.419618266898364567e+00
4.261696365711262757e+00
4.180406943774467088e+00
1.156397852993533348e+01
6.223330916406320412e+00
4.325663975958659591e-01
8.985501909834450185e-01
2.288784910218409283e-02
4.047566521459266352e-07
5.162024478121453319e-03
2.590970855854655586e+00
3.694690371319380162e+00
7.747088140913602317e+00
2.784758299563329320e+00
1.827830999429727044e+00
2.940181600595112243e+00
3.536818328491339258e+00
6.698503071413249188e+00
6.741118022081552752e+00
3.726146682924441400e+00
1.493302983230778480e+00
9.925366163541948339e+00
5.060729368974038245e+00
5.967366268465846835e-01
1.014004207952422243e-01
7.243180569198477952e-05
8.691680161309282084e-07
8.468942619285255158e-03
5.027804339269112965e+00
8.731954590497519320e+00
4.758243406843563506e+00
1.908453080975533123e+00
5.717043720441229659e+00
6.121531587212635905e+00
5.584236195879466180e+00
8.989398766982297673e+00
4.089848537502760450e+00
2.100987744671729551e+00
2.763352098892905673e+00
1.220935125375151742e+01
3.505321711081805347e+00
9.928983712693307817e-01
1.468587090835987360e-02
2.252923378247185765e-06
5.727613459788985257e-05
1.179684734349918940e-01
7.047905722406468065e+00
9.271435261157350283e+00
9.944176487071064940e+00
5.695622747658696028e+00
7.207327545290218573e+00
7.190817875588945363e+00
7.268352301966679363e+00
6.993199066251421847e+00
1.726223645251656613e+00
2.107333830074993308e+00
8.223408953776596420e+00
6.260178593890638687e+00
3.445349866637438807e-01
1.273555133982005698e-02
9.891335295241698779e-05
1.068323102919377346e-06
1.092498712489311553e-02
2.796263617082850761e+00
6.889367658727820753e+00
6.753226633544384683e+00
5.348473660807119501e+00
3.589611078140279687e+00
5.942350123248983707e+00
5.561845069970235755e+00
3.625675541045349615e+00
2.489051264787501161e+00
1.709299781223721171e+00
6.586696692671719866e+00
5.062071109121124124e+00
1.551997653698603319e+00
8.075813938856744034e-01
1.508394053501339351e-02
5.018549767630273769e-05
9.607052013654601659e-06
5.946570962017688582e-03
1.564727433027291725e-01
1.749028830401426204e-01
3.127327817118005449e+00
7.692685682365409949e-01
2.857464922269212781e-01
3.199437520866255547e+00
2.199538680582092010e+00
9.737325755639074654e-01
1.572652600655709110e+00
3.344280924584698500e+00
5.335571093216393557e+00
2.607269772930275398e+00
2.704662876122994608e-01
2.460236364837181666e-02
1.692695061991148029e-03
1.345938280252788940e-04
1.687155386431734942e-04
3.321773101469040201e-02
7.936617567503302384e-01
9.453913324589956202e-02
2.633998517451916932e+00
2.622509729618018870e-01
1.321303187932712855e-02
1.776923018307770274e-01
4.182214751522450591e-01
3.537524175797409631e-01
1.107797227778739790e+00
3.927225613404070170e+00
5.443091645594153594e-01
7.304273602585241720e-01
3.457239911065302512e-02
6.903066068866805419e-06
5.378463645881696276e-07
1.212336060515434801e-05
3.491539486550623785e-04
4.713593138970623153e-02
1.928317429442455211e+00
7.782238922250012125e-02
1.220465009285630620e+00
7.592202382016842721e-01
8.239128616084517853e-02
7.479559177041390505e-01
3.017768553775152629e+00
1.951649192541467626e+00
8.625782490459270591e-01
1.282417326129956792e-01
9.490848567995846183e-04
4.451820624319835842e-03
5.865296987331538453e-03
2.227931998852864042e-06
1.620279478353760994e-07
9.763023896276677198e-06
4.709222802429906805e-04
2.328216940824654108e-04
8.298951375622337645e-03
3.024795148824696231e-02
8.464746898706926315e-01
1.195984826532467266e-01
6.010663068105324622e-03
2.177292284461655736e-02
3.834722098379035604e-02
2.479366358211767055e-02
4.920782560338701934e-03
5.055058401901148479e-05
3.655834078493731862e-07
8.759063689320566837e-06
7.212030933760024730e-04
9.584931379723638802e-05
2.869602444120585212e-05
2.033481254023479891e-04
1.527349767135414331e-03
