1.184397618093891748e-02
1.948752432431102966e+00
5.068546420171768041e+00
1.939272919492700087e+00
9.054527813214533483e-01
2.694710472636206999e-01
1.716166152747763851e+00
1.129888538657476404e+00
3.045018943188244117e-03
3.530924550477069265e-04
1.378751628177095410e-04
3.116819309555056046e-06
1.812676206492993615e-06
4.006572526305170607e-05
3.875768264700744426e-04
5.759097119375701946e-04
5.049231126399258193e-04
7.525347515358912602e-04
3.210398839714838891e-05
4.968805030035655657e-02
5.882427318170159403e+00
5.210937468615963297e+00
5.042324270575877954e+00
2.590789631690364025e+00
2.552051355871592708e+00
4.625095127516609672e+00
1.147007582102770762e+00
9.323181216382804282e-01
9.918208065698798370e-03
4.671736365321982931e-07
9.962266900137160622e-09
4.226523362476622624e-07
2.586000258629746147e-05
1.359538234664131042e-04
2.185577946337371763e-04
4.398501729140068825e-04
3.231612593987088945e-07
3.066487329254016531e-04
9.886510078461567819e-01
8.273230892773619782e-01
3.984796906200269162e-02
1.538926258656945212e-01
7.539913016551127445e-01
9.021399396022680706e-02
3.458483144513627150e-02
1.897036110928629782e+00
2.095750099074503492e+00
4.201999641425719387e-04
2.439646626071164163e-07
1.106012615862082948e-07
1.122439159168092740e-06
1.167462260109764610e-05
7.314681001246234467e-05
3.438915944329079305e-04
1.123492968183379487e-06
1.196308321045178762e-04
1.208391839064965612e-01
1.233144842439990764e-02
6.830081681443509313e-05
1.293205535526961887e-02
2.040899950786075223e+00
3.186988079517703853e-02
3.178670877226177308e-03
8.529032720983720228e-02
4.808902646605064390e+00
4.067726195177610471e+00
8.514493723301257144e-03
7.481520308233036386e-06
3.401691360348254922e-07
1.008477352546037001e-06
1.932969435726207745e-05
2.797871493323806995e-04
4.728754776793026764e-05
2.095455127891591822e-03
8.534935231057325655e-01
6.040210980182014050e-02
8.379803404528433225e-05
5.592182295110357387e-03
8.401648480312678968e-01
1.737163132127075016e-01
7.317560514325711640e-01
2.430348771285526510e-01
5.486680776519441832e-02
3.870815079629003286e+00
2.994503999414756645e+00
5.942543082261572338e-03
3.047890956613696255e-05
5.095003660965620595e-06
2.200596177079668098e-05
3.028109789231861471e-04
9.972777952368200251e-06
4.077049568886009334e-05
9.173740838557004063e-02
1.913958311408301194e+00
5.882009431158969313e-03
1.268586161887265895e-03
3.320134961714503365e-03
3.459110153857655832e-03
1.053781711981287339e+00
7.068604356751359008e-01
1.074529973499890358e-02
2.369323431267790769e-01
1.918378533125062679e+00
1.004249806971625913e+00
6.116656880497782500e-02
2.821403497822718917e-04
3.055840321261862262e-05
2.054893933931215152e-04
1.880635872401259722e-07
1.505367290203236320e-08
4.522634508484460768e-05
9.946544181490448722e-01
1.053774471406478730e+00
9.992259116275326036e-02
2.646482123452653309e-02
5.318299238261333696e-03
1.994792754308406801e-01
9.745815342958401573e-01
3.567105185109666343e-01
4.097798625916871385e-01
2.880435073829574755e-01
2.963930203345789494e+00
8.135553986791690395e-01
2.429627832827367629e-04
2.658701162795773727e-06
2.910592338420875253e-05
4.601459906244267727e-07
3.123824854238324534e-08
7.460482631177465440e-06
3.503710385611600447e-02
7.667658229139706627e-01
1.052939590919202750e+00
6.051126471114292027e-01
2.145002102257649867e-01
5.111917401524435078e-01
1.257084780993287243e+00
1.655696130885191630e+00
2.643786064578236283e-01
1.027470191622450318e-01
1.718411873526496825e+00
1.436576249202299538e+00
7.053104004018649923e-04
9.864700277567710091e-07
3.850935812315377200e-06
2.254074340502745216e-05
1.731400036291131901e-04
1.130526270949453252e-02
5.529680781847125248e-02
1.010740098307479212e-01
2.375967525385982437e-01
1.673533208869521227e-01
2.039377443004659896e-01
8.039760091939268660e-02
7.519707083534307723e-02
8.289323071495459105e-01
1.400858478383311789e+00
4.832528178834070709e-01
4.638398891404726943e-01
3.389765639629098271e+00
2.208732446824031651e-02
1.203069346397104023e-06
3.787557768125650739e-07
7.153598267608556075e-06
4.790583474154168353e-03
9.776652758611354965e-01
7.772047685843042064e-01
1.266363184011639387e+00
1.230488160989360535e+00
2.847918218303298055e-01
4.000840246104006570e-01
1.219939170559169866e-01
8.655391024377313836e-02
9.762810325584870830e-01
1.803123442066631776e+00
6.932184507046482147e-02
1.474140508184269664e-02
1.408277455095976904e+00
1.806181570519617072e-02
9.768877439299142739e-08
2.080230167156768325e-08
2.317420354440412808e-09
4.759279492110598495e-05
4.374643415595999563e-02
9.838486019457742815e-02
9.126789847084120222e-01
5.064134371249190414e-01
8.662480517098267163e-02
1.167401841687676634e-01
2.682604705805274325e-01
4.678212602740511872e-01
3.118351432081910013e-01
3.484842820490900717e-02
7.090786411190024268e-04
1.894931501579752214e-03
2.473109612171755067e+00
8.611055868044954764e-02
6.859000398186962045e-07
9.031040508368052172e-08
2.774626276719227425e-11
1.452494232322146738e-04
9.114882799934125313e-01
2.431512744027283235e-01
5.893424377011657889e-01
1.034625398272786878e+00
1.427180567624501295e+00
4.994597296681825283e-01
3.618848914349090395e-01
8.109943863540379771e-01
4.981286614775450317e-01
1.363198843143034744e-01
8.853314696498531741e-03
6.601302668527181394e-03
2.431562733635644680e+00
1.948622643384356090e+00
3.220517104677081670e-04
1.007761239764559650e-05
8.273888266841322613e-08
2.490407114470620797e-01
1.295256523919624954e+02
2.356635970597531937e+00
7.452296082899564356e-01
1.713946489479777124e+00
1.702642258683648935e+00
6.750199762551319094e-02
2.498206639663684905e-02
6.809825223739062183e-01
2.235899998324163640e+00
1.878196885472438016e+00
8.168552955013302919e-01
1.458412633898164001e-01
4.641437997793024905e+00
4.970943538725841826e+00
1.478144159364136066e-03
2.582846101887223129e-05
5.355962767289622166e-03
7.703591798691744597e-01
2.365855512693565199e+00
8.529930464107531307e-01
1.004997350690575386e+00
1.483975374561061100e+00
3.329408620391536844e-01
6.041624618514721858e-03
2.830591934217286353e-03
2.998557170094987012e-01
1.559462531712973110e+00
1.662489296029036501e+00
7.878411289768697534e-01
6.370175879495557081e-02
3.140277468841835340e+00
3.131385498479866580e+00
3.426984885099668577e-04
6.564777010378466661e-06
1.174779707614117055e-02
4.770405530464995845e-03
4.003329150271486142e-02
1.669095071205640490e+00
1.646491247136133484e+00
7.791299204682474722e-01
1.138309054971602174e+00
6.083637075404692007e-01
2.887813961940114971e-01
6.843631731245910510e-01
3.215310102760328692e-01
2.241205779243110374e+00
1.273741583117542486e+00
1.454946534856238136e-02
7.841382891801469412e-01
1.908950032716556056e+00
4.045423818523848666e-04
1.103567114394055989e-05
2.654771352359289204e-04
2.168348059175334401e-03
1.237722137566607816e-01
9.878142426147863420e-01
5.204209619248273411e-01
2.100103917298300205e-01
5.622116011734377972e-02
1.500560312480311159e-02
5.105992767849337755e-02
7.335518798166751342e-01
3.420661236720571319e-01
1.520844486313404520e+00
1.584764590462155454e+00
2.141137039211636339e-01
2.125038315816561774e+00
6.881726990542956501e-02
2.017576774597329106e-05
6.643363585897435788e-06
8.654524813843126273e-05
2.694284120194163565e-02
7.406958741549247716e-01
2.136847752356009766e-01
4.049669943500060487e-01
7.455638337698414775e-01
1.183802593724247836e-02
3.142171706318104562e-05
1.699737466879467913e-04
4.387279559942562357e-01
4.279688719887979609e+00
1.795106863422677668e+00
2.337963118882883107e-01
1.850933885828929926e+00
3.783799921682956313e+00
1.055959651007962847e-04
3.607264445166512596e-08
8.982074636036473500e-07
2.510140821862806888e-06
3.767809301959650753e-04
1.066641402612395206e-01
9.843507922455946302e-01
5.767095388037875026e-01
8.444364404511565947e-02
3.228411244072630637e-02
1.180900885375033840e-03
1.722916815060661008e-03
4.293964509220818959e-01
1.926506460189878700e+00
1.883132335158742565e+00
1.301873592960278436e-01
2.961000612382399311e+00
2.262835451647025931e+00
2.579922784279114003e-06
2.856316003230978105e-09
9.851005031712697690e-07
6.435499266715919479e-08
1.305796198646475482e-06
1.582456647758440733e-03
7.764887639695098320e-01
4.681876080292829423e-01
1.869670008305941364e-02
1.684099581958864722e-01
4.475223095799827910e-01
8.181935551850954003e-01
1.569630282604949301e+00
2.143778599894948511e-01
1.209952728331624261e+00
4.072981568843321853e-01
4.720889748319912371e+00
1.884194284583132761e+00
6.385445870205655835e-06
3.364477529542517904e-08
9.001648209630601838e-06
4.440348463885560886e-06
2.992030212384022060e-04
1.489537766414304742e-02
4.047841996310010959e-01
1.336076115071797021e+00
1.070144740861845412e+00
8.920647871485939406e-01
2.769131000658818786e-01
1.639591515995288740e+00
9.832420028187921490e-01
3.770266286868974998e-02
4.669000778846446043e-01
9.335627895467355497e-01
2.106961337217046815e+00
8.754521692788563847e-02
3.763352489722160136e-06
2.759882964437194646e-07
4.627691558690039971e-05
9.345231042174582253e-03
1.052551113330870924e+00
8.133188295141605684e-01
6.273694786544931068e-01
7.484699182063216938e-01
7.897405122305175551e-01
3.372818514222524627e-02
1.806380920345304424e-04
1.323615803637549944e-03
8.926924775123004641e-02
2.601821124230377369e-01
3.333261523276154659e+00
7.146234413715490952e+00
1.863848079966926807e+00
5.631529730213004348e-03
2.046263192052085848e-06
1.163776660056097315e-06
1.058465465415918665e-04
3.343563188134528186e-02
7.952689988592065440e-01
4.177790607951513135e-01
1.142213004522074637e+00
4.685357573790792651e-01
1.483514724630221326e-01
2.706090211143064375e-02
7.175292963220899470e-05
5.475439084600787281e-05
8.291240441031698383e-02
3.437588650872634322e+00
7.751883502117105529e+00
1.859834381499825273e+00
2.788471822905117317e-02
1.787532311179814977e-04
5.524340375706273242e-06
1.346906611926081579e-05
2.809836846097802190e-04
5.006194083938114974e-04
5.440269003812182869e-02
8.250672395752509658e-01
1.825783587189439450e+00
2.357471703867566881e-01
1.940390420976141062e-01
1.629339598244143872e+00
1.634144228427487078e-01
1.905823542687885841e-02
8.114613925880992396e-01
1.594852237838384257e+00
2.351969503305546105e+00
1.518768992435786391e-01
2.336122273476298836e-05
4.206412762484345613e-07
3.469021899045258747e-06
7.063000133853302354e-05
5.531464695005902264e-04
1.297851570987172459e-04
4.140914647015213335e-02
2.012101776067391157e+00
1.042159457788565557e+00
2.020153356084667950e-01
3.352247907197088983e-01
1.916385820870966095e+00
2.195896024138898728e+00
6.340827689096579789e-01
2.502899040542359455e+00
1.561944484919854104e-01
3.925180574610366568e-02
3.836185570919174986e-03
7.896761703402722902e-07
5.986725031883672372e-08
4.600338784620028860e-06
1.669538144366839317e-04
7.250143443940365714e-04
2.020748166532277193e-02
9.009738247011167545e-01
7.135063208799819812e+00
8.825983375862914926e+00
7.079625558579616396e+00
4.057549550365155078e+00
8.724588725044721826e-01
5.982735506395298747e-02
4.868349927526677105e-03
1.972307611266988295e-02
9.291362059437104385e-04
1.695979390973875297e-05
7.660820193036595499e-06
1.012308520945290061e-06
1.976991279625432297e-06
6.283366894753634763e-05
5.434888655702052032e-04
1.142703407238691024e-03
