9.438845430683318050e-01
1.069893478908606976e+00
2.954182559241724348e+00
4.169564726326950577e-02
7.625084605952606176e-02
8.761729115978930116e-01
2.039131756792567363e-01
7.857293594697385419e-01
1.679249318740924091e-01
2.058413341220610183e-03
7.371121092962637164e-05
2.685128199320671363e-07
3.834187877383343294e-08
3.022872741052648609e-06
1.349905991179220282e-04
3.039341930640039732e-04
2.741411628396496318e-04
3.734608894933801482e-04
2.122188205047248824e-03
5.011889019541931195e-02
2.844509080020074521e+00
9.942391640287702170e-01
2.973541002764701791e+00
1.891706721225077104e+00
4.912577344728582054e-03
1.654064560832996592e-02
9.165449675243024785e-01
8.140331611786039145e-01
6.278899422112303730e-02
1.414288057066711994e-05
8.839121957862039644e-08
1.794573558408710706e-06
3.021660058108344458e-05
5.407079515146527668e-05
8.161706127730288115e-05
1.967725019485861630e-04
2.858274574328662377e-03
9.891778470244469434e-02
9.677444077859576055e-01
1.315806105879585575e+00
8.211801007937818975e-01
2.573640718305777453e-01
1.168369117087697875e-03
8.640964087549339416e-04
5.996774429303665388e-02
3.926932909457109822e-01
2.772134265072172088e+00
9.961761923775892813e-02
8.654550568588525875e-04
7.441060194869068194e-05
7.474211443509954972e-06
6.445476597303606334e-06
2.445949907802429674e-05
1.119112884770312097e-04
3.248190126232328168e-02
6.354334186102832405e-01
3.500361604443785191e-01
1.333581159792049720e+00
3.804367518119406433e-01
6.466038092154560157e-01
8.123388374070320550e-01
4.592529685891979518e-01
3.408041601889456040e-01
1.102761942107548521e-01
7.822620716477848291e-01
6.156849620416567248e+00
2.877024230303086849e+00
5.226484930179504593e-03
1.666949775721289457e-05
1.484031266701222726e-05
3.069794592560778180e-05
7.258105994705381966e-05
2.856938985993114077e-02
2.365062643644760820e-01
4.863722302800710731e-03
8.211515977816601086e-02
2.228611530382902661e-01
5.653535824319100289e-02
2.058455075163774239e-01
6.245303274464458765e-01
4.461271067095649578e-01
1.612360814375025375e-01
1.598424274293514316e-02
5.809126370918461790e-02
3.873318582504344576e+00
1.502405054213529767e-01
4.578193586425194361e-03
2.350498036197305914e-03
9.553158429038579962e-05
2.905516570224636670e-05
2.454440825397216294e-02
6.846094724379202523e-01
7.523689787307568169e-03
1.338469967719715104e-01
5.240287010129245360e-01
2.007985593274372012e-04
2.458398221789202034e-06
2.397416548722488365e-05
8.959174324863603336e-03
2.553310306190611279e+00
6.593024625142594741e-02
7.347624201567942541e-03
2.000510008374092319e+00
3.030608560162684206e+00
7.993946398652430618e-01
3.298721263220638633e-02
2.651607289649955129e-05
4.184791162028028386e-06
1.291810432041086616e-04
1.286201834614514317e-01
1.548849142593554107e-01
7.259126998974591016e-01
4.710786867400031941e-01
3.923276690119340806e-05
9.493636475782671698e-09
2.694968948741586070e-09
3.990333251715903100e-06
2.352161001768083848e-01
1.005767820404792179e+00
1.409294872160576639e-01
1.790389246170871473e+00
3.112286517038863387e+00
2.147844212171957867e+00
1.557882597495279138e-02
3.590548022894636304e-06
1.210200843963792480e-06
1.226402501850510113e-06
1.795651645701234686e-02
7.473569589304240868e-01
3.445542820422331509e-01
5.472996807542850339e-01
7.477424165967273828e-02
2.525008113331678704e-04
1.267814557781393540e-06
2.132726140066385496e-05
4.830154610276859994e-02
7.199958088207839557e-01
4.448997442637146055e-02
5.261664719704597232e-03
4.829642413413214735e-02
1.744100478617211625e+00
1.608525505684540655e-02
2.772253544875703057e-06
1.317530871480896553e-06
4.006419527313619543e-06
6.636353092238007380e-03
1.542235010203324951e-02
1.216774035222768931e-04
4.151249991754470841e-04
2.206352855876733132e-01
1.643429113093013427e+00
3.079050836628760002e-01
7.981101731616923045e-01
9.565282107150895330e-01
2.327484071383206232e-01
9.976505619046823880e-04
5.245646226756449536e-06
1.065802801400001290e-03
1.179908835512104348e+00
5.666012591790588540e-03
6.355321260508953080e-07
5.410351050818675979e-07
4.813462653062052468e-06
8.713396435807509209e-05
7.606962381099672894e-06
8.781935454249449080e-09
1.270516264611112948e-08
2.823242574459476398e-05
5.372736047863859062e-03
9.253707292424029340e-02
7.825319282207174876e-01
3.298428433059973908e-01
7.167102523406467807e-01
4.660403589975947031e-03
2.040857606177597792e-06
3.926033768084921183e-04
8.421999067280625528e-01
3.419109110317946221e-03
3.220699495803616158e-07
1.956446940042842705e-07
8.728318046619241608e-07
2.850342073548904894e-05
3.462466464617883211e-05
2.564407275827986128e-07
4.610772815214593502e-07
9.340710865839868017e-05
1.215227272459311390e-04
3.092022831307324264e-05
4.456767251125604294e-05
6.545548476615985819e-04
9.407156999154354660e-01
1.112852386181894249e-01
3.452141503558954335e-06
8.574030469261897374e-06
4.318209457048365757e-02
5.579297262472215913e-02
5.212546150136086916e-05
1.967060108493098438e-06
4.786626091528471621e-07
4.240386392801625062e-03
1.005274545539314168e+00
8.525252017372182342e-03
5.469002652783815435e-03
9.359324200330042531e-01
4.748276212878142777e-02
9.049748307784188974e-06
3.893030529008351222e-08
7.017505532716583834e-07
4.773973011374849779e-02
9.424501496528052691e-01
7.110574003786070780e-05
1.694938115143455353e-06
5.772852735091457514e-03
1.932701014452733013e+00
1.906210312971463525e-02
4.518629946908289761e-05
4.799551223212512258e-07
4.514831708086739642e-02
4.887518117164735543e+01
5.271414566136484181e-02
2.183600563162663589e-03
1.016806231254975268e+00
9.568139537033915065e-01
9.712139603472601701e-05
1.352865287108448897e-08
2.136882773530803634e-08
1.072756954129233968e-03
9.668560774200528618e-01
1.038077682275185057e-02
6.187850448152168101e-04
1.123528193826705268e-01
8.853890001227479045e-01
2.051286981632859888e-03
1.182702287805589887e-05
6.062444229193894739e-07
5.580075115298986383e-04
2.858132281294450613e-02
6.682221096397101526e-05
2.016727846052505986e-06
2.894986683248192182e-04
9.562727434504765534e-03
6.431070738670668354e-04
2.277200174671815267e-06
6.165155321499987976e-07
3.066598757398740428e-04
1.171086557396253981e-02
1.283338320115383607e-03
1.220142396090236753e-02
2.764530573874192765e+00
2.561294238608216589e-01
1.038116125680223748e-04
4.091959803614263994e-06
3.783981796327926406e-06
1.134910569612448485e-05
2.181021622463485922e-05
1.334159857587783096e-06
1.959811923448078111e-07
1.032173542897110589e-06
7.513647300667363111e-05
1.509542408560468792e-02
3.062579106571463455e-02
4.844058755470282730e-03
2.427375101214675202e-02
1.453525737246347087e-03
3.853462875942245952e-06
4.065249970602100157e-04
3.205524026981129371e+00
7.512642773877045155e-01
4.140509939792059719e-04
2.384374157553394312e-05
3.010065503648747383e-05
8.283907209971364468e-06
4.340757664678414697e-06
2.135733366822483241e-06
7.858524956950777880e-07
2.039596062991741890e-07
2.139392049310336000e-06
1.140138881516489754e-02
8.143309946422219170e-01
1.137772258736989284e-01
8.276739998392446118e-01
4.247086449550645237e-02
3.999148320690364371e-06
7.535934859210843416e-05
9.034872356392360526e-01
1.136793251923679249e-01
4.838395683102273965e-05
8.224304034083290650e-06
1.307995940945241274e-05
3.403001699053137964e-06
1.384266227632601705e-06
8.027008076615023680e-07
1.732300722373227485e-06
1.953968926583280005e-06
4.182015728741131201e-06
3.226964557208177736e-03
1.602818033024642486e-01
4.859479792913438782e-03
9.314786669199745517e-02
1.023747360338367773e+00
5.990065569268118685e-04
6.143643610086171533e-04
9.126757611726369346e-01
9.468886096128351082e-02
5.003519212133257358e-05
8.909897714605262629e-06
8.434854064646482372e-07
6.526752673223519796e-06
1.010095703770621821e-05
8.757225980495495847e-07
1.355646288879632424e-05
4.507065184750183237e-03
1.568639875091946620e-02
9.351637105243505721e-02
7.356058209898919120e-01
1.204316766845577730e-02
8.582502810282237674e-03
7.081859808096634401e-01
1.465778565560289792e-01
5.944396001561099568e-02
3.093151148694922359e+00
8.213680690085077840e-01
1.518422229752637879e-03
9.019733070969720708e-05
4.866897968478964712e-07
1.947658701192919381e-03
5.206931983579055762e-02
2.106647267184929195e-04
6.886480884015945677e-04
1.024860874110963715e+00
8.439019198987768311e-01
1.240687986386035217e-02
8.672895679746799036e-02
1.030340393688286005e+00
1.302925537076261020e-01
1.896270129461491150e-01
2.002741373616029996e+00
1.691435720339071080e+00
2.071517051809498966e+00
1.159929348789489473e-01
1.887809329806446914e-04
1.944815774327008674e-05
2.036740272732500936e-05
6.033225422434093654e-02
2.764317158334952840e+00
5.913348108248985685e-02
4.354067328812159104e-02
9.025569030411452198e-01
1.911549957822045454e-01
3.163881396597551898e-04
7.021653568558013482e-04
1.987874897581485278e+00
1.643483906295913899e+00
1.038735342243539694e-01
1.662012862227717269e+00
2.618343650801490785e+00
7.048544649308490229e-01
9.839001190123441293e-03
1.046231137962134405e-05
2.847785078043368879e-06
2.376593036884969146e-02
8.186933764168492778e-03
4.549404941626716825e-02
1.249264759127744373e+00
1.685442403428467406e+00
2.808965385032147766e-01
7.476643460465514091e-01
1.961534728703721170e-02
3.142829293419829102e-04
1.391203238888493073e-02
1.443899500608142317e-01
2.361008850071917575e-01
2.953250363743959550e+00
1.750542614145832898e+00
1.122445004054574008e-01
1.001490160863879354e-03
7.245490862571448674e-06
7.718826301250178925e-06
9.152149719757505242e-01
2.426003529476134304e-03
6.115149110286378399e-03
1.800382015349699438e+00
8.719846551140393587e-02
2.929370627319274585e-04
6.274861025997509334e-03
2.063121229922319430e-02
2.012488237679471801e-03
1.935311040977963706e-02
9.636522590696203761e-01
3.699423799406520885e+00
1.809587399958073051e-01
1.896577615987685107e-03
1.133865476749444055e-04
1.069267869210868653e-05
4.510291600962549458e-06
3.241955506995502199e-05
4.872635474979557929e-02
1.682578154569447024e-02
5.237521782922642533e-02
4.139383533156856115e-02
1.536697023518699367e-05
5.204665086103995098e-08
3.746009670045847708e-07
1.790130886892571597e-05
1.047207051843577347e-02
1.909650574170255632e+00
1.124527702734033685e+00
1.389353391432935313e-02
7.625526502476809121e-06
7.931044675569900254e-08
2.304043425886197382e-07
1.599863815539000154e-06
9.345900257665989120e-06
8.911629672510500914e-05
9.398348615197938544e-03
9.565537771964134350e-01
2.930325839394695819e+00
3.231902983767578202e-02
2.018655988758697928e-05
3.110265804261190805e-06
1.598904216062143099e-06
7.543563538824236487e-06
5.738245558189780660e-02
9.512050510060749975e-01
2.558078791753255169e-04
1.472061119276098486e-07
7.339841381176502402e-09
2.333290094888197466e-08
1.318850976307454988e-06
2.276377155199675310e-05
7.456678352065485493e-05
2.109093689066109166e-04
1.601016163037388695e-02
9.318887451546710166e-01
5.190407598789371413e+00
1.758981643524725857e+00
2.212991719822574865e-01
8.209848146908780286e-01
7.107040998021928180e-02
1.057024352369580721e-02
9.255412791167958453e-01
4.824611999848649885e-02
8.308222237949426327e-07
6.757777945183873618e-09
1.062057239183826014e-07
8.460424443539011290e-06
1.907416064156161226e-04
4.865693527452835134e-04
3.937584039343983199e-04
4.370039278483754328e-04
