7.954952438781022689e-05
4.792264644196242537e-05
2.940620713559071223e-05
2.276868891114399509e-05
2.608075237842666158e-05
3.856893969012698117e-05
5.063359394916092609e-05
4.710605077113778151e-05
3.530843977033120242e-05
2.763493693820839409e-05
2.397782236994019930e-05
2.377422674231255089e-05
3.132444987278752799e-05
4.653061921127902282e-05
5.076943903635590990e-05
3.717992963168196825e-05
2.716304085453507747e-05
3.059556000358085501e-05
6.409502097818308710e-05
2.685658389940132147e-05
1.395748763428312544e-05
1.164273785073995719e-05
1.411231755976025805e-05
2.038308431435335524e-05
2.441700472153698060e-05
1.846649369592411361e-05
1.362946908071652315e-05
1.546194540909442131e-05
1.376615569549582293e-05
7.390111338644671722e-06
7.102439400196377552e-06
1.443647812394191432e-05
2.544105247871565731e-05
2.697715113801859007e-05
2.332899726787605155e-05
2.688130173635756476e-05
2.115861139135427797e-05
4.560592011700381831e-06
3.916609779871005583e-06
1.037307956516430082e-05
1.654446938929711415e-05
1.442875360509577822e-05
9.703249669440310789e-06
3.982870359585300787e-06
4.240043598720423575e-06
2.898468937210472171e-05
4.601197266172864307e-05
5.114994284452866338e-06
1.753684666037492328e-06
3.768857989033505233e-06
8.445561582289754570e-06
1.547879670048601250e-05
2.356551549536356764e-05
3.211714737032520987e-05
2.049356402365837183e-06
3.208534678227593598e-07
2.685469292099325146e-06
9.479905887004539268e-05
1.044534716100210527e-04
1.660985998310284356e-05
4.398826714364136341e-06
7.559401996320678026e-07
1.985497513299409275e-06
5.567769420385365164e-04
4.374805410493350089e-03
8.929903117949117210e-05
1.291380421715429666e-05
1.028644910360617598e-05
3.526184239503364481e-06
4.825738961243173420e-06
1.867988792501925878e-05
4.235412689797054685e-05
5.446361341940139987e-07
4.781803520658068540e-07
1.187022756977410882e-04
1.374950322079447444e-02
9.974148494590153510e-04
2.252821802016514546e-05
1.299142678483359350e-05
1.619597088128049513e-06
4.107563531046604831e-06
2.163463942844909629e-02
9.545748864239359532e-01
2.373342117669005255e-02
1.143231181522216984e-02
1.347064467424173399e-03
4.696527860361581108e-06
1.131570897569356157e-06
1.070756584386040215e-05
5.091583575771410939e-05
2.077055998785101531e-06
6.538377192171466621e-05
7.649888662378376281e-02
8.929374406481324078e-01
3.716267354182886239e-03
1.658675847120614458e-04
2.469326618205995496e-03
3.012327364484972559e-04
3.395396573979374272e-05
2.626737677244732685e-02
9.055951846258363247e-01
1.392737807575919751e-01
8.525092827616166380e-01
4.319140887704996795e-02
7.376031868931482304e-06
5.159404645911882754e-07
7.518055167160620065e-06
5.462137089436544968e-05
7.209782035208532035e-06
3.560700883840136905e-03
1.863136104068696897e+00
3.105581311793938593e+00
6.781743376549151381e-02
3.343407985395251830e-02
9.419673996163369090e-01
2.960624029019004108e-02
6.522382590980693056e-05
3.967338451793193509e-04
2.077231915161981916e-03
1.000311475893941480e-03
1.369954036200661356e-02
2.465862470263036933e-03
4.246547371278242611e-06
8.961686768072475701e-07
1.050890590329258488e-05
5.642250669437363610e-05
1.109061927271798725e-05
2.117337890960057853e-02
3.085333802704892658e+00
3.059806389384082337e+00
1.622190082149865376e+00
1.227870919349306922e+00
8.556831480499642595e-01
4.786414695888484977e-03
6.581214666616320051e-06
4.363573363606755184e-06
1.040630405994401675e-05
7.166194135063701642e-06
3.002909050613178420e-05
2.613084511069506012e-05
3.455178931807852896e-06
4.082993187663628796e-06
2.054906263161894559e-05
5.177393849801680898e-05
8.349834143416058301e-06
1.408623509311264510e-02
1.862261037971562505e+00
2.963883885855550293e+00
3.472319957988602823e+00
1.648945679999348490e+00
2.558140236331079009e-01
1.034329900331750623e-03
1.895960417672371811e-06
8.490841589175075432e-07
3.865243230310772336e-06
5.161687584630516844e-06
6.762574905109360613e-06
8.167296121193322924e-06
8.541987826217256548e-06
1.540439637341666708e-05
2.869159253320999450e-05
3.866324053219451635e-05
2.119273906186575727e-08
3.109659601746785694e-06
8.187110009728142818e-03
1.183813184154651532e+00
2.331853452379670344e+00
1.488009084565471429e+00
1.662767139787009629e+00
6.214171798210948831e-03
1.970382341163782728e-06
4.928913813953591350e-07
6.503455458834956445e-06
2.127693678103799606e-05
1.829037321982936615e-05
1.522257797190764279e-05
1.819643732210174267e-05
2.479648668267136452e-05
2.675110540087440787e-05
2.834509182060416347e-05
7.209268644108207031e-12
1.607990745257608710e-09
2.930725967923876593e-04
8.959282013002878298e-01
1.580645874344989821e+00
6.301676970877444495e-01
1.234471564316682590e+00
7.596299086495024618e-03
2.132288147705031466e-06
4.272141183732849658e-07
6.147095718732270053e-06
2.319063214878687210e-05
1.767911833001360511e-05
1.265899969286897575e-05
1.520521380988113209e-05
2.151247338207433357e-05
2.391816860297555177e-05
2.657021938554030417e-05
2.249582834011625205e-11
3.252057014418974140e-06
1.881649431227719882e-01
1.785398982885209040e+00
2.565443119970721941e+00
1.405572106249421305e+00
1.629954579686594851e+00
1.317579794287216388e-01
1.272721858626821485e-04
2.734531732972502401e-06
3.990688539260616583e-06
7.934897339222428969e-06
6.846203653340797992e-06
5.097196838780936267e-06
6.714410182337313422e-06
1.353183045813044808e-05
2.247790005120405685e-05
3.107235946733998509e-05
9.273315670776300661e-09
9.420262017501006280e-02
3.053559195722502295e+01
4.672384266451156121e-01
3.450464482926358656e+00
7.361293645109276085e+00
6.662645053652147986e+00
2.672319725961811887e+00
1.607591502077936095e-03
2.559803273680529087e-06
1.411551343316574711e-06
1.151293993485666174e-05
3.521295799749117811e-05
1.266262947882270796e-05
4.584216860679945371e-06
7.277854534851086688e-06
1.864486878686695776e-05
3.609411375026555144e-05
3.057412716431537265e-09
1.535097357486136854e-03
1.034550137919103330e+00
2.723183429584515314e-01
3.655830720453331573e+00
6.405751441672740576e+00
2.829851124023709197e+00
4.998296572355965250e-01
3.903805312719051167e-04
9.672757679657330877e-07
2.306698087689126760e-06
5.887874707311343148e-04
1.615848743634284643e-02
8.632508343590004863e-04
1.206634318813474130e-05
4.960128007208180167e-06
1.462504837818343229e-05
3.871864405487983313e-05
5.906385679759595877e-11
5.015611747034601973e-07
3.820605748999643392e-02
1.733526023161422236e+00
3.263725785068155361e+00
3.707676878572919943e+00
3.116944154171695569e+00
5.560817708669348880e-01
2.583343699735748174e-03
1.348521944266031902e-05
2.302289682168966910e-05
1.472976966553686540e-02
9.379577237309696391e-01
1.499035592730210351e-02
2.973504613536537367e-05
4.954891078346443060e-06
1.392525467481297800e-05
4.083869025778441998e-05
2.005015358070448378e-09
8.362990557770411790e-06
1.159818872949621438e-01
2.642373759549891510e+00
3.660017814562593230e+00
2.384770485475777857e+00
1.448570583496517017e+00
1.915208091536866053e-01
1.092111663559731027e-03
1.197864105217106785e-05
1.346685089493193162e-05
1.052226188024267019e-03
1.667022900413200545e-02
8.672901820117878561e-04
1.388512808437214400e-05
5.994556224857240309e-06
1.655259343829481558e-05
4.135039235897813430e-05
1.540968067930685540e-06
2.738521542109344925e-02
1.813388263698724856e+00
7.509419861615809211e-01
4.639152774026562120e+00
1.392524170304546116e+00
2.839696110733767875e-02
3.027180111220249023e-04
1.673617165023563041e-06
3.151905999639535184e-07
1.734155123404891280e-06
1.560258461268148035e-05
3.543136957269070822e-05
1.285650695846164704e-05
5.520259211365987541e-06
9.171086335358391751e-06
2.139559059443611624e-05
3.919067144048702744e-05
9.640623189008554416e-07
2.704454581813698494e-02
3.779508280202005466e+00
7.777133808607514798e-01
1.993125178377042062e+00
7.049516853973167851e-01
3.715100373510580797e-03
8.045242661519281304e-06
1.598494196596798493e-07
3.316718760311692049e-07
3.477631751927842900e-06
8.297140342478796971e-06
6.430253065178474473e-06
5.158325884250948439e-06
7.813109874097009651e-06
1.619283823678485437e-05
2.591983168174098658e-05
3.627190898434086674e-05
9.111423940139899869e-08
6.581182780432964655e-04
1.395650191822666253e+00
9.187866668058912722e-01
2.464287519940726867e-01
1.410574942347230243e-01
2.925966249272025661e-03
1.439210010750517160e-05
1.564377951128353194e-06
5.244479721997388874e-06
2.251496765601581664e-05
2.573642315804367230e-05
1.591513074204773477e-05
1.295940028298087509e-05
1.660832214059690002e-05
2.277832973260363882e-05
2.622806786738678328e-05
3.279964789383396255e-05
1.078086486998549141e-06
2.491047263570616861e-03
1.580567681294573035e+00
1.086874215282186418e+00
8.203301716941717725e-01
9.062067848962512828e-01
8.674656537305376613e-03
3.582031814385121493e-05
8.344377792324296738e-06
2.209437525467418230e-05
4.263181545296364352e-05
3.761920540190820329e-05
2.621375310613137947e-05
2.211029087867302955e-05
2.324027947284284875e-05
2.363419528509533310e-05
2.290969584427219739e-05
2.891737902732620228e-05
6.210892569709414392e-06
5.996231024124541210e-03
2.935935902747390802e-01
3.216230504170072141e-02
2.517456836671269974e-02
3.862825493889931322e-02
7.209826057592844247e-04
1.422518446968108402e-05
9.522299260935488324e-06
2.319971111526594523e-05
3.248844863233103054e-05
2.828277378488830405e-05
2.334426406291684257e-05
2.270379223124835904e-05
2.374717445640131904e-05
2.150639806204745629e-05
1.966118938052079389e-05
2.629367075401385569e-05
1.383673040438264605e-05
1.976868604802553900e-02
7.739071179333355532e-01
4.038416430496420163e-03
1.641117298852993298e-05
3.338728677604310208e-06
1.816404540244859057e-06
2.488624399037225274e-06
8.723534112833033680e-06
2.012729870385855898e-05
2.266240595625144434e-05
2.005804019962915139e-05
1.909467550918585713e-05
2.075353087686663604e-05
2.149864106628883567e-05
1.864262583930531838e-05
1.780386419002141535e-05
2.602134154468166685e-05
1.155952300042391249e-05
2.188834171859843809e-03
6.488213011205022640e-02
8.811407392924680473e-04
1.584682274882287428e-06
1.806478353348279429e-07
5.821061478616907087e-07
4.318775823080098102e-06
1.614763997348403723e-05
2.161057055778264156e-05
1.816452594755254977e-05
1.633971284371091954e-05
1.759560108702890580e-05
1.975137998409250503e-05
1.904650514700835325e-05
1.643051795423981808e-05
1.764015126087293428e-05
2.856899865397861577e-05
1.947974803688973209e-06
1.921697732973093884e-06
4.993625740588226815e-06
3.996600561346166071e-06
2.049434492403288471e-06
3.111078652079230419e-06
1.029465955930607306e-05
2.791226211280765796e-05
3.597611771253191048e-05
2.570965683532590684e-05
1.790224744798023327e-05
1.719732552037271642e-05
2.038868278747132265e-05
2.234100130322687631e-05
2.003212512260831650e-05
1.783870943429150227e-05
2.138281150434218170e-05
3.617509977337966749e-05
3.042700845929645020e-06
2.788152056878285269e-07
1.447477846357064631e-07
6.902155683636252216e-07
7.588746426817794569e-06
4.089732258250935450e-05
7.798026024799697617e-05
7.949553740129261200e-05
5.688087844652734267e-05
3.461150885360175631e-05
2.519263878521068629e-05
2.630144668689888621e-05
3.183550782049721041e-05
3.325501036329749966e-05
2.928840902449324882e-05
2.756319143896962008e-05
3.418039125615781769e-05
5.343391469738296263e-05
