8.392584201810146364e-05
1.672544601963071767e-04
1.891840234959106851e-04
2.708650940720399826e-05
5.994684159278845147e-06
9.454632499409682219e-06
2.850257809533806474e-05
6.960034900913274897e-05
1.468833916339287336e-04
2.421409511792615304e-04
2.877468987533387526e-04
2.767134386618608959e-04
2.138738919209138385e-04
1.375282680751848958e-04
9.690226206163071179e-05
1.002263651333412995e-04
1.614066545383666281e-04
3.406102080542209123e-04
1.792184628552651331e-05
1.335857557919295589e-03
8.215397058871899694e-03
6.782795068836811622e-05
7.581416321504069278e-07
6.255812422606407460e-07
1.833609732201959389e-06
3.099635321250941188e-06
7.236826778454986550e-06
2.625277488003278098e-05
7.757869146172801213e-05
1.628397932639011174e-04
1.935821613073616509e-04
1.206924997408499414e-04
6.263682638025704498e-05
4.862367019377113772e-05
7.322668575691879968e-05
1.820168844049638009e-04
2.546017911584930165e-06
9.805872784236939477e-03
9.697742047596423776e-01
9.992819408942541295e-03
1.334547654658822487e-04
8.140613361116023471e-05
3.178370984059942361e-05
2.218293141497823291e-06
7.070205452256401067e-07
1.244251848960979123e-06
3.221140046967841615e-06
2.202757547662176728e-05
1.294335245860723409e-04
1.686866040257843636e-04
8.103381844183236765e-05
4.532750017750441005e-05
5.491201680986558455e-05
1.329614096571995097e-04
3.746208057760188484e-06
1.433951456464371138e-02
1.946584915858853515e+00
1.029387975476542705e+00
1.051222796785219682e+00
9.761118182484076478e-01
4.496400645280256014e-02
1.816502680176728312e-04
1.293403112000867656e-05
9.207134874204797946e-07
2.643098299187778596e-08
1.447450484607917786e-07
1.458606232163179171e-05
1.441589529481026146e-04
1.205862101959340096e-04
6.036971513105901597e-05
5.790818984365755370e-05
1.199378014183572009e-04
3.188471875884736498e-04
1.169739447773139318e-01
8.437477343465749069e-01
1.241014252122719652e+00
2.599806310098696116e+00
2.215941563352587629e+00
7.570703376977753196e-01
3.397306787538537792e-02
3.521212672492789880e-02
1.597531766134851756e-04
2.331970329269932650e-09
6.208993361023710202e-10
4.469233250064417638e-07
4.545459702903150058e-05
1.176741457826720519e-04
7.839351294012159065e-05
6.967434114496316017e-05
1.246731477049869985e-04
1.394945748052757190e-03
7.226155772214047923e-01
3.329002018815697017e+00
1.777099240216226006e+00
2.658946895343439198e-01
1.131362139551800317e-01
9.582370604883567733e-01
3.811422603640295392e-01
2.614169281998937500e+00
1.193951701630804052e-01
5.152715955181969130e-07
2.982598405026290123e-09
1.752362541438555394e-07
1.446841807477846008e-05
7.495269079172787996e-05
8.163619580863089504e-05
8.366171575037929158e-05
1.463767978027722869e-04
5.466453357529096413e-04
3.854794952942699471e-01
1.484462845893846250e+00
1.270033696438381821e+00
6.308302281512375709e-01
1.452425308719454966e-01
5.015820611313973609e-01
4.530791208184062335e-02
7.114268362138784219e-02
2.015566136606055547e+00
2.264405370681978405e-02
3.367043485534086498e-05
6.798260648827233728e-06
2.118216515516207991e-05
5.484500940511568456e-05
7.115609148898773960e-05
8.879099444397155465e-05
1.684086148982819953e-04
5.548298883798640294e-03
7.092916919189793390e-01
3.456183228889543879e-01
1.669492244456971530e-01
7.651116092394119050e-01
3.785471355548100103e-01
2.811740613337243566e-01
3.072564473410364233e-02
1.064346795981520148e-02
9.875431065091824223e-01
3.811503896658202439e+00
5.014169864509386565e-02
6.434464687665907489e-04
7.687417937106072528e-05
4.799505345829624484e-05
5.607779452678596883e-05
8.216574469901292879e-05
1.701499676092255186e-04
3.873831162376368533e-04
1.107227790693089964e-01
1.712470344853200599e+00
8.146392124826296044e-01
1.396061530170046749e+00
2.338390249069261184e+00
1.056596727015766568e+00
5.712032764505630134e-01
3.494044778750049485e-01
6.811189945848205030e-01
3.467290627258660329e+00
8.792400627704090033e-01
4.375689431332336482e-03
5.053683641408655630e-05
1.945195117541818767e-05
3.786172548371718425e-05
7.696614991487105259e-05
1.700419539864140423e-04
2.148208404940840494e-07
1.444210915714607465e-03
2.460143349408054458e+00
1.762350477655759029e+00
9.800547261341268079e-01
1.333299419777674411e+00
1.771874835588969632e-01
2.166431464313387789e-01
1.734204054590715582e+00
1.298790587769176330e+00
3.549267206806789421e+00
2.055093808819281165e+00
3.678354244364954919e-03
1.622622308740517415e-05
9.078280262504488321e-06
3.226769396937041414e-05
8.438163376533645236e-05
1.868374522370774035e-04
2.881950643118504428e-10
3.050438905463024250e-05
2.716330088065983528e-01
5.736492079207764494e-01
1.840976444259916356e+00
1.929789397077743995e+00
4.075803266806800051e-01
5.266467018531875155e-01
1.572992405036158781e+00
1.246820312412738163e+00
1.090314169308697956e+00
1.059400279601937500e+00
3.290971491692699230e-02
2.350097233118883836e-04
2.918230266475038863e-05
4.229199752901547694e-05
9.334639905912179029e-05
1.967345331884096874e-04
1.597562279339361022e-10
1.107877024435568482e-04
7.524468295442442445e-01
5.982203902903050485e-01
1.715567408422337126e+00
1.415661375829653235e+00
1.335360291144212619e+00
1.435776221541145370e+00
4.042202899121945525e-01
1.767092475455960043e+00
1.935404655730581069e+00
3.993328209148616637e+00
1.898454508882461145e+00
2.676019011145706721e-03
2.088831451609620527e-05
2.146488640882777049e-05
7.492839144058068533e-05
1.827277223335297828e-04
2.509227734912430143e-05
1.239634404380790089e+00
6.791397065974362590e+01
2.670841843935197968e+00
2.152602647960798699e+00
2.711364053127065965e+00
1.822553681037129669e+00
1.260369183720988717e+00
1.790738953113888421e-01
2.690263068222269016e+00
5.368439139227905166e+00
8.861981219425407730e+00
2.110081716533431795e+00
2.433927697660185762e-04
1.046333651634138663e-06
5.450095893967997673e-06
6.025878523121706924e-05
1.846242368372004179e-04
3.150812608458980479e-02
1.615435982613887989e+00
2.984315473626223625e+00
1.409775202288234164e+00
4.020410214168736118e+00
3.757948766258648821e+00
7.062131023068878299e-01
1.171277412610378210e+00
2.790351100762855641e-01
1.857863428830423658e+00
3.045749646854038151e+00
3.838568717551959608e+00
1.054228800312692726e+00
1.945080189197092798e-04
1.256189750983725027e-06
8.213712106840065569e-06
8.858066455814878136e-05
2.322420947000510677e-04
1.951306328541324445e-04
1.067032788102752032e-02
1.120172472923264967e-01
2.948485455500668984e-01
1.072411002783411282e+00
4.133210550445436393e-01
5.163620846522123942e-02
2.093430344243555896e-01
1.574282311511522314e-01
1.923179129161439738e+00
3.054950365999336892e+00
2.157108704376061503e+00
8.852946164498814996e-01
5.953971041568656463e-04
5.572796914208761284e-06
2.137861374962967876e-05
1.411103192222358125e-04
2.933724341150737184e-04
2.799209131024209480e-04
2.907417502164091339e-01
2.244894807957698024e+00
1.137803897837481815e+00
1.941697336132495622e+00
1.260067798429830965e+00
3.821955124787472236e-01
3.934040434659792362e-01
2.299837429811184830e-01
1.780837323989276744e+00
1.024487146303735718e+00
8.625744231735049672e-01
1.067053453392692447e-01
2.382560282495931254e-05
6.134854685665444926e-07
1.009952500931439662e-05
1.292656699937438512e-04
3.102805244865074652e-04
3.260905309001489727e-02
1.618435734123039760e+00
3.658697983301249401e+00
5.334546943411832665e+00
1.459258472973433252e+00
1.054366936410763955e+00
6.888993937362850595e-01
1.330973671683209625e-01
3.222527810733059606e-01
1.696751907518928348e+00
4.294888138131809918e-01
8.220645867012942309e-01
1.655223347348195109e-02
1.044911696700796112e-06
9.269192288493038127e-08
5.573741183636966754e-06
1.121658705692007339e-04
3.002763252562138177e-04
3.967296215250082879e-03
7.572367610331322274e-02
1.107672325690076676e+00
4.572227894111263069e+00
4.835770517712500993e-01
4.929461004348187902e-01
3.501389156131964331e-01
5.948390895477677354e-02
5.951433556269721814e-01
3.241952458769936207e+00
1.746010775358943334e+00
1.070175638097827564e+00
2.206533056638126152e-03
6.968766369073137446e-07
3.815385132927949572e-07
1.451556066047835297e-05
1.318602091533714626e-04
2.847257235401979116e-04
2.408489817908489796e-05
2.491204022725054465e-02
1.732517605564346974e+00
2.524262649006837389e+00
1.578878995217328107e+00
1.366369810585416067e+00
1.695239418629046257e+00
1.092826653838073314e+00
9.509531225198927795e-02
6.195639965348654493e-03
1.212519938846782878e-02
9.487266356347572385e-03
4.928975655147819151e-05
1.129871341990415812e-06
4.393997642913983604e-06
5.133321813769516089e-05
1.501003319382170824e-04
2.526849528236941667e-04
6.289717264475451714e-07
1.212683011624573343e-02
2.004561527128467802e+00
1.960868033771840713e+00
1.865058259097738036e+00
4.773498241705659978e-02
5.423524266099585822e-02
9.172218481810470170e-01
2.489691067133113344e-03
1.368113670432448977e-06
2.143262739579264153e-06
1.397079444062883332e-05
4.558361008563429653e-06
4.728809400738047492e-06
2.937615609267428611e-05
9.627442896984007088e-05
1.332254984392752318e-04
2.095876155188517733e-04
1.580647875274187242e-07
9.227822706653877882e-03
2.036186717474158137e+00
9.705731626349234364e-01
1.150275396333378275e+00
4.300068372779575210e-03
2.226498298471553503e-04
8.192240626591093186e-03
5.052650720847849403e-04
1.009500168811662129e-06
5.518343304897399142e-07
4.035844383246092854e-06
1.132143433341365496e-05
3.172124779689415911e-05
8.093599060009219910e-05
9.871900502910915625e-05
1.018952297211534353e-04
1.742357264440421154e-04
7.120152406206259478e-07
4.482814072018844603e-02
2.833916840498685197e+00
1.759123399068498184e-01
7.309806335999285976e-01
3.112664575379624557e-02
7.274521274644338243e-05
1.021178160776745378e-04
1.746005513798563934e-04
2.335829091078788283e-05
1.281904227770791577e-05
2.824599803318808729e-05
5.580443161690134136e-05
8.535710858395995516e-05
9.207827758180791666e-05
7.507522507334404502e-05
8.088950686586409062e-05
1.605425527581298857e-04
1.245585059507965124e-06
7.639301810841912094e-03
9.594294816881722143e-01
1.177479300527123490e-01
5.928273784019491566e-02
3.002481951178230784e-03
1.700549644920786125e-05
1.079387032618843375e-05
6.294918702178676627e-05
9.063608995544491208e-05
8.038983272487561899e-05
9.005921676479961794e-05
9.759264208923217618e-05
8.990961729300898160e-05
7.140512700907866749e-05
5.998739926727920507e-05
7.869847281919878953e-05
1.795923500906130047e-04
2.669445078594705383e-07
2.534278816633359579e-05
5.716635739171865155e-02
8.365871702476969096e-01
1.733521179959746430e-02
3.594848371652755543e-05
1.823391099628593090e-06
7.426836183125907478e-06
6.153223273354262223e-05
1.287034253197540839e-04
1.312046295540008354e-04
1.234567080876411253e-04
1.089749664028681072e-04
8.781215418874783476e-05
7.063107540496232570e-05
6.920158194047179405e-05
1.056800807587965054e-04
2.479866656746232867e-04
2.804930377444790661e-07
3.516014014896554515e-07
2.238531749209736878e-04
3.733393279635650874e-02
2.194266949828501713e-03
9.711741802278154960e-06
3.368063911487724586e-06
2.738897767069808426e-05
1.407778845670451247e-04
2.201046388102743641e-04
2.183019961133603442e-04
2.016895604987468211e-04
1.744841251010325386e-04
1.445842300152725454e-04
1.278051112452638556e-04
1.380100345967161864e-04
2.070913102968901652e-04
4.131328270121591953e-04
