3.335413764224957889e-02
4.865312980664443288e+00
1.233822732067808836e+01
9.530883183008956649e+00
6.418624000142679975e+00
3.730919666627274811e+00
3.112663678754827412e+00
1.867102596336585485e+00
1.288909248548935627e-01
1.216830405842088229e-02
6.858502113561271325e-03
7.581494727951482550e-04
8.781296267126775641e-06
7.479441312488059384e-07
3.821580508234874602e-06
7.385381042069749538e-05
4.713655732551686058e-04
1.332518695287726899e-03
4.318947358946302433e-03
1.050625744573949971e+00
8.612512753722846526e+00
2.610172790497585993e+00
5.455289303828253500e-01
9.543029287405045691e-02
1.955185641067884450e-01
9.677230143106063665e-01
2.897890224536955994e+00
4.911328669861283025e+00
9.356093489499834881e-01
3.533513936913847131e-02
1.546256574012331458e-04
9.974058993322290681e-07
4.873857318263568709e-07
5.430327352857102082e-06
8.299730712270021510e-05
6.592067690220241921e-04
1.228717392391120815e-02
2.164920986663381938e-02
2.545764837629048150e-01
5.123222410795443826e-01
2.813173554645684860e-01
1.146147329587215158e-01
6.332539322354574507e-01
1.109759676964923725e-01
3.319685341519488381e-02
1.136662307859377385e+00
5.225651867481672319e+00
1.810794146531177429e+00
9.060498166704755718e-02
1.862233064631392066e-03
6.060651568333418510e-05
8.106786198482630214e-06
2.004646678993228000e-05
2.877173599814686214e-04
9.079085684022969449e-01
1.149100809912975002e-01
6.592833585140759345e-01
1.626616235619279260e+00
1.460092850828849986e+00
3.290986931230593382e-01
8.127845488828461251e-01
2.163839598917416396e-01
5.807107456823383529e-02
6.404647171071067291e-01
3.787839272493771503e+00
3.305293379574299362e+00
1.693952387046418151e+00
1.072860184014864382e+00
1.403666153999454970e-02
1.052993471751425426e-05
9.877566939794985439e-07
2.178548040368660766e-05
1.739049910134217447e-02
3.813583590383171767e-02
1.951778305119797885e+00
1.923056143033718302e+00
1.034167293972708679e+00
9.052043670041993728e-01
1.276318973996843686e+00
1.661273041422873353e+00
1.885819708561551344e+00
4.334530866017361483e-01
3.248299829152985763e-01
1.334574580882564865e+00
2.864065497803358173e+00
1.610340106879770916e+00
8.944735496276546433e-03
1.081081601448583117e-06
1.980968327444906586e-08
5.438046013394049901e-07
1.687471917891834665e-06
6.606373101407272790e-05
2.454011204528570508e-02
2.642001376289043486e-03
6.024292853917781639e-04
1.476478506668348623e-01
1.557182393356265848e+00
5.447392741103961322e-01
1.915308387980983573e+00
7.136319866099908316e-01
5.780631070098244395e-01
2.880430592582511551e+00
3.779067595274578473e+00
1.520545332253347981e+00
6.602548622417993285e-02
5.217058488370132993e-05
7.513436356155058157e-07
2.055390007432521396e-06
4.396829683503243006e-07
1.648614947460591226e-04
2.390634810775883398e-02
2.366919876194351546e-05
2.543834330825962916e-07
4.949280210222141907e-04
2.731735075549097599e-02
1.884537577826578617e-02
5.722447552606725329e-01
1.776839094499946370e+00
1.819722022420152907e+00
1.686905259739653218e+00
7.474676420682797584e-01
2.971349476692606295e+00
5.559389027343603296e+00
1.135248908744416335e-01
2.421658819330897716e-02
3.793834790777612063e-03
1.811182718338996041e-05
2.181977356481434871e-02
9.162421290370881266e-01
5.467892799609351843e-04
8.120632922249676946e-06
6.794310141619235672e-04
1.391975574377274849e-03
2.046510724498998637e-03
1.658443354624397348e-01
6.108970674976513804e-01
9.978348676734465350e-01
1.309555137965103588e+00
3.207045168951392355e-01
1.012256999155765058e+00
1.253540100190813744e+00
1.158250123738268772e-01
7.469974434303442434e-01
6.042634780412280832e-02
1.397858567361359268e-05
1.103036498732861814e-03
1.507049072640942802e-02
6.527064746745650514e-03
1.321438690805344096e-01
9.208543921872575089e-01
3.208012274787567369e-02
1.846699916569321739e-02
2.370984209782349417e-02
4.759608133719879161e-03
1.298390175272315927e-01
1.881379140235978076e+00
3.165184516691219585e-01
1.321552237246653938e+00
2.550675311058081096e+00
1.826908561706828138e-01
6.728326409248756856e-02
5.531322259337137026e-04
3.262913374473290403e-06
4.051712636407520796e-05
1.425748216603806517e-04
2.117534129124400318e-03
7.868747661338636457e-01
9.314912050077668315e-01
1.158304994312576996e-01
7.836648830750563288e-01
7.799434638923763430e-02
1.337391081060869446e-03
1.230472287488533351e-01
1.633903366056007167e+00
1.235296341247968110e-01
4.956303349755374898e-01
2.414169944488288255e+00
7.270245983713037319e-01
1.430373317831509783e-02
1.695850916543335945e-05
4.413251309951043381e-05
1.066319403987110379e-02
3.399654239845842363e-02
4.298768669353122962e-02
2.803438884909595918e-01
6.416152289988596991e-02
5.335031064087851493e-02
1.118144360948429616e+00
1.841657145502659576e+00
1.423899478826596565e-01
7.230796619741785003e-01
1.398754408437656194e+00
1.066369850051718249e-01
1.956625387468050384e-02
2.163585210152289134e-02
6.262570626909386151e-02
1.926223680924393170e-03
7.517441854103010862e-06
1.683035206574979388e-03
3.061357502470959169e+00
1.564719937190873189e+01
3.263737610157579017e+00
1.222374787895173842e+00
4.393908063558482624e-01
3.597487539095972076e-01
3.701778765146732098e-01
2.791829682669180190e+00
1.242057530320153313e+00
7.819227853798118577e-01
3.063156451207785125e+00
2.450310891566318539e+00
4.757955444515051813e-01
7.450393632376722808e-01
1.071259315713314564e+00
2.978380726548135547e-03
9.744581756505113005e-06
5.080034252000578156e-03
3.942780901082865164e+00
6.938272255877110695e+01
1.503750384901645276e+01
1.369628664346205005e+00
1.163214388472748606e+00
1.838178439180717660e+00
5.988013614100959892e-01
1.334309762157326995e+00
1.274430037957270612e+00
2.040524315453106308e+00
3.228383092248608754e+00
1.135457537240843751e+00
6.845202647199527535e-01
2.097386889392007348e+00
1.893287489300291115e+00
4.307724618831253356e-03
1.198256037687554630e-05
1.225220569696759557e-04
2.381281486037644182e-02
9.592789255562518491e+00
8.728564083486235248e+00
7.966613144957112036e-01
1.769008014592321043e+00
2.292706220089026470e+00
1.145862123663849763e+00
8.879583037126396183e-01
6.705436397689867878e-01
1.932244590694906394e+00
1.426518576389910864e+00
4.450533858128649101e-01
7.577695796006296558e-02
2.162218103149281256e-02
9.914395145289574274e-02
5.230575469714282555e-03
1.461004025601895766e-05
2.632292356018224541e-07
2.656033086437792809e-05
4.118282781227324274e-01
1.463514735806968226e+00
1.319796380450789230e-01
1.022604764872633742e+00
9.785833141716023809e-01
5.751080726394628417e-01
3.665186671378168337e-01
1.126797180676992055e-01
2.522472195695271147e-01
5.911413007587283941e-01
1.474951710408528349e+00
6.703427064471650931e-01
2.834713072720637661e-01
1.780613714624463384e+00
3.888600002070168038e-02
2.287282221835025290e-05
3.594679974966901434e-08
1.134161080077309732e-05
6.698372434330979175e-01
4.133716884581636108e+00
3.830278149872644033e-01
1.676359683298334291e+00
1.156217697290135238e+00
5.926291869955807590e-01
3.216757148525164478e-01
1.119831117242751500e-01
5.246876889297382718e-01
7.166509156683907866e-01
1.982835241441758545e-01
6.479384260217381231e-01
1.572350921101634880e+00
7.729016401803875946e-02
9.596998379281094409e-05
1.247631524417661496e-06
1.854067707028209557e-07
1.708369956262939765e-04
4.022170961777777887e-01
1.745772399293638699e+00
7.187559955895177488e-01
1.146204672511980105e-01
1.353441741112603597e-02
5.667623049470117691e-02
9.817529119022144757e-01
9.713145592507922421e-01
1.278561738200239661e+00
1.149768129872086764e+00
1.132246363177010356e-01
1.142885494053645923e+00
2.530915856723492396e+00
5.134812938804104434e-04
1.327154412465492342e-07
1.680977081724113598e-07
1.037757149617977206e-05
1.030718216485496282e-02
4.615981389404836266e-01
1.576827079639352647e+00
2.065232456004414185e+00
2.306510494383068668e-02
1.172727817100607806e-03
1.377367864920218260e-02
1.010901348575405700e+00
4.532234403833091285e+00
3.496289344345970829e+00
1.358473781280132631e+00
2.054237803926280415e-01
1.504996188752620645e+00
5.573658653406030616e+00
8.391934254786159383e-03
7.393221007341295274e-06
7.399700768043338328e-06
1.877083201675067148e-03
1.605134346998725037e-01
2.468137204749824565e-01
6.309602899848858470e-01
2.489696732373560817e+00
5.183139877858756739e-01
4.836032373039004240e-01
1.342277060638231490e+00
9.500097827478205526e-01
1.486393120388205258e+00
3.466629020857150856e+00
4.521129674354795736e-01
8.029979067060303288e-01
3.916123720503429606e+00
1.395773687829418297e-01
1.046635875828726353e-03
7.010110368250711778e-05
1.178363809683865453e-04
1.194602756777914283e-02
6.321974562265506581e-01
9.572915516270090741e-01
5.597030226171713085e-01
3.531491152056673855e-01
5.410270865228842263e-01
1.465585664015219836e+00
2.630973563017719119e+00
1.742658565475077026e+00
1.120240649180180625e+00
2.759161463459798735e+00
5.130472428157017983e-01
4.569248942374621869e+00
1.107146482916938623e+01
4.938733432708041111e-03
2.265017464746789299e-05
1.809211057012819333e-05
5.592110223958831179e-05
4.297454313076486641e-03
1.396922052988529561e+00
3.200104956963467639e+00
7.173323922024984478e-01
3.846198043995673332e-01
9.488852703241732467e-01
8.557429493846812063e-01
4.541297776045054579e-01
2.032204138127077009e+00
1.168113988590864682e+00
1.922969691434501582e+00
4.524607572375401787e+00
5.568112681307347600e+00
8.459210931165650482e-01
1.497520734529411528e-02
5.457315807294374488e-03
9.605731457260073720e-04
4.810824355833010765e-05
2.741897576147658746e-03
1.627960678853397347e+00
1.624287252273279414e+00
8.663833733425995165e-01
1.026817568552233606e+00
5.725591177444862012e-01
1.523686099645452430e+00
1.105916492976912524e+00
1.584607268345734843e+00
9.094365385034555160e-01
1.379169525230130366e+00
8.072581776420779676e+00
2.696739404662056749e+00
7.190171641701283145e-02
4.894841286613627745e-02
9.053802719398399423e-01
3.324567066584046410e-02
5.506575260002380726e-05
7.916372321296055595e-04
3.331449325265737338e-01
1.211926942475793245e+00
3.403281222186352650e+00
4.767601753649245433e-01
2.288183983270774321e-03
6.017759327343516138e-03
1.009709794597969251e-01
3.171255863303427680e-01
1.080996003613200029e+00
2.549024853275123625e+00
2.015823703622860452e-01
4.120928033690900161e-03
3.257107021133390907e-04
7.198403237981755749e-04
1.561747422413155284e-02
2.112156866609938774e-03
3.183251203641769035e-05
8.259398030841823279e-03
2.779746275183921256e+00
6.876819611347108285e+00
6.427925866700645585e+00
1.633295222546731207e+00
2.872492372964909058e-02
2.246315782525050431e-02
9.623995104603724204e-01
3.659665773968010516e+00
2.068930978121922559e-01
6.616692519802034288e-03
1.991617573949463948e-05
2.493441636854256204e-07
4.954911440296442664e-07
6.707437009803100984e-06
7.931163684826382152e-05
9.162974715417018432e-05
6.118411044982603178e-05
1.095715054937355069e-02
3.051862435205924484e+00
1.506871613408173971e+01
4.794828832433702281e+00
4.196696040117924298e+00
4.952965652589470302e+00
9.345347849012396457e-01
1.139452663470671867e+00
9.822561839186410015e-01
9.117838741765246736e-04
7.914651042910465627e-07
3.125999037778633621e-08
3.411310331435092583e-08
9.226314599489856931e-07
2.176086101430742015e-05
1.126335005969181702e-04
2.312709250051176411e-04
5.780927590325609733e-04
