1.849247952177692986e-02
4.920635354540323192e+00
8.023116582530404273e+00
5.090978946476019118e+00
3.695075119633584482e+00
1.280188564175357424e+00
7.701554008074464885e-01
1.045682632437814619e-01
4.355839588760341500e-04
3.036644481817994375e-05
7.032477730884843401e-04
2.334978895113226302e-03
6.598117794971455170e-05
5.336515531795126105e-06
1.429096462525889218e-05
8.752880980749149691e-05
2.429905292160385890e-04
5.410587245520127571e-04
4.911359905370926704e-02
1.024429187259971785e+00
7.032555878131916849e+00
3.882450358126487089e+00
1.513390860026167850e+00
1.601548619586711908e+00
1.325457642234442401e+00
1.962416513580191202e+00
6.899663126138385616e-01
4.025350505519374456e-01
7.349987737799963394e-01
9.508648110498386929e-02
1.802344512665990817e-03
7.090117558115031785e-05
2.698342765240545753e-05
6.031676277623498683e-05
1.680285072273615644e-04
4.373268005391621211e-04
9.275173544239868617e-01
9.624940247025292051e-01
5.077514424449827146e+00
3.776257816290145453e+00
3.764246351449437533e+00
3.071599234054212868e+00
8.803077556787618496e-01
3.732772718921325783e+00
4.895771385330545122e+00
3.829647574415438349e+00
4.815316784514845239e+00
6.003246450125084843e-01
7.227240403860436813e-02
3.182869535613047033e-03
7.892219823340605018e-05
3.427985079019413636e-05
1.134889661169378696e-04
4.608759889889745042e-04
8.396468573195708593e-03
8.492180111256729391e-02
9.170797717626367751e-01
2.791034538209830052e-01
3.322893242108009848e-01
6.641565085683067693e-01
5.981846291854112652e-01
1.859861920300733162e+00
2.150138358317895904e+00
1.482691530040049388e+00
3.835374919317562359e+00
3.714148148615668887e+00
8.005882561503834260e-01
2.581312946644990364e-03
3.164098002249982791e-06
9.482194736410759306e-07
1.007441369898349756e-05
1.439945615572389053e-04
1.058178139036911546e-05
1.207551177175466943e-02
8.341881997109844571e-01
1.000226147668661802e+00
1.454113308904752877e+00
1.551808210148572398e+00
1.144249100248609929e+00
5.170294841111678918e-01
2.414667099010900930e+00
3.922394585279226575e+00
1.856448096706593720e+00
4.366388130237892184e+00
2.175548911451267386e+00
1.905567698416503388e-03
7.062669875605608059e-07
1.027263402838491236e-07
5.561334699304651912e-07
1.136016136589364731e-05
7.746482096408839309e-05
5.320668210258080316e-02
4.376151280078037498e-02
1.407619249311186094e-01
1.116674350089303491e+00
7.714947648450257156e-02
1.417027186636591815e-02
3.543771940941539689e-02
1.493669197053219433e+00
1.833054028066882557e+00
3.310135997081427028e-01
7.019551687413044805e-01
1.612012251542031649e+00
1.755754198030492208e-01
1.433813093434896683e-03
4.140623203489340464e-05
5.760018535334750720e-06
6.676377883016006874e-06
2.950837704327871625e-02
1.867708896059490531e+00
1.226748207545765718e-02
3.223427452223761452e-02
1.747511543551254487e+00
8.336837262647682489e-02
1.722778607918712401e-02
1.891030797885907833e-01
1.966585725021852804e+00
8.571054698460396359e-01
1.173129859030083155e+00
1.644799771746275674e+00
1.155698799167991009e+00
2.990088483592470148e+00
7.464952289980274491e-01
1.083100176230836764e-01
6.010369667733255622e-03
1.411280149566007853e-04
3.743121612091655434e-03
3.206198319253916740e-02
5.611842736279607294e-04
1.056378995041908206e-03
3.139627044903455649e-02
7.133181245650123403e-02
7.158863657400809100e-01
9.618284515484127883e-01
2.202277334286327840e-02
7.423383290459988288e-04
1.029066875792074807e-02
8.733768990703667523e-01
2.478251591257258912e+00
1.471172713863969417e+00
6.882692402545920185e-01
6.767446563255772318e-01
2.705079847896522255e-02
1.397729353043475375e-04
9.649347215692573048e-07
1.994849963692387095e-07
5.396117774187893150e-08
2.114969080489552105e-07
2.281940775381780530e-06
3.955472427160980332e-04
2.428883349226467758e-01
2.013685256440515825e-02
1.850920442990444488e-06
1.523087384399040664e-08
6.649679853178782100e-06
2.292210347668804937e-01
2.457054556898030206e+00
4.017042478538112582e-01
2.522809024841148773e+00
1.829153747411225439e-01
1.441911011920564320e-05
1.455503484839852770e-07
6.954926957880604239e-09
1.420351247696734244e-10
2.186902380287000054e-09
7.772368783252725045e-07
2.165269889671397554e-05
3.645027754550752078e-03
7.980551541059157650e-01
5.451704178384905730e-03
1.368085678392803544e-07
1.745981122199066098e-08
1.509500851225947468e-04
9.574172655224080231e-01
1.443634104379747929e-01
3.006442215056989026e-02
5.085960391020593718e+00
1.349978855458901922e-02
9.806867873586561966e-09
7.864676028551891788e-10
1.253710732108042311e-07
2.752282066124898558e-08
1.455068029339769961e-05
1.853943222261699234e-02
1.471404851327457429e-02
5.616947928186057266e-03
6.063037098735328534e-02
4.471031239160466048e-03
6.546238464560390942e-06
2.522116681623949003e-05
4.181175817659150279e-02
7.427966705048503204e-01
8.888779535472662863e-02
1.412596309919550153e-01
1.726814839603259211e+00
2.103377939480153853e-03
5.001348965948825858e-08
2.528237927887523435e-08
5.908795422887713885e-04
1.161260876301864996e-02
1.137400899661217935e+00
7.946276892731944930e-01
7.955368758186580564e-04
1.730967558770889385e-05
1.009569725444642166e-03
3.091943992993283208e-02
2.817585357833563616e-03
1.366537825817893369e-02
9.029605132544757939e-01
5.441926181102367810e-01
6.899801560710321358e-01
2.675258308204803814e+00
2.389184115607990933e+00
8.181070819312108444e-02
3.038754290710484396e-04
4.253322965521115614e-05
9.487018623947534104e-03
9.542485536412835812e-01
1.973264941111036919e+01
3.373989884643601167e-01
6.744158488990425722e-04
7.435522600969119702e-04
7.242513850299735212e-02
8.332200224009976841e-01
3.794945450032734952e-02
6.080552948863521268e-02
1.859499769058545748e+00
1.580644547186605964e+00
3.349310602512884039e+00
4.392810173678990182e+00
5.693078793825285366e+00
1.727111930016056673e+00
7.102660727024419189e-03
1.959910607375974206e-04
1.055696607775730579e-04
7.639701398373066783e-03
2.368686742473185447e+00
1.540407135676640227e+00
1.940038684383784684e-01
7.616498401139868424e-01
1.226601111909772779e-01
1.519009467348349240e-03
1.382896433784659988e-04
3.899056481159098378e-03
1.854366488756762910e-01
3.285952998694979255e-01
1.503335932042083156e+00
1.728915624592717082e+00
3.133697725892983676e+00
4.026282952062555376e-01
3.704530070832888966e-04
1.697464282670252340e-05
6.640781245959459945e-05
5.799206145783790747e-03
7.890796721360794352e-01
1.648107118628199530e-01
1.754999170006597137e-02
1.474325082521638075e-02
9.381515956699872907e-05
9.379894909500006545e-07
9.333974098113172679e-06
7.100578029178685260e-03
5.537625400179533308e-01
1.266986967556462451e+00
1.115559296871749151e+00
5.414668618980507109e-01
3.720050404408213662e+00
6.707613699365178039e-01
4.197415275539715415e-04
2.152855174965155998e-05
4.489183049174224477e-04
7.256889316840722803e-03
3.092371317395857175e-02
6.233929738411823906e-03
3.912426252718708038e-03
1.076102931901406958e-03
2.549195180116631154e-05
8.103306852752327743e-05
1.412802950715428239e-02
1.436061277375128009e-01
2.823363023017552154e-01
1.582548811841901548e+00
9.077930602559964868e-01
4.303549111677006933e-01
6.383801551101238481e+00
1.779005866746114772e-01
2.807995553206133591e-05
4.342045382698461440e-06
7.046157104392375111e-05
4.148117105285965269e-05
1.520679105655240837e-04
1.556972416407825278e-02
9.106611478921374792e-01
2.706316905069573037e-02
1.592416359119174863e-04
3.577967696868163041e-03
9.408823208314894826e-01
6.627087116966980940e-01
9.715392142397552555e-02
2.488316143065756603e-01
2.626857156341875776e-01
4.995696295040608637e-01
2.510284052629213836e+00
3.176679984955077096e-03
3.443038880354226014e-07
5.189303136806221802e-07
6.838132316779552087e-06
7.978350926234747340e-07
1.733668458478821535e-06
3.748062357601267963e-04
1.900948837705608921e-02
6.345065966464883593e-04
9.688246576505905061e-06
1.258322438908108241e-04
2.686059298827558547e-02
4.442602058260132214e-01
1.679125430543536135e+00
1.986827989758305213e+00
1.341610096639213490e+00
2.980282664050455388e+00
1.974855204523048580e-01
2.244350265124391575e-05
8.005454154939151250e-08
2.285016837399402845e-06
2.217343712449923842e-05
7.944342864751684948e-06
4.868315228393436230e-07
8.928295797188870960e-08
1.569840867679804135e-07
1.556100279167314918e-06
2.925488621153629902e-05
1.063693474485640769e-03
7.079555739144631488e-02
6.038252047355768815e-01
2.133878989458165787e+00
2.167655908825648403e+00
1.652551289957002734e+00
3.779619849202536574e+00
8.344755285286765273e-03
3.282770763330027510e-07
7.755254759054368552e-08
2.741111482956117915e-05
2.401225255644372312e-03
1.544372519885976042e-02
6.741700726646268160e-05
7.321779396349165715e-08
3.629521173074106044e-08
5.168165445956450624e-05
2.551393063469669514e-02
5.481186675704379646e-02
6.286678539840538926e-01
2.506420769827872874e+00
2.067773185387992818e+00
4.479032467369956194e+00
3.813546174542642664e+00
2.013346629806939792e+00
1.668562999029547193e-03
1.585400883848814915e-07
2.450983741789502905e-07
1.247196383100121291e-04
2.825347868163495535e-02
9.130250852402473916e-01
3.603415120475854383e-02
1.156013471936684833e-03
1.510392164203017661e-03
1.423609114702723832e-01
1.690902379356019836e+00
1.346638389900800259e-01
4.855150363136830904e-01
2.371330829482488856e+00
1.982486321479041136e+00
4.496394701721714959e+00
1.958483594859675714e+00
1.089632319395771987e+00
3.372324935082476188e-03
6.057016190476387483e-07
5.941272964728472212e-07
1.447103847581063588e-04
7.244707724079466928e-04
5.137811912469708239e-03
3.227125097093110767e-02
9.297817607641404303e-01
2.011414986416526940e+00
8.226932627524816688e-01
1.311722161999488323e+00
8.668354736347032574e-01
1.609531439387562157e+00
1.344958291750110391e+00
4.243947542675154061e+00
6.438471582865760823e+00
2.796310274211956659e-01
7.776528770997161999e-01
4.549446482669705638e-02
6.812510972849569797e-06
1.058856705196915790e-06
8.533665741405799016e-05
6.081912691917754158e-05
9.307378430755901104e-05
1.484033207666382755e-02
1.078157091854424321e+00
9.043395171380593789e-01
2.125034868379616915e-01
8.175408901615668356e-01
1.007538136784943195e+00
3.261200556227786151e+00
6.893921999617417917e+00
6.835597223219505025e+00
1.535533729740469477e-01
3.858013905208569324e-04
4.834946255147431517e-03
1.274793186647579443e-02
2.587780847665541764e-05
3.310265567057764280e-06
8.137490883495675210e-05
4.994898687434060416e-03
6.667709205300588124e-03
9.765033067020416624e-01
1.921349624182451921e+00
1.067475106322260725e+00
1.014617579801626590e+00
2.750274735644806068e+00
4.161468375942726783e-01
1.568662771099612607e+00
3.158143990242080257e+00
4.643437941393271755e-03
4.340841561715799912e-07
5.213054109197638747e-09
1.133458045055951173e-06
1.262187961490072790e-04
3.334808345466913274e-05
2.138118134124702903e-05
1.755995924074776166e-04
8.944185770927607360e-01
2.828720918133116324e-01
2.518302162430981816e+00
6.741867460120595235e-01
1.285467572846234363e+00
5.920156724994204422e-01
6.669278612587034027e-01
9.911243165772209984e-02
2.273517873247897503e-02
1.569711765380730258e-03
3.198603102079052094e-07
3.601225613160115491e-10
6.882125852788226096e-10
4.111067366835569633e-07
5.777917570269324311e-05
1.553490226270759327e-04
2.159396088032622320e-04
6.073738293758868976e-04
