1.634738237789450945e-05
4.109604514193129256e-03
3.983148927784919024e+00
6.865280974226955379e+00
3.416903412710811327e+00
3.485467033959877448e+00
1.276230387712019132e+00
1.901340507715974626e+00
6.035825203016970814e-02
4.530850885171694816e-05
7.256062859265600485e-05
4.059930266998609122e-02
1.561715627096322244e-02
4.453444349331424091e-05
1.621069575274376726e-06
6.780268864334172537e-07
6.271724330470927003e-06
3.319600655354577163e-04
3.783383511554149354e-05
1.515911968730238382e-02
2.173576022422040399e+00
2.843106843136551820e+00
7.969858986590618866e-01
2.523423690821444132e-01
1.255764405428496433e+00
3.719250061412676889e+00
2.858886958351129159e+00
2.216397079631968303e+00
1.003006162737266616e+00
7.544020085952013455e-01
8.525383788102957119e-03
3.482434496473976098e-05
1.175495659474166966e-06
1.995007951286146524e-07
1.612865851179468314e-05
3.648567424991039452e-03
2.610976054050957829e-05
2.431726683759590640e-02
2.496586628935296481e+00
8.485188426687715335e-01
3.371745194154130987e-01
6.897341106550729517e-01
2.772131805959040296e+00
7.023595085456129095e-01
5.067259155232577417e-01
5.081561198076853358e+00
6.295845046551507451e+00
2.318505509304315204e+00
3.905963420745344611e-02
3.483225859259548012e-03
1.371571915597324985e-03
3.016075307204090406e-04
5.083436189967328878e-02
9.788397600224503226e-01
3.463926087708632491e-07
4.651793458792229130e-04
1.392497050377367707e+00
2.261356724057830725e+00
1.607659101925469791e+00
3.343551017516722901e+00
2.316747547082809167e+00
3.269618225880383644e+00
4.433599059233538142e+00
1.988924146254615666e+00
2.083224960132434411e+00
1.205323761908022107e+01
2.324734883135418428e+00
7.771369699664174568e-01
9.867701994062541004e-01
1.631500751934452653e-01
7.578303095396323741e-01
7.265648355259478330e-02
1.081430690005088634e-06
1.933052366524620758e-03
1.995778085866999563e+00
1.919746354851335823e+00
3.345421136808059526e+00
6.648205642500715662e+00
2.476157335280423588e+00
3.328050575834991420e+00
6.454565443849164197e+00
4.297857813220338663e+00
1.369050742049773728e+00
4.545091037849001481e+00
6.181718586576478991e+00
2.828117823827245747e+00
1.446903063809527268e+00
2.192922062242821379e-01
1.212822776072889665e-02
1.035778265284816239e-05
2.673271107992140661e-05
3.537060716398495591e-02
3.558196637147070795e+00
2.872457230114843885e+00
4.014196545337312294e+00
1.820692456641079815e+00
1.239508745959711611e+00
6.703874777172310617e-01
9.196365985313735836e-01
6.385266266342160435e+00
3.791565993904641552e+00
3.636469435181931775e+00
6.465069141677170172e+00
8.321972509316230671e+00
2.549346922124630321e+00
1.753991740123687748e+00
1.143343724609107714e-01
1.705733791183745060e-05
9.496607544112317521e-06
3.284555503764033293e-03
4.783062895864552133e-01
3.037029559656051703e+00
4.740005701392505877e+00
5.351906619576334290e-01
6.202070536271853118e-01
2.198747397862911068e+00
3.358190160796385548e+00
6.995872717882167358e+00
5.143508413050001060e+00
2.045146841416127348e+00
1.864574336610081540e+00
1.164887615928307696e+01
5.214777777927436908e+00
2.745567281578981778e+00
9.258604596488841931e-01
2.757421507217688340e-03
3.808609313950246935e-06
2.566646929244362565e-03
5.383938026598074078e-01
1.991819741402069299e+00
2.450066651863405109e+00
2.596096826201879648e-01
3.102441220842389602e-01
3.005687921871537771e+00
1.571990055212098891e+00
1.059679685250485948e+00
4.698822112186095801e+00
5.320977915103142664e+00
2.881805605121448011e+00
4.469021021010192385e+00
3.554732555217775314e+00
5.704334474573616864e-01
1.908090648111771676e-02
8.488827459732902142e-04
2.072712509629499671e-06
8.650513816965223202e-03
2.365232634575789028e+00
3.014216708024614277e+00
4.513988358312925442e+00
1.618448149069884767e+00
1.120482629552417508e+00
7.196886029334554902e-01
1.202161919107214150e-01
5.138459798751071617e-01
4.857887681929434542e+00
5.829156072246489906e+00
5.930509923499077907e+00
1.739893401265349748e+00
5.412846964688096563e+00
1.301084956056506314e+00
4.431092315804331227e-04
6.052218228184652227e-06
1.944044501655350137e-05
1.987226681380821133e-02
1.610832384701026410e+00
2.189956943497723518e+00
3.155562414228785251e+00
2.917440127034725439e+00
2.151590393719510885e+00
6.037723511503888529e-01
2.711512936016491349e-01
9.345781194381770351e-01
1.378724224888914662e+00
1.271558028986120581e+00
6.930010024532979429e+00
2.392118982181667963e+00
7.457857201135170477e+00
1.784384607595512984e+00
5.126072690401661423e-05
1.063059921622699761e-07
3.930813451201995920e-03
1.955416609887880297e-01
1.841893535686986105e+00
3.387888463255865457e+00
1.446151456869710250e+00
1.125786548664466258e+00
2.071596007602364509e+00
1.418087872326523335e+00
1.257293471705659194e+00
6.114093108733733573e-01
1.187910558957617768e+00
2.182915183793277869e+00
2.563234589695706500e+00
9.662344003559328875e-01
3.339124368423799449e+00
2.304337760067095342e+00
5.773862570006833665e-04
4.798292725312236302e-07
1.952082172834616793e-03
1.401301714854653158e+00
1.809819868201373794e+01
8.487904924293149023e+00
2.418486506618324317e+00
2.531807226191508775e+00
3.835254022082529524e+00
8.623170454825664910e-01
2.860719905883156722e-01
2.716536541387983006e-02
1.323317217248892452e-01
2.203008036330264652e+00
1.341161692703144448e+00
1.017394010727090237e+00
1.803023315946317595e+00
1.470760835299063318e+00
7.029173090532156443e-02
2.595808038565246712e-04
1.328415036897839438e-04
4.854403756377688062e+00
3.212743613093858244e+02
3.043954536234773656e+01
6.584961047948177715e+00
6.448781977313665870e+00
7.111693173382363398e+00
4.040406422694426070e+00
1.322326642745600189e+00
1.575966648688625904e-02
1.824201698645582306e-02
1.695653621649668041e+00
2.663579760606620717e+00
4.035640849721062295e+00
8.022807557041664595e+00
4.812836468526555223e+00
2.823746093919583533e+00
3.204218352379341328e-02
4.377094227544538543e-03
1.373928218988873518e+00
2.007726779576001164e+01
7.291990294155365149e+00
2.757721592395551369e+00
6.864932137573553028e+00
3.104156458064461610e+00
6.808195902958898982e-01
5.614865418551867604e-01
5.624152613381012966e-02
7.914233993261754474e-02
4.104147952071135030e+00
2.562276744804552919e+00
7.816376394724048327e-01
8.069482679314745610e+00
5.133360420477890429e+00
6.002329776297299357e-02
3.304126919491642876e-04
1.713839774093613502e-02
1.541203219575466021e-01
1.103298689598569249e+00
2.356810082290581754e+00
1.492608399846927503e+00
2.302744778205737752e+00
1.562054162902329346e-01
1.562049660557720231e-02
1.389217031905022881e-01
3.676600733897549822e-01
3.499230304676984593e-01
3.458681575373063311e+00
1.753374866966706858e+00
9.247782359466583113e-02
2.940566019301456002e+00
9.109018754462392398e-01
1.938057669012378321e-05
5.539225338450594297e-08
1.702869898930382147e-04
1.573594319014115159e-02
4.551181844250430375e-01
1.809580049152349268e+00
2.592866646672687292e+00
1.409232988125789010e+00
2.291677140155091996e-01
6.366213644239500369e-02
2.868095557030926335e-01
1.179645459558102960e+00
1.012161243609568162e+00
5.448878375143968000e+00
5.376026199715034259e+00
5.120330098583683043e-01
5.794560901168321010e+00
1.045796753773010346e-01
2.410443052312534865e-07
2.980301423698804546e-09
2.544557710429173668e-06
1.682752406401648911e-03
4.542857064203341122e-01
2.830846650423069821e+00
4.449831869874609325e+00
2.618267434755697121e+00
3.788853275923090180e+00
6.126531697029313772e-01
1.770239820771327688e-01
1.504106936331239153e+00
3.382321364552999476e+00
6.934718536397443067e+00
3.193253585927152916e+00
2.908096578441255353e+00
2.896381526943477613e+00
2.796504129737171530e-03
2.846501034736203792e-07
5.710636655424643971e-08
1.772242953428431340e-07
2.814558527261182947e-04
5.030794121763038085e-01
1.909880951046034836e+00
1.863971631068410462e+00
1.143744626548518939e+00
2.414732122214441112e+00
1.099409974035203241e+00
3.750032067513561773e-01
2.744169117171634475e+00
6.253389440800842358e+00
8.571882451246855439e+00
1.390189577047490799e+00
6.642941713388408331e+00
3.305985693897162569e+00
1.285496707780136617e-02
1.703038849250472877e-04
1.123728610693427413e-05
2.504069006814735895e-07
8.219112340389454893e-04
6.459887814214421153e-01
9.690964426555975786e-01
2.394619063955930383e+00
1.380183844405186822e+00
1.343127615332560199e+00
2.034521466165378545e+00
1.487640823305905746e+00
4.246863416609410358e+00
7.951359654114670938e+00
1.033438702679404209e+01
1.279513366090681004e+00
6.848932401529031821e+00
6.059356972938464203e+00
7.586086080173439772e-01
3.918678078986612828e-02
5.712707355753568342e-05
5.161353846801338476e-05
9.989459826952917787e-02
2.048510846185310985e+00
1.299192830716927372e+00
2.504442368456919699e+00
5.008866016400523868e-01
7.788055931839151791e-01
1.712533424640188873e+00
3.865082502481956173e+00
7.524280718082625441e+00
3.238631018073536261e+00
6.140831806785469027e+00
7.558056537323532886e+00
1.156811385507941914e+01
2.276788582656019244e+00
1.063840403798650414e+00
2.379162751447040994e-02
7.770890013043924255e-06
1.493681579402357431e-03
8.804959292948798533e-01
1.015830474350310153e+00
6.236856215355783828e-01
1.452358753478134812e+00
6.610728417847115956e-01
3.237171023708047990e+00
1.322668502034078042e+00
2.025457077621413582e+00
4.462763364970964375e+00
3.765561996130863509e+00
6.197746529358745704e+00
3.979590406046843665e+00
2.498918425437066659e+00
8.045934842538264853e-01
8.977713461061664901e-01
1.765177414234653588e-02
1.640995941166833425e-05
2.335884765701508423e-05
1.138805035904570245e-01
2.871171865887907959e+00
1.945132230006765273e+00
1.614864962818938876e+00
1.463482710206196691e+00
4.434948650548934168e+00
6.769283184079323279e-01
4.939387463089408570e-01
6.651525729115009833e-01
5.310410732795687316e+00
2.503389260451573506e+00
2.042396540927175763e-01
6.240620665196316974e-01
1.413848318761446732e-01
1.284566977034749639e-02
1.239695568178272736e-03
9.749550725573666960e-05
3.048977384618440634e-08
1.078440954713197125e-03
1.770550243305087257e+00
2.239239933821528084e+00
1.362850110069947496e+00
1.566826800646022200e+00
1.549417456926434955e+00
6.431146243237205740e-01
1.820635833371664125e+00
1.240495895923913627e+00
3.906205933006356990e+00
1.976478657103390546e+00
8.377866541036604886e-01
1.079624399371035270e+00
9.555352846350509671e-04
1.550693903900412587e-06
3.617455966309355305e-06
9.189805777678302561e-05
1.060264389090484644e-07
6.485600349205655063e-03
2.515853610225023740e+00
5.395519441080199874e-01
6.718582140161454275e-01
1.460298876409177327e+00
1.303723074692653805e+00
5.685874869979105073e-01
1.921250113386204994e+00
8.851632807754366006e-01
6.059833547346679672e-02
1.289538490053548578e-02
2.657528219358764807e-02
5.458441192891603372e-03
2.534428117713038756e-06
3.835464021479563018e-08
1.245272417035092958e-06
1.885140591067519140e-04
3.479664197813170207e-06
5.997040620257762522e-02
4.988362158459120010e+00
2.087457866383856775e+00
1.789913889354389775e+00
1.112836916112013713e-01
1.059255997428131674e-01
8.364477043217314334e-01
1.031573829379695217e+00
2.330901786957222804e-02
3.333920852854507891e-05
1.601215880144172232e-06
6.434067751303635433e-06
9.301806958168353377e-06
1.436478233252595871e-06
2.458700149761479097e-06
7.032454854003910173e-05
1.553030352828695462e-03
