1.206179006013709421e-05
9.802367447614035445e-02
6.750804371825040562e+00
4.293075580218821408e+00
2.750457718680683783e+00
7.686955606009236719e-02
6.140208057747720272e-02
8.337355343718875211e-01
1.514313891223095787e-01
6.298059323002927847e-05
1.181140560976703362e-07
5.861632696050553565e-08
9.626264577941417717e-08
5.968231770730030733e-07
1.349548866010146158e-05
1.049211437360763255e-04
2.888963736963288389e-04
8.097697159398647981e-04
2.525687031076305489e-02
9.267871939389625835e-01
3.110413066700635998e+00
1.039425886018078504e+00
7.756994988911360966e-01
4.755808384171265057e-01
5.489268330359331483e-01
4.810866190532302467e-01
2.544867421542295283e+00
1.090352564878832586e+00
2.832449001894711549e-02
5.624905192353574180e-04
6.888321830922060972e-06
4.277339044666742273e-06
2.539614494811403672e-05
3.545294795531651698e-05
5.512848323038865801e-05
2.681596887937190746e-04
9.404174259733725227e-01
1.071860382738714312e+00
2.948831816623884716e+00
8.471606570460756824e-01
2.550118312009743149e-01
6.534827673483550869e-01
1.902858272049730459e+00
2.011678766831064835e-01
2.831468009604337296e-02
8.467220517259639589e-02
1.845727683277707198e+00
1.974411536631966113e+00
6.552775836640112317e-02
1.624315285993211191e-02
2.269180480146443420e-03
4.782460483020589958e-05
1.551097538862686737e-05
1.186762878675274229e-04
5.206779095441436793e-03
2.880540882620820711e-02
1.855943426690681797e+00
2.395922057787038373e+00
5.602076525376170624e-01
4.783886251712180515e-01
1.205857110600065729e+00
1.536056776830929671e+00
1.026807217062451760e-01
5.578777881881475526e-02
1.079103840027867856e+00
4.076914439615407559e+00
2.911868620277530795e+00
8.795424952746141445e-01
1.549191936697509077e-02
8.486538726330055088e-05
1.244588483168271645e-05
8.202049885645072680e-05
7.293124870170054723e-04
4.765407577058049932e-02
1.096761401570020666e+00
6.101336774553148823e-01
4.689395234961928338e-01
1.382759282748185381e+00
1.070213091660443983e+00
2.199762507923737953e+00
2.083750668629753555e+00
1.651666377656089368e+00
1.188807149478092295e+00
6.197801860341317637e-01
2.367114093572381339e+00
1.026148081925822630e+00
4.900735377045645907e-02
1.234829340775226185e-03
4.395390390385920960e-05
5.760271377515898176e-05
3.329483219592007520e-02
8.414290394455251620e-01
9.597806588451680831e-02
5.197103230245639187e-03
2.942422750080270991e-03
4.856401813539244078e-02
2.632590261623206085e-01
5.327781603478169981e-01
1.301907295460926539e+00
1.084584481821490254e+00
7.794197990966639233e-01
6.868794495390527777e-01
3.251234569591683332e+00
3.170671656472033195e+00
8.500481484223895157e-01
1.215205147960134006e-02
1.788408862513194585e-05
6.020932707771822756e-06
7.722450687918046806e-03
1.592957477080550119e-02
6.831737238224232928e-03
5.762652713816669020e-02
3.038403817202540644e-02
7.427222106834949211e-02
7.664803162704773021e-01
5.689038669919336266e-01
2.177316659726636683e+00
2.636326155820731820e+00
2.638298990455793636e+00
1.791844791607258180e+00
1.355076209743294458e+00
2.164831757481997077e+00
1.986550881255237266e+00
8.059561732841051540e-03
1.545219973456434050e-06
3.633769318559340987e-07
2.856019159171801315e-05
1.292709018496160034e-05
6.778365406810526843e-04
9.193370964444377291e-01
6.096482485145722219e-01
3.776507455307591132e-01
1.425498467776823208e+00
2.689991660487300318e-01
1.281638508617814587e+00
1.643433922590335161e+00
1.171621172932576060e+00
1.103928857613276637e+00
8.368225829936883908e-01
7.061501648504144857e-01
1.958734011976820399e+00
1.159169976223633630e-01
3.563303453199145887e-05
9.340981917500065761e-07
3.547474723211388740e-06
4.033636020319419958e-06
1.197151392027845330e-03
2.474053719841833310e-01
1.401979430797485604e-01
1.732505922002829657e-01
1.035512397786836486e-01
6.277235462801850074e-02
5.391999282065655930e-01
3.108244899440076869e-01
1.007207057094379410e+00
1.962819810615798577e+00
1.122122321358178354e+00
2.557320956943338608e-01
1.170898158517336141e+00
1.738331057632230614e+00
5.444013871262437347e-03
3.816006477587333221e-05
2.836471087794255502e-07
3.501585294188026788e-06
6.616049354110516666e-03
6.324897232671840008e-01
1.062370186406581762e+00
5.435786750974079817e-01
1.429435913696547669e-02
6.455211170208816074e-02
1.988560210170050135e+00
5.396603454006048128e-01
3.040180167700151426e+00
7.157193805085126925e-01
1.543931084072457105e-01
2.859039596578733522e-01
5.988166567623890435e-01
2.810011349162884753e-01
5.324654788136384820e-02
4.470811718052221731e-03
4.470509757617446007e-10
8.410636791058055524e-08
9.155657955610171494e-04
2.371275493659264211e-01
1.142202015397651982e+00
1.990314741729156678e-01
1.698664943591752033e-02
2.790117455988367912e-01
1.417955770452206554e+00
1.329991950499726239e-01
1.115065921026703544e+00
3.149494951252710950e-01
1.255008466415027668e-01
1.357700115211837533e+00
7.461914608931113913e-01
2.083676592856102683e-01
6.959640315280374301e-01
4.378644269197611016e-02
2.614056114178739757e-10
1.314663883735697251e-05
9.585021670134033500e-02
7.982435950288288007e-01
2.722874432943481082e+00
1.198731143120112641e+00
6.432115414678281073e-01
1.012687309038979855e+00
2.702732733244266328e-01
8.723625711986465747e-02
9.388168312296575335e-01
1.336175268539324890e+00
1.085919638052495362e+00
1.479213127393507632e+00
1.304523199187270110e+00
2.943305060274472140e+00
1.574254247594354672e-01
3.543837278893259871e-05
3.774204677545063722e-06
1.177172040249992557e+00
1.144165694495251699e+02
1.868866248757267146e+00
1.325398351261919849e+00
3.596680173722783369e+00
1.625879899208054757e+00
4.088762965275152261e-01
5.526904694256803419e-01
2.123621519897862964e+00
8.955492553872935746e-01
7.047599388808881704e-01
1.149906763658563147e+00
1.758049113913014438e-01
1.073241214545983979e+00
1.649455369870431731e+00
3.159159547180614438e-05
5.272533402818899218e-10
1.201897575034989105e-02
8.336700727902173202e-01
2.443789323468319452e+00
1.264001525645860990e+00
1.945307465918547418e+00
3.090041391929914560e+00
1.741318762748930604e+00
4.572225317539129752e-01
4.636820885158385308e-01
6.768271434800342545e-01
8.780429842012450747e-02
6.382181473676264982e-01
3.358892141905427842e+00
2.087960551633641082e-01
2.758857131091553949e+00
4.698005144686248080e-01
6.055566195818809778e-07
1.656490440569191851e-10
2.088799677727582512e-03
2.628992192473382781e-06
5.379719563789374835e-06
9.097503990950726871e-02
3.573967956519756850e+00
3.445591998912325149e-01
7.262238431576379938e-01
2.018931101110740478e+00
1.039935255149344151e+00
1.853606602542158532e-01
1.242544864842239950e-02
2.308320553111869733e-01
1.499859946508065534e+00
1.630964374603612044e-01
1.786131661097091650e+00
6.960420444722736910e-01
1.359765038182989027e-04
1.291140856760993022e-06
3.848253389215942021e-06
1.459397308246437544e-10
6.337467646030086972e-10
9.494169123291668760e-04
2.101845280258002324e-01
2.573606264905102178e-03
5.776111399675038297e-03
1.062803011992247970e-01
8.808350068527995846e-01
2.627948658957334871e+00
2.120651350759452936e-01
6.724377219798687300e-01
1.827085462381271119e+00
3.773752553230143580e-01
6.964807439060822780e-01
8.802080077969327843e-02
6.129414168500059955e-04
9.268974508909416210e-05
1.699214428209835792e-07
1.878653519618820167e-09
3.669777562586625082e-07
7.166392075700812880e-02
1.774866775618509696e+00
7.332221044690374542e-03
5.895849798968471993e-03
2.281460509274112550e-02
5.675472186164264715e-02
1.371527159958731534e+00
8.707703410290695833e-01
1.033949492190736841e+00
1.189027144216006970e+00
1.753149381487651093e+00
4.120593481234538835e+00
9.816701247949895584e-03
6.181287927684293720e-06
2.325827990546236225e-06
1.068511051694495209e-06
2.329151101260388984e-05
2.488627703737187474e-02
2.909075222381622527e+00
1.094462595539527960e+00
1.041461591510732705e-02
2.411571539794060345e-02
6.072440299736459046e-01
4.798517717151306039e-01
2.202961892914858666e+00
4.354967400825611179e+00
4.180867998418105635e+00
7.004148738837741028e-01
1.308911371931755330e+00
5.808809385186282093e+00
8.303888084508522296e-03
8.101755734144972890e-06
1.344909750216125787e-06
1.587909548123613262e-04
4.912941323684145989e-02
9.034789361474507841e-01
4.798552872737808089e-02
3.453521566754141209e-02
3.483947613778569374e-02
5.766964106357348741e-02
2.337708497867427404e+00
3.574776495157044209e+00
2.587715376731511974e+00
1.891465732012912238e+00
3.313693300693915766e+00
1.530955748176275444e+00
2.677182319772048569e+00
2.156255438483020370e+00
4.270366586969382566e-02
2.097860503482987249e-02
1.179416291469519065e-03
5.561791785298346273e-03
9.436470668422964891e-01
3.068896066486601182e+00
3.847794207765322522e-02
6.933396889858788048e-02
1.373382561940157842e+00
1.667423179094373875e+00
3.000714229384144005e+00
2.838494611909038845e+00
2.280723674232418841e+00
2.612798383569203686e-01
7.075072228673719987e-01
3.500975487236174910e+00
5.354388956051458592e+00
7.236733449184566958e-01
4.455259862310791130e-02
8.309042336973814225e-01
5.688466413551899331e-02
2.511525408884880076e-04
1.088016597679199518e-02
1.026087866055208631e+00
1.711841324691926403e+00
3.616681557593994234e-01
2.288438469448969004e-01
1.692656543027457827e+00
3.532287077894361360e+00
8.765391711749511705e-01
8.769802121824777918e-01
2.797233184403424833e-01
3.930834941868570631e+00
7.819175027025186075e+00
1.207465468132798758e+00
1.539557658546830465e+00
9.032895733988863252e-02
1.005923760080873475e-02
4.820022207537192705e-04
2.544566310978220069e-07
3.453537525165370598e-06
9.546277839855714419e-04
1.889614241078927948e-01
5.617630826711376146e-01
2.556393136642061067e-02
1.012045749690692886e-01
5.930982373896634963e-01
4.844739404585778064e-02
5.043973281035734474e-02
9.351363357795951237e-02
1.569792967582061216e+00
3.306551815229607172e+00
2.493333720661737862e-01
9.511996387808554498e-01
3.684965673594135793e-02
2.360191297571710771e-05
1.499785830906379119e-06
5.644144558404017747e-08
1.158487705024296399e-05
4.891333454376770463e-04
9.220421259122993374e-03
1.893163558068063357e-01
1.089370081078488289e-02
6.394902304727660691e-03
1.635755115411382243e-01
1.449830775472598365e-01
9.564615469115187452e-01
1.640926349354842273e+00
1.140606439696188606e-01
2.991143502253191047e-02
3.301539625349217324e-03
1.473245786465737133e-03
1.173185456475912960e-04
1.095168102120000881e-06
1.062750863628159810e-06
2.489636983755031131e-05
1.030279025116381253e-01
1.751490993828236142e+00
1.200731803851883495e+00
7.873548049178248354e-01
6.125128113639380541e-03
3.740242214239965571e-03
1.921564630265204965e+00
2.811340178121299438e+00
1.734895997860367856e-01
1.758628644779043626e-02
1.396563276210725704e-04
1.070130083832845080e-05
6.746613290854888810e-06
6.726392236673588432e-06
7.133736630335299776e-06
5.841774533890743623e-06
3.076488974107717989e-05
2.561984384466722831e-02
1.865826084933362994e+00
2.240873911306150656e+00
2.802979783795164881e+00
1.211568711523762082e-01
5.181057525954096445e-05
3.824996320549343899e-05
4.643238847135815195e-02
9.809829146899873287e-03
1.356826504140427771e-06
3.224208560729834618e-08
5.269348839870987379e-08
3.095475801853865793e-07
3.285990458856165100e-06
2.252683884971221054e-05
9.090810219311078958e-05
2.335785982677453135e-04
7.548765047833494793e-04
