4.832405180603224770e-02
2.809745269417071256e+00
6.396452159366614154e+00
9.487326024754874965e+00
2.703226783246340803e-01
1.098005846562178332e-02
3.439772588027042305e-02
1.996933906995753683e+00
9.016111065635180610e-01
3.182679206647076597e-02
2.884478040380262717e-02
2.387739987027090536e-03
8.805993055231963991e-05
4.896726743268570452e-05
6.024159553424439725e-05
1.447446068191594372e-04
5.532996086316573775e-04
1.501328331851513407e-03
2.478790680971718931e-04
1.026114929756910543e+00
2.174690207947411125e+01
5.515404410634702437e+00
1.957949196019196592e+00
2.519777611277219886e+00
2.762680007234439850e-01
6.786090546716021521e-01
2.454809720244633731e+00
8.972639817291229170e-01
8.955316581538846910e-01
8.020985484544525604e-03
6.416221880304427282e-05
6.660491790600782769e-06
2.793825412597330285e-07
3.226296108848950942e-07
1.618427365594721665e-05
5.081711136840779634e-04
1.387148348699489579e-04
1.319101445939540873e-01
3.022412422378158325e+00
1.396741075416832345e+00
2.164608633354598022e-01
2.364971806346717609e-01
6.906922519532912585e-02
1.960509725585105334e-01
3.412593351220086557e+00
3.115941797255506795e+00
2.107842441295366243e+00
3.385692561916018445e-02
2.076548120882780023e-03
1.434985617361316640e-04
4.291577240485388808e-08
1.457498297481812467e-09
1.809642047242821011e-07
6.042990274244340707e-05
1.965758530939715545e-02
7.632898072324701966e-01
1.173094743239030180e+00
1.668818881944373889e+00
5.579926708334632668e-01
1.266698087967808029e+00
2.265301757250973935e+00
5.256078243336890221e-01
8.792918872414660081e-01
1.668749109518101958e+00
5.224276314052866965e+00
1.465470592473868239e+00
6.583270370071526711e-01
1.463922368897831172e-01
3.882130958681465288e-05
6.390411647836855210e-08
1.414905464401006115e-07
6.137054504916454285e-06
6.814672162101014820e-03
1.077859624458440857e+00
5.006900334563494148e+00
4.076081605138521802e+00
6.034706117917845170e-01
5.798578822803347466e-01
1.629945828252947981e+00
6.163784749049446843e-01
9.940452965772048621e-01
4.838910868757356210e-01
5.865304048308390694e-01
3.593393361325837976e+00
4.463150166394549423e+00
2.605719660926815617e+00
1.345678570878943159e-01
3.027482590788064046e-03
5.027388192030728868e-05
2.866535633203669898e-06
1.428692160951370716e-05
1.604269886944569012e-02
1.853104556140563908e+00
1.055280051266014318e+00
2.669230498519035710e-01
6.135264258783024172e-01
4.880429978348644893e-01
1.720993267502176904e-01
2.740290750704308942e-01
1.011327480717145143e-02
6.595660542893966478e-03
9.367633196342414204e-01
3.727469020363196606e+00
1.576027070051407852e+00
6.257779943641291753e-01
1.008078611857041729e+00
1.737801879970542890e-02
6.458851289314135635e-06
1.576759144692349601e-06
9.206078782221647399e-04
1.041521143063895982e+00
1.264335181570005240e+00
4.033257190476769449e-01
1.603653257823169032e+00
1.851871263373575105e-01
5.664725609972104392e-02
6.984863882738692187e-01
4.222499391743522040e-02
3.201829200861192048e-02
1.032022879206090815e+00
1.320839199679335163e+00
3.078989482439563385e+00
8.494689216840034529e-01
7.797064381310171433e-01
5.119962751159536779e-02
1.687214100855099694e-05
2.041083805910456493e-06
2.368813650152034716e-05
2.297194828763848840e-02
3.203781684637187488e-01
6.065820881918933954e-02
2.314916746593420963e-02
1.066665049911553250e-03
1.744430759175410409e-03
9.255455284346773004e-01
1.307508043328274638e+00
7.172760514843410373e-01
8.496216853440952121e-01
1.882443986023749627e-01
3.455111735715415744e+00
1.397590917523398923e+00
1.566381621066637378e-02
2.499963218989226070e-04
3.570131341202886838e-06
3.161615753388051849e-06
1.166516376211272545e-06
8.386032312112905044e-04
8.640008941534320641e-01
8.389208201969707845e-01
9.291072591041989182e-02
1.002148345692259988e-02
6.343748579418324700e-03
2.871088754654983477e-01
1.264575397013177005e+00
9.450839036115188385e-01
4.869490715587331264e-01
1.770841213767324340e-01
2.355130782942207013e+00
1.704778124981483733e+00
8.704977960411260530e-04
4.018943372432598325e-07
1.287602565704333309e-07
1.624292364082320056e-06
1.744710112759581077e-07
4.913765406213150281e-05
3.906548579601023391e-02
3.297375908344562373e-02
4.077186594446624568e-02
7.126674557328338544e-01
1.092614996107657888e+00
7.399430211779349786e-01
6.395372837869347515e-01
1.086773663437980764e+00
1.612853657244038841e+00
8.381848485451488528e-01
5.827096773417346220e-01
2.330093981442867612e+00
1.514133437077803783e-02
5.022163110884070706e-07
5.552255123142984852e-08
1.618054152536866145e-07
6.903971086482032980e-08
1.139169137660777894e-05
6.902088674993801809e-05
2.405233835611962974e-06
1.216398580890301346e-04
3.508942461938846513e-01
2.981957283380181511e+00
9.028406544304647952e-01
3.971753144323089679e-02
1.017500362511681786e-02
1.373906208070100610e-01
4.654772654391197695e-01
2.942754495125829775e-02
1.748401803888394168e-01
1.104846515525749057e-01
1.792100702241246384e-05
3.959865135260621380e-07
1.634362889536290205e-07
2.390770149896416231e-05
4.857126671367664045e-02
7.870774240515944487e-03
1.794032127457259669e-05
1.132090011865733749e-03
4.701919949526170983e-01
3.304001489461456109e-01
7.993593568042052233e-01
1.282197086894147631e-01
3.621057361355786448e-03
1.646845331120590575e-02
2.300564772442507677e-01
1.800030854000024549e-01
9.642795024555061989e-01
8.657667502510958402e-01
7.912680014309406802e-04
5.879922854613897633e-06
2.241566047973077837e-06
2.654706765596795068e-02
3.794266829881537006e+01
1.803124726653564602e+00
4.418686839053972276e-02
2.875602148517443224e-01
6.313964499431500010e-02
5.768030948817315677e-04
1.280931888810426383e-02
9.294809180910739155e-01
1.962772543989608431e+00
1.955674867808722794e+00
9.933137397790189338e-01
1.630953886651340889e+00
4.879905441282486933e+00
2.136055347767728652e+00
1.117153198218604794e-02
5.053578572640765322e-05
7.603221053382035927e-06
2.628743293447221782e-02
2.861338169210049909e+00
5.833647072273890899e-01
6.690705875933464775e-01
1.774756606658439484e+00
3.743584556197906282e-02
2.354587960995876950e-05
2.299898361049829338e-06
1.201273348450239111e-04
1.198922759126771209e-01
1.785876441361662126e+00
1.355330909336231460e-01
2.677088766844155643e-01
1.398098792450961581e+00
7.860165226272181060e-01
2.042693415912955751e-02
1.574083781884335264e-04
3.629020754435166997e-06
2.915090158007117762e-04
5.017021459717239257e-02
5.390406446874406177e-01
2.386561555817575953e-01
1.622676759081536080e-01
9.552662436001616575e-01
3.128906430513838863e-03
9.463766604766999142e-08
4.090421516848701532e-08
9.559070451029835032e-04
2.020551021442890394e-01
2.237022721559749072e-02
5.018413773136914946e-01
4.719468337267216818e+00
7.362421886040747265e-02
4.919113990542859673e-04
3.161651739634290903e-05
1.309949204278902500e-05
4.301536069670839610e-05
4.831098028045382672e-03
1.275414491660370908e+00
8.699563166273528436e-01
1.016679646124113018e-01
1.832422111163480638e+00
5.970365727040230497e-02
3.093989221419716379e-06
5.235331270033533416e-07
3.914914622785078957e-03
6.170681035941411041e-01
6.544405476582960957e-02
1.556642765055411548e+00
2.191898499605883455e+00
9.723308732872690870e-04
5.184058091385871541e-06
5.435536011126439323e-06
3.753506976523059775e-04
1.741658851201692343e-03
4.122824658244052254e-02
8.780082192903694294e-01
7.784286210828647024e-01
6.453250256334405743e-02
1.202071233304160582e-02
1.707652299104324683e-03
5.682951678536888674e-04
7.271279792129785443e-04
1.449114168994796933e-02
3.161062678203943044e-01
1.258895699709176585e-01
1.238865637580725654e+00
1.900234692431072459e+00
9.501371406918267953e-03
1.813190219493857394e-04
6.536638384414078203e-05
8.206236832997245345e-05
1.871654660859597454e-03
7.407707607148295015e-01
1.383851705744431060e+00
1.080553154987885095e-01
3.697278704895164136e-02
1.385507952926848339e-03
3.882545081054468092e-04
4.254257403152172240e-02
8.420482696496907060e-01
3.260630733785742641e-01
3.405371930677893455e-01
1.475285095432553040e-01
5.087837100928740419e-01
4.267356728612054617e+00
8.830913789809070602e-01
1.618233895902005531e-02
4.938072453760753312e-04
1.011539515327376217e-05
1.295939979923882240e-04
4.275974978663887316e-01
2.260280559877934969e+00
2.488251229806116294e-01
6.915462847460380758e-01
8.387443552286945325e-02
9.909401208923664800e-03
6.376184016572770952e-02
1.734425151041304014e+00
2.119928856453169086e+00
1.240046047144237606e+00
1.092569355751842552e+00
1.486963825734842315e+00
1.776823526795997976e+00
6.211834390220774549e-02
3.579327830216668619e-04
3.726478206186077463e-05
1.219872221765431206e-03
1.504601527544518688e-02
7.046150416705676545e-01
4.443946218012415628e-01
1.626989308658108035e-01
7.934640804979921080e-01
4.840028512824083307e-01
3.287585799483946913e-01
4.027422359558804343e-01
1.370967649195018012e+00
1.507617677309570414e+00
3.202217921440732695e+00
5.676882329719155962e+00
1.479668930963771167e+00
1.322590591014508876e-01
4.280683223835372191e-04
2.440913035011412666e-06
3.902141676567675835e-06
1.370852670517255963e-02
8.333090760353456528e-01
2.406624987921197167e+00
4.137669944918719311e-01
2.052341491930643469e-01
6.473649495819200350e-01
1.211193956351434009e+00
1.163295420671202507e+00
1.965987774158707069e+00
2.181961900848995661e+00
8.542640138891924861e-01
3.543530756036346041e+00
3.307489934922630326e+00
1.729396801467731670e+00
8.862198502497795616e-01
2.458577404985087551e-03
9.200092835830235189e-06
1.682185189051401983e-05
1.709448553543140925e-03
2.605962882244408085e-01
1.455733460132781598e+00
7.848014408623105176e-01
3.943205784768993860e-01
8.291414092841039585e-01
1.282580085511362711e+00
9.020445915365260525e-02
7.101757008612311073e-02
4.732392678485828896e-01
1.643228963219256933e+00
1.066248892645673019e+00
1.454466083740466563e-02
9.964363058425424607e-03
6.421471733351018230e-02
1.504023759867384241e-03
3.465490613412829291e-05
9.467451732600846949e-05
1.429912562625782532e-03
7.093616341567543504e-01
4.560355689384780753e+00
1.280729771844632880e+00
5.020806789453683416e-01
4.405010786595683347e-01
4.104495802444287356e-01
1.674715073165821411e-01
7.158445832840806267e-01
3.931897199101350271e+00
3.017942089681699080e+00
1.700497453008455173e-02
2.000700677063218710e-06
1.575866228983159735e-07
1.508171006902875375e-06
2.535723077390564234e-06
7.531543884795286184e-06
1.351399045767738864e-04
1.526527403234489814e-03
3.229714663925114859e+00
1.554470726274796988e+01
1.531872202759982038e+00
6.733629813320671786e-01
3.021445980654089425e-01
7.567111016148688751e-01
4.939786604448550555e+00
2.076035735994906872e+00
3.916010663418108967e-02
1.153317072530674666e-03
1.528976497002420006e-05
6.140110256537116692e-08
1.457030336172232291e-08
1.015411415756307046e-07
1.035098053878953042e-06
1.659155438104698672e-05
2.743448007929346092e-04
8.716442986536227303e-03
4.909374809859189170e+00
1.413351360158908143e+01
5.902281715990033817e+00
1.967903713584559400e+00
3.486584355723613970e-02
1.577904629646570758e-02
2.263300667904295446e-02
9.862881947789192173e-05
1.621594264576429545e-07
6.770400396332209356e-08
5.604920109247023716e-07
2.197571655462098955e-06
7.520502265461570587e-06
2.960630525927299904e-05
9.764165024645436025e-05
3.167423206457632614e-04
1.020456209420072310e-03
