9.891369777734032587e-01
1.820428105559508625e+00
2.350231195915680527e+00
1.779677417323938693e+00
1.013553922327696144e+00
4.619280113636244078e-02
5.996849020949480708e-04
1.317578569741123182e-02
9.750760881443230055e-01
2.185921617185499280e-03
1.019499623232839986e-06
1.897751162561935993e-07
1.264206555257416555e-06
4.575762136977489067e-05
3.363465231970327982e-04
2.550050132709580516e-04
2.717515039680548769e-04
8.595529021271064961e-04
2.037686876660594303e-03
3.877882035504854885e-01
2.268393052492570394e+00
3.349784331728167808e-01
1.078216451924194130e+00
8.639899494434977179e-01
7.617374620355500149e-03
2.791082814293474601e-02
1.931693942190644497e+00
7.574320875405476938e-02
2.043698038273701796e-04
7.281041054850547174e-07
1.944954423657516696e-07
5.899845389272273701e-05
1.083111773055926881e-03
9.372798154301269951e-05
3.558371030480348150e-05
2.409982164169484071e-04
1.227702926448537291e-02
1.629842146384912427e+00
1.714277515408913821e+00
8.637462943344373922e-01
8.642686150804878009e-01
2.384307515756094870e-02
4.303279065650546763e-03
1.084182726226649573e-01
9.006404761874083897e-01
2.049963108241173781e+00
1.962921349837076557e+00
3.634218030341306548e-03
1.045761787667181674e-04
1.049963765405426130e-02
1.026462640821119293e-02
3.012124477074064826e-05
4.273428327542441148e-06
7.066194502602238183e-05
2.686953004500297875e-03
1.144587912013233177e+00
2.587536843959961086e+00
1.773093330607836027e+00
2.284589639544281625e-01
2.298751950458680863e-03
6.236409259490279661e-02
1.872247524862892920e+00
3.652425604487240240e-02
3.808175922989358309e-02
2.816096516617713874e+00
3.002778945782914821e+00
1.251379660190514276e+00
7.726711193982561676e-01
1.199986797743884427e-02
4.381000680447399916e-05
6.221723692791766636e-06
6.279764847826974170e-05
8.925523052726563376e-06
2.826011773859268481e-02
1.120587362794002617e+00
6.630477073022802426e-01
1.289710154014194421e+00
5.936939624469457222e-01
2.481829243372091653e+00
2.165525682605617952e+00
5.315823262738556682e-02
3.547362818632977810e-02
2.314319841580806392e-01
2.074548058921680038e+00
3.521558239650936173e+00
2.936706767465849244e-01
7.468039880040470979e-02
1.106422564952410162e-02
3.552071116804858390e-04
2.259914694921219493e-04
1.199927335302043196e-05
5.015393782188188286e-03
1.681103359678581377e+00
6.991999579870673553e-01
1.381613611428651689e+00
2.543102192361602842e+00
3.500848467289199850e-01
1.992013659873180242e-01
6.234109905479249258e-01
1.097604151112917092e+00
4.644112137754402014e-01
2.888781528972029777e-01
8.423123241087211721e-02
1.172106776629981140e-01
6.476463823431160005e-01
1.498910563153815940e-02
6.753879079201322814e-05
7.552586221881330713e-05
4.148910070784008440e-03
4.577151726524200832e-03
3.477868834382534802e-01
1.753955079354296842e-02
1.200856922767846221e-03
1.270231761999838539e-02
6.210821242076290660e-02
3.727229358882330201e-01
7.876480084796810832e-01
5.041938939279744236e-01
1.961712709605328619e+00
1.396469291892799003e+00
1.772297248166757877e-01
1.808426348299363662e+00
3.116193829873031285e-01
7.299450378016564941e-06
2.714997754806021204e-08
2.194845758767199994e-06
9.341552022888783835e-01
8.768168870768262846e-02
7.033557573141234753e-01
1.046446488631237737e-02
5.116008338783878569e-04
4.960461285731095071e-02
1.113663643708719286e+00
1.335333795929343870e+00
4.934963873207576790e-01
3.191798161658574995e-01
2.371150874392065067e+00
1.068520676707086059e+00
2.751119553393576167e-01
4.667233036985630967e+00
1.055041154891988242e+00
4.087134002424250198e-05
5.037983336012306691e-08
1.409604327423358233e-06
1.696190269142454354e-02
2.677157683966718219e-03
4.144047491135968014e-02
6.222310951299168252e-02
5.738019147270510129e-02
7.785422067208799257e-01
7.123169905054136386e-01
3.456094648650753082e-02
1.197708986275865597e-02
3.582465352934231101e-02
1.616925276052101068e-01
2.770986597990451883e-01
7.403439654118908475e-01
4.783584707080562048e-01
6.634946614290736511e-01
1.965250650640979965e-02
9.000944376181650995e-06
3.471202487215559009e-06
7.727015162571324393e-07
1.842037904851431023e-07
1.586860472665730390e-05
2.356034935008793213e-02
8.074736610702776263e-01
4.568419801575579475e-01
2.070684591728027824e-01
3.247993689208726609e-02
2.127791977142013194e-02
1.442967879909698159e-01
6.981185502118218977e-01
1.190013360586735125e+00
2.362095733543750242e+00
1.304478497325139708e-01
2.044231987314144294e-01
3.798848401612989895e-02
5.581458210810888011e-06
6.722856386098141699e-07
2.419125529061320571e-08
7.941988330698452315e-07
5.590415381365813874e-05
2.050857024588171804e-02
2.953686394458581610e+00
8.658050583873097006e-01
3.482338292237347477e-01
4.501407919961701865e-01
3.217168817425293814e-01
4.262562916454945561e-01
1.532911671967981393e+00
1.417207856023845913e+00
3.642721000603472703e-01
6.627833279479465600e-02
5.950880983579498462e-01
2.007791493998491508e-02
7.003996273742848229e-07
1.571248992715936798e-07
8.536874340933664822e-08
2.067256621494670613e-02
9.918666239055646816e-01
8.597179200233562302e-02
1.795404115523661304e+00
6.000219409037280682e-01
3.339778480438945762e-02
1.251709664266376365e-01
2.658613616188499895e-01
6.675845149314801885e-02
1.355286816355071866e-01
1.796352809411707163e+00
5.536614983470495854e-01
2.289125008580418855e-02
2.879587472118330660e-01
3.612805882001584451e-02
4.421255082389967014e-06
8.870127893657620140e-07
1.041902025000815222e-08
8.974262619143433262e-02
5.854672932624514203e+01
5.266228723028253400e-01
1.778966219606962218e+00
2.442693613826532939e+00
3.172112268550736358e-01
5.466074852991676947e-01
9.336403297933528744e-01
5.993248661368441033e-01
3.310235307542341299e-01
8.043317898050958981e-01
4.467330985704966451e-01
2.770451749857862425e-02
7.303703143447559665e-01
1.002663509370489647e+00
3.643964130218115883e-04
1.500892755577181017e-05
6.504909445595910361e-09
5.699376294497852241e-04
1.375981628134109513e+00
4.184756751151580412e-01
3.723596445254037657e-01
1.305703396807256222e+00
2.801939462957026450e+00
1.230364231682723020e+00
4.151149288343436439e-01
1.085157521800554914e+00
1.637317324982731970e+00
5.121450034304716459e-01
4.035821719837626165e-01
1.965963850830391713e-01
2.103519974936534531e+00
9.416475068257248449e-01
4.028267013546774685e-04
1.634127224027924117e-05
2.670393415700080167e-06
1.792872719966842263e-03
6.598899654291101591e-01
7.068027760632290546e-01
2.423428050346430329e-01
4.470962588940229354e-01
5.055730259220529987e-01
4.029832011720438367e-01
8.934345195910434745e-01
8.840948211323564898e-01
4.704897254038299947e-01
7.868302408108136803e-02
3.072611303027100033e-02
4.730790077425511830e-02
7.490326197101485617e-01
2.306961234785565307e-01
1.830302484718522116e-04
1.192320204355731077e-05
2.771094663535731488e-05
9.055939997326353276e-04
1.609219055311096325e-01
5.574024845555735075e-01
4.713271409359201525e-01
6.636530015470432087e-01
1.682240846423771752e-01
1.575127362560863609e-01
4.493263691690780326e-01
4.072541261882627328e-01
4.240443388915685063e-01
5.415937248042110297e-02
2.295311251514563916e-03
6.525641529904355198e-03
1.289724794258008789e+00
6.610071162435945391e-01
2.751949916392058978e-04
7.610782264712647863e-06
6.174766015648436556e-07
7.704630031893252238e-07
1.412204705851233656e-04
3.544584560092878950e-02
1.153488288320692501e+00
8.528237957452624585e-01
3.005451165648354017e-01
4.348510573854731387e-01
7.239839977103297575e-02
1.608454096434397407e-01
2.900269605115525451e+00
7.255271446329870644e-01
8.381009714623752563e-03
6.663621839046675668e-03
6.272131024243757791e-01
3.856507448618155531e-01
3.100127700630167971e-04
4.734054642886439164e-06
3.239028767333765697e-07
8.238834219565500307e-07
2.467049507693727317e-05
6.144613473491888217e-03
7.370006433952808189e-01
2.762979880615886591e-02
2.803992543907208278e-03
4.785859612842664756e-02
1.408018286404213171e-01
1.037230689120632432e+00
1.802965765715566659e+00
3.538286692342290096e-01
3.259832145819802768e-02
2.501903375348435779e-02
2.780122781987218183e-01
7.059851949607145460e-01
2.179746889338737489e-02
2.100529553369912786e-04
2.553742706061653323e-06
3.270236424023215994e-03
3.890060278935809218e-02
3.609563784359216820e-02
2.263162679961003565e-01
1.525189025664659562e-03
9.614196491247141636e-05
4.056963915502193388e-03
9.527110602575858400e-02
1.355938356449314597e+00
1.707873831550535293e+00
1.590438050460189379e+00
9.124839981935606303e-01
2.923874694097263305e+00
9.925169562782477639e-01
3.055558842488314761e-02
5.433480912942003326e-03
9.092703903275725641e-04
8.782253369130302791e-07
5.180678149848241126e-02
1.678458489406693399e+00
2.150806362434140584e-01
6.292933838137744207e-01
8.626842681399700397e-02
9.881242280926554045e-02
7.252484989379369695e-01
2.666864281262230074e-01
2.528994865447468099e-01
8.628724993159020418e-01
2.578456543779934051e+00
7.483502237686400216e-01
4.616177972148047814e+00
1.068809382473083214e-01
3.774152623735665045e-06
2.779506871103721266e-07
1.061573822971368321e-05
6.954461903179487604e-06
3.275967450418072746e-02
2.246310929675027490e-01
2.343442968227822665e-02
1.392396136750801219e-02
4.391720032155301684e-02
9.014901043154374127e-01
2.056978059761299438e+00
9.614217003061241718e-01
6.271583503729747378e-01
2.772021632051710482e-01
1.161012670319735651e+00
7.496502825281895488e-01
1.042196679034973927e+00
6.830028296669858612e-02
4.307934176662694190e-06
3.794364100182970387e-08
1.599880971189911383e-06
1.367630978576885731e-02
1.003391502455418527e+00
6.491804554430632423e-01
1.108677468414769746e-01
4.318346276988935077e-03
1.514520596475741818e-02
9.049088762995242952e-02
9.213168086522475694e-03
3.445947914701999459e-02
1.118280673697952921e+00
9.534782636151361013e-01
2.867110120493042036e+00
9.585273434357025613e-01
1.672215235982074111e-01
8.271036103490821967e-01
1.660805839454581462e-02
1.873431949123776047e-05
1.221459622329971528e-05
4.993841319868494444e-02
6.743534194659571712e-01
8.710644267852437617e-01
2.217497290187309122e+00
4.827971803272085860e-01
1.730091310884682043e+00
9.096581816348816574e-01
3.466049569401590674e-02
4.458099849759455252e-02
1.867868894510991362e+00
3.085270753766912399e+00
6.160292363410269090e-02
1.608466340114772411e-04
2.973944487527354640e-05
8.336850215084373739e-03
2.081992224055232224e-02
1.222010184625149415e-04
3.910100615298383383e-05
2.295620984867120535e-03
1.901585755425009572e-01
1.476561824774871079e+00
1.435258179519799615e+00
8.811847107790051759e-01
1.863873535103658829e+00
4.590112107181151258e-01
1.602063026113814681e+00
1.209286604013559696e+00
9.386868733754830663e-01
9.558980178570277708e-01
9.572891246570300891e-04
2.000053060011605359e-07
6.670497875439410560e-08
1.167608077086909839e-05
1.012114848609995662e-04
2.689736790343121378e-05
7.399965522274195618e-05
1.022116950678306734e-02
8.804471759670604580e-01
8.291991736701469051e+00
2.640478812326779057e+00
2.341993383628393932e+00
2.679818931189660081e+00
1.922690174044992817e-01
8.740770265865639432e-01
6.484692810783208861e-02
1.547887776167542959e-03
8.114720279491692556e-03
7.417192875105002754e-04
4.410715752143138762e-06
1.868157738071333483e-06
1.766289314489204049e-05
5.916911437034835851e-05
9.558573107719501184e-05
4.836103742929066590e-04
