4.752406865476634839e-05
2.349977289774327256e-04
2.333300378354852267e-02
8.818465840174910531e-01
2.846336672093330300e-02
3.431767165604739296e-06
2.296386648798035613e-08
8.862827335142470763e-08
2.594641239048431114e-06
3.608711065387765747e-05
1.110901286685996687e-04
1.393823365444314981e-04
1.387722863717400206e-04
1.436091494276451979e-04
1.633827559002649639e-04
1.873362366353231224e-04
2.388034612925770501e-04
4.191072580128251323e-04
1.349825657666419126e-04
3.608077719040946475e-03
4.111200408733702710e-02
1.227462899524497525e-01
5.637604948536237282e-02
2.722339983576693560e-04
5.039900456622808270e-07
1.089638952979291370e-08
8.032384024555753521e-09
5.837846663694303251e-08
6.424650345497660928e-07
7.469701608580936423e-06
2.442092608538489506e-05
2.750662417163874236e-05
4.060847351161166982e-05
7.223960535287187162e-05
1.175194544310018049e-04
2.404056029604159845e-04
4.255312325143118700e-05
2.006451480655243799e-02
1.714473397277742395e+00
1.254847976547151855e+00
4.566249493454562769e-01
1.729252233144451534e-01
6.120361433529712507e-03
1.140439150347283223e-05
1.094448530120423413e-07
1.602809998649002808e-08
1.256040938742136365e-07
3.031692318866911203e-05
2.001917657575947663e-04
3.574654500228317101e-05
2.116699427282578463e-05
4.575745840646022722e-05
8.914270232805174895e-05
1.881186260415248037e-04
7.268845974992903757e-06
5.209246993301523340e-03
1.362928699569019519e+00
1.515608742333940162e+00
8.400189690117999541e-01
1.922346971555792372e+00
1.676531101936838519e+00
1.865381672863987983e-01
7.145582047822622747e-03
6.746826570025031989e-05
1.057750512974418221e-04
2.519041242703668262e-02
1.228488840878609080e-02
6.776501406829902869e-05
1.258202874408188189e-05
3.562089897309625528e-05
8.356559553214215868e-05
1.737556458820114407e-04
2.594139973949708926e-05
1.378526589131781784e-02
1.645333593909352299e+00
2.534660078729552790e+00
3.030169928850892536e+00
2.056489487686481432e+00
1.345342122391465223e+00
1.938010237502473920e+00
7.151331470462272133e-01
6.527828661891384165e-02
1.462388382163050671e-01
7.839390038721975040e-01
5.847164539240911653e-03
8.782375397687278704e-06
3.680355790627737265e-06
2.645951931677469789e-05
8.548864111403960207e-05
1.790684418613616279e-04
2.258022035833499367e-05
6.585748828083475698e-03
1.048125006039316798e+00
1.927986636001480347e+00
1.559782922861219889e+00
1.192870578315134988e+00
1.593520216638253606e+00
1.144024493490966243e+00
1.806579956836054102e-01
1.671769948171156761e-01
5.508466097069263379e-01
4.073485637532539005e-01
3.255263561347663225e-03
9.733426625447784999e-06
4.318073339344283485e-06
3.188076782885643115e-05
1.072373805322702215e-04
2.139935613278814975e-04
1.491370943379707564e-05
3.805192148472928172e-03
1.276120658172792854e+00
3.510746269253452567e+00
1.954026996248380055e+00
6.213248443356729211e-01
4.079865492275570604e-01
1.567920410933239639e+00
3.313073070277329002e+00
2.418605506475526745e+00
7.233197754662950008e-01
4.625064600825833372e-01
2.310198751520948363e-02
8.521469733781494816e-05
1.277842351262825373e-05
5.175625674143971003e-05
1.573197666578484007e-04
2.896987955871951534e-04
9.268922217033245104e-06
4.575701683599675725e-03
1.427864393938992116e+00
1.950126426085688092e+00
7.321093073507549676e-01
1.879454463600068181e-01
5.181449402838539386e-02
1.593211674680231338e-01
7.980344861338130036e-01
1.302352666362412315e+00
1.656696135363063371e+00
2.747805158071963683e-01
7.174940635969686729e-04
2.899065268672929261e-06
2.211343827173931611e-06
2.917035494708149261e-05
1.691719202146259858e-04
3.765255331872900593e-04
1.878546949182939893e-06
2.540368270082063798e-03
7.218642105152499600e-01
7.581551326839931493e-01
4.826610125049805577e-01
9.139803009344715790e-01
7.469130214045629490e-01
3.509534932393263557e-02
1.032971270742469609e-03
3.955026066203954152e-03
1.951303382711828460e+00
1.003196137677499156e+00
1.768996448942248016e-04
4.020762075259752364e-07
3.073536353606400136e-07
5.643797395507156788e-06
8.528589344996525049e-05
3.618716759848799886e-04
9.385331118932497055e-06
2.059170028508507458e-02
1.234941477200500071e+00
1.344831655101384360e+00
1.460619752999370080e+00
1.083187402664363974e+00
1.065084530324842405e+00
8.167503790617297588e-02
2.425664301301271811e-03
4.418418580565880438e-03
1.128899145670772208e+00
1.843079250177301009e+00
2.058964345093916223e-02
1.542382772023675693e-04
1.617719537581123071e-06
1.390824120037590395e-06
2.424378400786164763e-05
2.210429865619809150e-04
1.119301756222291014e-04
9.456497701005034395e-02
3.097311029172894470e-01
3.111378897996341930e-01
1.720940745780040970e+00
6.886280198646148598e-01
5.031909247990795642e-01
3.812965125669442457e-01
4.151395662716907964e-01
4.718400525393557920e-01
5.647737309047853316e-01
3.272430706867505701e-01
9.044255252615285290e-01
4.937671722553812342e-02
1.652971536727486457e-05
1.143735658304137895e-06
1.121223830894406611e-05
9.472237675544771377e-05
2.338292181682980232e-05
8.050815478493295041e-01
2.114056245774837084e+00
1.429926478893087105e-01
1.783565482716838346e+00
2.078962230813781176e+00
1.246335328549442290e+00
9.820810473311578637e-01
1.216949260593770621e+00
1.002543166076112380e+00
7.344056343306272217e-01
1.405364004341375317e+00
1.702963426526289847e+00
7.100755943334430796e-03
9.871218325573956212e-06
1.057060180680295256e-05
4.457102502920985568e-05
4.263055625320239108e-05
3.813567782794036746e-09
2.339053203999747477e-01
1.945623536407803726e+02
1.476620434257439163e+00
3.502319721368133632e+00
2.480405946060080691e+00
5.049748618573922654e-01
1.113358392863597723e+00
1.888402965592635319e+00
6.808572902856401265e-01
8.408815390466028994e-01
4.020182696447193393e+00
4.895526715646897342e-01
5.790061655020717563e-04
9.945370737009108888e-05
6.235130847404984911e-03
2.290531716185736314e-03
3.260516596888411370e-05
4.151197956856966245e-13
1.818328915935509251e-05
4.873138586377637971e+00
1.117049187325671600e+00
2.890526620486006060e+00
2.079214339636520581e+00
6.926258267520715717e-02
1.215885723318265305e-01
7.954864954214418971e-01
7.134644590884361426e-01
7.206097109152839186e-01
3.249433771868178944e+00
2.500491940452801209e+00
2.912803793718505424e-02
2.236000571443568299e-02
9.316197046957482852e-01
2.521312043560029401e-02
3.101858361802742721e-05
5.815748458181274728e-12
8.002253843713002249e-07
2.890451680492645559e-01
1.740238659639822494e+00
1.406517619748084424e+00
5.796994694752757304e-01
4.891915159639687039e-02
4.601684995617467272e-02
8.327954138018912877e-02
3.363392924123007055e-01
2.187538699946430132e+00
6.050113366527989811e+00
1.158505757531692160e+00
2.920559632110559731e-03
4.691312756312381754e-04
9.384024152882291386e-03
1.262468749128492843e-03
1.949408296468814892e-05
3.001571668922307699e-08
1.273567701946962604e-04
6.853000074742846559e-01
2.127491206380481170e+00
6.679335500016208016e-01
2.525726104131497673e-01
3.250912480886098965e-01
5.089483398678329440e-01
1.721619087963033312e-01
5.237604030924595255e-01
2.978145380559279243e+00
2.627720839473511205e+00
6.971163130762397797e-02
4.392833282558758929e-05
2.856436430718846469e-06
2.241295201342611841e-05
1.927097535891619530e-05
1.125831470475434323e-05
2.295464989035818622e-07
9.040287476107167946e-04
3.298538834856922786e-01
8.244260002475450877e-01
1.521540332674173879e+00
7.211205515442205005e-01
5.876691486111159657e-01
1.396699197444826401e+00
3.082230957820865758e+00
3.383582647331030646e+00
1.896237843286473934e+00
3.614490381795688378e+00
1.818968238054267106e+00
4.321754491784379759e-02
3.912297250320772267e-03
3.720651681218276941e-04
1.135433862004908448e-05
8.531455040672343345e-06
2.452891080235892737e-07
4.204433682116139222e-03
1.543559283779514901e+00
1.623805393747695724e+00
7.815821229749634336e-01
6.391376959746333242e-01
1.325217521064862680e+00
1.797363086597572268e+00
3.723406598902222253e+00
2.481583231327667338e+00
1.386070932230321073e+00
2.608153296810535315e-01
1.511718019572224660e-02
4.993291462840223488e-02
9.193523142648917235e-01
2.571299639172047388e-02
3.151963952978875314e-05
8.444578075931929989e-06
1.181464521266359114e-04
1.883047864578057118e-01
3.158535359053302294e+00
2.401842580552747020e+00
4.238334389167428551e-01
4.797122296648894668e-01
3.222674126528951799e+00
1.643709452133202742e+00
7.987402478486643753e-01
1.162352678621116686e+00
1.031578727285235475e+00
4.401936308651720783e-04
3.677472829523005423e-08
9.464503289453053723e-07
5.013166818754536715e-03
4.435385463626121023e-03
3.096531621675757120e-05
1.532966840366888815e-05
2.383065731031608347e-02
1.608594721923189974e+00
1.130359203633439336e+00
2.557927781150646229e+00
2.237644949024264029e+00
1.951128529980812765e+00
3.432346501722835619e+00
1.660080962874071808e+00
1.004333895651839059e+00
1.908622673134572789e+00
9.830500467211450433e-01
1.113971188742367388e-04
4.410110156879397936e-09
2.538121742002532521e-08
3.150702336298790373e-05
1.537939660015421272e-04
2.827417607815266594e-05
4.728756418263224242e-05
7.864681423816341499e-03
1.286607247240788343e+00
1.952705344973809432e+00
2.393935054967945231e+00
9.321805411206763869e-01
6.702858874199745243e-01
1.936347907703086513e+00
2.094347039957514589e+00
9.498959389982863932e-02
6.794824115009954341e-03
6.813638038662436433e-03
2.220347182903905682e-04
1.713041093142267482e-06
2.064615019400607255e-06
2.991634922897349119e-05
6.106669376977191116e-05
4.853501920280025417e-05
1.149855734124047957e-04
1.342160981497636692e-02
7.853347571906706959e-01
1.121193422960488767e-01
1.858201398232099955e-01
6.096924851430398640e-01
9.450380778150885286e-02
1.091373402271765269e-01
8.504221532240736625e-01
7.574638374690847650e-03
9.403048473724394841e-06
7.972032981449617123e-06
4.455739252088285613e-05
5.062151640379617122e-05
6.365121947771691592e-05
9.046243659801796785e-05
7.650348336875800650e-05
7.397657515898774954e-05
1.537005025438677619e-04
1.889973525415698449e-02
1.370840054232413431e-02
1.645759305123193126e-05
9.613931944713798115e-05
3.639872878527747324e-02
2.364848759388625890e-03
2.337744527031039685e-04
1.452147154079718935e-02
3.871800470614682969e-03
8.848820211026698935e-06
2.512739780861380397e-06
2.194607858665843753e-05
9.452594330453206826e-05
1.376992746544296222e-04
1.084875622187880383e-04
7.340897708439916088e-05
7.709967498673092536e-05
1.605852013971280140e-04
4.627862103758524507e-04
4.091549615015384962e-05
6.537645899511164048e-08
2.245633763714883331e-07
5.794606192191683030e-05
1.244271444172305239e-05
1.835819865030926679e-06
9.800691632567105839e-05
5.315297038295644944e-04
4.968139657778246175e-05
2.022440312192757441e-05
5.316648346272323007e-05
1.185735857112695153e-04
1.349247920260386374e-04
9.815728223736987072e-05
7.402327610634563796e-05
9.278281698167971608e-05
2.084413953630599367e-04
9.130205263920660678e-05
1.868618530853018882e-05
9.710992891862898308e-07
1.109261766534675064e-06
9.586172059950410124e-06
6.766774094796254590e-06
4.629813852161139522e-06
3.868186339652283993e-05
1.750350508179753233e-04
1.452417878640910526e-04
1.292466995684609559e-04
1.706328007714670277e-04
2.051086822130870630e-04
1.956248933674515039e-04
1.575948989136210794e-04
1.427219445164460982e-04
1.953001945969878059e-04
4.017912630452404044e-04
