5.469603115869156601e-05
1.416126143690498580e-05
8.413725929280087482e-06
7.713151622594002354e-06
6.823267400310798276e-06
8.910910405360112713e-06
1.603158068918339332e-05
2.415660817414745350e-05
3.622273732302376228e-05
3.292066698842735593e-05
1.384255011683034823e-05
1.171003789888720237e-05
3.088679842642884225e-05
7.551535268697700599e-05
1.051126528938982124e-04
1.172425248170039691e-04
1.357729654273409766e-04
1.938893500125123950e-04
1.425373516262973244e-05
1.594455239859504837e-05
5.505100866641834381e-05
3.436153936968857297e-05
2.747939998292491509e-06
6.077341379421562047e-07
1.425065797008012973e-06
2.085516340581502183e-05
1.993840638250323448e-03
2.157283256773124408e-02
9.124076714295745443e-04
1.882322044083336530e-05
1.149265176533142741e-05
3.171075619082380499e-05
5.254456952371035455e-05
5.750908023950485417e-05
6.836377174793687372e-05
1.136252251871724815e-04
5.156960671204757597e-06
2.604129327502530795e-04
2.267512773667514775e-02
1.384279022542579327e-02
1.292754450910244327e-04
2.915393667347815097e-06
1.331252651551002708e-06
8.446142940053799115e-06
6.299979680200344656e-03
9.328074441765258351e-01
1.561045079321608971e-02
3.102392850485636601e-05
7.872622676519038399e-06
2.462625784464504691e-05
4.461218424366325991e-05
4.465695722173403375e-05
4.980009809159690861e-05
8.615115174879669731e-05
2.169794069709531911e-06
3.249687190045961842e-03
9.539443274885220925e-01
8.906816810530412409e-01
5.753603820178616185e-02
3.819288363486381295e-03
4.483934438858084822e-04
3.584761003477602133e-05
6.764460814735019168e-04
2.157184009668624766e-02
3.037534949448958627e-04
3.191428138271462048e-06
4.801106965821178363e-06
2.966700015582540790e-05
5.782528271808252252e-05
5.221157805099231158e-05
5.090369281417760647e-05
8.126330084772888818e-05
6.002106743542781354e-06
3.943507950108783577e-02
2.983981985433142192e+00
2.302239993667819284e+00
1.783284843452840329e+00
1.079633671012054430e+00
9.308133812141951013e-01
5.519107407791539605e-02
1.921552694692095845e-02
1.103670785660823246e-03
9.978124814518656732e-07
1.491973918545726503e-07
2.788480701082404706e-06
2.972146261451481315e-05
6.417808460565011691e-05
6.482257218023134706e-05
6.228547324395603067e-05
9.098767809456360131e-05
8.897275144169190564e-06
1.593826065584562010e-02
8.177077647181240083e-01
1.933132749988057952e+00
1.840647330190795072e+00
3.693115983017923321e-01
5.853280259740833991e-01
1.294992754365107190e+00
1.784743672696869954e+00
5.600003974970608686e-03
2.453258517600972476e-06
9.744257683570805283e-07
4.783383113891601133e-06
1.039874409373474584e-05
2.240733058030829980e-05
4.537590742186710347e-05
7.013365829667670586e-05
1.151731650010439864e-04
2.439249188482099285e-07
3.497880790764029295e-05
3.250683632523889560e-02
1.403055146780335605e+00
1.750127060425663794e+00
1.397607137434844493e-01
8.224874000236514007e-03
2.394625689734176943e-02
8.747207590804795263e-01
2.272007686923370184e-01
1.070127425137942789e-02
7.723281670366594293e-04
1.495075149659262521e-05
1.475443992441931192e-06
2.167353701215471491e-06
1.148704757608926805e-05
5.333915603273880476e-05
1.455288874006836633e-04
5.109161701562805451e-08
1.031972507168037038e-05
8.803583599668779458e-02
1.495421463877702362e+00
1.228048824711466702e+00
7.561211941327521391e-01
3.798104723921853776e-02
1.048864385046225367e-01
1.059662791333909837e+00
8.733447769694253626e-01
7.876481148058935844e-01
1.380093512504706674e-02
1.125330350954512184e-04
7.818692774614205228e-06
1.066054322568544345e-06
2.125734066081786480e-06
2.569726122371712780e-05
1.575655898413183932e-04
1.476859485821000120e-06
1.345151058036140072e-03
9.960319634746152007e-01
9.923730983772344194e-01
1.637937091525443645e+00
1.629805647895685938e+00
2.457950116950731179e-01
2.713730621839218760e+00
9.593130580585254030e-01
9.966952181590914284e-02
2.612741313282529454e-01
3.064790540087929810e-02
4.046758405670515535e-02
1.033373507843957095e-02
9.518342747688154286e-06
6.868631625746807590e-07
1.077824311119001045e-05
1.439430645755055609e-04
9.726788566762657468e-06
2.011944967732402431e-02
1.888907559662409641e+00
1.424070834035736866e+00
4.829203702584450753e+00
1.426934524441287877e+00
1.785879694161182363e-01
8.494065503717813659e-01
1.992176777651586961e-01
7.007546934114713966e-02
4.926399490815316362e-01
2.004463211180940174e-01
6.892690300271654413e-01
5.039253175174734922e-02
5.210691760384314631e-06
2.119186605205806433e-07
6.127493996285827055e-06
1.294916868651207402e-04
8.908956162747161798e-07
4.336551028007687436e-03
9.801594795728122422e-01
1.653286572487264516e+00
2.177821455286184094e+00
6.940090481818516066e-01
5.200274958946748960e-01
1.424463551853466292e+00
6.893746129971639602e-01
6.335244192540713526e-02
7.755937296866323438e-02
2.306780842978632950e-01
1.315903160539193817e-01
5.450914356049968868e-04
3.601250308612471726e-07
1.802964227044999711e-07
8.333527744034761994e-06
1.371928700580298107e-04
4.621748621335649958e-07
2.094688391205753661e-02
3.087672886395035121e+00
2.237502945924072062e+00
4.768173789518944439e+00
1.622235391743152899e+00
9.931088952905547940e-01
1.105988001673652743e+00
1.764738413725477795e+00
2.368184703043691441e-01
8.904942268963056407e-02
1.478056138810928122e+00
1.029670107890860997e+00
1.739932340360084541e-03
3.877418625389655104e-06
2.459468257954174849e-06
2.845458806034081192e-05
1.684579553721802148e-04
2.834144925125633956e-06
3.020653832121391158e+00
1.157357948143342128e+02
4.177371398566709360e+00
7.719504947908078840e+00
3.683399004252929210e+00
8.987365308679741149e-01
2.849006259080391623e-02
7.532429604376977839e-02
3.903834835094736722e+00
1.768996080803041604e+00
1.623389438914840666e+00
8.387321432868373172e-01
4.010845382153265491e-03
3.388451307656002785e-05
2.049787795213069754e-05
7.289642968602207541e-05
1.913704628676101045e-04
2.212893022978779302e-07
5.751552957195193300e-02
4.940887279868523940e+00
1.164201021990271645e+00
3.120895809045088232e+00
1.462213991582040906e+00
8.918201379127876915e-01
7.162270988407060286e-03
5.794990118980383569e-03
2.094864759491248840e+00
9.819200339126481492e-01
6.604235188603984064e-01
1.179196281599309143e-01
6.313833542783099586e-05
1.351401367278832738e-06
8.327001076389969043e-06
7.144065425739959353e-05
1.871141044639019905e-04
8.779459454761079994e-09
2.078138253448767769e-05
1.623241263271198338e-03
1.791836609782361187e-02
1.298899188290299156e+00
1.246635225828325755e+00
1.604261790014042344e+00
2.887639344616397263e-01
5.828482528291357989e-02
5.574028463537031852e-01
6.191043680216889999e-01
1.824587756630268620e+00
2.680025963536443456e-02
1.007495814467185414e-06
6.097421340107393102e-08
3.132375398785311539e-06
6.323144578343583200e-05
1.803692508975909727e-04
4.559520380420992689e-08
1.272157119004971239e-04
1.080442414928221850e-02
4.294333174012641974e-02
2.836386641990308988e+00
1.569248782436875489e+00
4.853561750242393891e-01
1.528461094309723878e+00
1.333943824465689265e-01
9.706024115332614888e-02
6.365147305491044571e-01
9.769519376999377669e-02
3.633365250340946432e-05
2.991195978421906865e-08
8.480915470026039310e-08
8.004619178116686718e-06
8.738134033948562055e-05
1.770185318419783670e-04
9.032512979640102468e-07
1.125176074768502281e-02
1.891933670257378353e+00
9.574711321764479699e-01
2.223965118791673135e+00
1.034636820613999308e+00
2.121236399667158490e-01
8.768234088894915068e-01
2.065136673360082609e-01
6.540827965686955847e-02
4.436117228414041685e-02
4.651670462385631901e-05
1.102950420719445560e-08
4.879160942668725761e-09
6.896283979332621954e-07
3.810077566881748395e-05
1.262180382876112712e-04
1.660750519547674043e-04
2.002170861012925564e-04
1.051446465308818051e-01
1.915852750812428340e+00
1.223555413066735209e+00
6.974647353326106636e-01
2.142364984113230175e+00
5.634794493714339048e-01
2.694485056843479720e-01
6.753819689983575625e-01
8.645781577480520230e-01
1.084361359038558126e-01
2.856603063533987369e-05
1.399218192624655721e-08
3.911932001614818405e-08
6.007407138312149984e-06
9.342007212882619672e-05
1.341106139432694073e-04
1.464126544480761152e-04
4.171717035828398368e-02
7.276740740476016489e-01
2.393867958929581707e+00
2.560521535968267592e+00
3.121770024718937830e-01
9.413724695894808425e-01
1.615750137123830865e-01
4.157652910053259709e-02
1.389030009297625434e-01
1.801360081347949116e-01
8.243932506002144001e-01
1.926804183008086827e-02
9.646563621481944975e-06
1.728250813271197310e-06
2.341459234285023198e-05
1.052413969950295194e-04
1.079957502225240359e-04
1.230228967790068502e-04
4.221251660738759362e-03
3.621882003446726811e-02
8.886556827296657746e-01
3.948201878112386876e+00
2.940208683070341111e-01
5.355024608190808166e-01
3.247638417065051852e-01
1.702853465972868241e+00
9.396869858761232042e-01
4.133484861709199425e-03
1.022192421489899299e-02
1.450145448379565327e-02
9.564503488739928110e-05
1.005394516622908614e-05
3.464836059145788149e-05
7.942317842017243697e-05
7.900661117765717166e-05
1.050968950216103309e-04
1.730363122511594572e-03
4.504771047533444317e-02
1.224739608136056646e+00
1.839256574882915940e+00
5.419103490451056965e-02
1.120055233416263757e-02
3.453042676047104499e-03
4.777920762051771075e-02
3.253323861647365589e-02
3.688540128465707065e-05
9.171807006807995114e-06
4.034952408474635398e-05
1.532158005305170071e-05
1.313507313957621354e-05
3.774191636777413902e-05
6.013636598051472811e-05
6.357291198777175324e-05
1.006761955588544795e-04
1.992930802604122101e-02
1.840933895583525715e+00
1.864298972176702485e+00
2.344851360714960906e-02
5.851845562598148755e-05
1.126871669883345036e-06
6.723675151103487427e-08
1.523381718629433583e-07
7.007868345004260268e-07
2.524547585446256832e-07
5.657662352849676823e-07
4.336704040453928092e-06
1.163476409854167754e-05
2.516381176647533802e-05
4.701613905779162688e-05
5.344746911218473118e-05
5.987107519291002075e-05
1.074586126602187678e-04
2.711091857697728378e-04
7.438791100802527589e-02
1.757660247597171432e-01
5.730207468516349380e-04
6.930017389056663973e-07
2.648374809258517438e-08
5.853288674688058765e-09
6.694789828160212246e-09
4.509600679656984525e-08
4.285148413544971072e-07
4.147443835432195353e-06
2.085035954749737795e-05
4.181724536610176133e-05
5.556939317663267948e-05
5.783333794687031714e-05
5.355961888458692262e-05
6.356760059804914150e-05
1.202458896444370286e-04
4.411904431951781846e-06
6.011603628679410526e-03
8.194572788862046764e-01
1.291693267533691215e-02
1.315498437528800815e-05
1.131289603058606372e-06
1.453965603502924992e-06
2.334009399772712917e-06
5.860950522621663066e-06
2.212474378128557505e-05
6.677827636864845586e-05
1.082349534731469879e-04
1.092918120305379524e-04
9.195977445883686888e-05
7.440756599893048461e-05
6.750760953808863886e-05
8.372542915221378138e-05
1.536678787758489280e-04
6.530236808243315584e-06
8.639619445528181263e-04
5.476265892190898543e-02
4.946704803931169583e-03
6.739766571337120688e-05
3.327716416990114353e-05
1.103361479204441179e-04
2.108383750331851742e-04
2.481566123224135043e-04
2.766543499515065592e-04
2.816730968280562321e-04
2.473756050655534695e-04
2.002420589484690155e-04
1.596046779842525732e-04
1.330474752477156270e-04
1.275875752659387226e-04
1.561199331437399321e-04
2.512125881021221832e-04
