8.417852846924362212e-03
9.487991312256427445e-01
4.941269132478863568e+00
2.095069306174566659e+00
4.992807845774090758e+00
2.796000490073016209e+00
1.105497671363942502e-01
1.550470267313765194e-01
7.564398858434890904e-01
8.951719593864528035e-02
4.058022775286321778e-06
1.231976068550175712e-09
1.401909484495471306e-07
6.714507054602549137e-05
1.293920858605344455e-05
8.930307211088469283e-07
5.280728401898635156e-06
2.006371872641144903e-04
3.071375569021615303e-03
1.073542857819257956e-01
1.151941778528526195e+00
1.672769307201634970e+00
3.186824311662908582e-01
5.564475547506018277e-02
1.211043582249146794e-01
1.339841568430540697e+00
2.777241750092904304e+00
7.236698994028659682e-01
6.297707093112982918e-05
3.356079114273750045e-08
3.894113730727472039e-05
4.318481878734417578e-02
7.715489632749046589e-04
1.232714275856703391e-06
6.454446157742936223e-07
2.837501457540804822e-05
1.255453883880581177e-02
7.783442959040599574e-01
1.957535788678621103e+00
1.199727173899311605e+00
7.168100534959247483e-01
6.807903669956474335e-01
3.837287368265948073e-01
1.594533818551193971e-01
6.353783428602591821e-01
4.737751893687008220e+00
3.393206657886117528e-01
8.908258467866195934e-03
6.429466532633978937e-02
7.052168090002469691e-01
1.008247401666566706e-01
3.910164198524632866e-04
4.929801560743867246e-06
1.431533686857361694e-05
1.216179315378693008e-04
1.430905409300008424e-01
2.142636449627792317e+00
7.496920052446858218e-01
5.149878777641390126e-01
1.150501923653351799e+00
4.931762508655298527e-01
8.104575109882219963e-02
2.127924079735516727e-01
5.199213217665206166e-01
2.461398584872706685e+00
3.017316624384175583e+00
6.863880811093978629e-01
6.948706022216919465e-01
1.738844077895347562e+00
3.813999451216863734e-02
4.844215797754438432e-05
1.459253570351340961e-05
5.163617020229761188e-07
1.961734248110659756e-03
6.618161019363384412e-01
1.420861251698375405e+00
9.706752563557009550e-01
6.904557047557275951e-01
5.788282291176414240e-01
8.240613314484047658e-01
1.873804579514822821e+00
1.905684131919682389e-01
6.538684269080341505e-02
2.289078547322967172e-01
1.314637494289774944e+00
1.309549971085922193e+00
9.174704340931032209e-02
5.957083076371383346e-04
5.818424787426696532e-06
9.887730054841851828e-06
3.498951879780704141e-08
1.575026068234203878e-05
6.132637312963384879e-02
1.185661526471684768e+00
5.076301862531902298e-01
5.752918952633575556e-01
1.279368056087069494e+00
4.848747705615802372e-01
6.504932904281702788e-01
1.340193707047449889e+00
3.938541756253285953e-01
3.662646845630162518e-01
3.257762668507074189e+00
1.769657956213237737e+00
1.911174941173980624e-02
6.843847177210564544e-05
3.256807836804402139e-06
1.790159266317089314e-05
2.201440092097109800e-07
3.120152040445750460e-05
1.920566586051532521e-01
1.282560659053718410e+00
2.377058595558517728e-02
8.776616152556660985e-03
2.589719172875703732e-02
4.987193514844775327e-03
2.192193292238949973e-02
3.093693663655372017e+00
2.007118009876902143e+00
3.153949619907829849e-01
7.514617214707116633e-01
3.403925026194355663e+00
1.903333667096394732e+00
8.641506918838099544e-03
5.161616426674302526e-05
6.008595632356431579e-05
8.988488640987056175e-05
7.733748394679866404e-03
8.018211408869438950e-01
6.845774465304871326e-01
2.436471483313423780e-02
1.364625053731826016e-03
9.367956070190957196e-04
1.259221390561060311e-03
1.333766560162934732e-02
6.372510766519128289e-01
3.352695705004462567e-01
3.427482016199220327e-01
7.642728253562848240e-01
2.137028230192822842e-01
6.685176546322720015e-02
1.631063977908903681e-03
2.866103820335838673e-05
4.323676618498053647e-05
3.044315760658729275e-04
3.166013557008941649e-03
3.890928394050652273e-02
5.577431057792715530e-01
8.133520249146721781e-01
2.453009455120706492e-02
4.581577248199392854e-02
9.360189632246107561e-01
1.077878700246664545e+00
1.473948439670130561e+00
5.197692881126209086e-01
8.360651083006741535e-01
9.063831600867617855e-01
3.270977692549559973e-02
1.245895023921260968e-02
2.515997958325080601e-03
5.212620507325463760e-05
3.187692188068957488e-05
1.847115842425409106e-06
5.450763257296782123e-06
1.251694041848700530e-03
4.434213283902906366e-01
7.840452813145130928e-02
2.848564007331345536e-04
1.221374033181731912e-02
9.101899898710512637e-01
6.025522293079679098e-02
1.848916509776948602e-01
7.619832761740290561e-01
5.817433896474333288e-02
1.060485302240637105e-02
4.926198855323037085e-02
3.862032916422318163e+00
1.017036311689934358e+00
6.693549039458833580e-04
2.679836205457270326e-05
2.863306763730425818e-08
1.065939072498943801e-06
3.690246831543207446e-03
5.497702840277269853e-01
4.014440311263926288e-03
4.144565372015837241e-06
1.904843667462008871e-04
1.277301004994259347e-03
3.236776314224453741e-05
3.923683752426281729e-03
9.518863908107176863e-01
1.739819769986551690e-01
1.308351945835515076e-02
6.695211978227485518e-03
2.780548534759322635e-02
7.664418256847805276e-03
3.358932220473123854e-05
3.339125648526321927e-06
2.418533929373345022e-08
1.271679631546687294e-04
8.081317573842949908e-02
2.188250599846654210e-01
5.537433486945445016e-02
6.699098023932458998e-03
6.078491016749091452e-02
1.098082647844922030e-02
6.646677840527254926e-04
7.033799562735301714e-02
9.290735822349414086e-01
8.281376255736216940e-01
8.960138507302720656e-01
2.483690877113563407e-03
9.114288414875714998e-06
2.270256979822322287e-05
1.185018310891679605e-05
1.137714399092997399e-06
1.383884459538362127e-07
7.200950975656196518e-02
9.671375406599896252e+00
3.240264424491680617e-01
5.151051656386108624e-01
1.330354083149103639e+00
1.604828017344548829e+00
7.567363050084995046e-02
4.103426835911155868e-02
1.625829238630005502e+00
4.640502446134413539e-01
6.355032324447930370e-02
1.027020359612287104e+00
1.007551303009978916e-01
1.066517598127535897e-03
2.890151772200136304e-02
1.041652668718307841e-02
5.316054547480239084e-06
1.949174748142855383e-07
2.546701954580586277e-02
2.012023275889275098e+00
1.325251275043086603e-02
5.253346043980791982e-03
6.547616753184110072e-02
1.688374522263366984e-01
3.684160758387444029e-02
5.571199446877894701e-02
3.437539790741309664e-01
3.728186884680488311e-01
2.917394692539189774e-02
9.098220817818389317e-02
6.917213213517554582e-01
1.947246950458667025e-01
1.722936541206363970e+00
5.397731955345088511e-02
2.878156940415960837e-06
3.850500124640012744e-07
4.032552192164966812e-05
1.300576267688153609e-04
2.135748449415985962e-06
1.273833491202949632e-05
5.614004239657714723e-02
1.649964995163458292e+00
3.263764039309496323e-01
3.999159620891787892e-01
2.042329594295785589e-01
3.124275144704604656e-01
1.936834073755082028e-02
9.665651523415590314e-04
1.599601915496939170e-02
1.035238959006359871e-01
1.428545108324550950e-01
1.413405912122375633e-03
9.879634216501863904e-07
1.038830239883153705e-05
4.718439752022811230e-06
3.711634900471500398e-07
9.575020076894565284e-09
3.063008048124131636e-07
4.534996894787817097e-03
3.742373158368065417e-02
4.349660291059011079e-03
1.458242606193738133e-01
1.164945003545332369e+00
1.498068997664615321e+00
1.005382138596501163e-01
2.568171073028036478e-03
5.074951461715871553e-02
1.850524224765620618e+00
9.125815267686390175e-01
6.297087517457215788e-03
3.049386172498952255e-05
1.922252942309444557e-04
1.713302220799524581e-05
2.662137875912568689e-07
3.928680988641231962e-09
1.030978954978332757e-08
2.798606650523028831e-06
4.759512313073344759e-05
6.597583245457056119e-04
2.100169543178187215e-01
1.366102836622156369e+00
8.564222526894473830e-01
4.700875135742016431e-01
2.946147216450712425e-01
8.260963303694682791e-01
1.200680107240111316e-01
4.236978115946123981e-03
7.180970666653384033e-04
2.574350178124879527e-04
3.565190166497133662e-04
6.869510159557202145e-05
7.637773862262014615e-06
1.024922919264656234e-06
4.284527728810968523e-07
9.538332946365426623e-07
1.619705225396187687e-05
7.048384337736550084e-03
1.541106985603439616e+00
1.860492458337889454e+00
1.063596412871369301e+00
8.047661150139161501e-01
4.525417185934945685e-01
1.850748084645096048e-01
4.508453854898950073e-04
9.478645193194437588e-07
1.498687891561683384e-06
4.862288537511892590e-05
1.786638393774638500e-04
1.470411174241494415e-04
9.935140092287928892e-04
4.497016440088170974e-02
2.991765751081878338e-02
1.071553539013792982e-04
2.261409723217356992e-06
1.571190844481855570e-04
3.413334913491358202e-01
1.450559060447357940e+00
5.505030527265453166e-01
1.243223338485284879e+00
7.018493579301120500e-01
7.059524066309185164e-01
6.366554691220693840e-02
1.172387001980358824e-04
6.104751506652619019e-06
4.393320292056405383e-05
1.815836342119527295e-04
1.162580334984529101e-04
9.078343115531300241e-04
8.524192054530510543e-01
9.390543505357973331e-01
2.705240787236935394e-04
1.006427696274158413e-06
1.746050188377591380e-04
9.450711943429307427e-01
5.035644575683466406e-02
9.426230174197264321e-04
3.176108316542945453e-01
3.607281191031864953e+00
1.137173210918474231e+00
8.839679314150199474e-01
1.349825997241368807e-02
1.423070262371825025e-04
1.304285851613505326e-04
4.989706683662984733e-03
5.775692154834992723e-03
3.497815386778655149e-03
2.605499501798924089e-01
3.054045991500882809e-02
9.094402283259879656e-05
3.174798830506425781e-05
1.007362568398391216e-02
9.159666543584304987e-01
1.241911275270409388e-03
2.089802777632058768e-04
8.685219690929670833e-01
3.030280890759957213e+00
1.688600319186837062e-01
1.916843613663824983e-02
1.402020735855826654e-04
9.336336471865608094e-06
6.704429719486452001e-05
6.109672854890217664e-02
7.893619592179682565e-01
2.964798191905212987e-01
1.442024494910865151e+00
1.053249498430681302e-01
1.276265348068376937e-02
6.626403778031129434e-03
1.541776716001649027e-02
5.385401665971174118e-02
3.938839706758649403e-03
1.210048800030075339e-01
4.841265567974659234e+00
2.559255969228899641e-01
6.804244222635791317e-01
5.546892137478268148e-02
5.393769870624008433e-06
3.382529658506422177e-07
2.260761039441620699e-05
6.885903599356382526e-04
1.530902979397164888e-02
8.231204651033391037e-03
5.408523453621385396e-02
3.643752171906487480e-01
6.669752367903722945e-01
3.894302468351269059e-02
2.549414547709710419e-02
9.159055350713568577e-01
1.091705552308185334e+00
2.833906228101023661e+00
6.011879035360896684e-02
2.366304598729817253e-04
2.366946359625958854e-02
1.977256373876828260e-02
3.233451481047129877e-06
3.828781724744749660e-07
3.192972171376525333e-05
3.404156890663919305e-06
5.130612014197755925e-04
3.033867350004146313e-03
3.684567247253642958e-02
7.072483026144129603e-01
1.987946162733820188e-01
1.457271970298743349e-02
1.117729878792686343e-01
2.803460253904998201e+00
1.104988428247841298e-01
1.558481817766963103e-03
8.359449226249666785e-06
1.537705271240917155e-07
7.101212269310113390e-06
4.642284661830907888e-05
2.583488751949612743e-06
4.346777198246158061e-06
1.357587703587366643e-04
7.935912838000095602e-06
5.626573658429935565e-02
3.829698638190733639e+00
2.225102643019622128e+00
7.942381201705331906e-01
2.751198234237932638e-01
1.690014321225713267e+00
1.127907689719416240e+00
3.836508051991840713e-03
2.516983588158747919e-06
9.624454994215030467e-08
8.961249372116267040e-08
1.310253275571559507e-07
1.481821918082363194e-06
1.133445825749259132e-05
2.278061105987528535e-05
1.019518667452480159e-04
6.550751808414752297e-04
