1.177519881082237166e-02
1.963052617916418052e+00
9.573831252254519919e-01
2.973367795946247369e-04
9.539784891278429951e-08
4.919893348790549415e-08
3.331856499449572314e-05
2.798668650224321597e-02
1.417421623761104706e-02
1.225081163518330010e-05
2.292897648696820008e-08
3.704989282931635770e-09
8.307392298468940821e-08
7.455109440268073578e-06
8.953491916332093645e-05
2.902052715278583342e-04
6.237585344096064927e-04
1.251230303614404979e-03
1.425989606504826570e-04
7.665584880504090239e-03
1.144979864412497106e+00
6.873027928074595949e-02
1.211811342768026801e-05
1.562155255450340578e-06
1.535972257924988474e-03
9.379685700916006175e-01
1.926470093572432374e+00
6.338773822340611208e-02
1.557289566989948160e-04
4.872558728617534183e-07
3.879508506774321120e-07
2.451461340962600534e-06
2.078870126138289524e-06
5.344106323577141532e-06
6.582816173319176083e-05
5.652293422837193718e-04
3.114133806468845009e-02
3.647729543319985085e-02
2.712076182432731297e+00
2.796906551129580087e+00
1.391418734265093167e-02
2.804451496255007479e-03
7.943076383207983704e-02
4.379826418395594417e-02
2.194445173274206518e-02
9.947811807849326060e-01
3.911234109837632200e+00
1.013424903063400301e-01
8.098798618106041111e-03
4.149693672345141238e-04
1.655996235124650116e-06
3.147368546581454414e-07
8.088341576105524387e-06
3.095807245901252059e-04
1.917171430872818938e+00
2.935697388176766953e+00
6.561236224357120506e+00
2.018091609919030027e+00
1.336726686646494189e+00
7.839677961252741190e-01
1.826345068078127243e+00
5.958526723673829295e-02
2.983891975127107334e-03
4.088557986361089636e-02
1.844722186352300675e+00
6.138240576714537156e+00
2.686848020928422898e+00
1.286863181378779253e-01
1.548818708639922983e-04
1.538712983376432202e-06
6.054730903143454983e-06
2.323942095656585257e-04
1.085931513927641242e-04
2.495978426713291454e-01
8.936190891503496658e+00
6.330782272401028754e-01
3.694323797901994499e+00
3.107205760815868967e+00
3.622518912988443862e+00
2.321422602749188879e+00
6.897287588063127917e-01
1.949758392304699883e-01
2.413042992045700552e-01
1.685880715992333689e+00
2.612832155822335523e+00
1.694215875980906283e+00
3.990022547744820347e-02
1.468026574918072230e-04
2.873979207278535512e-05
2.486344686440514814e-04
7.747571433687876521e-10
1.336550620326029790e-04
5.344805791435823794e-01
1.272073869027692539e-01
5.805319698403801354e-01
5.977851289204801910e-01
6.776576524725227424e-01
1.201517750983972510e+00
1.924331306167233135e+00
1.824543103797368060e+00
7.974766788204525891e-01
1.191408504491912712e+00
1.436828781994071491e+00
4.247160720864352257e+00
9.860679101060376706e-01
2.598958439076220431e-03
5.069927979793874159e-05
1.237146282830619171e-04
2.795317956284372343e-09
1.852540450644722127e-04
1.524285518346037982e+00
1.776822720845059322e+00
6.706688467826044109e-01
9.598368056401875015e-02
5.138537921018225818e-01
1.868072964741143371e+00
9.681647345190719234e-01
2.574309378517280145e+00
7.806377017831642728e-01
2.082539615885917184e-01
2.487078011081505502e-01
4.994155303905929877e+00
3.913898318371380025e+00
2.895798191428086265e-03
1.209024573866005338e-05
1.961735671520904625e-05
9.217589224999651912e-07
4.573302172306038804e-03
4.228356236332261320e-01
1.566583136723179170e-01
1.581989925725489354e-01
6.202617099751128044e-02
5.895407699371231214e-01
1.690807363853631839e+00
4.906790042782018246e-01
3.804351015418625526e+00
2.769130578567318146e+00
3.632654022000045835e-01
1.077139994804967998e-01
3.744405987860300655e+00
9.154518774004960946e+00
1.452662699796226572e-02
6.690640533002174329e-05
2.272106555043836983e-05
2.547720044252157103e-06
2.140173076349192322e-02
5.508224371916267126e-01
1.182586809482977924e-01
7.540216606325091941e-01
1.035374764332730457e+00
3.762387571617350490e-01
1.046517653409695381e-01
5.039033388463363961e-02
5.431073555186054502e-01
1.902404978413737568e+00
1.075615802431507229e+00
1.813273450721412661e-01
2.177259817715259338e+00
1.386506988502356919e+01
9.898674615316322978e-01
1.602721033359484626e-02
2.354321666926936568e-04
1.106780701921650531e-06
1.389814555041260329e-02
2.199972077936368287e+00
2.047255688274212115e+00
2.049395095023737845e+00
1.800122841345412450e+00
9.442298576441405800e-01
7.771963536821321350e-01
9.657989770678199193e-01
5.086119052016060404e-01
1.325195894134749697e-01
6.522442203127521987e-01
1.355145977969091753e+00
2.283975516037699105e+00
1.049483749515407460e+01
4.784471140971700898e+00
2.036525981009304140e-02
4.873589222138196105e-05
1.845685868468797106e-04
8.485575669143927136e-02
1.867515317708278832e+00
1.760990730767229895e+00
3.124088306744143839e-01
6.931673481434190431e-02
3.637992797040413839e-02
2.848190252478139187e-02
1.415166183758847507e-01
3.082401295396324792e-01
3.188467218242658358e-02
2.355551197950544462e-01
1.678434103949875134e+00
5.751558123265739786e-01
8.726031976593555228e+00
6.142333005017365011e+00
7.901929769181303747e-04
1.111701159124482454e-06
1.832175397973109798e-01
3.302169544171124738e+00
3.392345248895076537e+01
9.530655248680394820e+00
3.045305143254076974e+00
7.254436389682326070e-01
1.465986481768509209e-01
7.672274548040067081e-03
5.055219948850146576e-03
5.283337794905992313e-01
1.136692599167547835e+00
9.122693603308739130e-01
8.523892486825459525e-01
1.344034422234513249e-01
5.589171640598861401e+00
2.010852196350396071e+01
3.039047474965261581e-03
3.710563772498561448e-06
6.682746758664359632e-01
2.171577802550752168e+00
9.532739798404362830e+01
1.225991305413416121e+01
1.484450888059218432e+00
4.206373091075041870e-01
2.800247525469837573e+00
9.032773813737428048e-01
2.192083621245081299e-02
4.316269231271083195e-01
1.721432897380659188e+00
1.021926602728733258e+00
1.441871758302498918e+00
4.304471246749846380e-01
6.915414187083812614e+00
1.865486461054233658e+01
1.110358700823929103e-02
2.871366063669404268e-05
1.471771812070467034e-01
1.329591098085587175e+00
1.004522000144315008e+01
1.239787354648000495e+00
3.275898002805768816e-02
1.799558089221672136e-04
8.060515547538005254e-04
2.759480134576433943e-02
8.840142001818973583e-02
7.146745754957843921e-01
1.598287128985921290e-01
2.394099740699149048e-01
1.256438720839384127e+00
7.335575033517895971e-01
1.491984346206312928e+01
6.397297184612992460e+00
1.089992285572480941e-03
7.278659607958316969e-06
2.764605871509091838e-04
1.735579226665350527e-01
1.601026259247890549e+00
1.373546805468669030e+00
1.439929281609220735e-01
5.558044770399156871e-05
2.326930667515181614e-06
8.706974388124259052e-05
2.897579233044370386e-02
8.697087845772980552e-01
1.477668557544904171e-01
5.572343894657605379e-01
1.780908842531000014e+00
5.014732320710997282e-01
8.878570638424262640e+00
2.683598244879453087e+00
5.244556692570247506e-04
5.848115530391126116e-06
2.647963511635807302e-08
4.282463775973627257e-05
1.889508571273289250e-02
8.971817309645361282e-01
6.758741577990715621e-01
2.065735775209491618e-03
2.084010331491344646e-04
1.663579918413977130e-03
9.880840702812778570e-03
3.462519721168628301e-02
1.464669389549537737e-01
1.142559504928097880e+00
1.425343875633877211e+00
1.229722952091404142e+00
1.031189522748807619e+01
3.240853898553926360e+00
4.731697008724600889e-03
5.922339816870382387e-05
3.848003543752343962e-08
2.960149198281523043e-06
1.232749182094853299e-03
2.038045558476144492e-01
2.495620475387007875e-01
2.434690566255681005e-02
8.568267534369534977e-02
8.247436304472556268e-01
1.490394998091852108e-01
1.947157755053799746e-02
5.104621914562266216e-01
1.316547196586594914e+00
1.519768244214902975e-01
1.179581435736346995e+00
7.427934218468941197e+00
8.230182586888388219e-01
1.070728364375609851e-02
4.458959798779111509e-04
9.061761004401684087e-04
2.133447548681792136e-02
1.122972746971118430e-01
5.833363100374487908e-01
7.755370528935966457e-01
1.209733320941654311e+00
6.588619713446157711e-01
3.912844676854252413e-01
5.626768470881050588e-01
1.924560480520026984e-01
2.441179659932070756e+00
2.537918902922063680e+00
1.512722398311360517e-01
2.408346693152703999e+00
3.913158279015896301e+00
3.470746015252296895e-02
8.180002880431448253e-04
2.789592653679837824e-04
2.979576088048402696e-02
8.762715403414212956e-01
1.788265867167675882e+00
6.296402894245720638e-01
1.214647550222131417e-01
7.003313068976291245e-01
2.048073583413480558e-01
3.245889193755110980e-02
9.656232702147647950e-01
3.142117007251102656e+00
1.621360195159292861e+00
1.083716508498336895e+00
1.249133438392135309e+00
8.402040640699748764e+00
2.051790050953265165e+00
5.465953223117228643e-03
4.692504423860009683e-05
3.096682246526328853e-05
5.579978746475285209e-04
1.949429315732716106e-02
1.512541680614444051e+00
2.067032462442945029e+00
7.776755188380334027e-02
3.444488413000575955e-01
7.496021885944922358e-01
9.248084607536014579e-01
6.221492869132827508e+00
1.690251129530453644e+00
1.377669991703248664e-01
4.270174342739873063e-01
6.270549992013647156e+00
5.895640478454495792e+00
9.030128121650802253e-01
1.221822121063362472e-02
4.699336621316701189e-05
9.634619192414685518e-06
1.628200984956660073e-03
3.306848197922147153e-02
1.468665276816754961e+00
3.692336890446584530e+00
1.190404094555674641e+00
2.409222449209546646e+00
4.954224774091849359e-01
7.795823450684979949e-01
9.759987142237378510e-01
1.337066703560113035e-01
1.947306973344933856e-01
1.346923325465918087e+00
1.771117893917814712e+00
5.895488872783476164e-02
5.706600911475494080e-03
1.721499461695004960e-03
1.231221483212460233e-04
6.495139632873065294e-05
2.344846828712054965e-02
8.457633288446134712e-01
6.687577740555027184e+00
2.234104173383808511e+00
1.325773996283982070e-01
9.218162627923784380e-03
4.396937267562162489e-04
2.128040949538361881e-03
8.005860787270138029e-03
3.425577286720019043e-02
1.600103272700574619e+00
6.621600338472753755e+00
4.371011144731252962e+00
3.834496853418475210e-02
1.335665451393194564e-04
7.270628388658874786e-05
9.433712119595458667e-04
2.105097362331372415e-02
1.304722796592187634e-04
5.560925791678745372e-02
7.516891680952043409e+00
1.452331205601053554e+00
1.951328343720525136e-03
9.700009255146857401e-06
2.828771708273668757e-05
3.055555613324760934e-03
2.162721920056381170e-03
1.005728027798957584e-02
1.170507523283698337e+00
8.480265551621819498e-01
1.628070499949382521e-01
3.975320400911297285e-03
2.184890773908343905e-05
2.764929495442758713e-05
5.545563038004679146e-03
9.551514796651933148e-01
1.364895927860022139e-07
2.778398591745685612e-04
3.215788132623244588e-01
6.779584447520722312e-01
3.083768650129594183e-02
4.157802413717406626e-04
4.990753617578687525e-03
9.413529237963057517e-01
2.950214655946067216e-02
1.130329106115691810e-02
8.758152127216876082e-01
2.254289686902768292e-02
1.011792210221558943e-05
2.968985169778116399e-07
4.568894615597879950e-07
9.578593436547234511e-06
6.107179319582743205e-04
2.229932628702010339e-02
6.762085876865922661e-06
4.762417654926100197e-02
1.725183285829248625e+00
3.370661234555965002e-01
8.032077079969890399e-01
6.391221696682393427e-02
3.600579426836501146e-02
9.582409421017084039e-01
2.250253300961641001e-02
1.600045803991248603e-03
2.993593949539625348e-02
8.705618218763259497e-04
2.473748080811827031e-07
2.524425498936508725e-08
7.323345194813683226e-07
1.818173113309970858e-05
5.985143827800087354e-05
1.616120878369105122e-04
