2.188679040401658379e-02
9.289162752437937209e-01
1.129644503355088592e+00
3.944272021997283773e+00
9.486276682241955305e-01
8.424140356548139030e-02
1.947862773046086238e+00
9.992545486084752904e-01
1.524727203805360982e-02
1.168179162974289712e-02
2.304676182007320273e-02
3.396349670040791952e-04
1.407500964308301173e-07
5.530983603828746842e-08
6.979392467046512962e-05
4.085390117668877275e-02
6.569154064040633699e-03
4.134001158904755939e-05
5.776793426312280735e-04
1.036962093188077416e+00
1.181352129880123591e+01
4.156001613080315238e+00
8.420797349113386954e-01
2.661512104274588730e-01
2.646231730827452111e+00
5.362872367137536678e+00
3.685424143532487484e+00
3.311617180957532547e+00
1.593006120369349077e+00
1.907056908108771542e-01
8.045284599048301401e-04
6.176880807403520388e-04
4.921272685167124572e-02
8.286919103098121520e-01
4.183193933994105301e-02
8.746475048287898177e-05
2.539086360114061918e-06
1.152689294882890125e-02
2.075149676847853009e+00
1.036305900130455093e+00
9.693074971024595587e-01
8.298848403012855091e-01
4.007045079178802593e-01
4.067698744169767067e-01
2.739394943950966166e+00
6.916892023319282323e+00
7.381517982296042391e+00
5.096552945904400111e+00
3.095313647517256017e-01
7.579007749511427194e-01
1.883113639640615899e-01
5.689924548570604807e-04
8.624839971500421386e-06
1.889509804442494737e-06
5.912094448542841906e-07
2.698289324463502056e-03
1.939947324473249912e+00
1.834484343286090224e+00
1.334414141820464916e+00
6.842054241192130348e-01
1.360636875654653577e-01
1.160177518610042702e-01
6.943774576148084021e-01
2.774104622055527436e+00
1.098078630158717139e+01
1.117631157118006513e+01
1.776893584452949870e+00
2.346610048136067661e+00
2.029820851397224069e-01
3.660145696476231896e-05
3.508174046249102635e-08
4.979672806403206294e-08
1.092872679902647442e-05
3.165426607229856332e-02
5.994668820558033850e+00
5.258218080870286748e+00
2.468140804461881999e+00
7.202747110311337186e-01
3.175350679312162749e-01
4.396949828213956857e-01
8.311912648064538889e-01
5.665217610665264081e-01
1.646439420730064107e+00
6.303788342827233215e+00
1.153268004687372184e+01
3.246544220792876079e+00
5.177774266437530359e-01
3.597160929255587697e-03
6.507608969700856226e-06
2.369355411417269882e-06
2.595444851253931250e-05
1.233579801395125013e-02
8.603727448042371995e-01
3.013806775240312597e+00
3.193399326552712747e+00
1.466220875432736381e+00
7.063090912700632495e-01
4.611202489502772006e-01
1.070590563950997165e+00
7.526298708729159959e-01
1.936199054991963875e+00
3.354494510227282067e+00
1.179227037656456822e+01
8.373597242134907859e+00
1.033786880987964674e+00
1.639694530368296377e-01
4.618633040545601365e-02
1.105292264922830454e-02
2.422389324096812700e-07
2.460514276896358832e-05
2.155119988552324159e-02
2.148090132170012101e+00
3.640372840377112063e+00
1.908550245581358329e+00
1.546747054583238912e+00
1.588350942594253246e+00
5.928046536387789445e+00
2.180164031001034175e+00
2.197511619374220793e+00
1.054114688739204109e+00
1.116154386071174454e+00
9.437028804294421036e+00
4.151610270298449201e+00
9.437566577268655665e-01
7.042446862001204844e-01
1.931951421776007330e-02
7.406265708516452340e-08
2.308973774601216731e-05
5.982126242112890957e-02
2.899534469110396362e+00
2.963847052488224776e+00
1.728330151020255778e+00
7.838196014212351903e-01
9.540136631879638784e-01
2.529412367307926957e+00
1.212507749121088496e+00
1.589643922626255756e+00
1.319448098410544334e+00
4.801707506428768979e-01
4.146458601667734278e+00
4.246500665279375752e+00
1.305725072465399261e+00
3.138143420483218704e-01
6.234084907278829085e-04
2.426388398483031157e-04
9.183473576124107085e-02
1.802767659147972212e+00
1.092885031995467271e+00
1.334918988362515435e+00
3.690423199768356977e+00
9.843396727669874169e-01
2.879904828893603552e-01
1.808690691989813248e-01
1.155915510252807588e+00
5.050009980117068586e+00
1.804371338047842999e+00
3.619671260454845885e-01
1.944133154422315712e+00
4.619298606333394730e+00
2.185349074853724538e+00
8.342948050415542882e-01
7.408257040992410544e-03
4.782594669369191753e-02
7.601442949799646076e-01
3.657919958162902940e-01
6.350022109120730951e-01
2.063866217066577136e+00
3.857671577026319021e+00
6.385564572362240732e+00
5.334986939244578785e+00
4.552513906748145711e-01
1.980570280161894292e+00
3.831239292644765371e+00
5.456224649298886398e-01
2.191116369409613351e-01
6.687655622163671820e-01
1.047025124427300469e+01
9.307783283328329160e-01
7.684617374297345212e-03
2.772460750410090866e-03
2.531517853800238356e-04
8.368024016332605355e-03
4.508816661065693371e-02
9.607148758176560222e-01
2.344811273151099051e+00
6.817886480604590238e-01
2.245245070754371408e+00
4.877059503130603879e+00
9.491064826249184794e-01
2.137236186628688195e+00
1.686373250734109375e+00
1.977226220191963479e+00
2.153950821769352153e+00
1.058555231641564592e-01
2.845816875209532082e+00
3.613852919829585453e-01
4.906043690588645718e-05
2.261771380986701808e-04
3.271174868996980873e-07
2.475622698296062879e-02
3.041593996511782638e+00
7.965532943409487920e-01
7.960581350581344973e-01
1.195107186370992780e+00
2.833021224829772589e+00
1.364103453470867588e+00
7.859539986966243008e-01
2.080226972651454176e+00
1.045279624176451261e+00
2.546384087040325817e+00
2.276288482749001751e+00
3.161222150675471743e-02
3.343523515833387361e+00
4.524676261088926843e+00
9.999716311769309227e-04
1.896685833765239526e-02
4.841060474061326170e-09
9.856524402507130245e-02
2.614888554097262841e+02
3.063888895966235371e+00
2.222538113218807787e+00
7.142014245730680777e+00
6.504462521427412547e+00
3.979162436312895235e+00
2.269472056721583364e+00
3.512508984391419009e+00
2.556314957829455281e+00
2.676126022498122925e+00
3.514327609240554651e+00
5.123722689084979631e-01
9.126253339802744335e+00
8.600244232783591514e+00
8.501223366750065846e-02
8.902446985992870099e-01
1.454272342041378112e-10
1.019623262677147603e-04
6.173378784655429108e+00
3.312011591294152346e+00
2.389244386437076706e+00
4.802623263693200251e+00
4.070293003548171029e+00
3.581178845414979772e+00
1.781518610554575055e+00
1.805123378089652508e+00
2.023726579211622578e+00
1.766827433183673524e+00
2.009405010632300925e+00
1.664960806158473083e+00
2.831251667764084434e+00
2.458878702758291457e+00
9.120831001876248401e-01
1.003612882507126658e-01
4.558842806314973085e-09
9.665155363916239125e-06
1.393896058466297938e-01
1.087064872105228730e+00
5.531000631939084755e-01
1.198216739818354526e+00
3.687925512058176203e+00
1.720191086059248420e+00
8.512005326554125118e-01
7.005678335010389057e-01
2.074163300707238200e+00
4.359059619611291403e+00
1.177593698470406208e-01
1.244017329899463759e-01
2.300256201591976968e+00
4.602158743531084006e+00
9.218179388367613303e-01
8.623355554588528395e-04
1.268721653761820150e-05
5.688138598180483146e-03
1.678827186770833313e+00
5.285238781931286489e+00
5.714295231626246974e+00
2.000143560702705603e+00
1.034057412875112325e+00
1.322603918589796423e+00
2.572734195152834857e+00
1.403805694686227401e+00
2.436281316357938653e+00
4.907150576025165911e+00
5.290726147849018901e-02
1.379836957983163748e-01
3.411038194594059991e+00
1.472938680222116048e+00
4.164892831877633345e-02
2.034646082119520637e-05
5.985047021353497677e-05
2.435615713457163836e-02
2.254226805687082447e+00
1.869933604503217772e+00
6.107957541685731684e+00
2.760001530605780573e+00
4.250106549948675094e-01
1.356647059383501608e+00
2.528661621392013448e+00
1.455552824372857712e+00
1.705718392023563235e+00
3.763982613385152387e+00
8.141019834543479217e-01
1.988011121459469788e+00
4.045411087261997274e+00
1.453878110747103269e+00
3.713228723522689345e-02
3.196881897875205984e-05
1.363209689831614220e-06
2.945983031043135402e-04
6.813292600201703575e-01
2.041631021600766260e+00
2.430090942883443628e+00
1.650189403158432544e+00
2.439974663796773968e-01
6.450511953935440523e-01
6.699261605044981582e-01
5.632276353065097663e-01
9.265110053700346127e-01
1.966378363198552748e+00
2.028386077957739619e+00
6.001193243998129923e+00
5.270417371966530595e+00
1.930844347977976327e-01
1.015798589766462061e-03
1.702404168523988004e-05
4.305051828202119147e-07
3.855984393328566918e-05
4.206250952664910003e-01
8.307138873689754455e-01
3.472168421401218286e-01
2.577648599444429589e+00
1.579670532331840072e+00
2.762545272403925001e+00
3.762648964710651356e+00
4.858022268627213869e+00
2.007674440742445388e+00
9.237237681940559941e-01
2.162381230677430377e+00
1.710577483015204336e+01
3.456259505072379223e+00
7.472374671098650986e-04
1.255207024177275875e-06
8.333048333492616976e-06
3.181517582374246672e-05
3.424782158519153988e-04
6.011052065059876437e-01
1.185899264763565775e-01
2.285428797655689875e-02
9.921828251940268961e-01
1.694622005133176179e+00
1.955232427425626751e+00
2.513827337340744261e+00
2.959046936843621189e+00
8.982028648165142348e-01
2.071747914746207453e+00
1.601443064743994071e+01
1.257622864845377464e+01
7.085984610585845944e-01
8.856416389837955087e-04
4.667722982924658377e-05
6.489550588915832079e-03
2.156071237993252218e-02
2.197565402275600700e-03
3.414123031279677756e-01
6.931611534723872703e-01
3.224521444615001675e-01
5.263868843689304411e-01
7.698371131513170873e-02
8.158943904688661930e-02
4.961744719531035464e-01
1.189527692395908165e+00
1.835127117333277047e+00
1.078022337621242954e+01
1.063174747654231567e+01
8.683454552671687754e-01
6.850409837524688850e-02
3.644932155377827825e-03
6.532525429197636596e-03
9.700274025456556704e-01
1.900773248914935820e+00
1.016223800661845839e-01
7.464027933226561329e-01
3.252825793586369585e+00
1.766861794597786917e+00
2.291686134628173055e-01
4.219450145519782619e-02
3.054003860724039537e-02
2.412496259336091020e-01
9.709182007380060542e-01
4.999451014823091732e+00
1.206311322439443678e+01
2.721140383886646141e+00
9.171625663305384979e-01
2.621798908181033338e-02
1.567428850725836073e-04
1.612704833852916255e-04
1.513626094670740378e-02
4.247010152084376017e-02
9.954528160322997365e-01
1.993689106324869398e+00
1.010049317017805315e+00
8.613550993049212678e-01
3.782129394203934680e-01
1.337272583162312012e+00
5.645214945850540733e-01
1.235956311969561350e+00
2.611998747584442615e+00
2.612868858603710542e+00
1.234031330617012756e+00
8.715439293701920942e-02
2.288686763442428565e-02
6.174098626532561985e-04
4.422252986566400260e-06
3.189473969714327061e-06
1.095888299819463250e-04
7.697380225125897827e-06
3.988645125129802738e-02
7.966962310850552731e-01
5.097916218111311348e-01
2.353718162031378736e+00
1.557749157023067932e+00
2.633977941992566407e+00
1.273515873947296706e+00
2.128166244253677508e+00
2.672590447394865620e+00
1.266517187534048405e+00
7.718898747249693937e-01
1.030238179450751641e-02
7.351051045200394094e-05
6.599252712712073553e-06
3.904604454926427166e-06
1.269872218481736230e-05
1.293729830935647464e-04
6.225614327973828842e-07
1.280010786508547181e-02
1.104489280526380668e+01
1.076376249133343954e+01
7.378971284475184689e+00
1.565676061180282463e+00
1.425715582351577915e+00
2.618387861070776257e+00
1.575033450495183507e-01
1.530656307054569952e-03
9.309046439262264440e-04
2.712114675353038615e-02
7.679584485882501484e-03
6.876840191533098901e-05
1.855141289151866307e-05
9.213619409505152756e-05
4.395629793014553077e-04
1.501151831441015043e-03
