2.118436189063821012e-05
1.429421163721729873e-05
2.389608125287077440e-05
3.504322867208294062e-05
4.984116386356510448e-05
9.045133719723118845e-05
1.713448649977216754e-04
2.851666433255541783e-04
3.754843482273556273e-04
3.526506118914426047e-04
2.406595095193589699e-04
1.491175638999028082e-04
1.066510068921187719e-04
9.108294077040845398e-05
8.447735228002460715e-05
9.525299761117596178e-05
1.619966946730578997e-04
3.555091865627855660e-04
3.432117421776020371e-06
1.710467699769228193e-05
8.686498422105586557e-05
3.063434974951870590e-05
5.026803078717435459e-06
2.968479502429240732e-06
6.809150852987216029e-06
2.514015531911556716e-05
7.725366647644696177e-05
1.636837694019264457e-04
1.935585701926439473e-04
1.482825965299373319e-04
1.065558116114450959e-04
8.000981275900433034e-05
6.099472506451381960e-05
5.837790296159985325e-05
9.437597685000126922e-05
2.262075356202918508e-04
3.312000646586803741e-05
3.904553536582519579e-03
1.975799392249014824e-02
5.413683037733599528e-04
5.218352195021813851e-06
2.244428711675603508e-07
1.164576898926022939e-07
2.173143519070330148e-07
8.468038292168282637e-07
9.151870472370241520e-06
6.447970505452094159e-05
1.459360297816138003e-04
1.626567212596203974e-04
1.200196986471652709e-04
7.300453804849987263e-05
5.376411649194765512e-05
6.870515955484615580e-05
1.488151071998789149e-04
3.812879465326115668e-03
1.050888971205286904e+00
8.697622239512536879e-01
3.488902064591836022e-02
1.766305568151514465e-03
2.118901882966989244e-05
5.864180335873389896e-07
1.882577884746434312e-08
3.742615722775382455e-09
5.013659392584013184e-08
1.578108169730012027e-06
1.896336102918654161e-05
9.641088551978893172e-05
1.557913746668287437e-04
1.057479537698227797e-04
6.337650255919205380e-05
5.970149503141615103e-05
1.065387850780362742e-04
6.744841243059153217e-03
8.922384667142613246e-01
1.136214477960221680e+00
1.050984631464052077e+00
1.911172727728764453e+00
8.706854606103954508e-02
3.847722985104405202e-03
1.404152923564342614e-05
4.545903271818634576e-08
1.066882662758069186e-08
9.203196291674458033e-09
6.547153427525051222e-08
4.011981502635880238e-06
7.169650431057044890e-05
1.304195040996658451e-04
8.519762766964494199e-05
6.600043190308842623e-05
1.001937260774237110e-04
8.912604594544502358e-04
5.593785864095827953e-02
9.603246895866953681e-01
1.008256694406115539e+00
8.101501373235883152e-01
1.529276020244024481e-01
6.584678328439824702e-01
2.095653796776248412e-01
2.534670019558096614e-03
1.296479874766331548e-05
4.728995701094090269e-09
2.778318104266196511e-10
4.042113572138594776e-08
1.139953625675020447e-05
1.076142393236681862e-04
1.110326116147686135e-04
8.648895100660835872e-05
1.212393610407484003e-04
1.861439281111179969e-02
7.196111353124580445e-02
7.054707327411791074e-01
1.948183419145762818e-01
1.297994564327168976e-01
4.299033732371455863e-02
3.068097669292259577e-01
8.119086707988847351e-01
7.751788088195715742e-01
1.091128326244989871e-01
1.460804139264891274e-05
1.193278910769685669e-08
4.009203489080743480e-08
4.278856472362306791e-06
7.153107905047883987e-05
1.179430852025877479e-04
1.045798961210668533e-04
1.451721912710356838e-04
8.357820966413866959e-01
1.167787425042366767e+00
1.112807269911745056e+00
2.116743569178525797e-01
3.753456033107119283e-01
2.265143061020997439e-01
4.524428895787780958e-01
2.556885195697051194e-01
5.298749411414870325e-01
2.560049600737943187e+00
1.768336560327970208e-01
7.090438821416823138e-04
8.062213076568523507e-06
6.183966930195026477e-06
3.906697512483710028e-05
9.634905359159503765e-05
1.103731740743333121e-04
1.628774011298329556e-04
1.040030204285962573e-01
2.008629571350996734e+00
1.335379851596788958e+00
3.004248567289701244e-01
1.456734864886045366e-01
2.656135232358842191e-01
2.171605784538073625e+00
1.079214626093435214e+00
1.065425013138978860e+00
7.844622641106174799e-01
5.421152882564107545e-01
2.753296187478216153e-02
1.825270492931960602e-05
7.940024623185182431e-07
6.466425493024819419e-06
5.175064656676558588e-05
1.135937903010826952e-04
2.004451708955555696e-04
6.771748134375892535e-03
8.387003246126415457e-01
3.105311574566607558e+00
3.477648736585198908e+00
8.830474653186362044e-01
1.896085551159730542e+00
1.559687193442652609e+00
2.313778012117311822e-01
2.546600309059690481e+00
2.561695615288025696e+00
4.114878442343936071e-01
3.212101448405750223e-03
3.759098750867324736e-07
1.378926528678901783e-08
4.014915237279572636e-07
1.589493368238913208e-05
1.004159823313317633e-04
2.552248007092818862e-04
2.090902071853620322e-05
7.083084156463142697e-03
7.851376654985821046e-01
3.475691659009390921e+00
2.100641362201536744e+00
2.225469149001855662e+00
1.169619508952611103e-01
5.792018147939737710e-02
2.481647806055902628e+00
3.252260725388840701e+00
1.559297107879216160e+00
2.300048960937673900e-02
6.714525255675420332e-06
1.176266978549202511e-07
3.300052326522973633e-07
5.682072221491931445e-06
6.536060299586866169e-05
2.690266836300241808e-04
1.788139978988631891e-08
1.267348062202511109e-03
3.630221766539398320e+00
2.144973022915142025e+00
2.315698603206419293e+00
1.403504904591981850e+00
1.690128392599494767e-01
1.016848244253191869e+00
1.047283542867470052e+00
2.061833329826971151e-01
1.271741756538867563e+00
9.716366566529889282e-01
6.862346206812001970e-02
1.164227235374209590e-03
1.070218655267901562e-05
4.575192470764967996e-06
3.813583038888712781e-05
2.347815299539071068e-04
7.124508770271222121e-09
8.887598039489426338e-02
2.160384049893189058e+02
5.967152028433289956e+00
8.753946566412484032e+00
3.372396385903481786e+00
1.084328511157099051e+00
9.628367464724723490e+00
3.292273718583937026e+00
1.739887533543877263e+00
2.664999042204608148e+00
1.155937349266577208e+00
1.752838393646966031e+00
3.676836409879692680e-02
2.262887923315225485e-05
2.614159879877016790e-06
2.669721961396231567e-05
2.174142438983104860e-04
2.653749575959187028e-08
8.094294721603605136e-03
3.532222993278434586e+00
8.119531080751964947e-01
3.393188910255658719e+00
2.245204470743414227e+00
7.547285635838905105e-01
1.244219827147061475e+00
1.887524415298917901e+00
1.085731323258392056e+00
1.229953161697168590e-01
1.444793740098616330e-01
1.067634461620636105e-01
1.617238880720929246e-04
3.996796773844602964e-07
8.613191282752037038e-07
2.882378104525998386e-05
2.482668875612356325e-04
2.378931284663212336e-05
4.311941434651391652e-02
2.580147023099330195e+00
2.163770920142304099e+00
1.532724606245298604e+00
9.842013950921874033e-01
6.988592635229476935e-01
4.229063990367714632e-01
6.215413891274411684e-01
1.848820910222025993e-01
6.213634019649955098e-02
6.176988529788811633e-01
1.829826770020127197e-02
1.390340583673409184e-06
3.882274322505992683e-08
1.195680685482112063e-06
5.407042730813093885e-05
3.114726769315374921e-04
8.074798613603374059e-03
2.882685072843652385e+00
4.450844030671515128e+00
1.400699092323206996e+00
1.997999364341347173e+00
1.625604876188397219e+00
1.678279637953457470e+00
1.255697634146915931e+00
5.961190440668328039e-01
5.216983739931082553e-01
1.161352284062432405e+00
1.729742472533925268e-01
4.669960796612677750e-05
3.901114790318220043e-08
8.629308925838576847e-08
6.774350036208145972e-06
1.165922895404350690e-04
3.487675865115114396e-04
1.704974069042413873e-03
2.001815207627334114e+00
1.829317063732765369e+00
7.533745698200232654e-01
1.741761480385294547e+00
4.150418260529988301e-01
4.117092973637555553e-01
1.496789325493577349e+00
7.113498410666578842e-01
3.663995918881799985e-01
7.530321783482467612e-01
5.692109773505007325e-03
4.156230626632240468e-07
1.654839296617957904e-08
6.901120702603997606e-07
3.336736000564767584e-05
1.701762149091590908e-04
3.098951247871877175e-04
1.051735442239095644e-03
2.660154589696255845e-01
3.744999245982129077e-01
1.890642761616968759e+00
1.747074975714994594e+00
8.989289970597323653e-02
1.346056026773421177e-01
9.727950562456615380e-01
8.129523589278648821e-01
4.988624769914831725e-02
1.901405664215213842e-02
1.964948828652510106e-03
6.518570689865397914e-06
9.904185123702341832e-07
1.091652893802805812e-05
8.221597788428130647e-05
1.564437267376561169e-04
2.302056573493614492e-04
3.209278682039457681e-02
1.501396215390749855e+00
3.698545165155145420e-01
1.457156671915640578e+00
2.646651089262515022e+00
7.163639225273863431e-01
9.216295144111507076e-01
9.519939710686063650e-02
2.428983024041452866e-03
7.232378284744106576e-05
3.792062158901841895e-05
1.566498545856249188e-04
8.380629641729033419e-05
4.142125067381678905e-05
6.979174912408940383e-05
1.050568386436733241e-04
1.174353081205471190e-04
1.719156824936439530e-04
7.951798101289816317e-03
1.264441054352175353e+00
1.712489818244795847e+00
4.540906559799449682e-01
3.925148053104397516e-01
3.761459662940475623e-01
1.825894834856621740e+00
1.110996006951923548e-01
7.765922778740048330e-05
6.585319566859216785e-07
8.532462937726237962e-07
1.474738240459045878e-05
8.029514765630833926e-05
1.109971702332103759e-04
1.067880039204247163e-04
9.024067445543398327e-05
9.002659889633044519e-05
1.434932843777030433e-04
8.147658358247076432e-03
3.567960284115079955e-02
7.802672082180281965e-01
1.963676661278273006e-01
8.510271671995958687e-03
7.782958872035435158e-04
4.611774961348386048e-02
1.881251267814428640e+00
7.841437719901195660e-03
8.701515980364329605e-06
2.451611260619928312e-06
1.577912895894557216e-05
6.661231113039243752e-05
9.722494176812472360e-05
8.414982342403653983e-05
6.692436879961702367e-05
7.214344278739963162e-05
1.293184931398405786e-04
8.909510700728603405e-01
4.737847588473424743e-02
2.148707536786119476e+00
8.355864737576793599e-01
7.010801734031969421e-04
1.687120579131843132e-06
4.119082632175967808e-05
2.801012106742952271e-02
6.773817953846690554e-03
4.834948454864217761e-05
1.184836982677661693e-05
3.175071064932476591e-05
6.865155258389214060e-05
7.681908048577385916e-05
6.184289998451106447e-05
5.138940447914627443e-05
6.321979837418149558e-05
1.288149284763521888e-04
3.799845810920750994e-02
2.477077545944871353e-02
1.865391329175966284e+00
9.532569143757395336e-02
1.146604902140226510e-05
4.438306445142937403e-08
2.037677724045165142e-07
1.179443204140640701e-05
2.865233401272983092e-05
1.351760407079176798e-05
2.049376563364534206e-05
5.027043556955179920e-05
7.573915314758825361e-05
7.278732429603221375e-05
5.685025040505721001e-05
5.001131778691960165e-05
6.961030454406206668e-05
1.538678051792690933e-04
1.708382997059448488e-05
3.954560505857333862e-04
1.313771702748575861e-02
1.223425712323909266e-04
1.327027978900639931e-07
3.660775286682512905e-08
3.257480437881049281e-07
2.461175238412690973e-06
7.513691253200707934e-06
1.974586793895583906e-05
5.200302881690723784e-05
9.063719233211912322e-05
1.050566634771432124e-04
9.546345230284524657e-05
7.544185132570793879e-05
6.940756527705756553e-05
1.005322978194187497e-04
2.136711210807773975e-04
2.960438873679733716e-06
3.507031335840119277e-05
1.475024836632338513e-04
5.241904821944800209e-06
3.271997025528757119e-07
1.306901281180491099e-06
1.400965911429681349e-05
4.387450246348768086e-05
7.516772389972382255e-05
1.273739287736634347e-04
1.806965052312452876e-04
1.972143123412380507e-04
1.954366610018748213e-04
1.783361860885711693e-04
1.472956264570751846e-04
1.377664076646195862e-04
1.840113401196198433e-04
3.265814666057584759e-04
