1.017446992035190922e-04
5.372882150348339686e-02
1.904753224356609209e+00
7.690878994541536229e-02
4.032233458009115853e-04
3.911252173382752384e-02
1.954424222967701130e+00
5.628011717032976651e-04
4.956702692117836616e-07
4.192550474570561579e-05
3.472789501544826934e-02
1.192700980563923471e-02
1.373867009685835275e-04
3.330608322691930968e-05
6.894817550300758491e-05
1.472358226898487358e-04
2.677331344474674613e-04
5.768688581646761685e-04
2.260824654289188620e-02
2.882277184267968195e+00
3.238538254055671306e+00
1.681099433255977438e+00
2.015936334139694086e-01
8.358439165208468857e-01
7.218633125379654569e-02
2.956477310449920828e-05
7.892724930829704110e-05
1.616437333522961484e-01
7.499073950249817155e-01
6.191897428806618711e-03
2.028374861054358345e-04
8.869903535593893292e-05
5.764230793710591706e-05
6.401975697067143227e-05
1.414564775490636432e-04
4.099918929468022327e-04
4.354865058695917696e-02
8.956304786275626206e-01
6.790481924488686594e-02
1.613265298192842132e-02
2.696271637299253818e-03
3.443765322779531509e-03
1.511868379775176564e-04
6.980729856346171164e-06
3.541014082625087642e-03
1.635884546460888211e+00
4.155635838918821379e-01
2.138826030334798484e-02
1.149930310857756946e-02
1.772613588913564756e-03
6.197212419397539820e-05
2.214536372664886927e-05
8.183877648091285003e-05
4.090855633237861682e-04
1.186764580001036087e-04
2.899103410827628090e-03
2.808399786251357735e-02
2.280326380328352720e-02
6.818750464446023682e-04
8.544125918368675231e-04
8.581141121139447461e-04
1.819202781913058621e-03
7.859841987917992601e-02
3.195878042239460037e-01
6.608863953007452219e-01
1.954551423594496073e+00
9.093374831474048126e-01
6.579186824389303238e-03
9.587369711384096220e-06
1.356856418446986874e-06
1.622462873807498307e-05
2.902502373365042714e-04
1.511780672012051642e-06
3.366040547658741185e-05
2.556033118859137379e-02
6.614335331107278337e-01
3.143090064914293991e-01
8.263032170312342162e-01
1.032184174616745942e+00
3.130060349082203874e+00
1.619163789866066461e+00
2.329942035763436434e-02
9.036121801835203526e-03
1.103678819966343178e-01
1.115399513974822288e+00
2.645192594798104202e-02
3.481617676587891268e-06
5.155859768849077882e-08
9.516008622858940292e-07
8.691133949515745898e-05
5.825704709576476912e-05
2.971386835973054141e-03
1.061374494349405784e-01
1.966391640301714261e-01
8.493749464043832686e-01
9.734343938963477827e-01
1.082326624788126357e-01
7.372621517018179693e-01
1.385277518029581323e+00
2.539160625071535185e-02
6.147009485707903087e-04
1.680014313674622374e-03
8.620988865227041664e-01
1.925097372196701295e+00
4.691072142776095649e-04
3.156234928436189591e-07
2.939891741736177416e-07
1.881272527078942526e-05
1.366501795363847700e-03
9.935416990869564424e-01
1.788790092339685556e+00
1.347400770019086501e-02
9.048214187464946948e-03
4.072567791094036660e-03
1.336684574008855080e-03
1.556516011462318605e-01
1.852612054677563069e+00
7.742196989816811925e-01
4.757761217643063922e-02
1.227128420028487758e-03
1.276792797170684009e-02
2.078565484440627387e+00
1.108344983179937238e+00
7.433947294542399362e-04
2.074041808772240364e-06
5.637966328510567632e-06
1.288706944041476825e-05
2.296364022414343342e-02
7.165747493131544021e-02
3.538168122308933987e-04
1.711271369873356004e-03
3.188933142533106890e-02
7.612641097116516764e-02
7.636599018897448632e-01
1.184768965182156075e-01
1.704963478422728829e-01
2.010152332601411906e+00
2.501656417606571217e-02
4.603867560900050241e-04
2.237713248809042321e-02
2.681800518513224763e+00
2.578347841136392760e-02
6.898929236931839465e-06
2.472739881621261600e-06
1.411119278126753796e-06
9.625467968264602575e-03
6.428824412217629125e-02
3.591982539787611168e-04
1.076725909153948731e-02
8.055010045194233026e-01
8.447658684621671410e-02
7.321583748227525508e-03
7.817231367831764836e-04
6.111510158461569940e-03
7.729793824158952553e-01
1.011794263526193172e+00
3.826717545372103346e-02
1.474079560747859965e-02
2.781348892530211558e-01
4.159863577338163143e-02
4.699364073925875143e-05
6.030254382846679314e-06
2.634638764451301010e-06
3.202081853623493096e-02
7.152734553645021531e-01
2.235473825582472499e-02
1.230079278797857334e-01
8.035763617625425737e-02
2.580247843356210636e-04
2.410324291707520428e-05
6.519893466112569027e-04
2.576335439095608915e-02
3.698060834046532769e-02
2.754064227679258181e-01
6.233391601939244353e-01
7.515410190626620190e-02
7.912263230447366125e-01
9.263609080824103392e-01
8.796558947562846007e-04
1.081014347128650708e-05
1.241458306538765573e-07
3.368574775779056927e-04
1.150388456725418701e-01
3.657230585778968313e-01
5.354566861677940715e-01
2.984680092904063234e-02
1.542940748287898031e-03
2.299929023996939671e-04
3.264155196005316499e-03
7.422349184447123438e-01
3.976004931503340223e-01
4.514173565248126296e-01
5.446871898415533986e-01
7.699410786861524136e-03
1.431843645357693331e-02
6.705847927372637907e-02
1.361172706177257903e-04
5.997961085063969809e-07
1.205080974053579044e-07
2.971633888977631092e-03
3.087846793110718746e+00
1.390693552845875924e+00
4.062743718744367682e-01
2.945995974518958449e-01
1.672522173572839277e+00
2.044056033072946255e-01
1.979720289846804634e-02
1.192551378016956765e+00
1.582367067034083918e+00
4.437147784691112262e-01
4.735994592007007342e-01
4.513291924413848424e-03
1.067520548635747047e-03
3.519592655210315724e-02
5.234369010875864446e-04
2.701104635571997265e-07
1.960999536227559909e-07
5.708670634927057175e-02
1.156164288894967740e+02
1.946630512365725929e+00
4.168441751597248834e-01
1.827796014121664703e+00
2.239717812963421206e+00
1.596821860956915806e+00
1.199454853163094636e+00
1.820406601461235452e+00
1.615461813413624215e-01
3.006408343594057370e-02
1.302659361023736917e-01
9.202842812396831718e-02
9.168770757307276309e-02
2.787460299587433799e+00
5.691636443827483710e-02
3.747777947219941929e-06
6.321609500486892050e-10
8.160659025838225899e-06
1.187699236099589051e+00
1.337271592963347633e+00
4.035117785573950067e-01
3.953992363206474625e+00
2.767783075327084341e-01
6.236716140761600080e-02
1.015860050470423159e+00
8.537615130443574341e-01
2.771339750551710668e-01
5.203120379268755258e-01
3.565380558474463557e-01
5.952761240822163069e-01
1.556293457624856880e-01
1.597375733554931565e-02
4.261135096735278738e-04
2.910213561920896826e-06
3.400434205463014636e-11
4.486586217532112461e-09
1.855603551607037244e-02
2.212789019251407030e+00
8.422231044160440050e-02
1.808090921544646568e+00
6.912849564785108480e-01
1.570587193510061515e-03
3.091121698645264205e-04
2.268342653008217880e-04
9.666207673296671465e-03
9.587181870604545297e-01
4.492295431465345018e-02
1.555008145713786434e-02
3.864765083858725560e-03
7.682760557418952995e-06
2.023109690772625182e-07
5.035847143541279191e-07
4.195413969301136395e-09
2.789474019508568942e-08
8.946184435024744780e-03
1.765578280771903374e+00
1.008958095339787878e-02
4.890125110647494666e-02
3.337378972696428137e-01
5.683266838853733190e-04
6.060060889172553011e-06
4.067034249290344495e-06
1.382612332360632149e-03
1.143197068272242545e+00
1.062767219027442242e-02
9.573768655394330031e-04
1.717749344939387135e-02
1.251606567353016398e-04
2.279875541238975075e-07
6.014183345351941544e-07
1.812069464530195893e-07
2.561844699452528366e-08
3.977420117395913965e-05
6.432094369463664529e-02
2.822898702797178166e-02
5.411610062581803660e-02
6.786110406088834424e-01
2.284162772593291077e-02
4.525988716865945831e-03
1.322079566743444151e-02
8.953940616829461630e-02
3.621816806043239190e+00
5.421009401900491603e-02
4.858662524712334049e-03
8.871422449795501874e-01
1.910746655114279810e-02
1.933048780250819886e-06
7.928849233867818269e-07
4.909361544643632072e-08
1.285025330600264020e-09
1.436680667136644634e-06
1.496280576357627845e-01
8.631952488778641408e-01
3.941548621047966799e-02
7.809833765497331548e-02
1.911635399839665961e-02
6.786320628592834581e-02
2.683413202998290004e+00
2.741429035840939887e-01
9.584785237526180501e-02
4.727568270638058540e-02
8.572398775268030846e-02
4.038419801567938450e+00
2.958467326406065412e-02
2.601264787735446350e-06
1.049795055183594655e-06
9.495931382065411519e-09
6.658167238381455368e-09
1.206295582113845187e-04
1.751209702528366163e+00
4.815612481260053007e-02
2.682319730691898546e-04
1.299469035166854469e-02
1.803455365958206089e-02
1.203448040411809854e-02
1.241330400618757768e+00
6.388833964485660655e-01
2.072376628333322257e-01
7.459381424803415150e-01
2.003502541683066962e+00
1.886478340955867194e+00
3.363017062861383463e-03
3.183813053833433128e-06
4.503777426018876169e-06
4.469802841536125690e-07
2.183312206000655116e-05
1.028961096018835564e-01
1.216118170768755169e+00
7.062982710725845782e-04
3.375046053181314206e-04
1.120121409730181927e+00
1.589462370593013096e+00
2.780622366638390575e-01
1.675269001584797079e+00
4.054540575308010486e-01
6.464959679933880432e-01
3.261787454279888365e+00
2.034432914959431571e+00
6.657513019913964547e-02
6.260104473248540838e-05
1.607951784898067008e-06
1.628220845604233885e-05
1.173370018369971962e-03
8.196394242022511656e-02
2.679049887018785547e+00
1.864021774216844562e+00
1.083900544995806438e-02
2.291911628446269625e-02
7.983137039547977265e-01
3.888333853623917591e-01
3.001381552748988657e+00
8.582670482245858823e-01
8.702553916590903896e-03
7.800258289679480594e-02
9.753897637550386079e-01
8.481501858724720400e-01
1.903408911126968847e-02
1.669751393489086325e-05
1.755806188770458191e-06
3.629408377633490406e-05
3.085791223184394805e-02
7.685765588501362044e-01
1.589534988192376153e+00
1.929457685368138664e+00
5.207972960833562315e-02
4.030885667215176882e-03
6.325175873564259496e-04
1.395764319788392891e-03
6.160923838919503126e-01
3.088651320164534364e-01
4.383395052302808959e-02
8.340248893818542619e-01
1.120573503325868886e-01
8.542182555149890194e-03
2.096974088283466622e-03
4.775728892954461349e-05
1.220036192683586594e-05
1.001161689429749677e-04
6.426080249556186509e-04
9.734528070689324464e-02
1.605479282938413021e+00
9.673353381417902908e-01
3.824520933682293462e-03
7.566521085898157608e-05
1.396398556316810797e-05
2.793116905059056239e-04
2.905849950064213205e-01
8.131207940520839283e-01
1.954084232218329831e+00
2.023115771190424184e+00
4.605532159910592327e-04
1.974231436561399658e-06
1.074096755767358273e-05
4.144184182318415765e-05
6.692135545558117985e-05
2.347463010469360287e-04
5.147630848139759830e-05
8.324179814435611960e-03
1.741514804132273109e-01
5.765949916121658470e-02
1.069834598518170981e-03
8.652344733593128915e-04
8.588955617193495644e-04
8.344360307303058319e-03
8.022054968691312293e-01
1.151162591659708606e-01
7.320807634274793634e-03
1.016467425899941681e-03
2.540116043120165073e-06
1.366231131075030177e-07
2.681924543532339758e-06
5.544684965657350280e-05
1.802444476238181700e-04
3.893996926423160779e-04
3.524149777703967923e-02
3.871912311904520898e+00
1.012558685621394972e+01
1.748273631529067229e+00
2.300986625754500581e-01
8.115222397479578964e-01
8.250849573797547354e-02
8.729269690451227012e-03
1.746576596683546007e-02
1.321632732079444964e-04
7.479276086163369129e-07
7.467961964428092987e-07
1.596451701770297593e-06
4.746980662876313162e-06
4.675492471792477785e-05
2.572119905721190420e-04
4.587653089553853938e-04
6.721636188745556961e-04
