2.865983057518725196e-05
2.463537140433898903e-05
2.295687578734181581e-05
2.227358965334003558e-05
2.212687923991765647e-05
2.161794579248422696e-05
2.046788100034158028e-05
1.993293893213228152e-05
2.038067357690118655e-05
2.107802910534957352e-05
2.136175695168970800e-05
2.095177830742483622e-05
2.090882500579467826e-05
2.202045588467294393e-05
2.282121973619492488e-05
2.273052376095969351e-05
2.432746781511897197e-05
2.994499606551169772e-05
2.625139266677179207e-05
2.250789318331138333e-05
2.079113436145919890e-05
1.943839016796845905e-05
1.869423829395471581e-05
1.811280212208112660e-05
1.701857579253394443e-05
1.606289964054703881e-05
1.551758057109375069e-05
1.511964935245778269e-05
1.507190301940965870e-05
1.577635597440309791e-05
1.723450772845048430e-05
1.815376137715295522e-05
1.731884977945566428e-05
1.647236144514774186e-05
1.830287660292059115e-05
2.440581361880329240e-05
1.940095697435648253e-05
1.674837455143427393e-05
1.629099533714420894e-05
1.507762399798713980e-05
1.454930417658653271e-05
1.494826957213835758e-05
1.506111104533447111e-05
1.487811490370093275e-05
1.425470280269725537e-05
1.315676886476682877e-05
1.261561376930076133e-05
1.367529653664880976e-05
1.587959887579025529e-05
1.653541359253238760e-05
1.484733226903283796e-05
1.388096019132079919e-05
1.587130960805628206e-05
2.181720391248461623e-05
5.642609970051565186e-06
5.838955220707785919e-06
6.513061472304611208e-06
4.732239148937454887e-06
4.891616313942630869e-06
7.516842370273253606e-06
1.034022806892153063e-05
1.299959923143250210e-05
1.480121250798608145e-05
1.413464688687885871e-05
1.286242634839625234e-05
1.321046372182754779e-05
1.487176312162038812e-05
1.541921244851212369e-05
1.433336296325839361e-05
1.398543494048708129e-05
1.599847402359874272e-05
2.131352201105459515e-05
9.046448326255427101e-07
4.231814038326812598e-06
6.122795019260537903e-06
1.068055794816006063e-06
1.126481951054355371e-06
4.909675543516428881e-06
8.344930975888760071e-06
1.040587978713788619e-05
1.511648109946245222e-05
1.703834752639394551e-05
1.514886235585905727e-05
1.382023236800546076e-05
1.404731248745964946e-05
1.466841768248824378e-05
1.494815027832858582e-05
1.528894901142176764e-05
1.676163286084842032e-05
2.111622802829068304e-05
7.970562403514957346e-07
2.480315298013946066e-04
7.744233685966129708e-04
8.591798546841576434e-06
7.985436723335723349e-06
8.029328128528666027e-05
3.230175250749106760e-05
1.020314048373998935e-05
1.391632968417311465e-05
2.028934242426414005e-05
1.903661062501254783e-05
1.553612179767663488e-05
1.388234806405387714e-05
1.426240028280059689e-05
1.547949793295121747e-05
1.597641187847485274e-05
1.657961350645440789e-05
2.026711497054404861e-05
1.705525824956230415e-06
3.504192308920864307e-02
9.909047866999828313e-01
8.063671125775353360e-03
7.130998855539708893e-03
1.077488683570588038e-02
9.592509930731691410e-05
4.502666227418674506e-06
7.865733332684296029e-06
1.951370948925370505e-05
2.238900641125251908e-05
1.772582458939089969e-05
1.411840600475639489e-05
1.366216913590527217e-05
1.502782674308723217e-05
1.577544039456543724e-05
1.634999651620580848e-05
2.005638515275465244e-05
5.034476163198741105e-07
8.969920459300130197e-03
3.695650307557374781e+00
1.331480378094505923e+00
7.940104554596887354e-01
9.390193927166732082e-03
2.213125628098799023e-06
1.491234250598805817e-07
1.606606101790548769e-06
1.153731532008708615e-05
2.009489772419857531e-05
1.869465942008016287e-05
1.470557884014573263e-05
1.320398143157477136e-05
1.401737079467069040e-05
1.527638840787273611e-05
1.699432958107501040e-05
2.155890541878163557e-05
1.188569558691418853e-06
6.084288969175804911e-03
3.480751377714271122e+00
4.493375821299281370e+00
1.252168144480837908e+00
1.345698314611560534e-03
6.858881033002938629e-08
1.147065947485239211e-08
5.782266972133288406e-07
6.121986724861732903e-06
1.224452637770818191e-05
1.657785973504917817e-05
1.614877010205333305e-05
1.400369948496272547e-05
1.338919802030220746e-05
1.442803340717464329e-05
1.753791612073094737e-05
2.386063597574672099e-05
1.635362943592781274e-07
1.683336283488904564e-03
4.485390680181485124e+00
5.497829762703023704e+00
3.756849635600546744e+00
6.205244775590114392e-02
6.555510176056308870e-06
8.351340621233428787e-07
1.479920814834012526e-05
1.282013509773708894e-05
6.520410729425118772e-06
1.176569989545794667e-05
1.795773647100940533e-05
1.638230864662892203e-05
1.357756561788476946e-05
1.344093181773970714e-05
1.708364764011103016e-05
2.514533794204008523e-05
2.172100370336486386e-12
1.533371139897914350e-07
1.331612146554499998e-01
2.051591378106590202e+00
2.886158970984731287e+00
9.264500809778881685e-01
4.949057126110821200e-03
5.403196714369719496e-03
8.972241782672744914e-03
6.329726514561767473e-05
2.981064615538907136e-06
6.879897649558460071e-06
1.939374129846312714e-05
2.046393440613061962e-05
1.502039623420701052e-05
1.312342579184941699e-05
1.621392947688333390e-05
2.473676585693262550e-05
1.234785278120301300e-12
7.197658721871313363e-06
4.589387404252256886e+00
2.827088372409530148e+00
2.081508215533456330e+00
2.524444712381857858e+00
3.930688066831293792e-01
7.876141187281986422e-01
2.991428153568115311e-02
1.399783791945577324e-05
5.613013626607425502e-07
3.057673350517990782e-06
1.890467288619365432e-05
2.674860436184448682e-05
1.861336947603300652e-05
1.414755825760062552e-05
1.587022255735251699e-05
2.356440163518411549e-05
4.194490286897819507e-07
1.181398001120552932e+00
2.595350443178994624e+02
4.187182633656665764e+00
8.261737167431387974e+00
1.266795849048904188e+01
2.591122182707303878e+00
1.324359271753803857e-01
3.100394331505397592e-04
1.074365036577237757e-06
1.522387368946383821e-07
9.860575185285191507e-07
1.235858780068078699e-05
3.100416373492588274e-05
2.368658776653121610e-05
1.608823422560602532e-05
1.604930123616973148e-05
2.246692518548067783e-05
2.831978627597064022e-04
8.308875651213428748e-01
5.400400062271704549e+00
2.189545911204961115e+00
4.124015848687692554e+00
2.906956819387798596e+00
2.020983438153828970e+00
5.549025040404682863e-02
1.833227320610447252e-03
8.539410228222437305e-05
6.991712940957501550e-07
3.142560303504406199e-07
4.941748183691300464e-06
2.704832440126826102e-05
2.633443745348934198e-05
1.714942152571127953e-05
1.592044565233274173e-05
2.159226198606428122e-05
1.487343787088148529e-04
6.685681784712575737e-02
2.019147476283535081e+00
4.205786772081610003e+00
2.303165154418437943e+00
1.061530323362675166e+00
7.932411098860826515e-01
1.871266134565584827e-01
8.108767538380399209e-01
5.178104314564824923e-02
5.301181652405631476e-06
1.603142926473184229e-07
2.442634270572446181e-06
2.161801658046111029e-05
2.539011041433419610e-05
1.677429956674094628e-05
1.544295170848292815e-05
2.123282929431916200e-05
1.106445486733418031e-05
2.018219703424136910e-02
1.531812535818407595e+00
2.338697129187738089e+00
2.309440265219092403e+00
1.089583048845942231e-01
8.410123643276005631e-04
3.164165189473464946e-04
1.977897606591613733e-02
4.984776462339708843e-03
2.800977730815474038e-06
2.501683614118357898e-07
3.326354682637405601e-06
2.178036352359960764e-05
2.422147466373171469e-05
1.633774481498539961e-05
1.517646750847659300e-05
2.123422970261638787e-05
6.944262308049485161e-06
9.153917270265389192e-03
6.280487345173556557e-01
1.520088927274109603e+00
1.685442819937105430e+00
3.275686940243586424e-03
5.192728456644066226e-07
8.812804924240425857e-08
4.234365493019290051e-06
1.142740548465358253e-05
1.292751179071328612e-06
1.405135191150037242e-06
9.251356710103854645e-06
2.547464841309584366e-05
2.341914077997903093e-05
1.625544033911757510e-05
1.510801391230450039e-05
2.096258328984909600e-05
6.619106634174487095e-06
9.993778156227877026e-04
1.238565509068004639e-01
7.973579524894630621e-01
1.150849035619035676e-01
8.518021464956902810e-05
9.429716893676628217e-08
4.388445825822769994e-08
5.958060468146075629e-07
2.925474769651847378e-06
4.385161600604687081e-06
8.884832009331051399e-06
1.924495348765603540e-05
2.467675520168503050e-05
2.058902155316609075e-05
1.566864684874838231e-05
1.518060399190188823e-05
2.096252139012625738e-05
7.495319670436279181e-07
3.284493041769045477e-06
4.094615830650518221e-04
8.043131288586254091e-03
3.375873672325328811e-04
1.169178782169879307e-06
1.583199258815472073e-07
8.370248413119448685e-07
5.777814461190764336e-06
1.365375039433269832e-05
1.782686430844669052e-05
2.015809838901125891e-05
2.055661318143362168e-05
1.914721014485650763e-05
1.668050643724191786e-05
1.459696760103826457e-05
1.554636401922395377e-05
2.197405485373977554e-05
6.940615268837117363e-07
3.170089680052543237e-07
5.358049198363361194e-06
6.152525940866799940e-05
7.594853122278229048e-06
4.712669823568930656e-07
9.318981462210210430e-07
8.559185592662534321e-06
2.751777456471235115e-05
3.013586851689576730e-05
2.387868362443707542e-05
1.921947080324617110e-05
1.677456721909974583e-05
1.574915034614559226e-05
1.487182209926730356e-05
1.424378958336882007e-05
1.612672190106832320e-05
2.311603516000700317e-05
6.501287447335717916e-06
2.615623115962141008e-06
5.525563545034740510e-06
1.402713416842437133e-05
6.993462743274564136e-06
3.563665860932494023e-06
8.115868473368061193e-06
2.420239287090984246e-05
3.171768205386169383e-05
2.358710950867548003e-05
1.708874648112953412e-05
1.488044541127331419e-05
1.495614032428931511e-05
1.557174373003079510e-05
1.534805498879816195e-05
1.476385662293590088e-05
1.638992799612901233e-05
2.286747373715534239e-05
2.889166587671754974e-05
1.807162097164045163e-05
1.615560120658810121e-05
1.675165503390664871e-05
1.433793145210998017e-05
1.454134491832774384e-05
2.025773831291859039e-05
2.415739673341766607e-05
1.991989346688451953e-05
1.470592261376020007e-05
1.268195537314615859e-05
1.320680959812917994e-05
1.490963941158873223e-05
1.624342279366175484e-05
1.598643073585768285e-05
1.501431523414620251e-05
1.603888154013990468e-05
2.162412835123975037e-05
3.641702159297715587e-05
2.676860811502097055e-05
2.028724960441406303e-05
1.724730200827884462e-05
1.705469630711358776e-05
1.943002703144471497e-05
2.106490602018325212e-05
1.793128081523997643e-05
1.352024344358496169e-05
1.185019089912561051e-05
1.269563115360290691e-05
1.441100104293008192e-05
1.580641861728274559e-05
1.634572736833188637e-05
1.569273113356107449e-05
1.480732681182833940e-05
1.595344470613023531e-05
2.141535308735842088e-05
3.052301127915776896e-05
2.235051934628619572e-05
1.726541541884625932e-05
1.593969014993686819e-05
1.798986778868449490e-05
2.156184509510503268e-05
2.162587072288421283e-05
1.678803850224115890e-05
1.307336578088311318e-05
1.347147078263507460e-05
1.647352081921352106e-05
1.840566833992944443e-05
1.817671396728065539e-05
1.732223324548337389e-05
1.643794156595393665e-05
1.613673006286178743e-05
1.808035742190164556e-05
2.415788769803522263e-05
2.901204896075107508e-05
2.191044480625349453e-05
1.820135965369555549e-05
1.870694983171444732e-05
2.295901936148495785e-05
2.764418083312942048e-05
2.680765902405896664e-05
2.100332502780373218e-05
1.751737454704872926e-05
1.937039095879564737e-05
2.393129148722140598e-05
2.539367399916579726e-05
2.348717044622610352e-05
2.170229286010305731e-05
2.097802158402613614e-05
2.145975595248122506e-05
2.433705748108614211e-05
3.079856451001653026e-05
