7.226727520305345205e-05
4.724536655613041197e-05
2.960994012999985063e-05
2.939337623042612453e-05
3.391648614510785827e-05
2.833105477411004583e-05
2.421001064126304463e-05
2.924947653409289058e-05
4.126333773075479487e-05
5.398094360030456331e-05
5.748485109396106170e-05
4.996783206649487184e-05
4.266572079110744292e-05
3.867489710345586873e-05
3.604339058863229961e-05
3.910625842287472799e-05
5.403054162476800802e-05
8.253065283179288091e-05
4.544952099770252469e-05
1.021080546927477661e-05
1.514496228254600466e-06
2.205118012169691169e-06
8.082095687009859683e-06
7.593569828425636438e-06
6.580374485081521215e-06
1.315138557935851800e-05
2.335588536196658743e-05
3.200960563482058521e-05
4.526765393928895530e-05
5.267719466402479218e-05
4.738596217181702096e-05
3.734083037750107205e-05
2.878807319546409358e-05
2.735885754999419558e-05
3.628017283583577013e-05
5.798327815151109818e-05
2.134958143359931028e-04
1.867596773532752134e-05
3.470833971596364310e-07
1.751722762848453930e-06
4.817789261090211979e-05
2.593630003023229081e-05
1.783912121247064993e-05
6.018940553994577068e-05
3.181525741270191865e-05
9.760277410614704059e-06
1.541371706418822213e-05
4.125372835544399084e-05
6.294067220588316417e-05
5.408224647878162058e-05
3.554007398430683525e-05
2.748613393120672230e-05
3.119944493659852129e-05
4.692800039877149904e-05
6.040743952810626732e-03
3.548636467763255625e-03
6.232449307246794128e-05
8.493774573081919752e-04
1.927670863521599443e-02
1.079688340709010139e-03
1.137595923518219289e-03
8.431528927252204472e-03
1.409861778120539348e-04
1.146133188801843558e-06
1.071394154596188793e-06
7.416118503043421364e-06
3.456389098346579312e-05
6.305698471005958725e-05
5.009574741079544555e-05
3.405520825136598603e-05
3.242310699994013556e-05
4.408925350832529133e-05
1.861716047208489960e-02
8.616250627207969748e-01
1.727860666451010163e-01
9.587636645730057694e-01
9.132799079788828100e-01
4.664978277594370414e-03
2.491846848912454213e-02
9.559556884970259460e-01
2.338578498200359884e-03
2.089917006424090505e-06
3.360103399331962767e-07
5.600571952106860945e-07
4.191072929968128951e-06
3.190177949658302910e-05
5.615338614582794858e-05
4.249475521431159597e-05
3.594663975571060408e-05
4.413953669096038938e-05
6.398023894326602436e-03
2.148760264360261907e+00
7.514426073184088395e-01
9.999404324068198457e-01
1.131718609630791850e+00
8.815836621852271571e-03
1.788519406228292891e-02
9.194689174403115617e-01
9.804194252158417167e-02
3.131239781104955527e-03
4.853726697652468178e-05
4.583494798128794017e-07
5.020315061732123745e-07
9.593073495982104836e-06
4.614027625571168146e-05
4.828144525876961368e-05
3.942906732478935046e-05
4.400645303898172779e-05
3.197312344702453978e-03
1.835976275047745299e+00
2.953363868869789410e-01
6.389733997659556575e-02
7.969819807173373905e-01
4.066965870655956522e-02
7.149513014461447583e-04
1.068940498824019845e-03
1.787935091582864428e-02
8.569806505549858455e-01
6.200220625758400689e-02
2.159176163932527841e-05
9.226498074449804023e-07
6.029782652741744658e-06
3.480546381788662098e-05
4.768177767456965833e-05
4.091975567336364521e-05
4.352111269899180024e-05
2.709164131202263344e-05
1.087158947043259938e-01
6.901699707414503671e-01
2.927563234501955394e-02
1.998999523393587413e-02
9.065431163262493031e-04
1.495307070258507811e-06
9.033625456792983789e-08
7.000667340023046342e-06
5.871892953649244379e-02
9.697660714463849363e-01
2.655931329170683596e-03
1.590597426590379345e-05
9.999377911184281707e-06
2.724956571206874189e-05
4.041574407782802351e-05
3.958226406060572609e-05
4.384096650831853531e-05
5.316200359678657140e-09
1.302112409348220547e-05
8.275306404671391169e-02
1.521573301682344614e-01
1.674167530991042428e-03
4.793469870432030114e-06
3.111196880995757796e-08
1.855665859708246354e-08
8.988929166312890321e-06
6.795630093909557634e-02
9.467657612967077529e-01
7.836460883558256027e-03
5.821173161071478192e-05
1.446552102893523647e-05
2.187136177740989373e-05
3.308899648848890516e-05
3.813168113622566026e-05
4.578435829279259143e-05
1.592135748764781153e-10
1.261522609305711089e-08
1.756055802105558261e-03
7.234831073410872282e-01
5.197775039068101149e-03
2.245112821752145068e-06
1.098054122809749322e-07
4.057154489275384243e-06
1.047470288718688712e-02
8.901688722461108538e-01
4.737963867661517531e-02
4.967524447863169799e-04
5.678100528249734399e-05
2.503067025304254678e-05
2.271043551461618951e-05
3.090373480244912405e-05
3.962750934404261557e-05
4.910814657473695143e-05
4.000843290813669842e-09
9.784535173454447350e-08
2.067434136414200620e-03
2.703344260030667301e-01
3.386171829278528111e-03
2.483845036600746238e-05
8.221507981574300216e-06
5.100589292665275387e-05
2.238412987592589692e-03
8.702040761592271315e-03
1.830407597724221722e-03
1.432154657982595428e-03
8.574320730214045555e-04
8.770153061705133449e-05
2.408957084929446270e-05
2.988493336426491237e-05
4.305358148830419954e-05
5.238108402731938266e-05
5.869151240275167766e-07
2.853697002261444812e-04
1.023556979200924477e+00
7.102337089006329762e-01
7.861064600145182754e-03
1.457490227207039468e-02
1.268561569501114664e-02
7.780326244492069500e-05
7.289192418243705615e-06
3.688842765685481609e-04
1.311618783322127668e-01
9.203839646052089929e-01
1.042105826025148570e-02
3.808686340657553853e-05
8.388013419647315775e-06
2.241061781515943122e-05
4.557758677917351646e-05
5.533126830857964813e-05
4.092609547618741907e-06
1.863975846589303875e-02
5.494655217876585596e+01
3.254183739046545121e+00
3.763284029207716874e-02
9.376376648205396735e-01
9.723841109670487981e-01
6.029102686106219307e-04
2.494589106959688209e-05
4.072721554730103499e-03
1.781751068423916173e+00
1.055310286050219259e+00
6.168842346972758803e-04
1.377321330768771770e-06
1.400109745685129412e-06
1.478368535891530300e-05
4.839817650315452613e-05
5.972324668271163550e-05
7.190203200310255845e-07
6.236141386745554368e-04
1.963479455093382064e+00
8.218694070219986214e-01
8.482033335839122071e-03
1.117527787336288804e-02
1.763347071701545921e-02
7.638336387025666634e-03
3.616370870229127649e-02
8.302286504882128160e-02
6.789888857023498869e-02
5.488375637361260495e-02
4.775121306101760268e-04
1.463999482864757648e-06
1.087711207108929365e-06
1.406387879396853451e-05
5.349512581197729327e-05
6.397591255130058029e-05
8.933967544941919204e-07
1.564212281172489255e-04
1.231889280624904742e-01
4.995902930924509683e-02
9.635478972037696212e-05
3.324375943539544285e-06
1.207332666490540817e-05
3.124421735632102598e-03
9.504027647793072964e-01
6.977021764306505780e-01
2.791033888779290151e-01
1.784333267988203797e+00
3.164458187149325752e-02
1.762681112012880666e-05
2.746810699326139513e-06
1.948401151262725201e-05
5.896342597553395790e-05
6.306101157085066680e-05
2.814675916659734788e-05
9.372922972603801861e-03
8.639570902556045207e-01
1.164721860809917429e-02
2.670682519943269775e-06
4.381590228037446534e-08
1.720251538959554322e-07
3.776200324372012740e-05
1.829315870350158371e-02
3.625660252841779729e-01
6.658985395364046544e-01
9.843887392209421661e-02
1.914561418095672945e-04
1.329126828372490175e-06
2.590021341410561947e-06
2.849389850024306893e-05
6.318499816591718660e-05
5.741243350401167785e-05
4.232985600277969348e-05
1.659650335730581284e-03
3.893176350781094724e-02
6.033633795665374784e-04
6.700584680943060616e-07
6.619830466280584801e-08
2.577855423793486909e-07
7.117163308846753117e-06
2.530524046211830511e-03
7.200356150181372872e-01
2.521870556134353514e-01
5.022953854125965191e-05
3.070387898912052287e-08
3.600755284099835700e-08
2.655568627664399354e-06
4.347184688902775514e-05
6.410409829747483663e-05
5.095238433582420951e-05
5.270526147278375707e-05
1.150264657815518064e-05
2.060667418209360339e-04
7.700033439768415918e-05
1.767759952558250649e-06
2.127898996478097742e-06
1.380682276450336424e-05
1.551179668356176348e-05
1.741306041409684141e-04
1.231643770999956283e-01
8.461288900318945094e-01
4.478727133207208340e-04
2.802723766393471364e-07
3.288735818257318415e-07
1.057774845575552848e-05
6.003345725049197214e-05
5.541729401778872094e-05
4.375152896028747229e-05
1.795619096399699716e-02
3.499701733124999971e-04
9.449144770465966667e-03
5.665900621390647027e-03
1.035750879761455982e-04
7.227328566421552334e-04
1.372634096054122302e-02
1.802159244186541005e-04
9.233950394491307766e-07
2.818391545063995667e-05
1.817252624709771169e-02
7.597064585345955461e-03
5.778934170261472214e-05
1.228680653786534594e-05
3.372550035522770933e-05
5.481349998522899183e-05
4.096641982035599690e-05
3.737397626259459217e-05
8.810252041881720952e-01
1.431912378683384002e-01
8.482370905375945513e-01
2.420991673418829149e-02
2.089914947483992097e-04
9.228264968750253538e-03
9.492662389957562397e-01
4.960799784387212412e-03
5.122947050461119552e-07
1.238023890497122519e-07
1.792637060844574104e-05
2.027679027330181851e-04
6.269069401785452237e-05
2.896126855506529055e-05
3.661894729574281180e-05
3.884202099170616093e-05
3.229662147426420551e-05
3.632599461645158624e-05
7.766513721305851048e-02
9.430227349547283255e-01
8.113004728838464630e-02
3.540085099815962894e-05
8.831948840256856830e-07
1.122847319294518592e-04
1.630273587423935328e-02
1.531807958224536224e-03
4.416271277109370018e-06
4.730494832925273759e-07
2.568676041750299119e-06
1.432666045956668051e-05
2.230417136166185844e-05
2.604014403635554717e-05
3.139378892562697757e-05
3.220087673987567610e-05
3.184404436579293577e-05
4.112501299959558481e-05
5.370467336148303066e-03
9.315215576113031748e-01
4.732738150638256432e-03
4.265424023017246613e-07
3.640789050740198006e-08
1.419448797788111005e-06
3.522914164511797532e-05
3.916047680882563548e-05
1.218468374122317093e-05
8.409871501878718336e-06
1.371107253502794098e-05
2.331874894889647440e-05
2.958128786676791905e-05
3.191997157651864375e-05
3.318227741110618006e-05
3.375042901953490465e-05
3.569925483502073228e-05
4.646440835116046330e-05
4.031598986522488002e-04
2.127644405498105643e-02
4.722937179798133924e-04
1.326072450391593187e-06
4.813486053297147490e-07
2.888842977765407901e-06
8.997579339089836059e-06
1.366503071610071779e-05
2.173515786939507504e-05
3.469989386311321430e-05
4.376968355892920049e-05
4.466548596806583761e-05
4.048625316341935101e-05
3.626874731184756226e-05
3.545408775021886459e-05
3.658980756251342735e-05
3.872748447122179716e-05
4.842992209803447060e-05
1.642579915678297803e-05
5.864607690757597748e-05
2.565897363983784188e-05
9.001074344904433187e-06
1.549486381955426852e-05
3.412204875052610024e-05
3.522413836178870809e-05
3.071141021179127730e-05
3.578591891057425028e-05
4.482225147990704029e-05
4.783065153297698483e-05
4.438109583585277032e-05
3.885429838268123160e-05
3.554940073449439704e-05
3.646899818193546087e-05
3.930993897977390475e-05
4.278516498078073011e-05
5.347619197309039295e-05
8.325820149590423583e-06
7.590426813835625909e-06
1.231897530355918999e-05
3.137423830824184132e-05
8.190726052777661209e-05
1.182460611371044995e-04
9.095572744970957274e-05
6.038862146116573686e-05
4.924906139309976694e-05
4.843811497044767165e-05
4.931911066790447363e-05
4.786286446746559155e-05
4.463569116059528410e-05
4.341111460422612155e-05
4.608905674012954770e-05
5.088297422647805271e-05
5.754074656334574525e-05
7.191328967445322128e-05
