1.653115905821239832e-06
4.367046966664072868e-04
1.584641956224325243e-02
4.395338410435174065e-03
2.780206314842464596e-02
9.333104196892775262e-01
2.813284671515096577e-02
2.653295840633191325e-05
4.988653515297871231e-07
2.139213519788325474e-07
3.714468087765301822e-07
1.440580935562702201e-06
1.382056173881825859e-05
8.419641604910119506e-05
1.447202576005396238e-04
1.598375029251204618e-04
1.896165288754011644e-04
2.537624500373727521e-04
7.858958027113391401e-06
2.472723841876978135e-02
9.083252341793404128e-01
1.208223857956653227e-02
1.310904407123051577e-04
3.924427259380929576e-04
1.546940382176008148e-02
1.918563366728553293e-02
2.319384083240965950e-04
6.254499320345755538e-06
2.267022756206037401e-06
2.969028884942806995e-06
1.726465800244400786e-05
3.131853638969103303e-05
1.284845186699538101e-05
1.896327811387630037e-05
7.980337783693554820e-05
2.400065059323257298e-04
2.401464636649643884e-03
1.037242208825654544e+00
1.025432847442750317e+00
3.837312161151711087e-02
6.490580528033337187e-05
4.716237166192557040e-06
7.045774159770219064e-03
8.890787022334047940e-01
2.763880474575037757e-02
6.351631521197754170e-03
1.354195441110860737e-02
6.622163037443019526e-03
3.785023894738288874e-03
6.643675052477336423e-05
3.156685459145662321e-07
3.790030771568606390e-07
1.488150958189141374e-05
2.104294178534348914e-04
3.648978620097338005e-02
8.165405072674086773e-01
1.206675495806205506e-01
8.247209880220928158e-01
8.046778257413197966e-02
8.098721734162645305e-04
3.661421716421790762e-02
6.030698641954408690e-02
6.041754681206990864e-04
1.058779795739601438e-02
8.933728696080200926e-01
1.082311017013902088e+00
9.521679731883430087e-01
1.958656605312236558e-03
1.424422786659091676e-07
3.006820712862366509e-08
2.929045915147445611e-06
1.354545354259099291e-04
4.995674974303208069e-04
4.039816740062186079e-02
7.720010658535245152e-02
1.106552864386278312e+00
7.902332596576304713e-01
1.356155343506907085e-01
8.383541176378749293e-01
8.709240673551865361e-03
1.043923370721073875e-05
1.597278292901974095e-04
1.173878611624238830e-02
2.574066230748273815e-02
8.345198339737208704e-01
1.580717471903934357e-01
2.351525629964070161e-05
3.724163447031683930e-07
3.241416526539577796e-06
7.624413833033919158e-05
1.023107468933698799e-05
3.041753370821488958e-02
8.176146299755457925e-01
5.528614965833634348e-02
6.529200307782786865e-03
1.164183648917690300e-01
1.919424725016037003e+00
8.973870867040449617e-02
2.573974919927030959e-03
6.349073532759393242e-03
3.060847667111625536e-02
1.291506410368066342e-02
2.974021665325032315e-01
1.656603616707170268e+00
1.224856313762475238e-02
1.047504193261625228e-04
2.125054938682517471e-05
5.054397357109972205e-05
4.756618734296297948e-06
3.217401245040335620e-03
3.819526823594580900e-02
1.022629847184237202e-03
3.126154570715901967e-03
9.652419883154450542e-01
9.231112293586883899e-01
2.142210351729178508e-01
6.006259751896178001e-01
3.981743315091351709e-01
5.495416366812700959e-01
2.193447067880786583e-01
4.792257533434206573e-01
3.506338695517272619e+00
1.001718530590377521e+00
1.188940670389787048e-02
8.893684677671178187e-05
2.652870422979397035e-05
5.718790466548132094e-06
1.544200493542786210e-05
1.264568020241371702e-05
1.289625579843494766e-05
6.497137954089900018e-03
9.702400549277023778e-01
7.355564913894635515e-03
8.922210789456528658e-04
1.677343250729415244e-02
6.918545608243180552e-03
3.623401530486596023e-02
2.336416709304901251e-01
1.429700426278512626e-01
7.708489079998286364e-01
1.772651571027183515e+00
9.483908759554994516e-03
1.208868936228759239e-05
4.563862066817311278e-06
1.487259988506286935e-05
1.523573091401308983e-06
1.770316449016544217e-07
3.871184540166717707e-07
1.784962205620984450e-04
8.910444126915457314e-03
1.446760644112318230e-04
1.466988638750681433e-04
1.860229982063856674e-02
7.327656980274192648e-03
3.110845656909576318e-02
6.557316431014345026e-01
4.059906198377816883e-02
3.113248850452255898e-02
3.589780023508353790e-01
2.555952238592323639e-03
1.662079268866974547e-06
1.129956121539698212e-06
1.824781648024434918e-05
1.600593216218762492e-06
1.356630140273552067e-07
7.246533609871040919e-08
9.136025669564305324e-06
9.424335826189891505e-03
2.879219494567529167e-02
7.680553687165153631e-02
1.861494500898454474e+00
3.131359173675760110e-02
2.211640250435959690e-03
1.277882623305225951e-01
5.897620835523633559e-02
1.872944808582352808e-02
5.822858534664280272e-01
1.627562183699063705e-02
4.302621648981803373e-06
1.090091521319139146e-06
7.419768933827242394e-06
7.281784969758286234e-06
3.958805175634515701e-06
3.368516659783545599e-07
3.295219975171742234e-06
2.056983340859195111e-02
7.953356593807953123e-01
5.646526874803104584e-02
6.779956833072528673e-03
2.635537310661115943e-05
3.624812827554201854e-06
1.958829523906649092e-02
8.553172015170662501e-01
6.006027912451467055e-02
2.647269888196856491e-01
1.104951478505544413e-02
2.705182869045941332e-06
5.764880138090345607e-07
7.335252503023129997e-06
9.822080268739206629e-04
2.315270887175184186e-02
1.705494030512441097e-04
6.691855608409001028e-06
3.759797047993685033e-03
1.701018936209169885e-01
5.606295292676118222e-04
8.732732920511038943e-07
1.605152170137998721e-08
2.082414583360991915e-07
1.163304242890438565e-02
9.409107681130058909e-01
9.819645746095853611e-02
7.884532296645146987e-01
1.508700876144089716e-02
7.609704717280967419e-07
1.397592416404609096e-07
1.106902015271342840e-05
2.568619993922159617e-02
5.913458027556968588e+00
1.954182702138959615e-02
6.085073430222155515e-05
1.105888069030121386e-02
1.847490418588569216e+00
6.536476904278062418e-03
6.266921482564488253e-07
4.470508267808791164e-09
1.022754417684607079e-07
8.191590303490816141e-04
1.093853545595357968e-02
1.092205286202507786e-02
1.968825299095730674e+00
2.187680607595085189e-02
1.520600156783072676e-07
2.504331952727179300e-08
4.714117519628153727e-06
5.590245561256771724e-04
2.341225774391822098e-02
5.032676059422598602e-04
9.773502930366101128e-06
4.938820370001827153e-04
4.630735539877057355e-02
1.780840609588833735e-03
1.123672589741160100e-06
1.080098062888383575e-08
2.849635385627364515e-07
3.194354501243973788e-03
3.861424728691761898e-02
1.707724147112059734e-02
2.061998404160735099e+00
2.197542996553498301e-02
1.128623694513527261e-07
1.656667383543752980e-08
1.992673536264351073e-06
3.552930100271013939e-06
3.297013226187460016e-05
3.645939387010384736e-05
5.334976723033572266e-06
1.779070561331909522e-06
1.167973030303941337e-06
3.238564170045575821e-07
8.996543082999152779e-08
1.270496723142721371e-07
1.188243935836762393e-05
5.338924937442331153e-02
7.455899297808087356e-01
1.740807302082304220e-01
2.758296992880034715e+00
3.695310611605149426e-02
8.990543602243124634e-07
1.182552082925297858e-07
1.761024697386605604e-06
1.426760741585341735e-06
1.098643067126296496e-04
1.830498200534259531e-02
1.168667267447568228e-02
2.517728774410817280e-05
6.055062223346524542e-08
8.527231476354469980e-09
1.735684135389827333e-07
9.351456291922981084e-05
7.527533116795413932e-03
3.128521167875002867e-02
5.456352635914683835e-02
8.546057282505789554e-02
5.711273593153352868e-02
1.924810019829907733e-04
3.326315054365713570e-07
6.750263874218530067e-07
1.458958502689339290e-06
4.593925980605176220e-06
1.877689369622352134e-03
9.361226343731335886e-01
9.763189283704531984e-01
2.751236084336686292e-03
1.078675908879262679e-05
1.315786453091900589e-06
1.564422590640784279e-05
2.629646981358188529e-02
9.046892106740168638e-01
2.079024990861133917e-02
2.055734990513063271e-02
8.305397987476778043e-01
2.243720309648902442e-02
2.206742498085570003e-06
4.788632780748216435e-08
1.434455534955411919e-06
3.468073106752233386e-06
2.167172881823781672e-04
3.779181718785014354e-02
5.776141628684693802e-02
2.456168843671758216e-03
4.383594310835429216e-04
3.056503098717793399e-03
1.043605093841762019e-02
2.087927885247314961e-03
6.263944719711650108e-03
1.650452901752890236e-02
4.445894478032724989e-04
1.637901247473962096e-03
2.028821870567072860e+00
1.041349592164726667e+00
1.249865583846859003e-04
7.292361514671038340e-07
5.057764086977684861e-06
1.698297571158275819e-05
1.788683291037870826e-02
9.053314361474483762e-01
4.946427835205453177e-03
5.710650716743859850e-06
9.517960932794167420e-06
1.278625095513251549e-02
9.404538872122252258e-01
1.268234951537331942e-02
9.332585342676196351e-05
3.864533875612529009e-05
1.381297505218943665e-05
4.687746218388550882e-05
3.645381446112816448e-02
1.904517249565700565e+00
1.645598061597498482e-02
4.115214275503822027e-05
2.041681521404325908e-05
6.586908406871694256e-05
8.843310782713336912e-03
1.198081722008157747e-02
1.213316632005373419e-04
6.378194978448353570e-06
2.343687985048218577e-05
1.540034188905009711e-03
1.530237401165023860e-02
5.413319416880193764e-04
1.921726524998990649e-05
1.551121955356467037e-04
4.045345356949302251e-03
4.979560710646894692e-03
6.438642350219385239e-03
1.967202427136656093e-02
2.214668981359829703e-03
6.170277440962904699e-05
3.655869662628019145e-05
2.544074671988937053e-03
1.332267638840405402e-02
1.872959432353789647e-04
3.623662471816367105e-05
2.313690156561157025e-03
1.907778846352723573e-02
1.787561701554874751e-03
8.408031300857186929e-05
9.781988449605350338e-06
1.637824490049514834e-05
2.697633694596239095e-03
9.851470313730829043e-01
9.613704693409792501e-01
5.728419037355575449e-03
9.961090359505703066e-05
1.997502903067516301e-05
1.615616045221140556e-05
4.833206114212769443e-05
2.081107097630094729e-02
8.926178811206456620e-01
9.115126291354186394e-02
4.073552667049672865e-02
9.478898479898520968e-01
9.635406344474477525e-01
4.210372054841053126e-03
1.839227363560218986e-05
3.060568969923306101e-06
9.403774512283256652e-06
2.535175010085033800e-04
1.106166856975237048e-02
1.349062752565830491e-02
2.587937210927930077e-04
7.881905968004217721e-06
4.879103999335517594e-06
1.695499957798969270e-05
7.715050017854614207e-05
4.907288981683875594e-05
4.837659789727746795e-02
2.914952153285058856e+00
9.110622020663874387e-01
7.112166785148524295e-02
1.074857640666665448e-02
2.686890999146961069e-04
6.065658162704946416e-06
3.206381379769105726e-06
7.560585021270017015e-06
1.133486489339705274e-05
1.498678895162126613e-05
1.594326414740902370e-05
9.799500161974292021e-06
8.188128859408514015e-06
1.593026818917849809e-05
4.318411113190983902e-05
1.104450411462724283e-04
1.421169030444192483e-07
1.677152574124390232e-04
8.708288813115999671e-02
1.072751780383261570e-02
6.094413797853225024e-04
1.791345401309770964e-03
2.242465286559312810e-04
3.546446209483309226e-06
2.774210073962022393e-06
1.427643923921078240e-05
1.564981004346284736e-05
6.488821200608003913e-06
5.186828427149036224e-06
1.088936990070218773e-05
3.076403703067222864e-05
6.299172130258698865e-05
9.161786042951870464e-05
1.387302257733399598e-04
7.114592601723019047e-06
1.756277288482817681e-02
1.905419222389021838e+00
3.637834313336520131e-02
1.800011858169321688e-02
9.343150650005522806e-01
2.885646029441511426e-02
2.006652207966524634e-05
4.585968164529088053e-06
3.737302432839544796e-05
9.362947140707270045e-05
6.086873953856291664e-05
4.517229843759911704e-05
6.705870737641480238e-05
1.231887736073407173e-04
1.626863631194633113e-04
1.676964438070293229e-04
2.014148184950669365e-04
