6.103103580190481219e-08
8.586291978941416957e-07
5.878516433747172509e-05
6.683222516780325294e-05
2.115211980975049963e-05
2.514835731789035077e-05
4.603542681253960489e-05
7.475962627790722678e-05
5.091886995666436726e-05
2.627966070180161567e-05
3.570932597391298264e-05
4.171333533884012977e-05
1.614118881493761974e-05
1.226654561460325419e-05
3.943033048898666180e-05
1.241638626011737009e-04
2.075911748858687517e-04
3.350455970028015933e-04
1.478838677230256263e-07
1.934313921211936816e-04
3.334350507070527742e-02
3.114621238380088815e-03
2.358909344469028513e-04
3.060267781313482559e-05
6.264749139479618832e-06
1.549861314756665454e-05
1.924059931508931477e-05
3.238018225226851199e-05
1.568298009101912237e-03
1.788408203034341434e-02
6.806253632341530656e-04
1.342492242156550875e-05
1.137359040409322038e-05
4.800457503480333297e-05
1.149333494468756978e-04
2.199339157413165264e-04
1.965442141066005527e-05
1.228550434974551298e-01
7.715505720976567616e-01
2.319053044878537778e-02
2.054326507578357885e-02
2.467217617394906423e-04
2.819018193002640899e-06
3.607458387674916222e-05
7.541354230152934367e-05
6.304214636130190015e-05
1.284457289727582684e-02
9.408131283044232074e-01
1.964245393330703651e-02
4.486894194260545563e-05
1.055057998668987559e-05
3.776288956069413755e-05
9.969278018459784140e-05
1.987827481923780024e-04
1.331394874303065939e-04
7.694386774558495956e-01
1.266275182011403988e+00
1.560581096907374399e-01
8.542150161331590885e-01
4.992099404326266754e-03
1.346946871556476311e-04
6.167359219675320331e-03
3.193191259482878065e-03
9.377855431512282386e-05
1.720330912288204348e-04
1.435227829411150945e-03
3.706527203535639773e-04
2.087453793734709258e-05
1.486744224993808518e-05
4.812782813798462171e-05
1.047536305771078414e-04
1.942449665314952391e-04
5.508515830794096131e-04
1.360987893115110703e+00
8.559615898582324078e+00
2.048624837220109907e+00
8.440605444154112291e-01
9.738688499777846397e-02
2.521724692952378999e-01
7.346809187900246174e-01
8.723693861638241731e-02
4.827631208533464564e-03
1.311566509068976655e-04
8.854068047552061653e-06
2.796819767889879131e-06
2.940915127786794086e-06
1.232744921364017355e-05
5.408777922364249867e-05
1.081711774827629884e-04
1.914963085777736417e-04
9.924119425834376784e-03
6.914502703215456014e-01
6.193964273363712358e+00
4.159126342100396556e+00
8.165866303137812865e-02
6.921836143120085882e-02
1.453063473440315612e+00
2.485734438741798724e-01
1.743216452077940848e-01
6.875123035517590742e-01
2.108213092022656887e-01
5.792501738412438213e-03
2.650331729794230844e-05
1.524040300366216187e-06
5.068558154047940039e-06
3.753742856112902483e-05
1.031522982837063872e-04
2.006732586583885255e-04
3.109735275709590765e-03
6.213943626709379081e-02
1.338018706046196105e+00
3.448105533947424917e+00
3.299133282989182014e-02
1.262989538864340601e-02
3.020527985725495190e-01
2.573733136833764590e-01
4.227765116937925449e-01
5.168371706379991659e-01
1.604975938875975228e+00
9.505839773752370325e-01
1.435285918327967826e-03
6.906964105122356263e-06
5.634313197628516138e-06
3.023525538045859247e-05
9.794071433439067141e-05
2.166153915118065616e-04
9.367118561650347123e-04
7.269816375148298315e-02
4.470066230339409530e-01
4.843046851479307358e-01
5.259560928587480449e-02
3.322898224338597523e-02
5.523235988785294426e-01
9.561547728184686123e-01
1.105418307246231135e+00
1.034619333183196543e+00
1.226762672869130988e+00
1.108766138261601641e+00
5.949417881348929155e-02
1.016461356659318369e-03
7.393071978432638541e-05
4.952681064925678722e-05
9.928793161435143133e-05
2.287125866312182134e-04
7.353472393041765587e-03
9.191718036396928637e-01
1.426274715796867820e+00
1.042363375514160806e+00
5.255551821302716364e-01
1.930751900149491329e-01
3.121973377955892248e-01
3.038239939499722680e-02
5.518724379057891177e-02
2.714465233663632127e+00
1.764857311739066459e+00
9.373000495225516371e-01
8.291224058286430498e-01
1.133826790441994255e-02
8.678499235089503475e-05
2.837252843143291784e-05
7.818485180522356034e-05
2.294759840345242559e-04
1.563176569735243572e-04
2.474497785698622637e-02
7.238735046203662593e-01
2.573925561955559882e+00
1.538271822431613423e+00
9.109042649935930047e-01
6.680983690988068213e-01
9.684430800197998956e-03
8.513633110553475714e-03
3.205847943796955590e-01
1.252417009946825144e-01
2.488590178786478091e-01
1.155206593603184950e-01
9.517299923914336319e-05
9.840256668241295527e-07
3.671658160658203667e-06
4.741214862649926370e-05
2.230736490955651224e-04
2.362775005071792621e-09
5.440028565228462333e-06
7.184120848636556256e-02
1.896312419802880456e+00
2.258843446433188351e+00
1.218251237641710505e+00
9.322200556089169088e-02
5.634148282817044370e-03
2.402671706523323153e-02
4.225443560548513000e-01
3.642569217845662011e-01
3.073008639740081871e-01
1.264574608128596865e-02
1.544448479822705165e-05
8.494633224701245852e-07
4.733867738610879497e-06
5.079191862565759314e-05
2.327305800901917593e-04
2.048106824608190180e-10
8.182189235208999498e-05
3.180078389244234582e+00
2.606039757682829361e+00
4.920988214321757148e+00
2.747611260474198680e+00
1.540922738092766024e-02
1.800690371339676299e-02
1.485936640165948508e-01
3.166611911814549152e-01
1.731213983985095295e+00
6.462661485013313500e-01
6.462622347963906111e-02
1.114135917961798887e-02
6.609175156831153652e-04
7.604230246126178049e-05
8.230966967203301053e-05
2.496288240767018996e-04
9.050454928078482662e-06
2.151388528948377399e+00
1.374285733871373338e+02
1.852033585488214618e+00
5.014976535530390578e+00
1.104857703856643170e+01
1.807959230705268316e-01
7.455003268103465031e-01
7.906706210631238019e-01
8.892385252858281408e-02
8.359875728684273977e-01
7.205186345122082114e-01
7.590809473748946212e-01
9.450766961883343420e-01
6.058265853379057701e-03
5.654944133672296233e-05
4.722366911041072610e-05
2.239658311980099851e-04
2.902970873566443344e-02
7.889297476657624042e-01
1.507510337709552894e+00
6.206937111982206545e+00
7.016143909663389522e+00
3.725242413073932557e+00
1.166117652108880298e+00
1.789589537058227653e-01
1.518013064409846034e-02
1.945809330490759839e-02
1.607806588170470619e-01
1.072591432550333845e-01
3.437648109874453239e-01
6.317809762058884671e-02
4.567247128569946384e-05
1.545853139628428613e-06
1.331877097817078115e-05
1.884288000815476777e-04
3.762540455449520094e-03
2.839879716220010262e-05
2.325704835228626494e-04
2.208987836528045534e+00
1.315404390900899889e+00
2.472256081390628857e-01
1.585272581645174705e+00
2.102048635831466408e-02
1.533967589156423747e-03
8.836568162505382962e-02
6.049117189242190218e-01
2.990024113054512434e-01
4.266442030334908209e-01
2.410030492220670544e-03
6.046510992614393339e-07
1.763504759231184660e-07
8.969401769898291998e-06
1.970674148895181020e-04
4.605481865373651265e-05
3.734371589557780560e-07
5.638929289783306770e-05
1.911222736609692996e+00
1.460541357437806331e+00
1.535659711880220102e-01
1.277103229683496377e-01
6.475113593826317335e-03
2.247518434564991369e-02
7.779200558310479519e-01
1.459026828834340428e+00
1.597252820189939859e+00
5.250311476651258191e-01
4.566742045287734328e-04
2.535864095726603208e-07
2.618428830616220141e-07
1.497382051757033300e-05
2.382408808934909322e-04
3.449054253959464401e-06
4.323510094556390179e-07
4.530077633482347283e-04
1.939460182650624143e+00
1.731552716723607332e+00
5.311123289543362436e-01
7.177815928618885843e-02
2.851499589929573295e-02
1.015665372160900137e+00
2.122794018614069689e+00
1.768801644994401512e+00
3.231549929747226546e+00
1.661069644685781999e+00
1.590430672912566956e-02
2.200214389656828605e-05
4.035827798332730431e-06
3.816612992794732778e-05
2.821006028716525828e-04
1.262246691883753127e-05
5.661499365136370662e-06
4.637869852894530368e-03
1.188125549917552926e+00
1.851614340288464944e-01
5.751516691532551073e-01
7.751495823080392089e-01
2.020077590867951356e-01
1.509981957963027144e+00
4.401001918954028369e+00
4.715032474666939422e+00
1.519692850558709563e-01
1.609530893763840009e-02
1.415730646154434239e-02
5.144770072607788387e-04
4.332352628558845144e-05
8.257023530605050023e-05
3.043343611998600238e-04
3.465013403413292649e-03
4.857773119457443195e-03
1.039869492126685030e-01
4.509018659643901916e-01
3.344647288370148491e-02
4.646615911692018597e-01
2.020143547400999662e+00
1.086279367585969019e-01
1.508190020522946484e-01
2.947857022058488319e+00
1.011719002124624733e+00
6.130477311533663674e-05
1.810507757941628469e-07
3.932280926476481525e-06
4.043375843140181925e-05
5.257564074730068730e-05
1.084760914985945858e-04
2.911976521882255007e-04
2.079691699646131833e-02
8.572813798821402598e-01
3.077335551963884530e+00
5.274557507554423763e-01
7.095352500914320348e-02
3.728031406124530100e-01
9.767643315402411153e-01
9.127400249368342600e-01
9.714447323448457405e-01
9.331641162419496149e-01
2.348784674749966259e-02
1.052109540591421209e-06
4.623027593880971092e-09
1.484451368021827583e-07
1.014813318854602622e-05
5.715727928711008280e-05
1.234731989860675882e-04
2.617058087399941791e-04
4.054445802412093313e-05
8.586792156106433371e-02
9.974074992120698369e+00
3.264568208031692009e+00
2.050399000552960871e+00
1.590487921099131174e+00
2.649408436805277267e-01
8.156498172010534509e-01
1.182744031092123060e-01
8.701358803046036969e-04
3.823024896542750935e-05
1.256948206287000114e-06
3.843470371071287789e-07
4.334281861275630773e-06
4.628850558564203164e-05
1.055798156492700896e-04
1.388540256396273256e-04
2.391874826547945752e-04
3.828296563486405250e-07
1.856383037747384723e-03
3.924963772698022435e+00
3.904676270968967966e+00
1.016136883322096285e+00
6.071162643023469974e-02
6.620134263576734832e-04
3.817098716511786315e-04
2.194147889529654550e-05
2.263934881671610830e-07
3.637872434905562281e-07
4.270441722288894307e-06
2.418999535763114759e-05
8.678708059304399212e-05
1.485104174170956252e-04
1.388361428130436550e-04
1.391164323308273618e-04
2.287626425988351217e-04
1.100368653145907761e-06
1.435021892969045904e-04
3.250846409076487559e-02
1.717478012885370608e-02
4.367666808236498970e-04
6.671031306423986590e-06
3.800752756937006198e-07
8.993109213339675448e-07
6.720719645890496206e-07
1.920815141772122591e-07
1.408350067553025865e-06
2.889220568509634607e-05
1.331316985354197302e-04
1.854834981483464518e-04
1.542929440503558393e-04
1.209869838726110238e-04
1.294856518576927267e-04
2.275154803273290918e-04
9.627470298885628194e-06
8.665210072847344408e-06
2.196280328718244897e-05
1.081483227596810579e-05
1.266712380667388796e-06
2.134561447303654567e-07
3.002522561301500366e-07
3.195610723040279369e-06
1.229430143205385041e-05
1.605683330168269218e-05
4.612137293614054767e-05
1.512819803776105723e-04
2.216425988989023709e-04
1.823199905980396997e-04
1.330768846791400152e-04
1.143237026393349899e-04
1.382382710800994486e-04
2.538887843718245097e-04
7.732861408536596099e-05
1.150781368456791213e-05
3.968156204454107412e-06
3.514766417155824673e-06
4.626227069746291616e-06
7.982481376616220291e-06
2.676295854326894090e-05
1.225030897659877907e-04
2.669758712737711997e-04
2.991758336036894885e-04
3.394387424234093830e-04
3.777134474508871131e-04
3.328980971835900971e-04
2.496694659008994550e-04
1.921671740751648510e-04
1.776065086021975145e-04
2.191048076310195649e-04
3.725309201932589247e-04
