3.543859548797920573e-06
5.678001142907947118e-06
5.933794573895340288e-05
1.858315197321055076e-05
7.284460594413460795e-07
7.815970119633409467e-06
3.590845608888093896e-05
1.224539155906648328e-06
2.720413465389001008e-07
9.963774477134394758e-07
2.513031439690185874e-06
2.714864925533680914e-06
3.465658698636480052e-06
8.218697094645023658e-06
2.175874308621692551e-05
3.648643478785001986e-05
4.400269461420879262e-05
5.857352704125133602e-05
4.331746966322513252e-05
1.027144815063262722e-04
2.553352771180819342e-03
8.022623086164890754e-03
9.251240912390194197e-04
2.780377353889130695e-02
1.686674292618887266e-02
2.641242508182903051e-06
2.091053642628718004e-08
9.112127656248294337e-08
2.227161579343576154e-06
1.303965745794275615e-05
7.860987478474977424e-06
4.269519448528895612e-06
8.246585237926783298e-06
1.964030238623150405e-05
2.920622417388025221e-05
4.151212805358722274e-05
7.627124610959080085e-03
2.175905866301323238e-02
5.078689822904969287e-02
7.323056419716873489e-01
3.622984545554909785e-01
6.577164371798359666e-01
3.509701346587739551e-02
3.681548312228850504e-05
1.703787522082648124e-06
5.054513483185287978e-06
6.456934704319084069e-04
2.617446466195203977e-02
1.577143764360144657e-03
1.567101514391848436e-05
5.431492697646834681e-06
1.368590665871009305e-05
2.516923799149668720e-05
3.723841377670054361e-05
3.695998703137962083e-02
6.865752671460239043e-01
4.096854409711210288e-01
8.714029703337556887e-01
8.519761199513424810e-01
2.688864735627486957e-01
1.273498997872392693e-02
1.699847333477650171e-02
3.449844157700882041e-02
1.785320676043254109e-03
1.518926173518368554e-02
9.181779409117721835e-01
1.281520763598105288e-02
1.069218482563244160e-05
2.044865013801458480e-06
9.071997307402446739e-06
2.382964920257625775e-05
3.724414816829836139e-05
6.415932656244072163e-02
1.176116807530959374e+00
1.691645837228624272e+00
8.986917618066996016e-02
1.673344263290422185e-01
1.660130925333728857e+00
1.636205434517636614e-01
8.365066771568474557e-01
9.046093733313456120e-01
3.131210498981568677e-04
1.001395573414845801e-04
1.935860693802035973e-02
9.835222241314804312e-04
9.800649081813060445e-07
4.293447019278348196e-07
5.794111610171478125e-06
2.535679575850670878e-05
4.182651282622198768e-05
8.644713657355712622e-01
5.244002657105348991e-02
1.197946687997384838e-02
7.630189456299189246e-05
1.390941500588739436e-04
2.271586850853163711e-02
1.006660373171914570e-02
5.741883794022951265e-02
2.256697560064214458e-01
1.558307720971843953e-04
4.415946180393670671e-05
6.151916221107520816e-02
1.008934056321225507e-02
2.399419317904266473e-06
3.724959040491641199e-07
6.052791187217400531e-06
3.431294171264499045e-05
5.510850531539537725e-05
3.663278575715668561e-02
3.653499589107370166e-05
1.060821347748000934e-06
1.327156207730417639e-08
1.123557941322247258e-08
1.313667395590345340e-06
1.816515290050035251e-05
2.484454769037982690e-03
6.426878955782852065e-01
6.386868263313055794e-02
1.285627406377972543e-02
7.764297190152830153e-01
3.294642026025976222e-02
5.263210741532082128e-06
5.934763897072663913e-07
8.752408759082761424e-06
4.806915071162661305e-05
7.034750540259917520e-05
2.901511256618218099e-05
1.686154016932773332e-07
1.245492000618215831e-08
9.248245608455426399e-10
6.066852802958892938e-10
4.912483449770489145e-08
1.940303821076804278e-05
5.283862185839507258e-03
3.619857319114228034e-01
7.519002814832358439e-01
3.088659869158150717e-01
5.449635257489612167e-02
9.711831009481760896e-05
1.971550061563973176e-07
2.949076654157656310e-07
8.232858877621689354e-06
4.455603109373212700e-05
6.473313322964353628e-05
1.021335165982596384e-06
5.079575691172281419e-08
3.216934794122568758e-08
1.412767186514399748e-07
8.969246462822341102e-07
1.173417528073531643e-05
2.860631850750519276e-03
8.947545376782857218e-01
9.237773957765785804e-01
1.220310809315496153e-01
5.121071516463648887e-01
1.172233152020025759e-01
5.147121074183433185e-05
1.584491021170154487e-07
2.903711097336131428e-07
5.292211570777089371e-06
2.626675462038497388e-05
4.526209298827346146e-05
1.473864395532699284e-07
8.560087414065599121e-09
4.232355252189326750e-08
1.028776753032902274e-04
7.284096301155199016e-02
5.320195244114101114e-03
4.765544081264398886e-04
1.082146864274678849e-01
8.546529565054962196e-01
6.976118705587507074e-02
5.122967769983586273e-01
7.756340521539568655e-01
3.510832727697528726e-03
1.619050540417396865e-05
2.161788399213104331e-06
4.496048041032667430e-06
1.636409996274829201e-05
3.698182324847992905e-05
2.847463774034200928e-08
4.831452950183844540e-08
5.859218415861087917e-07
6.333422590190172351e-04
7.678856187178358939e-01
7.661039106113057273e-04
7.704194671077738962e-09
8.096704813236546984e-08
4.679743977229985940e-04
6.467896527280511676e-02
4.803857702204295532e-01
1.628125344666184193e-01
4.631780583564806819e-02
3.835840654484010907e-03
4.074263676454313631e-05
6.372425002833636302e-06
1.639841370654616763e-05
4.747424414182366010e-05
7.066630258366420145e-08
1.364373821531094343e-03
9.536119002543522183e-02
2.637856738295903114e-02
3.033803300462906138e-01
2.373074322471314219e-04
4.840135607623034454e-11
4.628926811061497296e-12
1.822592669381788836e-07
3.960942263991078412e-03
1.313805827673038829e-01
2.315197388674900825e-01
7.711471949138569704e-01
2.662646285328386028e-02
3.432483962596203085e-05
3.782765235165991998e-06
1.821998379304892040e-05
7.412806679996938397e-05
2.705754240400065196e-08
7.921925701455102831e-02
3.355882255640271694e+01
2.200396121831785234e-01
1.465601163704694176e+00
1.144144254459458776e-01
9.384710398297961401e-08
4.543233881790125916e-10
4.241205089040384285e-06
4.901272217614289356e-02
9.900945280483212096e-01
2.759814939962221381e+00
1.364958073718516574e-01
2.436833471996547733e-05
8.316541794482792480e-08
3.183691419238565779e-07
9.451426673839510796e-06
6.452295780792868980e-05
7.553266448394590931e-09
7.116698219400163263e-04
3.011918282207909359e-01
1.851317569971195134e-02
3.576817428234272955e-01
8.788470529969120149e-01
8.602155916044237644e-05
2.036761864129858483e-06
5.524660403438635611e-03
8.294882534101072347e-01
1.023525410741568387e-01
1.465115827892551903e-02
3.259077386433913062e-05
3.454142778974623400e-09
6.272469688218541250e-10
6.529175594199669412e-08
3.171338863527202702e-06
1.952759131715051244e-05
3.915299641058922882e-07
1.225230493266585025e-03
7.821679063061449666e-01
9.048016182766850379e-01
8.332155179034007597e-01
6.163260404744665133e-02
1.594290771709834921e-04
2.563216794756205722e-04
9.624661285260215082e-02
1.883336497066000204e-02
5.345740295584939258e-05
5.670458408301933434e-05
6.810896173013731115e-06
2.034945633133676538e-08
3.491230617635476116e-08
3.394558560992617259e-06
1.222845587646983258e-05
6.906761643582770075e-06
5.865566290502262283e-06
1.032206556024503922e-03
8.602477868051773557e-02
8.662602250646607438e-02
9.114087229734408463e-03
1.013545383715696343e-04
6.129747679582519591e-06
1.123799274726804869e-03
8.542865341451610917e-01
6.836366578026983887e-02
1.270229652946839498e-03
1.376631003244676438e-02
4.167648553092330975e-03
3.366273101879890378e-05
2.221429827780714767e-04
1.872754792476796423e-02
1.952672140571908195e-03
1.404350982685350359e-05
7.259180045959336203e-06
9.106104809329942321e-04
1.222802181768430606e-02
2.852585569880032850e-04
9.752823536599916027e-07
1.097330982491143209e-08
1.147874203760883219e-08
2.246071124106945285e-05
1.018646375257547670e-01
8.433213466399351876e-01
1.166856869554504295e+00
7.731167998259547147e-01
4.920337790918756157e-03
2.539980055652915712e-04
1.612125794175174945e-02
9.179830029779605383e-01
2.237893966735796450e-02
3.062702362909452047e-05
1.532036900612374506e-05
1.828240284989946299e-02
8.914810370787468186e-01
3.004635765196273390e-03
2.550697988534477681e-07
7.126084354988094935e-10
5.082252539554709697e-09
2.235122247359842547e-05
1.304511772808850806e-02
7.246721764464485183e-02
7.587761285337237815e-01
3.783918760631099776e-01
3.593711750252740009e-03
5.322099019460269607e-03
3.847080837955606236e-02
6.769834499509150803e-03
1.593782597439146408e-04
7.827546886852023721e-06
1.461064282928263855e-05
3.986584480468719112e-03
4.438648761852077157e-02
1.724713011335854028e-03
9.711033300874609750e-06
2.561401409567520839e-07
1.307223721464561748e-05
5.752085019898044160e-02
1.811438317184324243e+00
1.808573263891382898e-01
1.528135945952694141e-01
4.834794483402989895e-01
1.821460187121888008e-01
8.035477220148092847e-01
4.806004442797611603e-02
1.612352789139188947e-05
5.237216698913362642e-07
2.029715588547550502e-06
8.347573555213933481e-05
9.677184821639392073e-03
5.950085490717661740e-03
2.045583986747878408e-03
8.225083391297603047e-03
3.988183028617105393e-03
3.545542647262153041e-02
8.687265432916039254e-01
2.208449374212912986e+00
6.561179428369164901e-01
1.361432356005530531e-01
1.995826929342151834e-01
4.905659593272798658e-02
1.545554633503515816e-02
5.237055306257865431e-04
1.222091392633379924e-06
3.290506934199601240e-07
5.319940132944480679e-06
2.425889250551279189e-04
9.929274954795491714e-01
1.877899256459585997e+00
2.327816505651450485e-01
6.706982297482142474e-01
2.771165234737005822e-01
7.454223903816243890e-01
2.060671119650951399e-01
6.879122240475670294e-03
8.238110641253610852e-03
7.487927917146569579e-02
7.606291318299742699e-01
1.740965502264108303e-02
3.577740159155695827e-05
2.315936852069212743e-06
1.127308705882072703e-06
3.893418782147075004e-06
3.481795601205141944e-05
3.214777586729664591e-06
5.706751070554315353e-02
1.930692068652630322e+00
4.424506983005127569e-02
1.419576967688770128e-03
3.762698244287525731e-04
6.448319683596476226e-02
8.570745005131723548e-01
3.064612843963626394e-03
4.702813625464638439e-05
5.035535146247852858e-04
5.081579130872011796e-02
4.338221750007497692e-03
6.732633715041308248e-06
9.007118506908985278e-07
3.895755235083927801e-06
2.386582348631780434e-05
8.567559654367374775e-05
6.636511816356165539e-08
4.453544201500485197e-05
2.357466875683987897e-03
6.964733634140494209e-05
3.020453268048647558e-07
6.000191560884020803e-08
4.787529592469833180e-05
3.274899864157856944e-02
1.614711739957012775e-03
2.602511000085661451e-06
6.009752088734270298e-07
8.817236485285269838e-06
1.483432640232695922e-05
3.064392475200588583e-06
3.439668865721451738e-06
1.322185055843036812e-05
3.787199112727296970e-05
7.704625882587335241e-05
2.870716875160911603e-07
4.186962647162302126e-06
4.800051701982833871e-05
7.425552252863566726e-06
1.534059162159329483e-07
2.155004015940587385e-08
3.606105993716677342e-07
2.581860824540141883e-05
2.886528515045107821e-05
1.441495079487005537e-06
2.263390613519014350e-07
4.194101468713714547e-07
1.751497008692766257e-06
5.761813954922285947e-06
1.551126044835254245e-05
2.826754754911068899e-05
3.927189444063251188e-05
6.304634726416147002e-05
8.205537075795197455e-06
1.857568804082050272e-05
5.465564294243094149e-05
3.308238985923759104e-05
6.845866771810307951e-06
1.702439061863674734e-06
1.428073200332744098e-06
3.629021723280311184e-06
7.828316260808728617e-06
7.898077590028052089e-06
6.236591181480956973e-06
8.060573538267042275e-06
1.779702849879275832e-05
3.823755648278122859e-05
5.367320119271572567e-05
5.345325834013455412e-05
5.566693796173901817e-05
7.909045093738553938e-05
