8.650882933460365235e-06
3.750086720352004827e-02
3.019458451954864397e+00
2.964319677069719106e+00
1.959135185158211057e+00
7.168792768354174949e-02
2.042864456422970303e-03
1.028818607617938141e-01
8.572480260434643951e-01
5.217442440998285025e-02
3.354838351081688985e-02
6.824723504777059331e-04
3.277468728778558827e-07
9.706650547415943132e-08
5.828302975159017786e-06
9.305446815267669333e-05
2.919814736683864912e-04
8.565430726193406369e-04
5.667154324577700422e-03
3.994338951205711918e+00
4.825330932202257728e+00
1.343710119068537989e-01
1.377896554446986777e-01
6.203617948051277642e-01
2.272636019964041354e-01
7.180968566102451378e-01
1.128033158314016404e+00
2.157516544985185469e-01
5.779717378720602428e-01
1.750222447428660677e-01
1.354840372779208006e-04
4.206754700311739149e-06
2.010605828640384430e-05
3.114778657098048675e-05
5.234982979674304005e-05
3.435277097478624708e-04
1.477778002294964643e-01
5.977884644917969004e-01
2.688022126435669179e+00
4.403108930682657629e-01
2.328802630583162170e-01
1.603740011353636530e-01
1.355197341086992677e-03
4.963776367217446594e-04
1.725416748121538779e-01
4.470473577077139993e+00
1.802596515325932236e+00
6.028466169959569854e-01
1.465961693294751123e-02
3.685771514913893220e-03
2.301574234265623201e-03
4.429397921219569443e-05
1.268236851440144347e-05
1.802265709423429558e-04
7.242292582234690634e-01
6.746314845004524052e-01
5.152198389115867805e+00
5.296561338650015438e-01
7.239222442685073755e-01
8.936199407706580944e-01
8.570818192047142525e-04
1.664419131319140908e-05
4.279516370799066501e-03
1.062271535940107814e+00
1.704344754008165985e+00
9.492813195972512608e-01
3.411748859936712397e-01
8.355981316323304320e-01
4.638774767469876215e-02
2.493936738423587653e-05
4.035769833933478287e-06
1.561848836879199253e-04
1.421018175527756500e-01
2.670502551843639605e+00
3.268857208087105448e+00
5.341307430567672487e-02
2.043328828500643596e-02
3.897422241467145276e-02
1.780306723252903650e-02
6.288655172881144062e-03
1.372071008169803690e-03
4.162104159876581395e-03
2.080364816122784177e-01
1.975177725160575326e+00
2.854206610050402215e+00
9.695107428222705659e-01
5.902799376601995706e-04
2.251585470657787350e-07
6.574091052785292529e-07
1.723485924843951337e-04
9.731765689593372933e-05
5.140080710294481214e-03
7.549391000246843952e-02
7.206993041226027463e-01
1.074411818439828664e-01
1.336156390741864231e-03
3.079617283679393636e-02
1.898162642876148665e+00
2.804343431248724691e-02
1.073382560861632119e-02
8.802628521098676551e-01
1.080752945930111730e+00
9.667573582654831466e-01
1.356636244352135146e-01
3.309449286543639175e-06
1.096537579495446703e-09
4.903582461254353571e-08
1.012083679148695608e-04
1.751829404649778978e-07
2.556351009439658538e-07
1.218528951926724803e-05
9.711542930906513771e-02
9.166725019795842755e-01
1.653170879128061828e-03
1.025990950232959220e-03
1.309117709975974805e-02
2.063492569140416323e-03
3.803933742882510682e-02
8.844993838913352002e-01
1.291792820878840710e-02
6.083415093185330635e-02
1.888898356055517036e+00
1.459204039242680960e-04
3.138149330427499015e-09
1.572015107197266048e-08
2.976261800520330766e-05
8.188147272857704464e-07
3.839620220685282289e-07
7.760505991459158444e-07
2.446364185871167983e-04
1.368787108834506293e-02
1.610349799761064517e-04
1.607689343336036040e-06
3.463565026120096825e-07
1.817035696443511138e-06
5.854192029053028462e-03
1.231539255853897480e-01
3.965560629668907645e-04
2.562819660258981204e-03
2.870110950967886598e+00
1.144157937287201970e-01
6.780787511208830530e-06
2.254045142607432735e-07
1.272559385886766427e-05
1.330318377430110641e-04
5.711036423085630830e-03
7.454536641096602342e-03
7.524847971320030790e-03
1.833826874597027298e-02
4.530373123567064649e-04
3.067918866618131956e-06
4.611567436495985129e-08
2.653095317563000790e-07
5.191072075544013453e-03
8.277835438659655320e-01
6.027001843377560036e-02
1.515801386128347653e-02
1.640369295789411708e-01
1.869039145254246082e+00
1.339242633983028265e-02
6.547730361942605714e-06
4.734741518905708407e-06
2.263243684982921188e-05
2.616331871423232744e-02
8.351954121441174106e-01
1.137103617558152591e+00
7.955808325417088600e-01
9.545865319872891275e-02
2.467613865309915486e-02
1.645357554400225450e-04
1.231732572502579113e-05
8.932602461272685186e-04
4.127443221970656523e-02
1.075605445216038403e+00
7.514005831082106734e-01
1.214401366448938785e-01
1.911219778190247132e+00
2.867738004828662354e-02
2.232759069236716169e-06
7.848285295164144200e-07
1.345880640599972075e-08
5.101100334780887704e-05
6.126620108406480303e-02
1.113550618040370699e+00
9.417628288980877116e-01
1.850420216029309006e-01
6.259910738771683469e-01
1.358627521382722303e-01
2.730529586965372082e-02
3.443385308343111222e-03
2.562521265258038846e-04
7.141009032135880140e-03
2.398266907571938722e-02
3.044497439621298221e-02
1.041816759518820801e+00
5.744024030491240093e-03
2.372181717872056827e-06
4.927585290363975829e-06
1.400160282647694731e-08
5.328760832901305962e-04
1.050337780097315710e+00
2.756251691248387203e+00
9.604849118965009813e-01
1.514701771851310885e-01
8.556317639712138212e-02
1.195821599648775463e-01
7.530462570661705657e-01
4.083591688578625672e-02
1.448449820979022702e-03
1.217121117391082620e-02
4.589915416931359196e-03
2.031765875987516859e-02
1.810173486867054260e+00
8.062645089728505410e-02
3.385174051226326475e-03
4.556105268830674265e-03
1.364962808082168509e-04
1.192605000057536557e+00
7.741885588095426840e+01
1.096519916346640677e+01
1.405885459746289756e+00
1.198016202301887212e+00
6.449607475235273890e-01
1.967766166532669281e-01
3.262751445173407705e-02
9.442772816344989105e-04
1.451122428802252909e-02
2.926513834510116041e+00
9.349562446475796484e-01
1.248380378266802815e+00
3.883706648804933881e+00
1.174282312931009153e+00
8.282370897555416667e-01
2.443405715843085385e-02
2.355887150814815062e-02
1.672371266516911481e+00
1.177236240316668159e+01
1.072930098815076327e+01
1.967282037186882437e+00
5.850710474982170339e-01
3.848436538352620895e-01
7.337853328014845022e-01
4.261573573420578825e-02
1.596759945596288883e-03
1.640451874260365206e-01
1.813626020958611695e+00
2.596881052891666930e-01
1.527934016214134605e+00
2.245695809680090083e+00
1.806201151355392831e+00
1.295044976403766090e-01
2.799257902215157126e-05
7.999198205119453439e-04
1.163010617725215717e-01
8.109570680325206560e-01
5.456881193553245746e-01
5.824608338647537797e-01
4.355733638010143155e-02
7.410267425746325243e-04
4.074391597275340421e-03
1.045239969692357378e-02
1.170220947241159409e-02
1.745810375288908256e+00
2.041769801137994500e-01
1.118706881565606015e-03
3.143296801016793457e-02
1.182335670192123489e+00
1.916719862635576588e+00
5.440028251106859662e-03
2.829552560857861044e-07
5.018532819529787810e-06
3.556838833540424544e-02
7.584421658773461417e-01
1.431606235294999308e-02
8.553594555899981730e-03
4.240132079201901737e-03
5.777924204755292321e-05
4.313702052751417453e-05
4.713338336869965078e-05
6.279637167987513679e-05
1.380181916518165020e-01
8.200359813383352181e-01
7.988875701748309952e-03
9.104905818194165834e-02
7.566290728483129335e-01
3.096243275856272112e-02
7.081576798665424339e-05
4.578382081910493269e-07
4.524341162269479568e-07
4.037989841174647373e-04
9.872939088850367362e-02
9.940854828933370912e-02
2.908008057521633410e-02
4.038118398053063690e-02
3.544420049399849004e-02
1.243383325797369800e-02
1.855857620233303121e-03
3.742164488251162563e-04
1.352464913044598982e-01
1.948498952913068072e+00
6.995773981796865604e-02
7.509748302651473306e-01
2.889629901242451449e-01
1.298533607006073542e-04
1.263052082440558624e-06
2.656514871639130560e-06
2.021921818737946346e-05
4.174375482496779237e-05
1.748861803478362828e-03
8.303910146320591101e-01
8.222754592510123084e-01
1.485384874309566838e-01
6.141726028540692717e-01
3.428597757626481446e-01
5.146329279630688092e-01
4.253659083129069929e-01
1.442919165572864149e+00
1.131063657713736070e+00
1.510749791633108907e-01
3.124675144211944033e+00
8.059267494721987779e-01
2.648442643426898008e-04
5.667924888911977554e-06
3.920663384666438146e-05
1.231053640430717147e-02
7.101905991008658318e-03
1.191784241603984417e-03
8.137205217818316294e-02
2.558861904301680257e-01
2.323194732314576988e-02
5.460213849820939880e-02
3.131469518265159180e-02
3.296383435310611953e-01
1.617169781216554192e+00
5.867626451755234562e-01
9.623128846572783779e-01
1.685468437774374717e+00
2.940375410250934518e+00
8.190672869715051596e-02
1.514844449895481817e-04
2.325866171874983255e-05
1.981035941000919677e-04
4.369092700766671021e-03
7.859186279804233344e-01
2.233068103191501452e-01
8.006390392193717120e-02
2.461022406583591449e-01
4.951781889304161521e-01
1.606505656373608870e+00
2.419032796845213829e-01
3.782253422212328298e-01
1.560645524387687555e+00
3.960808758340606528e-01
9.127490762940930757e-01
4.425033727487575952e+00
1.012028655722445825e+00
2.690922643671878056e-03
8.918655184200841574e-06
7.961288020206440212e-06
1.679662694491611686e-04
9.991392837150215450e-05
4.506942086233473033e-01
3.276674630343936911e+00
2.963248189772976771e-01
5.452773465614992876e-01
1.622595004577153333e+00
3.216441766678511449e+00
1.747297768944329199e+00
8.599092359445917877e-01
1.093731688927046530e+00
8.750641392072905367e-01
1.932701574818201484e+00
3.675230195263841093e+00
9.411694257903245875e-01
8.299469108741927212e-03
4.593735488879504528e-05
2.041772793659500242e-05
1.918315224853705614e-04
1.020248984422936472e-03
5.045361717569294413e-01
1.927039235996480970e+00
1.419849998586869333e+00
2.835603792467729534e+00
8.941698500867181765e-02
4.083909841054442214e-02
2.105023434259200688e+00
3.217932537362170997e+00
9.735704196855193837e-01
1.977930185761187287e+00
6.251816072051235906e+00
2.128382148027614662e-01
1.590761065281116665e-03
2.362049562194145258e-04
9.946457120209028786e-05
9.782826812984775095e-05
3.269181428383949642e-04
8.272055435364959741e-03
1.386540613906979358e+00
2.136114445316865229e+00
1.700070412901877326e+00
8.520892431873353656e-01
4.308678662632551074e-03
9.369856312627570724e-03
1.922738478636004000e+00
1.490533164895321949e+00
1.291378936195764160e+00
1.944116680544005549e+00
2.542865287262938256e+00
1.627679747724145726e-02
3.772747244655266130e-06
9.576459002738332638e-07
1.915136752425421795e-05
1.364160609932038039e-04
4.211500030485178367e-04
3.983343075403171854e-03
7.509591280272827074e-01
1.594714442742967586e+00
4.762847941582162292e-01
1.701258640197577110e-01
7.666862411952317727e-03
8.557951287914317140e-02
2.670650604548685525e+00
3.525473173993629028e-01
2.749882134056004013e+00
1.889742334069557828e+00
8.429483906835075202e-02
2.497595169893909294e-03
8.182778782671225472e-06
2.146075128851638761e-06
2.971845118083925685e-05
1.993447816880080585e-04
5.221952330707386363e-04
5.967035270029289601e-03
3.083394681007000315e+00
8.769604618799039741e+00
1.179230209810351315e+00
3.040738118417953828e+00
7.417171022940610703e-01
3.003544100348825574e-01
8.257976864834880582e-01
3.955758594362782099e-02
4.674070720903852200e-02
1.533772792239031929e-02
1.999604221419670562e-04
4.487306294220132566e-05
3.119135484371714028e-05
5.655848030738556904e-05
2.293260998442724367e-04
5.229963291317390800e-04
9.008763118892478255e-04
