5.738475690234095237e-05
3.876942317354502786e-05
3.187013165867397848e-05
3.126307607822025015e-05
3.624639145755815975e-05
5.082491939365620462e-05
7.304068643186601133e-05
8.894879557003156827e-05
8.668003394903584684e-05
6.993545756708514688e-05
5.414754396928909584e-05
4.572894020721439764e-05
4.241711246106594934e-05
4.320001443647991109e-05
4.700895772689066043e-05
5.055944460250214799e-05
5.580172758814838435e-05
7.099939022119509447e-05
1.506739665770545731e-05
1.026595614605227083e-05
1.233360908652769992e-05
9.240076168606184848e-06
4.693474908995835535e-06
5.346480208653877845e-06
1.278632872813614689e-05
3.087728042025804826e-05
5.392181116146051856e-05
5.950074256858193752e-05
4.941460819732283846e-05
4.043239720279961772e-05
3.519160485819222136e-05
3.294224413285586908e-05
3.277640848262824877e-05
3.317942078018795059e-05
3.654828904632838603e-05
4.989985740308179916e-05
1.029402845047975619e-06
3.196991164659436513e-06
4.852000737218027540e-05
3.496217475174587182e-05
1.601359654795711859e-06
3.226008444410401903e-07
4.251351112191012784e-07
1.443048754315152188e-06
8.083916950761892248e-06
2.712053165751335084e-05
4.262187235897060746e-05
4.467885550119811628e-05
3.887197408821656925e-05
3.208845083174556725e-05
2.756924500007069338e-05
2.595701272320757424e-05
2.906855254597732265e-05
4.182817760862490332e-05
7.197143918965456203e-08
6.040487897154686482e-06
7.059597126673969845e-03
1.034503955096861653e-02
6.942162996920001343e-05
1.340965266949031334e-06
6.593656025474966747e-08
3.104113655611922691e-08
2.713877074383933803e-07
3.045210236497626296e-06
1.546964737580704165e-05
3.578152602486486290e-05
4.209711602861934351e-05
3.520285962639763832e-05
2.743914023824529827e-05
2.405210889293726582e-05
2.714841055430275831e-05
4.060820996608064960e-05
1.370136057805054897e-06
7.776703416101915772e-04
9.984760708670791240e-01
9.181488589115057719e-01
5.509471346880590731e-02
4.315378643003243454e-03
1.269818288910885888e-05
2.081698961634411057e-07
1.413850801184398667e-07
3.366681506780823484e-07
2.391996397516192980e-06
1.410720375912146705e-05
3.128095968703434803e-05
3.755667897661859906e-05
3.264882958365025208e-05
2.715816198776459857e-05
2.866977550259176241e-05
4.202159975170423567e-05
1.710259531565899369e-02
1.052813315574425257e+00
9.860499238996834892e-01
2.659849300913815981e-02
6.323835931449638126e-02
8.204836106150389385e-01
1.042528000144473943e-01
4.991603247997136554e-03
6.333879167924557935e-05
1.629487508427555366e-06
1.825390699274506183e-06
5.204310684630120184e-06
1.278217928928853493e-05
3.019306503165072598e-05
4.066955483750322542e-05
3.498671495720091865e-05
3.230582808944161213e-05
4.274728162886834058e-05
9.624195800339893081e-01
1.880734279067555859e+00
5.921968025528853881e-03
2.284498789430162435e-05
4.311203211918283889e-05
1.450758024000005451e-03
9.280751286442748271e-02
1.806294582977387542e+00
7.196080217817102387e-02
1.164916415106584738e-03
9.896071584326065931e-05
5.304783454575175951e-06
3.044595836901707410e-06
1.518552275047138682e-05
4.230930775166578972e-05
4.205774720809184869e-05
3.408169615430241148e-05
3.987939786563168490e-05
3.449855051577419007e-02
1.365022159261521095e-01
2.926453174777968874e-03
1.398972863424331823e-04
1.694921473854515566e-05
8.022038364855391529e-07
4.555483798538280689e-06
1.509825926148344660e-03
8.432345726873866076e-02
9.177908678356379024e-01
2.184740084624964274e-02
8.065019730104714519e-06
6.809700423028058969e-07
6.494581351428019561e-06
3.632702930306885505e-05
4.323243448567437640e-05
3.308010787874286681e-05
3.624321259132553695e-05
4.385126173206736755e-03
1.817774406718013713e+00
2.126148471899590220e+00
8.642652845431402220e-01
8.762387732785394123e-02
1.239155643088441823e-05
1.449115267301858725e-08
3.189006368952825456e-07
1.678319343772740474e-03
9.651678829098435664e-01
2.107318274318321222e-02
3.731478025977491256e-06
3.532543668864921612e-07
4.581427913759219999e-06
3.125387987645832799e-05
4.131512079927023820e-05
3.284599640978249778e-05
3.608127330839128156e-05
5.741648291297010575e-06
8.707799356166108506e-02
8.618392931500429288e-01
1.758731202115740855e-01
8.248559254821214992e-01
4.060702898671109985e-03
1.011061827619040330e-06
3.378094430781812064e-06
4.769232972180264770e-04
1.325812419133907266e-03
5.733961103327024709e-05
1.414612739827115519e-06
9.783261422923747901e-07
6.967711559467278760e-06
2.948795898734385808e-05
3.884158027801582673e-05
3.366130933832299792e-05
3.822275499291561931e-05
1.030758053419127554e-09
3.546608533582135971e-04
1.314052789603253023e-02
1.527926406514213548e-04
1.223623727519986513e-02
9.436939702526740692e-02
3.281881265195927665e-03
2.185173089974363006e-02
7.649817539367579841e-03
1.365014779936053898e-05
2.760689947604081186e-06
1.497871040072533451e-05
1.655298538493007530e-05
1.579750073211971334e-05
2.730724188575468290e-05
3.464190723376063958e-05
3.292817330962152371e-05
3.925054335410525829e-05
4.765024325619329858e-09
7.370131389099704444e-02
5.939009228884782665e+00
7.635855345576932074e-03
1.823101105466268523e-01
2.620829878157620474e+00
2.634072566786547775e-01
6.617416559927408182e-01
1.113674072518542335e-01
6.356507166083116183e-04
8.460173379698876592e-04
4.189539390987094200e-03
2.584135186123786079e-04
2.257020850570895404e-05
2.174388030196879975e-05
2.987669244258218869e-05
3.141199448778108733e-05
3.965142817340981061e-05
3.238696411486492752e-07
1.985290024668328712e+00
8.772237387203006165e+01
3.477349812528967021e-01
1.447314734662976665e+00
4.630649414157463895e+00
1.571373488849698186e+00
6.469204228534428669e-01
5.893357195379010927e-01
1.241094667590719736e+00
8.602717834898175875e-01
1.924673101691868823e-02
7.603444709932040023e-05
8.292747985167474642e-06
1.585008829033753391e-05
2.895456992538094777e-05
3.272209306867775375e-05
4.215126186730659691e-05
3.865177725800476997e-07
4.689081170787047503e-02
1.204046489393534980e+00
4.892710219708992954e-03
5.611640330617476309e-04
9.335321729255214099e-03
1.773604439489251172e+00
7.936368536221708458e-01
1.788999989235887933e-01
1.840144621204264697e+00
8.406234250053372381e-02
3.716608147563651608e-05
6.272366990058583316e-07
1.854996608644713415e-06
1.544035327243963330e-05
3.496422721813184154e-05
3.771380517271400069e-05
4.628266523935772202e-05
3.875076156656222444e-07
5.448826896216778237e-03
7.383319303739959150e-01
1.830279568322746046e-03
2.740097508355324490e-06
8.846563986228154152e-05
2.847205177659102859e-01
3.539014780026308871e-02
3.142864638261249613e-04
6.530765331996988502e-04
2.600096294796515944e-05
7.603028911551941480e-08
5.683865181597672400e-08
2.033890828290893450e-06
2.544885822936696895e-05
4.529778387855830607e-05
4.098622373125938655e-05
4.682996424426101747e-05
1.969407332387823869e-08
1.661910943485119354e-05
1.109454422935303303e-01
1.058866591832243048e-01
7.186148752115170983e-04
6.595207326801301798e-03
7.473428797134387125e-01
9.777420847915987631e-03
4.033670444179803368e-05
1.928888568507191283e-05
1.374793989653146320e-06
7.992806447756910691e-08
3.811452551520484371e-07
9.559117840779915760e-06
4.635577282558911997e-05
4.882160424425131974e-05
3.736043047585006310e-05
4.179316643328528962e-05
1.688500536571687744e-09
4.122949042490397529e-07
2.719538793271338017e-02
7.883567389757477617e-01
1.443171200799304998e-02
1.346222126525656836e-02
7.227026790024829173e-02
1.191733269634296516e-02
1.146841261685369907e-02
8.875385163851607154e-03
8.277034813328512078e-05
2.509205133697661580e-06
5.410847946609046337e-06
3.167197824336427935e-05
5.570977477533877961e-05
4.198854662170318813e-05
3.135321368318777166e-05
3.663543190339867654e-05
5.626847723589223292e-07
5.562863998616917379e-04
1.010893565100924318e+00
1.071229803065337910e-01
8.762485677751677459e-04
3.731047106375831243e-03
3.011230985097757343e-02
4.204297201014186441e-02
9.136158968498909738e-01
9.996467760374242451e-01
2.239549952033944701e-03
2.259449555963309776e-05
1.770434565859883565e-05
4.038792612115939403e-05
4.562945522605454463e-05
3.421040455008598238e-05
2.890575186882783640e-05
3.624869050392500982e-05
8.286015565438393030e-03
1.047384265051524821e+00
2.812748418863977751e+00
5.621983205460451272e-02
4.432596925925968295e-02
9.687887978881672968e-01
8.707663434640544597e-01
4.107992274288644469e-02
1.630155177811606210e-02
6.863268241789667774e-03
2.027699910979874212e-04
1.862324487867476953e-05
2.034280402188671342e-05
3.376366492610877006e-05
3.533355395050809272e-05
3.143296288679608036e-05
3.186591036424094871e-05
4.219618755310956560e-05
9.510941003592230381e-01
2.045708454954104027e+00
5.623572175354524250e-02
4.917818129555248663e-02
1.793692862706409485e+00
1.503571614433684700e-01
4.595121301854990193e-04
1.226557233382039233e-05
3.376626748396014198e-06
4.430625138575347879e-06
6.568279804916835530e-06
1.096855986923900677e-05
2.142325383876190443e-05
3.019244944944119075e-05
3.181525799991447533e-05
3.309293894575182529e-05
3.825302781375906891e-05
5.183899718172020691e-05
4.254971363005952134e-02
8.904661727566086649e-01
5.797102429932288192e-02
1.746599515871228095e-02
7.884665600312893916e-03
2.229597708978297171e-06
2.770587725578828053e-09
6.984183276548087519e-09
1.287823316000658315e-07
1.183190505250942326e-06
6.287362185743456572e-06
1.788903780898340619e-05
2.874285565819993747e-05
3.228890158130705437e-05
3.250441777645999154e-05
3.450334209945320836e-05
4.095929056728807711e-05
5.646905889496373933e-05
1.419102866039654392e-05
5.861306040162034964e-02
9.008286989642881881e-01
1.781833683133426591e-02
2.743593195219321673e-05
1.569121036357221545e-08
1.087273746208108394e-09
3.725864016402694494e-08
1.960876737847574561e-06
1.344648091309808094e-05
2.845449326184628424e-05
3.641408772719272551e-05
3.763751380939527773e-05
3.601203992595078347e-05
3.356508680658840804e-05
3.285509489938289037e-05
3.736492069859567489e-05
5.268814301357573472e-05
4.352770234351607990e-08
7.293578217275280121e-05
1.795486728925479308e-02
1.747480922163451977e-03
7.403411490141306367e-06
2.781976831057272370e-07
4.182716867659567806e-07
5.553141675235252299e-06
3.975633690270989601e-05
6.789369982775048692e-05
5.698502001003275165e-05
4.387858520377624144e-05
3.880533926804058712e-05
3.729271667341654307e-05
3.473778766207625163e-05
3.237803957801475537e-05
3.515479860551621238e-05
4.942246432071452231e-05
7.132860583354783811e-08
9.107975847518483085e-07
2.836949713646567649e-05
3.666851027635590726e-05
1.019794292959994623e-05
9.558181842020420496e-06
2.684586993028886099e-05
7.391955498467898977e-05
1.058228930779122457e-04
8.408822275649125691e-05
5.475753547275440521e-05
4.027544558390680436e-05
3.753576930954541488e-05
3.983179639277706124e-05
4.037904883512542461e-05
3.870156232039337509e-05
4.120277669293710747e-05
5.526109106020969777e-05
2.798401156544218380e-06
2.398032787454612097e-06
6.126090631373459465e-06
1.403528723234678753e-05
2.676375910696587588e-05
5.777182985087696645e-05
1.058210807751473151e-04
1.276985401667288472e-04
1.086331994836124508e-04
7.821442759671711506e-05
5.641429599674353302e-05
4.644883337136445701e-05
4.658433743996540121e-05
5.266679810887740142e-05
5.683649989884042420e-05
5.681790603244161260e-05
6.021139234504209892e-05
7.475569855736429576e-05
