4.525807873998478216e-06
9.164353033225326083e-06
6.526602860858689929e-06
6.079000591117145370e-06
1.031235078292137376e-05
1.114665176939654885e-05
1.005922245780733909e-05
1.227107733005328838e-05
1.691989669726899710e-05
2.727559419424147058e-05
4.999302240353553639e-05
7.358381147691180622e-05
7.469498786032903351e-05
5.842088272974233577e-05
4.339349734297313622e-05
3.830983831830988006e-05
4.491016994932913418e-05
6.563894903050482776e-05
1.480935437912635688e-03
3.655902539942452317e-02
1.685618482202467464e-03
2.891616004938697086e-05
1.477327569909870911e-06
1.061731744030671293e-07
9.882782396394514271e-08
5.580479819276718396e-07
9.706230272509304012e-07
1.391157806286246479e-06
6.257322022594215476e-06
2.656018257249397789e-05
4.954495230803357658e-05
4.943937635936662380e-05
3.587423789552569603e-05
2.702681070306316125e-05
2.760495407363355156e-05
4.005494341794791567e-05
1.873407886817106752e-02
8.772920390749903152e-01
1.416449068717697511e-02
2.449025263645485942e-04
9.412023966103242897e-07
2.619821159200051366e-09
2.329971154749594236e-08
5.708112974829545403e-06
2.579001968833688093e-06
2.425300876046660497e-07
9.078031972814779085e-07
6.402268406566672291e-06
1.901117911690589944e-05
3.785445253716795641e-05
4.264390350992251631e-05
3.147504712852942444e-05
2.548171207216814204e-05
3.139032426284615044e-05
5.489653817666952096e-03
8.208219941815861342e-02
6.795919213093072793e-03
9.273432610368862947e-03
7.668472434155338487e-05
1.734323648484454651e-07
2.729443248036045658e-05
4.284802721319997537e-02
1.297310865918070840e-03
8.011684002639677670e-06
7.640655615723228067e-06
3.814793841139724317e-06
2.054219807409718435e-06
9.057710474814625672e-06
3.812119139006633504e-05
4.624584729926927519e-05
3.382385098127721674e-05
3.401885501780343730e-05
3.758051988865956927e-02
8.302743976943131043e-01
2.364860694847570333e-01
7.764421686933411504e-01
5.583276833923108556e-02
6.385913187586538323e-03
1.364058716497646429e-01
1.699819652338168341e+00
7.747679735223404751e-02
1.149869062560377776e-02
5.967014981229953711e-03
1.215920338326257140e-05
7.694403992994564064e-08
3.831761965690632955e-07
1.239043641465493111e-05
5.263923661824866472e-05
5.033266533881918707e-05
4.559071364134399895e-05
1.455883871210730644e-02
9.395916046183637738e-01
1.994968761067825280e+00
1.899183757065856515e+00
3.057012404690608864e-01
6.260472019531370114e-01
1.446662915039656494e-01
4.089206921090654534e-02
2.435822566109889786e-01
1.773984469094823435e+00
1.027555580790942669e+00
3.010206835998929884e-04
3.689485482498598355e-08
2.010864325639331655e-08
1.566265509839200933e-06
3.149765988937015728e-05
6.377094208485798105e-05
6.376050857008171754e-05
3.259411479847472881e-04
4.866959647299511083e-02
2.096306476575088507e+00
2.926755927284647285e+00
4.800118175822818550e-02
1.167046334622805735e-02
2.777312383099129339e-03
1.656807985989912010e-02
6.499246998759307115e-01
3.048116089512538651e-01
8.906712234212612600e-01
8.693307845478849549e-02
4.408745275878446694e-06
1.224728874680750203e-08
1.198968723531873185e-07
7.184365684900434792e-06
5.118412967877324321e-05
7.959438825597349757e-05
4.820080329060288590e-03
9.517633562942861003e-01
3.017467226584598539e+00
8.967784894190570233e-01
8.959482709811445247e-03
2.071044716359750348e-03
1.781362610932678281e-02
9.184148926355832632e-02
6.456577836886089744e-03
5.350837053415692223e-05
4.414772443044431838e-03
8.672962368530479083e-01
1.095984251827146526e-03
8.937150216370055985e-08
1.912266680027452626e-08
8.916666363318307318e-07
2.344467050422409095e-05
7.971855119526230949e-05
3.172914926315458656e-02
9.300548098814995779e-01
3.219858904924258192e-02
1.517656780065078197e-02
1.971105434561261013e-02
5.786042428184328540e-02
8.346014043477403277e-01
2.806851604714893228e-02
5.331676760887393751e-06
9.938946342510038833e-08
2.323586895186597798e-05
5.496211159776389493e-02
8.168905368833938307e-02
5.201487511570993249e-05
1.373776440466589489e-07
3.430153531503797294e-07
1.050205179588855910e-05
6.985552133257123017e-05
5.744224909455608808e-05
1.553788687320444440e-03
2.970195740136672997e-03
1.892747139414270863e-01
1.844029511083006057e+00
9.161430729271423379e-02
5.946280940086634374e-03
3.559261131821515921e-05
3.797521901730832409e-07
8.449884296193491102e-06
1.260370811873624342e-03
5.121188975815153116e-02
1.815053917606687106e+00
3.729542230028510402e-02
7.656389860399991125e-06
7.089965832010570362e-07
8.796139352620449908e-06
6.621197305620141714e-05
5.241374563574948247e-08
1.161996114513546939e-04
3.038953386267979548e-02
7.231014275730700547e-01
2.956895191199485851e+00
3.003638789037806067e-02
6.809826033592718394e-05
8.792662121038418270e-07
2.048952191084496719e-06
2.047241605591328117e-02
2.898915541416804409e+00
8.045454824703854313e-02
2.074536048039532510e-02
2.097340503597050834e-03
7.042123436168428882e-06
1.333195344828019650e-06
1.211651920914065455e-05
7.267122350575877781e-05
8.611856428181194955e-09
9.378917010189662118e-03
1.047318071255047389e+00
3.977856469143481455e-02
1.459952146219894775e+00
3.778218298645509066e+00
7.792714381795477763e-02
2.088780441795703904e-03
2.617916655327652792e-04
3.153624574583282353e-02
9.680704534870179234e-01
8.397257945220547651e-03
1.742419558769873729e-04
1.817046893039196077e-05
1.021027387364356492e-06
1.318892003089991837e-06
1.578573212441298316e-05
8.159168295999607754e-05
3.282032981210827525e-09
9.577412369126392377e-02
5.157181396155629471e+01
6.263150764355013278e-01
4.958254242051337357e+00
3.392884336093219932e+00
8.400422725337856056e-01
9.860862338330277366e-01
4.222925655064371439e-03
8.117501811465935736e-05
1.716575045363814508e-04
1.332499207165713413e-03
1.193777179122336614e-02
7.092149831078654095e-04
2.812780132692671272e-06
1.204446328697262047e-06
1.401605073760642717e-05
8.155959472111406724e-05
3.454910056844809766e-11
6.079789951728573142e-06
1.265145573372956078e-01
6.952044805275773287e-01
6.245501170823933856e-01
1.155493441861117458e-02
2.421976989066530663e-03
1.043190254636592804e-02
3.395168069193205259e-04
5.211549079342463724e-06
5.292861522662140628e-06
1.549164029988590614e-03
9.148636890443314629e-01
2.628260042752156300e-02
5.393397150044069363e-06
6.511603977125132358e-07
9.058824658057388883e-06
7.259383486622419555e-05
5.644044065423765773e-12
7.395348673292143451e-10
6.281323872883331539e-05
1.225921983928110054e-01
1.561145953891543092e+00
9.602515510796073572e-01
1.829855347942124441e-02
8.980574677865198988e-05
2.768375468047713016e-05
1.134224503869185174e-03
1.686989489997499370e-02
1.356507585291014395e-01
9.728625264670704986e-01
4.574603547132956131e-03
1.178962477158524971e-06
2.866628412274523640e-07
6.432439375278091745e-06
6.506819150133390912e-05
1.507486796662427088e-09
1.210204821332782876e-07
1.101727210273294351e-02
1.969341350886713027e+00
3.494211137843391546e-01
8.830666846178309992e-01
3.108345964933278971e-02
4.035969485940391370e-06
2.273562041918805837e-06
1.226486682491275022e-02
1.884448994553551193e+00
1.818774689442900883e+00
1.079393019609873772e+00
4.461271777675317532e-03
2.124841412804446090e-06
4.640693654438152197e-07
7.218235746707597403e-06
6.337787807683030808e-05
3.347232717882316845e-06
3.466415959897178813e-04
9.977682369464971890e-01
2.786132682063952704e+00
7.810234267886381147e-04
1.879549955287406510e-05
4.019288096030507389e-06
3.455436624240033904e-08
1.242326245239479367e-07
5.122252388277668579e-04
8.387168685179520466e-02
2.639384854608858855e-01
8.336941264065287349e-01
1.841188133378528907e-02
1.674932319044710670e-05
1.827864880974909277e-06
1.135391558167613169e-05
6.525824176255405889e-05
2.735972788423052682e-03
1.834529126518116837e-02
3.877218655303175249e-02
1.383571972363758784e-01
3.811070198048557216e-04
1.531426192070899781e-07
7.480905418253707821e-09
1.404914326897772101e-08
4.018213079539557055e-06
2.144128934797304847e-02
1.899703668273176049e+00
8.724853519386502887e-01
6.305712489756001848e-02
5.955770005093882335e-04
6.741051449401704624e-06
3.563751417324628690e-06
1.817563595726220835e-05
6.662689322431502410e-05
4.012406856868175331e-02
8.088368654837130300e-01
1.860256817319120570e-01
8.014634833594770358e-01
1.823365966149275569e-02
1.621838208247434186e-06
5.228686791639724052e-08
6.778791852478715800e-06
1.419186696302202587e-02
1.981701639095533984e+00
2.039259459454178636e+00
2.526216448667002734e-02
6.655324353372349942e-05
1.295772232719816657e-06
8.985004156187568024e-07
5.496530962621901854e-06
2.818823098859431889e-05
6.397981791074536294e-05
1.431226465338216272e-04
7.294044952014078209e-02
9.136692505715486856e-01
1.058241731872054503e+00
6.259960141070035171e-03
9.706096166375328751e-06
3.537442448321235079e-05
4.086370933102910497e-02
9.368928258112392271e-01
1.647919273763826312e-02
4.681664454333165097e-05
9.088899873832529613e-07
1.187411666005193581e-07
1.672743743611414170e-07
1.693612383448835239e-06
1.519100042222885047e-05
4.012804546318510257e-05
5.684607085313287436e-05
1.517550526555052732e-07
2.776259002307306578e-05
2.178431345747210580e-03
1.117587021307745463e-03
1.843037307132216815e-05
1.061122467660651655e-05
4.372144549532317771e-03
9.443807798062305858e-01
3.897959520277510803e-02
6.221608208312655943e-06
2.155973922782668543e-08
1.762787484252686461e-08
1.646839866406695390e-07
2.022607299496369169e-06
1.464026417912256314e-05
3.801958677095268447e-05
4.438705585964367967e-05
4.879618773629334024e-05
1.451121796926972942e-07
1.025996912036680362e-06
1.255777119965980531e-05
6.687346525652275943e-06
1.275966474177312667e-06
9.956805439116912614e-06
1.732987239794990357e-03
9.665423284891288755e-03
6.996550766681693535e-05
1.787183672805928793e-07
4.729526781427084119e-08
4.601105698036434279e-07
6.102283273063047833e-06
2.853178454274281844e-05
4.959901371258285140e-05
4.748622049918356752e-05
4.006553367213687428e-05
4.448631455639052485e-05
4.710181285091923408e-06
5.490339639673771598e-06
1.050086572381278992e-05
7.133259920299098602e-06
4.129874504040724386e-06
1.114328806416838465e-05
6.262502736429456402e-05
4.420076087538319688e-05
2.952153628157664814e-06
5.867448785499345378e-07
1.886675511708408672e-06
1.469700763089520710e-05
4.859814400484245193e-05
6.200180685316562465e-05
4.970017869717330538e-05
3.809179513938029443e-05
3.561049195516393599e-05
4.531461599908511486e-05
4.631320586383041294e-05
3.704259801405685522e-05
3.720165739744938260e-05
2.982929752111154981e-05
2.172648034452803368e-05
2.031705397908842333e-05
1.954941200535017083e-05
1.184833913339408896e-05
6.370891382268583703e-06
8.290697237546631145e-06
2.484645395247486263e-05
5.982827474721537277e-05
6.961815224751896397e-05
5.138660501045986140e-05
3.621681598602466688e-05
3.151664708336584766e-05
3.613253823948232044e-05
5.219324876186729953e-05
1.058292181270690391e-04
8.934117639931144200e-05
8.319542086037324971e-05
7.329702639763617902e-05
6.036255915297559859e-05
4.918609200054123172e-05
3.921344620375320506e-05
3.252852158372558238e-05
3.403554885759964358e-05
4.893821427875422994e-05
7.567517530561945023e-05
8.776993669362577325e-05
7.105420832808233874e-05
4.963138451827653303e-05
3.807091330759610208e-05
3.741399923955025705e-05
4.757064571064935143e-05
7.062569964682190507e-05
