2.240485110395262422e-02
3.914567052032475569e+00
5.920766771394046085e-02
8.992778678915925097e-03
8.767972330012592519e-02
8.939130974889004655e-01
2.790821203234111411e-02
5.919980667913236037e-05
2.789531401307342976e-04
4.023236129599324501e-02
1.010698652950389222e-02
1.334388971617209098e-04
5.690053931378404831e-05
2.077204014754471491e-04
3.728485824159806289e-04
2.879881474562532434e-04
2.289521625128256921e-04
3.393478143299185896e-04
1.029174127175467163e-01
8.926715843317118981e-01
1.702027714192886620e-01
6.943936589355499400e-01
9.020993320229471479e-02
3.970636061849475238e-04
5.463243126794912899e-05
6.019833002555841214e-04
8.586055967951697343e-02
7.812308662278723004e-01
4.841491655566394423e-03
9.663788220301102168e-06
5.259236000017987292e-06
4.797353021614525703e-05
1.588851198212095348e-04
1.674047088606598797e-04
1.435122190544136506e-04
2.112621125208208783e-04
8.829897643672026675e-01
9.964760341734809623e-01
8.519535842546874238e-02
6.798224677433467589e-02
1.059858601286603474e-02
2.596467908407442849e-05
3.579977313472736838e-05
2.792750348208419137e-02
7.907359561194082787e-01
3.911542348442396122e-01
8.597327401827474383e-04
8.530796820406778284e-07
6.753817924948517278e-07
1.106803627729924567e-05
4.983205923789420547e-05
9.437968724927347998e-05
1.374693285147489136e-04
2.322033309450337736e-04
3.997031469968113232e-02
5.178366349612655739e+00
1.693206430977782340e+00
1.691030819774499705e-01
9.230493226973796039e-01
4.948514285150434899e-02
3.547113550331304488e-02
8.879782480553148893e-01
3.072020108899116142e-01
4.753563757004005685e-01
9.931484785842256691e-03
8.737899462582934612e-06
6.822648343532113974e-06
2.529463878664276494e-05
1.448384585401503635e-05
2.621661391485682140e-05
1.044396136802070140e-04
2.999388970823401888e-04
1.251652919106253632e-04
8.605765811807746246e-01
2.050546564571705588e+00
6.050765997809529756e-02
8.309311547189114355e-01
8.259347102905525428e-01
2.243054463963846779e+00
2.749697645569684656e+00
5.640026349564074282e-02
3.315951156859863747e-01
6.126286359665161080e-02
1.392339933695373871e-03
1.255977984830631590e-02
2.006127394253873816e-03
9.246440117444061938e-06
5.007462916196009000e-06
5.632849241907135918e-05
3.413221396245982560e-04
4.917281335644592486e-05
8.512247533325967286e-02
1.086993650401284928e+00
3.398596856237100922e-02
1.045279539175160144e-01
3.533698759788075905e-01
1.736025579594205892e+00
1.091437364847870128e+00
1.218724949628644388e-01
4.889811484672021979e-01
3.216040818205297136e-02
1.855064673477111598e-02
1.906536479488684543e+00
3.371245079763051516e-02
8.051588536047405938e-06
2.240087538137730369e-06
4.300718800646846299e-05
3.683269409845682432e-04
9.762229792244598789e-03
4.426997468831883609e-02
5.735389951947277298e-01
1.357717783640083609e-01
6.471870378231905363e-01
8.819102684919863933e-01
4.440567210132750908e-02
2.928337891301031198e-02
9.663489880306905810e-01
1.390765970634975979e+00
2.014550744564689352e-03
4.297834977302345113e-04
1.940596302777296625e-02
1.087618133494331306e-03
4.529643097265059226e-06
4.867310113944067049e-06
7.609177962449678340e-05
4.327386654899218529e-04
9.121732326561204918e-01
6.187013022507818066e-02
3.418595856498668484e-01
1.289825939359486306e-01
2.399105899263728470e-01
2.795696339712903933e-02
1.202279816267177527e-05
4.226288607583785476e-05
8.373102132404575126e-01
1.758310247503708013e+00
5.550748428879846881e-04
1.284954956541319504e-05
2.144896759770164403e-05
8.339603378011063869e-06
4.146350134376893634e-06
2.293494003690506187e-05
1.718007156562809828e-04
4.974777971764447228e-04
2.595762295019315644e-02
1.838113694568149423e-02
1.668814213603374341e+00
1.683795528779469919e+00
8.438421795399096981e-01
8.261175542707344110e-02
2.153155667168937373e-05
5.093147239697843188e-05
2.831608573289512432e-01
9.380572170024170653e-02
4.866690836200733344e-04
4.889907088609488675e-05
5.643404383187318326e-06
2.815098420683023798e-06
1.048473022739195965e-05
4.934427029279799117e-05
1.543816797220384589e-04
3.855074931555853182e-04
1.065941568458147679e-05
4.310589533031607275e-05
9.478485655400432919e-02
2.580649000079937583e+00
1.131813275334534463e+00
1.672624620825734709e+00
8.747399337491504334e-02
6.093148554943761397e-02
5.761188560564158845e-01
3.233547042675756489e-02
8.520373242169015232e-03
2.154177896856713202e-03
4.950805380150579300e-05
4.537583243212108935e-05
1.008533469503836161e-04
3.328177361848551103e-05
2.824002958766375757e-05
1.195407973533952348e-04
3.644379384147957476e-05
2.748915035966637541e-04
1.440982017504011670e-01
1.138527403224708356e+00
5.103834514023918717e-02
2.798784880482153015e-01
9.085418616018139382e-01
7.223727615921468614e-02
5.040554445410644346e-02
3.373127927343964605e-01
7.780904946520088572e-01
1.337714073472811259e-02
1.202896767647598873e-03
1.500596558563082293e-02
3.438539007779174445e-03
2.061112515408454097e-05
3.182194203670424502e-06
1.868200570884341355e-05
1.614598961855727779e-02
1.905191296057183736e+00
1.897918313233650167e+01
6.290476838861928099e-01
2.957800518721692348e-02
9.041845044125864650e-01
1.856638158806200645e+00
3.835918940129414562e-02
2.874604394984949657e-02
6.248438897060650810e-01
1.555705710921388707e-01
5.472098476324569957e-03
1.301709814165812051e-01
1.855220652933189385e+00
2.242869179107332203e-02
1.313692712527353835e-04
1.238072978974045954e-05
1.172784203607194803e-05
8.563681602057707795e-04
2.047292925914128148e+00
9.497576204000621658e+01
5.261182549308462963e-01
3.094033552019325589e-02
8.118531158063284625e-01
1.327365821839467275e+00
1.839628253953642600e+00
1.232631443414069050e+00
5.969100760422931667e-02
2.626963306583086129e-03
9.524668358629053561e-03
8.127339408087195238e-01
1.275879396234463614e-01
6.092260798971656580e-03
2.786058260065633896e-02
4.482344504572319775e-03
5.773026338881551649e-05
8.668769858909433066e-07
1.992243971612769286e-03
5.005747751199463025e+00
3.802757609800000438e-01
1.022334994919124433e-02
4.865209816949329219e-02
5.382802674480358790e-02
7.600713562654697331e-01
7.684283450356553802e-01
2.610012863557875651e-02
3.294892656399539543e-02
4.142571175690473728e-02
2.825835678982174370e-03
1.030078796738849889e-04
2.937333312849101531e-03
8.584047667219270039e-01
2.482168376281618932e-02
3.117252825536144994e-05
3.226398345275539359e-06
1.522533821637522843e-04
4.286619805569057834e-02
4.331652989855370173e-01
4.192363978168454075e-01
6.119719054472455566e-01
8.988024370057785817e-02
2.763171294345601603e-01
3.040322276440204918e-01
6.898523186654553774e-02
7.461354909811587222e-01
4.488009056093780064e-02
5.735308171921045729e-05
1.381704935969774596e-04
8.767800106936454729e-02
8.271353391826664903e-02
3.548406375137366770e-05
5.277299545292808918e-07
6.714845726234609444e-03
1.059639298160948082e-02
5.007342164007167785e-03
3.784013083208569994e-01
1.747076224691253010e+00
1.475012961149635982e-01
3.749420563877640250e-02
6.656722931676647415e-01
5.946448581632185482e-01
9.915520601992331567e-03
8.363736253623219041e-02
1.237424098185493232e-01
1.297588996000276305e-03
1.349980247665564549e-02
7.503346365448091415e-01
1.130765850934137111e-03
1.052159025539361970e-07
7.205259434017860893e-08
4.991149619006166743e-02
7.631698506037503105e-01
2.532262984012915163e-01
1.673393256354935410e+00
7.400970068428858184e-02
1.593962150925111150e-03
6.443839218984448447e-03
2.426841536206450767e-01
4.014381181886970129e-01
1.074305042841635326e-02
1.600056784399822851e-01
6.261495982443374686e-01
1.462471560714624598e-03
3.606665154690322402e-03
2.809073390309457241e-01
1.064752254142241296e-03
4.744875621922704500e-07
8.763369346712071380e-07
3.227517268474447811e-04
9.502242906958389967e-02
9.149957494720780682e-01
1.993699861748840396e+00
1.217595834083930323e-01
1.041383410272581911e-01
6.879126557654949847e-01
1.175729077039294523e+00
1.359633571890198178e+00
1.820156072930503854e-01
1.540251997531505213e+00
5.669668572363339987e-01
3.090788469387590449e-04
1.645661058893221331e-03
7.097141810146334606e-01
1.790953271915006473e-02
2.583034510870715688e-05
2.341373691453615814e-05
3.705868281078512319e-04
2.863933271313182788e-02
1.500394476714038937e-02
3.665104623084938090e-02
8.990107618542253487e-01
9.154529181888239053e-01
7.171885710982130180e-02
6.271693849376311358e-02
2.203261986862040667e-01
8.564195342187906623e-02
3.740089189526444868e-01
4.113964938624783962e-01
1.714007256273435836e-02
7.857917502933838005e-02
1.362837238915409477e-01
3.715050445144873125e-04
7.271783411178436439e-06
4.817909331377480544e-05
8.340491559848117742e-03
8.635086270084091353e-01
1.793361734260865564e-02
1.190713656326859542e-02
2.074360741602452318e+00
5.431974387060188592e-02
9.720302060513210003e-04
3.606038102657609101e-02
7.819102277962775016e-01
1.052496596090619185e+00
6.247914116832478104e-01
5.164314189976816349e-01
1.003016656888277902e+00
8.358327856342311346e-01
2.553243924697461142e-03
1.363250369111134107e-06
6.662754981997211927e-07
4.623062422062388315e-05
2.397489795003752543e-04
1.118031289640091019e+00
1.008204624092395862e+00
9.658312287819338648e-02
6.791474310107283863e-01
7.204417209315064352e-02
1.373509984071096257e-01
1.648262931142200793e+00
4.261519522031310681e-01
6.294551019196445996e-01
4.058030735007175371e-01
5.710102773709879731e-01
1.088197393841473293e+00
3.708993126444285610e-02
7.665986017701124271e-05
1.145259462765035903e-06
3.720673926734360497e-06
1.422425327435420956e-04
8.532739398365707785e-06
1.938052525599642459e-02
1.623179838786661389e+00
3.050444721930966052e-01
4.883602443439595542e-02
4.807279351833106812e-02
8.772236137222082508e-01
9.956235173388715276e-02
3.665329227341321272e-03
5.041512771522464048e-02
3.615132089981615282e-02
2.093920405860489470e-02
6.820465206280445364e-03
4.615055590831942169e-05
2.335791641072668019e-06
4.875039950156421774e-06
4.485891332347994518e-05
3.641418750525698554e-04
1.444855237617190995e-03
9.891674330056469608e-03
3.542747483548176479e-01
6.603037517328610440e-01
1.767710838496341572e-02
2.013468154087768181e-03
4.395810095093329907e-03
8.774402746838263047e-04
1.361946781353290045e-02
2.831967889343076639e+00
2.924656053848000148e-02
6.470952416142722742e-05
7.770049099867714585e-06
1.222990434293364998e-06
1.937639430480131708e-06
2.137799329188888700e-05
1.298200915883197467e-04
3.795411428389945424e-04
9.786967011764333702e-01
1.938259083668058436e+00
1.887261008367062676e+00
1.228062708174417067e-01
3.778942751972504425e-04
1.377988678894723432e-05
1.404073004009960494e-05
1.997199259120856945e-05
1.561363091604620014e-03
5.710576467269518064e-02
2.825094918729522146e-04
1.021337848085400761e-06
1.137224117569460271e-06
6.596875994599981655e-06
3.398443450761337993e-05
1.190257464922283626e-04
2.093147953682490139e-04
3.518661913099650437e-04
2.027352279132607279e-02
1.039096212773244599e+00
9.822040818722438393e-01
1.480117858920414805e-03
1.669443234321695891e-06
5.020327071575504332e-07
2.104921188665992095e-06
1.913205899541416753e-06
1.788251125021236539e-06
1.659206538285677248e-06
4.303443481135271613e-07
6.775994976705380233e-07
1.309302974323970254e-05
1.600748329907776589e-04
4.233394265531785819e-04
4.500264758003057479e-04
4.011263170401098985e-04
5.420991321309144876e-04
