9.235700997543547014e-04
9.754499094974581341e-01
3.046661791861897228e+00
5.309622290501518410e-04
1.859977277771648105e-06
1.431913469263645944e-04
3.905332153461218286e-02
1.856885128557349274e-02
2.772327396395262732e-05
1.220695396828260838e-07
3.444517722934131788e-07
1.812750409971116740e-06
1.073567095152402345e-06
5.128039416877973061e-06
8.477567051238251523e-05
2.588084637928131479e-04
1.894199399831685286e-04
1.513003417628503789e-04
6.081377887535916749e-06
4.825444116951679852e-02
8.410329976364095961e-01
1.234946179361587435e-03
3.707026448948989731e-04
7.116240422164787915e-02
8.121584246671508245e-01
9.269747038743402223e-01
6.915558652985334676e-02
4.101173692295897641e-04
2.764156417647745307e-04
4.573546943740892321e-05
1.047236196833671232e-07
5.865598116063999350e-08
4.741067781278061573e-06
7.647960199960618139e-05
9.770345371356333863e-05
8.772720266444902022e-05
1.541483230824460287e-06
1.054334419156835109e-02
1.675360811113408288e-01
8.767792268795579491e-03
1.012721366435661990e-01
1.774096062212642266e+00
3.272659412262458600e-01
2.254153039575123307e-01
6.455641839160406459e-01
2.293221364242660487e-01
1.844856975130799492e+00
8.458172343193819109e-02
7.048836693200168472e-07
5.301960798270416632e-09
3.263307194909682471e-07
1.857110326493850990e-05
5.850032793563636127e-05
7.933024716856153864e-05
2.883273721157315467e-06
1.488376759618281059e-02
6.106134031241291504e-01
3.402599105047963146e-01
5.164737736167718252e-01
4.532548266348189747e-01
4.159805808702000673e-01
8.124497382550037450e-02
2.430204554871690653e-02
2.547864883149295046e-02
9.914220060462295425e-01
9.278822124351180367e-01
9.047919690509696267e-05
1.906452294392594356e-07
8.485195825556052230e-07
1.393977188035987761e-05
4.685784133028372925e-05
9.015839657525306439e-05
1.080049616362465115e-06
3.645138593963149088e-03
3.413078533078588994e-01
7.275090113130472380e-01
2.523182093905028678e-01
3.928507448562802706e-02
1.343141827627819807e-01
3.860275328250586252e-02
1.405986114069262584e-02
3.946552525443531440e-03
1.377700053010786230e-03
2.398120585114607226e-02
6.626517756392738545e-02
4.360228240046731471e-03
2.136202121867683231e-04
4.918934136820932076e-05
4.715812443391617203e-05
9.675641152083703990e-05
6.669175722282918586e-06
3.671197253903003832e-02
6.663382205653569645e-01
3.728239083144803123e-01
5.615388721124149329e-01
2.026015245852569591e-01
5.734432063643426503e-01
4.514041315718076985e-01
5.860150284527941844e-01
1.209001899476372099e-01
3.740273410493222218e-04
1.171307171917728655e-03
9.018543831680779777e-01
9.811986394898536412e-01
2.462561116802212263e-03
4.097067483827993185e-05
2.875459094828720826e-05
8.504296948958391252e-05
1.895928965996935273e-05
1.287855627642222472e-02
2.296804502780174992e-02
7.797371610910118489e-03
3.907201465227920500e-02
2.141474126145413368e-02
1.911378841414190510e-01
6.423913434300404512e-01
3.717155489970520033e-01
1.851829072867049231e+00
5.338536197999444594e-02
1.259100479924047744e-03
1.751191416439009177e-02
1.469958292949905508e-02
7.863416287116111727e-05
4.418730654055182674e-06
1.082803527313569370e-05
6.418525932377580102e-05
9.808275357022394748e-07
5.084395247628984846e-06
8.076130733817387696e-06
4.110178060894780026e-04
4.491192831496827742e-02
2.441426680740913305e-03
8.504533722419687324e-04
2.158609203468683443e-03
3.013873814919747814e-03
9.724512555797277802e-01
2.943434025678361543e+00
3.224137431980166751e-02
4.696482227294325462e-02
3.135723500445367767e-02
1.729483825281249781e-04
5.457426158048999015e-06
7.693382182155230494e-06
4.029295024713916743e-05
7.544134280209806201e-07
2.496634258845504817e-06
6.185122850486688152e-06
1.516797083297214679e-03
7.855987284911304380e-01
7.525650937367101521e-03
1.594063109140171186e-05
4.634247229078943195e-06
1.424406953420304941e-05
2.184635602318377775e-03
1.661641510630033208e-02
1.645634670013289280e-02
8.389931808004906788e-01
9.553703745209253251e-01
2.827419139963354127e-03
3.401137795478788593e-05
9.378554847056783905e-06
1.482988984825085019e-05
6.342852609412638252e-06
5.815595238010637900e-03
3.569495006854263297e-02
7.175903309184429590e-02
1.226382246796128506e+00
8.020243980940951548e-03
9.575772014194124907e-06
6.118478513945172976e-07
2.567714193313262031e-07
1.180967732076950877e-06
6.680601840913245450e-06
8.392596738866677907e-04
1.801729121775112186e-01
1.227810678574866969e-02
1.343995990567629884e-04
1.323633976273333283e-04
4.694021351180211176e-05
5.665143705915409488e-06
2.836629679177850830e-07
3.137570269574425919e-02
7.105117134696490311e-01
9.999411311154471349e-02
6.524395004708080092e-01
4.162277027875192770e-02
1.713185252107909083e-03
6.199307558503649453e-05
1.945658637546695021e-06
2.268615055384161473e-06
1.010594179293028619e-05
7.150930290179728990e-03
8.599222517660484177e-01
2.436101938775601505e-03
1.136178831943528502e-04
1.466734850216966021e-02
4.220261744905470097e-03
7.653588503732246630e-06
4.106490386431761867e-09
1.047000878756289277e-02
3.093975164024860836e-01
5.219903487722525257e-03
6.544808655810976927e-02
2.091258056364395101e-01
8.217204246062563833e-01
6.316209250425587618e-02
2.665130403313976763e-03
6.842210621965162144e-03
9.159625146231628601e-04
6.628062451894689740e-03
9.078884598501200109e-01
1.323114769593145279e-01
3.032662930378532407e-02
8.795890431964885625e-01
3.651357960546688236e-02
1.178362236847578345e-05
2.863931701007140143e-09
9.322721939852249284e-02
4.737405883727711853e+01
5.512271399509418579e-01
4.461077714291709628e-01
2.991303010252799321e-01
7.929837746795683762e-01
9.657139489721744408e-02
3.708026500535815950e-02
8.304509441735402619e-01
1.061069033741367379e-01
1.969502367197863146e-02
2.091737377570031531e-01
7.294622787727750302e-01
9.898320853283047727e-02
9.968806364888201446e-03
2.984220059011333790e-04
5.410698622213119427e-06
6.422508001832818997e-10
2.511610752687078955e-04
2.210819999855362372e+00
1.830604441061081111e+00
9.704394522909967624e-02
8.739769774095868015e-04
2.309154062407767162e-04
8.111673700638514779e-05
1.056757503091194618e-04
3.814449261024766176e-03
1.030077582757439464e-01
7.015572770769937794e-01
8.995766806711937014e-02
4.700654457824248421e-03
1.087878844435981123e-04
2.270037275775657800e-06
1.150273387880260720e-06
4.756130176721866322e-06
1.009693866311590366e-08
1.435349231423676408e-05
3.579423541701567957e-02
2.355548501697206365e-02
1.600672287186217033e-05
1.522418855395236914e-08
1.753273367776190606e-08
6.508125957906995709e-07
1.025902701345462715e-05
3.148941937617577753e-05
7.687274304580928638e-04
4.458237215824860378e-02
8.935511336380497606e-04
1.861829731081718847e-06
1.456598800356744967e-07
7.719637339673887859e-08
5.554153583534703718e-07
1.770520061936951996e-05
1.327355020657449614e-05
5.365004300376748254e-03
8.644828255286171048e-01
7.330532420038048461e-03
4.118162104715519046e-08
1.562714319963863902e-11
5.447430689324308261e-10
1.142187002835730897e-05
1.162695909231675762e-02
1.411329102705010004e-02
1.488462978119484310e-02
1.039233717255224204e-01
1.197644151902391802e-03
3.532472344360585425e-06
1.747012177539644671e-06
1.896294956385004083e-06
3.187609084526268458e-06
3.641713322249615916e-05
3.551598709710653495e-05
1.221079938150844901e-03
6.036150922929270357e-02
1.861864602707524047e-03
2.931215502038874591e-08
2.077383964005287653e-11
1.557203782836734604e-08
4.416018112079359535e-03
1.023634387503607801e+00
7.585574269215389354e-01
1.162770954472973406e+00
1.646446782597550618e+00
2.229525136954258954e-02
2.060456373866241791e-03
1.249183930993441778e-02
1.016873223111003366e-03
1.417942508827489913e-05
1.828280766035868282e-05
1.167906687218689509e-05
1.266543281891062325e-04
2.381239906459426542e-02
3.713871591455305404e-02
2.852638821068092170e-05
1.454195728668283955e-07
1.355327285532409594e-04
1.054867359271854932e+00
8.735753823341636526e-01
4.680641534093495371e-01
1.734650124272419935e+00
4.316080136475108353e-01
6.971067301996747116e-03
1.352003155779284496e-02
9.298473664907768166e-01
2.583227649043488838e-02
2.262644253889418795e-05
7.674730391064068087e-06
3.796541677085789654e-05
2.328759021388364294e-03
9.884042863995600170e-01
8.083628179889114085e-01
1.939682686483550425e-02
9.841876485524855833e-03
1.895165224028799722e-01
1.541406558848918973e+00
4.669551435541491324e-01
1.261199980871833271e+00
2.395870021905612823e+00
5.146541481162009157e-01
9.664280492983911425e-03
1.116352702571428912e-03
8.491891568443807325e-03
1.176252236723167571e-03
1.191989274876009386e-05
8.367332110175167400e-06
2.388055034868514334e-06
3.308054394994462103e-04
9.428224681977092070e-01
3.139893632329596174e-01
3.738614257630797771e-02
7.084011261030083162e-01
1.316926254859101530e-01
3.201000514923395962e-02
1.786477855736927078e-01
9.712166334100084952e-02
2.108496846149676696e-02
1.751788864121664457e-01
9.292246063135788103e-02
5.451876448918701939e-04
4.565068785786271507e-05
1.918103510606856637e-05
8.628320075587437804e-06
2.312897025995874450e-05
6.209961590306194323e-09
5.583796008173184287e-07
1.240372711697040886e-01
1.511218954970919626e+00
2.725852761449035211e-01
2.036622197384121424e+00
2.817290868734863632e-02
1.559576428114292646e-02
6.110988378590852532e-01
7.619449270906740457e-02
3.308811297480993702e-02
8.603808291420415033e-01
9.095104205999008373e-01
7.628053558901142471e-03
8.625562678377433033e-05
1.550002142360147316e-05
2.028959259808984662e-05
7.180648168315948777e-05
1.408738791290383583e-09
4.481232287937244144e-08
3.007778372493250668e-03
8.794767664050301414e-02
7.889894368802399804e-02
7.082360995976366702e-01
4.724695491471202213e-02
6.242204712149231755e-02
1.811790051887957054e-01
7.585319758812003599e-02
7.998507735911285499e-01
1.684278110173787757e-01
2.151170866652203119e-03
4.329035353894816079e-04
1.444830293805576848e-04
4.583013826453537996e-05
4.915150376981123042e-05
1.242033192463521491e-04
1.795954497651902171e-07
2.561837024311035480e-05
1.392892309178867666e-02
1.598122117035043980e-03
2.699760316315945384e-04
1.426955456544797864e-02
2.662757086527077766e-01
6.971860546053596508e-01
7.720453436015142779e-03
5.500802088776370752e-04
4.126945698883000870e-03
1.778080685418918032e-05
4.958407692133927013e-08
5.966885750880803064e-07
2.257908985443806023e-05
5.027101379563072832e-05
6.059629112791573415e-05
1.213443329130067957e-04
1.647721922582662808e-05
2.414045013443485641e-02
2.908252931531287722e+00
1.170872349807481477e-02
1.314298606366009310e-04
7.646566767724184178e-03
8.451551072687726318e-01
1.255113394456462694e-01
4.229200642798898788e-05
1.660754807267017514e-06
9.454891404426063971e-06
3.522839850572127660e-07
1.947521962877204944e-08
5.643077133709170685e-07
2.534999368882503163e-05
6.815759655257413552e-05
7.356377795237069544e-05
1.206327469238530558e-04
1.226395757135976809e-05
1.072474480399026242e-03
3.208665823543672274e-02
1.567850356423885387e-03
1.722889434194761001e-04
5.117749362679590783e-03
1.621418475631317135e-02
3.625753477387577147e-05
4.795587659471129150e-08
8.432414405027912216e-08
4.298760221049841796e-06
8.582235847441609821e-06
7.483820538294237217e-06
4.239048390292890923e-05
1.715478728999888386e-04
1.772701396244359164e-04
1.452880268776870695e-04
1.902925683101350902e-04
