2.413813669113011991e-06
5.506116800240241896e-06
1.036292391417679659e-05
2.940629760520537127e-06
1.102672303362952403e-06
1.365089787448365851e-06
5.638344336117245217e-06
4.434373900061282529e-05
1.198105216841391179e-04
1.145008546156665288e-04
1.003809503673409469e-04
8.396903269340259997e-05
6.443858095569501810e-05
5.975352182103730334e-05
7.205258430039107815e-05
9.388267394116614560e-05
1.161793081981273517e-04
1.466964908537077836e-04
5.191864490229000379e-06
2.386599275407696747e-03
4.893567123546972014e-02
1.157822518502570281e-03
1.208508443711929941e-05
5.243572539040555819e-07
9.406936157791807102e-07
3.203172721631578990e-05
5.025538572069299478e-05
7.770988543092453071e-06
5.277125742931774615e-06
8.973069202463084337e-06
9.773164942623782981e-06
9.563407307070044677e-06
1.595633726298965538e-05
3.747838106811214685e-05
7.338997541080761024e-05
1.144349239960181490e-04
3.224088646595128180e-06
2.498301730163602144e-02
7.925878852149730314e-01
3.174073694321803002e-02
3.850540385159941653e-03
8.543563292685910071e-05
5.136698849937684449e-05
2.606603795070447718e-03
1.192464375839572043e-04
1.764086075316827981e-07
1.397599164158668812e-07
5.745247848726370980e-06
3.355549708453017403e-05
1.300318539465399544e-05
6.343310683268873461e-06
1.473505118106379217e-05
4.829769547369039206e-05
1.013983851528718291e-04
1.384305405441067678e-06
1.421164715875719749e-02
2.291328446146999320e-01
6.722098057662767578e-02
8.888605305527529366e-01
7.387244836418624394e-02
1.798782243312154611e-02
9.830206803876567756e-01
2.864480493766496851e-03
5.718227834382826715e-08
6.184105783033172002e-08
2.245215958288378612e-04
1.855117822090568414e-02
8.889422273098793485e-04
1.461954363394924669e-05
8.987067615357730650e-06
3.406844238394710132e-05
9.306961621126296435e-05
2.353307535403834286e-06
1.511118200461386563e-02
5.341154295479673131e-01
2.556518101106476371e-01
7.908627450658372027e-01
2.502146113011893130e-02
2.476586955197800869e-03
8.280081702872444938e-01
1.172401661689066871e-01
4.310806795277474931e-06
1.410047801721422958e-06
6.542228740940937703e-03
9.395120795747499143e-01
1.534696967783288207e-02
4.040899203391235689e-05
9.420341654282691262e-06
3.061756672762227090e-05
8.814861760865560722e-05
1.021931674855405212e-04
5.126763615698381321e-02
1.374106483900275677e+00
8.069097792484740683e-01
2.118496994695694136e-01
1.224975292250396648e-02
1.255485897567239478e-03
2.545402791070549009e-01
8.234194073509156775e-01
6.609721139143587536e-04
1.116362133025820721e-04
4.859472610675384489e-03
1.435702590767723094e-02
5.115957407161689533e-04
1.850865358817379604e-05
1.353058959735340835e-05
3.985416675477505615e-05
9.169495442529973170e-05
3.146202644776946444e-02
8.272437150561547936e-01
1.964621168306683430e+00
7.299576005124802647e-01
2.342812784241533053e-01
5.952784229231254942e-01
2.726149824501902241e-01
6.554213082510521593e-01
1.320143601180314985e-01
4.176188122898796123e-03
2.023365527119255769e-02
1.008962344964796018e-02
6.795991050686755173e-05
3.812253712911410124e-06
6.080510129769173105e-06
2.574578168420367511e-05
6.347318852321150737e-05
9.853098439713396412e-05
3.144088750604831072e-03
1.452808009960541817e-02
1.164426170964000529e-01
1.272403792637254727e-01
1.258650927748997984e-02
2.905857028809507442e-02
2.221837769413284244e-02
2.107740012851368888e-02
3.010039291960078800e-02
8.537390295115787620e-02
8.553559525154015297e-01
1.481146349415122208e-02
6.578442051193639096e-06
6.058380855416699124e-07
5.936156767967259530e-06
4.940690390691526056e-05
8.804863705644361640e-05
9.682480141536030979e-05
1.125343914407384414e-06
5.662969947116451961e-06
1.138240793776363474e-02
7.855267486668241483e-01
7.258739174957143381e-02
1.837898852744654365e-02
1.896513726575139525e-03
6.045789754319189774e-03
1.006095431376929916e+00
1.873552911875373095e+00
1.026889310886639067e-01
1.508654852781603694e-03
9.178000054466670717e-06
1.145176107610513080e-06
7.207707023488995720e-06
5.729905262219902592e-05
9.365866990636909615e-05
9.026037370363785206e-05
1.451465763424212380e-08
3.967610043787225553e-08
8.212273886322454743e-05
1.266214599887301347e-02
8.478289437397577843e-02
8.263472690905880880e-01
4.096809949310235149e-02
1.952796556085738960e-02
9.277615661296721994e-01
6.653378222489418625e-02
2.970449259889096794e-03
1.663503904774261966e-02
1.263627255175244239e-03
6.395420335014620180e-06
4.099240396170501875e-06
3.546151630513501643e-05
8.641907017288424106e-05
9.095520423379262372e-05
1.871112399231845118e-08
9.878960781983744933e-08
2.766694894444599996e-06
1.888739466259990231e-06
4.757238761964304591e-05
2.997833406212705235e-02
4.954760782163149246e-03
4.650250787455305367e-04
4.382952209733659982e-03
8.036455456641792812e-04
2.394017128331244523e-03
8.629424340587724673e-01
2.865069837447523776e-02
4.424867112818675875e-06
8.996992902186029065e-07
1.760141133239617316e-05
8.523656174915483742e-05
1.070136896799913127e-04
3.454106466173725448e-07
1.089481822585638493e-03
8.683060963421002088e-02
2.538368175904922295e-04
1.246590023320231653e-04
3.141168758969661162e-02
2.624009064903432518e-03
1.288572435864433503e-04
6.806273227946367348e-03
2.516794635263953223e-02
4.697033440546249938e-02
1.076279257774981346e+00
7.998524012087337987e-03
1.032845000259670081e-06
3.338407050261330245e-07
1.313514505450260986e-05
1.018791625423647452e-04
1.439869009389307996e-04
2.874390435662080221e-07
4.086022484006746752e-02
3.970495009074495130e+01
5.387083521234404399e-02
8.041702822276891940e-03
8.969315690295956989e-01
1.681741242894087968e-02
1.622395295476291926e-04
1.811003825478433443e-02
8.514630257745429143e-01
9.926515945668961116e-01
1.941626896145968395e+00
1.183801185022340455e-02
2.533051208868476409e-06
4.469165355124569563e-07
1.171940664435597570e-05
1.115727932001559430e-04
1.838325577319280084e-04
7.106331396987907823e-08
1.011478954680318423e-03
2.593091559265620072e-01
8.669147984486093002e-04
3.694027366708442376e-04
2.727433543828715681e-02
1.981700024049594052e-04
4.412896791045259335e-07
3.196135355175468016e-05
5.678380692445843952e-02
1.198522362221364546e+00
8.648565965673108424e-01
9.950428517630916306e-03
8.319639698263511679e-06
4.966831741716232719e-07
5.027393666273543393e-06
6.930489078469946108e-05
1.796429534852892439e-04
2.936786530326496513e-06
1.249381691431119233e-02
7.876103428351022284e-01
4.796644448359313299e-03
2.588324897390694226e-03
3.520772769179427580e-02
6.481121206029444109e-05
4.202509446311609536e-08
8.687655706136935688e-07
1.084868405457793152e-02
7.506853625578875366e-01
1.693409037569778564e-01
2.780646374044945177e-02
2.321500104761621520e-04
1.281398409619774615e-06
1.588029585540827086e-06
2.774750780290634645e-05
1.397629422571194241e-04
1.282659227065494817e-05
3.378527861349570321e-03
5.638659310822212445e-02
5.755855081064492618e-03
4.709907079550816611e-02
1.843648913218558505e+00
5.783907253805721516e-02
1.292428604957313986e-04
4.220686039844280893e-05
5.543530610560963405e-03
3.912823207961612509e-02
3.554165194363033409e-02
8.491470062125860974e-01
3.704863749351119950e-02
9.679142401712717420e-06
1.082230814535087612e-06
1.516104208572649113e-05
1.120545172838714396e-04
3.905795101786875990e-07
1.067736747000706594e-06
5.589119106465384514e-06
1.080536029585419587e-05
1.834157623835596621e-04
1.809609420219894516e-02
1.067917581579099107e+00
9.123661052612193068e-01
2.732720938593385593e-02
2.938505174665798081e-02
5.198119567653227552e-03
7.064625873265535346e-04
2.303318883192983363e-02
5.798652193780669956e-03
9.313577316482915877e-06
1.814230815605584729e-06
1.872994664602629025e-05
1.105185247810389651e-04
5.521791252884307734e-07
4.148186255507231443e-06
1.041685674294976719e-04
2.024618915420295178e-04
4.418267791254239756e-05
6.436613740335102622e-05
2.631802261560350215e-02
8.766868411693672369e-01
1.769052126636212752e-01
8.121576808694929150e-01
3.938620610638124409e-02
2.346051016855828336e-05
6.762115859393159717e-06
1.115806376463972778e-05
3.602061778931072850e-06
6.706617607895021075e-06
3.980087321885734177e-05
1.215696999707861005e-04
3.152974147692477020e-05
1.023350216781165542e-02
1.042390869014349519e+00
9.354683525419936752e-01
3.417103397931988557e-02
6.877086566216910300e-04
1.525903488873452249e-03
5.258829608871564733e-03
1.777012902947689181e-03
1.996128270259778931e-02
4.865439997324135651e-03
5.105572635561855403e-06
4.263975273379901101e-07
2.069864560654525709e-06
9.746788510587998033e-06
3.176063647509134817e-05
7.247701176764967087e-05
1.199343582990100571e-04
4.702737409589098579e-05
1.196336068330130890e-02
7.871964879905369861e-01
2.198032722217948542e+00
8.550116790696461466e-01
2.205842259696444776e-02
8.923895227895465784e-03
1.662354834200427053e-02
5.927053433259210895e-04
5.369246008265899620e-05
1.924822193442671397e-05
3.290830692183884351e-06
3.567398722421282164e-06
1.778390722600813644e-05
5.378540143703107858e-05
7.503562759217339575e-05
7.887237041051191431e-05
9.997180831118578895e-05
1.377836193823996600e-05
1.322776735574947640e-03
2.248802554325138592e-01
9.335332132472276001e-01
5.355447469114563847e-02
1.358165924685965972e-03
1.648729472138970101e-02
9.246095210201165093e-01
1.533317696184112108e-02
1.951809569163054497e-05
2.707909593562181179e-06
7.910869471697792350e-06
3.566887047724763381e-05
9.014337689144938577e-05
1.010970099516617798e-04
7.409456332504253651e-05
6.121337546829290260e-05
7.964235187337984708e-05
3.314457248462251922e-05
4.421799694921962551e-03
1.817288651108912578e+00
9.196261847417626090e-01
3.305743535702085757e-04
1.319737224849167231e-06
6.456684974775034585e-05
1.875824638206741515e-02
2.764556466000903708e-03
2.011227187399286539e-05
6.282868911931933605e-06
2.612500803052762304e-05
8.333018891632193404e-05
1.049648442692840072e-04
7.544201967060517873e-05
5.060435672500311876e-05
4.692605373849482569e-05
7.038757651635141116e-05
1.064384157413849316e-05
2.077727748213675774e-04
7.926676519187544900e-02
1.563372395301386997e-01
7.918747963500922615e-05
1.169241180320214187e-07
4.017021185951062481e-07
1.715625274347840141e-05
2.870374862535371400e-05
1.163587974806271990e-05
1.774576941812204328e-05
4.914018209583017531e-05
7.851649910466759372e-05
6.965467548713169120e-05
4.902680690457995844e-05
3.878297633099048289e-05
4.410441743801676688e-05
7.491721216657781898e-05
1.662087438852855346e-06
4.761818219583509990e-06
5.323480497204279710e-03
8.320899274868313045e-01
1.033201318477195568e-02
7.291748005529575552e-06
8.844981296349100114e-07
3.495579437397896149e-06
1.192871989425877469e-05
2.498860996312871063e-05
4.812522215706788571e-05
6.975853385981551800e-05
7.058258672677934005e-05
5.787789055647325287e-05
4.616784206910150713e-05
4.371509624965124504e-05
5.658917721349313712e-05
9.773940387954968448e-05
3.802032072359925963e-06
3.610440275109750767e-06
5.246736499166860298e-04
4.983819845434243889e-02
5.305136055877950930e-03
4.029508931348665973e-05
8.586409061191814222e-06
2.258096438168933040e-05
6.233577070985004407e-05
1.027002296420108000e-04
1.174047863131421373e-04
1.085401934799287753e-04
9.388627672581454698e-05
8.075425467919675128e-05
7.258077959746832720e-05
7.549548055847839483e-05
9.743299670697166124e-05
1.497710977481252811e-04
