3.141235228098868740e-07
8.814629687869958603e-07
3.626585026993615446e-04
5.762459121690385877e-02
3.288417987065027446e-03
5.138466218534913074e-05
1.056113286554829145e-03
5.073622417135178336e-02
2.810820091071193454e-03
3.712077124523900239e-05
1.452754637476059166e-05
3.442028543334889855e-05
1.352817934674336111e-04
3.418847858088545997e-04
2.917916308762378186e-04
1.438708116365244719e-04
1.103590377498859723e-04
2.151029437871226468e-04
1.421937936238108161e-03
5.625296131512722009e-02
1.044230058039123943e+00
7.633138081136389141e-01
1.893109090779026464e-03
7.766926045968694460e-05
1.523818503569145805e-02
8.235279113088050940e-01
1.892544940549458279e-02
2.573950453752311312e-04
1.898034605461478474e-05
2.080735210555307889e-06
4.783488376657662002e-06
6.210685164387146388e-05
1.788799386095428240e-04
1.071940027191269567e-04
6.992503161253441383e-05
1.334721164900133942e-04
2.519353594844620306e-02
1.822541200094695668e+00
2.930341540818675927e+00
3.820413206005326412e-01
8.365006465278384748e-03
3.621703370860971695e-03
8.383980581670186227e-02
1.358839902416748568e-01
1.085120678569675631e-02
1.082708698160893789e-02
8.265472167132221961e-04
1.126926738242731445e-06
1.881328052503620697e-07
6.293094809140705785e-06
1.055243276293454349e-04
1.382561118652468959e-04
8.996390959440175796e-05
1.442727307617080394e-04
1.472660378577877419e-04
6.456208478466947398e-02
1.382734777640424628e+00
2.183626877173381331e+00
1.362296956414545512e+00
6.834962939781165092e-01
1.010708451678300701e+00
7.198006882222168779e-01
2.605197980890439635e-01
7.385218079074197250e-01
1.003735062549576118e-01
5.587730590677553102e-05
3.726441958274069862e-07
1.447727086434895010e-06
3.649952981540666597e-05
1.360605523175494112e-04
1.367135757808007272e-04
2.092573580752815220e-04
1.124537958445216270e-05
2.736997204490005872e-02
1.507664593537573205e+00
8.996701781494851335e-01
5.106402594740053758e-01
3.443996822594846408e-01
1.191739356932041805e+00
3.085845977100148740e+00
1.759355836816607344e+00
1.282495774590948878e+00
8.407880278845134558e-01
3.491306431467412069e-02
7.301480476468044873e-05
1.957688594922533478e-06
5.974374308377375523e-06
4.535111688677426672e-05
1.198827974691811331e-04
2.727175487534942082e-04
1.872755109862244800e-06
5.886933845510618343e-04
1.715941575525724572e-01
6.520082697872565669e-01
7.526325057726493406e-02
4.022995355489696057e-02
1.360565385304609798e+00
3.375374130569994691e+00
1.831200418693585075e+00
2.120147398788817306e+00
1.968966560181132364e+00
1.994651058428961621e+00
9.385909421151601012e-03
5.488732009949502788e-06
1.142463932081311878e-06
7.456907440965098764e-06
3.824740456034936758e-05
1.818933442695894816e-04
1.279005447712320103e-07
9.480401465117847294e-07
1.024760450005712375e-03
3.640555855123606827e-02
1.415521408460878932e-03
1.691050911797971693e-03
5.122016316877329167e-01
6.545141854879921173e-01
3.077953386562365945e-01
2.534149808944012872e+00
2.272744704126225646e+00
1.868405354217286263e+00
2.469526728232174922e-02
3.742602951258574526e-05
1.070778769938643650e-05
1.416222757415319436e-05
1.165826401478087369e-05
5.432725187554807091e-05
1.117651093981437435e-06
1.332488865989972405e-05
2.716877560835625691e-03
1.203512285847768096e-03
5.047354995863667128e-05
5.840821336176435161e-03
7.103126368252058453e-01
2.588574078647350521e-02
1.546025183537665104e-02
1.197337784853116149e+00
3.030961056088843364e+00
9.759398804543136796e-01
1.578411856001534636e-02
1.793602133167378427e-03
1.795212654610084044e-02
1.670203589991941249e-03
1.393050896516494282e-05
1.552662621086242070e-05
1.383721963929709600e-05
5.174851717711299523e-03
1.989104225131227865e+00
4.096797667258284675e-02
2.816535768990590174e-03
9.395805007049389257e-01
1.929899473316168679e-01
2.418432454610035145e-04
6.700657035785499184e-03
1.866637417507447383e+00
2.772507331759030968e+00
1.061850000149759721e+00
1.461112208930743714e-02
1.025265709044388338e-02
9.112918867817462187e-01
2.717145183932398109e-02
2.012835810924377760e-05
9.665626710567056323e-06
4.391153765349909187e-07
2.321206429953962327e-04
9.444246282690375027e-01
7.811585832407542673e-01
3.041019237986652413e-01
8.247337644451893102e-01
1.793587972443257995e-04
4.297455668496509701e-07
1.247825198423557248e-03
9.176085782896551413e-01
1.560760822369122502e+00
1.798465298913272337e+00
2.191857883605163176e-02
2.083183392762102959e-03
2.100160893053160810e-02
1.180003578902014648e-03
1.005665823061899229e-05
1.640492322448826009e-05
4.882782593321627921e-08
4.338362082506368801e-05
2.127590252445671903e-01
1.159375516126107897e+00
7.499819489008533457e-01
1.821386402144525504e-02
4.140614927883147199e-07
4.878268843830906424e-09
1.675233416313789701e-05
4.825415587633832826e-02
5.969862624520791972e-01
8.954120286106376225e-01
1.192292119293108243e-01
1.620908429755821278e-02
1.949244666964242449e-03
3.511084802927308662e-05
6.074308594592910420e-06
4.917026245821179208e-05
1.245147437655935296e-06
2.501130273999692052e-02
2.568069134962144773e+01
7.877067386187943221e+00
3.142975539836153853e+00
2.151208217892755237e-01
1.084577386494302173e-04
3.082808478974733957e-07
1.848353051619451719e-06
2.074124418892712290e-03
1.938384684565551963e-01
3.124073134140137320e-01
8.903986902847935703e-01
8.723879652744848112e-01
3.016089285814923821e-03
6.540707662539945346e-06
4.755933267018691625e-06
1.022066360086167476e-04
2.274289589556258024e-05
1.040072284361364341e+00
2.041071007708254115e+02
1.641867138479950938e+01
5.740440765187490690e+00
5.613639767077144960e+00
1.035182838805859928e+00
1.342472820828233878e-03
6.147412668913280669e-06
1.074489802980293455e-03
8.940459980613572055e-01
7.549689097086351719e-01
9.211153515874845876e-01
2.227555043352533737e+00
6.521811155542542142e-03
6.762276303385053286e-06
5.314539544197335789e-06
1.337942449024988746e-04
6.926483482494951859e-05
9.555154995111369010e-01
3.996993383973575220e+01
7.451075542851400613e+00
2.272103411724538002e+00
5.899139886484257023e-01
1.813998062646402509e+00
2.020343213597315321e-02
3.306407040721586026e-06
1.715558255896317065e-05
1.890324468404638511e-02
7.363067122766876749e-02
2.886119282598468283e-01
2.691406860556383229e+00
1.911313430927182033e-02
2.082313332835176043e-05
1.128790446351078601e-05
1.872297947250296736e-04
1.267132873107343887e-05
6.760670731541493228e-02
2.909132051217963255e+00
2.756201818434329098e+00
4.435079046395425273e+00
7.031910190876951017e-01
9.792740047926169478e-01
1.214713375454024719e-01
3.534373266101639336e-05
1.638289951587693609e-06
4.041772431092476069e-04
6.347783378822352551e-02
7.513538505368011489e-01
1.550590523104953267e-01
1.347245778806773040e-04
1.578424574814157683e-06
9.541492715508584818e-06
2.490347837321926707e-04
1.394627935862667602e-07
5.044910227515143550e-04
8.132588984601152315e-01
2.755169784057951432e+00
2.103455282464561371e+00
1.467681421203416603e+00
9.784337394712390168e-01
7.812672734045934542e-01
3.600779115321505602e-02
1.087520506759369083e-03
2.859639647459953637e-02
1.833919691911419347e+00
1.119243927420056073e+00
2.138900537623520792e-03
6.033364328204683287e-07
1.514724222968724122e-07
9.692446598592320393e-06
3.190316491647777618e-04
5.346866584664868179e-08
1.158530051303512662e-04
1.324881032081330900e+00
1.898696592168136243e+00
1.263788048716617818e-01
6.897198951059675398e-01
7.716512152835330873e-01
6.487176229138914563e-01
1.451014873141716954e+00
4.678529772611328963e-01
1.560683472644968317e+00
4.508230932461003704e+00
7.884368539001459508e-01
3.761866048676960894e-03
6.424737299332147419e-06
2.442722743365097825e-06
4.513915074548927514e-05
4.301992311486164478e-04
1.556450916109574045e-05
3.117810060129224022e-03
7.063622991837873455e-01
9.107916625771741992e-02
4.713780490364791946e-04
3.107019369922908204e-03
1.487707601715461680e-01
6.551305733301924228e-01
1.205921374325652051e+00
1.913774673098475931e+00
2.087684944094390982e+00
6.833425047554476661e-01
1.038293735283088021e-01
2.186081176622122185e-03
4.531507791889110215e-05
2.972519404270941191e-05
1.388278941000879165e-04
4.602295350568599169e-04
9.267095069595165935e-03
4.230354168441185364e-02
6.822049814476198459e-02
2.336224256641847297e-02
3.126371815445256100e-04
8.688382476555810792e-04
2.355053906756838233e-01
8.174570696966585448e-01
2.178538799340767329e-01
2.638365741008740883e+00
2.375662375319166575e+00
1.835994973638611222e-02
2.776805297986180464e-04
1.437632763560455397e-05
5.099159903988939924e-06
1.781477833889060525e-05
1.061665957864285468e-04
3.786216258192151812e-04
2.806878415129641924e-02
7.269488273395198208e-01
5.324536658590467431e-01
4.588899309440322427e-01
3.183935508107139656e-01
7.729536931613110173e-01
3.892512531972360357e+00
1.910971627779366022e+00
2.682419451755552742e-01
2.000329126437668581e+00
1.722406269499524578e+00
3.023148590219537548e-03
2.487430488945494676e-05
1.052337921559974041e-05
8.654730190738137488e-06
9.900826586974265575e-06
4.158102590484344282e-05
2.608374028467718743e-04
2.452789869511494604e-05
1.669003658200741980e-01
1.508636185668166707e+00
3.256235461446271295e-01
1.956607775375357017e+00
1.006444026617402399e+00
1.351409917370691716e-01
1.175021304647059006e+00
5.566357466725680991e-01
1.338455186253759421e-01
1.760755064608025278e-01
6.033621082678697518e-03
1.429538430371663600e-03
1.084831837723817215e-02
1.149585992468195577e-03
1.653303571042650066e-05
1.399538954004064111e-05
1.502403299212008985e-04
2.766429823661860530e-08
7.256620944872874254e-04
1.467537104575523388e-01
1.271797583744728455e-01
7.652054186563675975e-01
5.526660140542085514e-02
1.354582997806316226e-02
8.389837736796029732e-01
2.119821692579305639e-01
1.013176690279350978e-01
7.677819458080201720e-01
2.824853648611527768e-02
2.190425318127348780e-02
9.283660235398495386e-01
2.393474468593620105e-02
2.209842066180521528e-05
6.729193261155253407e-06
9.552525541479829749e-05
3.734403649878954109e-07
1.452019103143702052e-03
8.856182483781457337e-01
9.387488454495678258e-01
7.332498100390877349e-02
2.209001296822681384e-03
2.450548474930189236e-02
9.066545767833014136e-01
1.126310313012146846e-01
7.902890886680553617e-01
1.124165003306031307e+00
5.936725230549823058e-04
1.325073164093301843e-04
1.185441384862279818e-02
1.988420553076364946e-03
1.367562494836235588e-05
8.332992683731062615e-06
9.961749466776717533e-05
2.459802119261457874e-05
1.347916125073922574e-03
4.489282609855772821e-02
6.368455454574616093e-03
2.456761253266163711e-05
2.550996566192710845e-06
3.764074057426304012e-04
1.124379584494825113e-02
4.376608241632618142e-03
1.866405318991546172e-02
8.431040950415663159e-04
3.539417581226533646e-07
2.765735930664666802e-07
3.358678860344400057e-05
7.760315858348936684e-05
1.821401190618917147e-05
2.972908968792094511e-05
1.802039848155528466e-04
3.539574795705664447e-05
1.395009927505860756e-05
9.837869090063339187e-06
1.952519067577648273e-06
1.429978043693848460e-07
1.752243008275499562e-07
8.288947298812288295e-06
6.415660236962274243e-05
4.767877031567015802e-05
5.244175758499968544e-05
3.669229621001692944e-06
1.506097758757691499e-07
8.131406436730124012e-07
2.799131032240301484e-05
9.876806963608078332e-05
1.023041371451723091e-04
1.732249457428432584e-04
4.458286344250351856e-04
