2.837722028638032041e-06
2.083078783473376624e-05
1.242757646930488442e-04
9.380197599279349631e-06
2.256440707550205469e-07
2.519745728933868921e-07
6.324083825678416877e-06
1.208632502227081386e-04
3.149037792882943801e-04
2.576201882899417065e-04
2.424411004700603636e-04
2.730536832135245355e-04
2.571128318440563522e-04
1.991719819555708864e-04
1.497353864209573682e-04
1.289278980160496588e-04
1.490879829263781796e-04
2.500012116493718233e-04
1.116841799294164750e-06
5.255483943741741902e-04
2.202017314621150870e-02
1.783700306739599692e-04
1.966385892795189828e-08
2.384710363226704990e-10
6.368854298139528228e-09
2.889987987372711024e-06
3.417331798854861209e-05
1.920125468734035131e-05
2.341786356861390222e-05
6.491311238917565028e-05
1.209827219754373352e-04
1.258467007139677126e-04
9.422357870113349067e-05
7.103988412475486158e-05
7.731407393054981828e-05
1.450019670193159306e-04
8.408136122329906175e-06
7.753132106423796244e-02
2.815885246917393392e+00
7.726885736647168268e-02
5.378779774176416390e-06
2.921154723512450753e-10
1.802730823459283767e-10
3.038350460586452016e-07
3.923494734175240486e-06
2.786242452053983257e-07
2.659769939272760323e-07
2.624380414248849934e-06
1.988588484577755806e-05
6.332456819394647490e-05
8.020345655131039275e-05
6.256745182347858681e-05
6.267088318326241212e-05
1.184191013512270857e-04
6.983741198363842837e-04
2.839852570718922387e+00
1.037319877233889542e+01
4.738966544588949503e+00
1.179113896635115566e-01
2.725505815994773299e-05
9.792037795152871238e-07
1.284190552925795748e-04
7.128590344444123963e-05
1.597850082741359668e-07
2.335300040426424596e-08
7.614541228339783195e-08
6.245106914917064809e-07
9.226111010854159438e-06
4.899411529928481441e-05
6.487094402572189992e-05
6.731924332756055807e-05
1.227599033556165016e-04
1.633215969601359563e-01
2.898791286369649001e+00
3.817541774193524251e+00
2.195082262465378076e+00
1.841843463584494023e+00
7.925335035950834550e-01
3.866991331620526773e-01
1.709877929074136160e+00
1.360925336564187960e-01
3.862727791037025098e-04
9.914660386735396757e-06
2.878232695712840635e-07
5.103705475814510431e-08
6.529428084056960558e-07
1.646970727677741253e-05
5.762886654281924832e-05
7.588281672198492612e-05
1.372182060805141035e-04
7.787940546804014152e-01
1.477483007294352613e-01
2.166986143509544327e+00
1.701893904769484323e+00
4.885511549690753075e-01
1.998309785078159040e+00
1.618435160526014549e+00
1.168983766417680314e+00
1.989660874149020042e+00
8.599516789537290373e-01
8.667119419145008496e-02
2.607607891774421085e-04
7.202650380521958942e-07
5.411813416406038976e-07
8.907546576224394512e-06
4.837180462819367852e-05
8.264961420271599128e-05
1.540397623587434013e-04
6.010173354301384663e-02
1.271380217277115199e-01
1.702150648416828504e+00
1.275431288052255807e+00
1.450654149684862615e+00
2.113662632234356575e+00
2.832026099306368394e-01
1.002490576626382107e-01
7.438406633162709669e-01
2.413075986907015746e+00
1.599299804683369297e+00
1.112703718715481044e-01
5.224692757202215173e-04
1.692735824939728935e-05
1.905374803473660586e-05
5.015405443636758529e-05
8.908606619808875243e-05
1.711478253295258250e-04
2.146583598446531738e-02
8.639052365154301638e-01
8.900727107927589032e-02
3.700117113575462913e-02
1.255161821278799383e+00
2.016330508551394285e+00
1.624983196411355690e+00
2.018416582472905230e+00
2.097945428164669668e+00
3.668790045687147394e+00
3.573908448178520825e+00
8.008619192900477968e-01
9.729044784928714967e-03
9.784878461786272199e-05
2.555573999372735109e-05
4.731780844928080835e-05
9.425086323233572449e-05
1.898088517476336824e-04
1.964275576226073069e-03
1.386191784399001641e-02
1.002470116580319280e-03
2.274657542080269976e-02
1.763102424967981419e+00
1.177195710986703447e-01
1.231259182888049253e-01
9.992417275248273167e-01
1.058845141769252374e+00
3.044742374157828557e+00
2.510749559058498726e+00
1.041570516518518646e-01
4.136226782655039202e-04
4.914094964399056743e-06
3.914369731269246100e-06
2.438994832673386533e-05
9.281565509440076146e-05
2.181192770497556040e-04
1.628149298092891588e-06
1.748308644962808237e-06
1.122226097578706609e-05
9.063590915119901573e-03
7.922592420740520724e-01
1.332540224760628833e-01
1.217518974636559725e-01
7.540671911094942725e-01
2.104076870099107044e+00
3.122875083846095023e+00
1.309097084112506915e+00
8.109050080329169297e-02
1.577326032179908032e-04
5.107049965438587373e-07
4.266023045091553311e-07
8.304118745959703955e-06
7.952711870343296026e-05
2.523735709078577362e-04
1.003239600296865090e-08
3.732011585719585727e-07
1.251133648229550688e-04
2.028317298471647712e-02
5.511003359507851140e-01
7.183375896780832548e-01
5.531982463119476945e-01
5.117120779874205772e-01
7.396766638242647796e-01
1.615828868889091163e+00
3.012464185593690669e+00
6.700584584709715630e-01
2.972561121250881164e-03
5.968303457057569693e-06
6.710579769871201712e-07
4.709385223948997544e-06
6.168613825636979123e-05
2.735437391868608160e-04
6.125001258330026560e-08
3.610019059840849625e-03
1.136633023757607441e+00
5.993055682019415853e-01
1.625033289047325802e+00
1.047281639947874154e+00
7.684682453154364490e-01
4.711763745415684657e-01
1.677413602274955007e-01
6.121738216783344511e-01
3.921396395230403176e+00
1.223879731056245257e+00
1.666664893591184304e-01
2.905289651988401337e-03
1.044279199639251631e-05
3.295975902538209302e-06
3.706018361644920821e-05
2.696126282673664285e-04
8.033108661335706664e-07
2.091584989114543269e+00
1.345094470866594634e+02
1.134431172954021294e+00
1.668642410802965159e+00
3.559450658365529652e+00
2.880829308844119918e+00
2.439807301176797782e+00
2.978427276333334373e+00
4.474747524829020939e+00
1.464560750761553898e+01
1.033445050686666988e+01
5.461747345572687706e+00
2.747749073093728664e-02
2.028733466322285245e-06
1.909418100525200553e-07
9.689543820136493717e-06
2.294490623031218408e-04
1.812341130543707468e-08
1.313555865952544584e-03
2.124682381089824545e+00
1.245380810446248487e+00
8.952178368808729747e-01
1.935674385876234638e+00
5.415090229510814979e-01
1.504829025859170388e-01
5.817477604648298994e-01
5.688438900355449190e-01
5.524689381629531049e+00
1.145819383048094409e+01
3.619870777804796713e+00
4.873970225241000369e-03
5.510384565664358668e-08
6.925638941976445002e-09
2.344841398668635117e-06
1.847624284640748656e-04
1.650009382472768141e-10
5.572563722055449424e-08
7.833843313978095316e-03
7.147064926582417099e-01
3.744479227975244101e-02
1.399049467367801669e-01
1.177928707337654979e+00
5.626339639507655921e-01
5.239480944588627009e-01
3.878971072179498436e-01
2.889253485860626025e+00
7.854260635430310167e-01
1.286368015662772146e+00
6.560135058305385791e-02
6.942700848542881776e-07
1.504578921328968572e-08
2.447602864221105550e-06
1.822289058415735622e-04
8.564927639496019270e-10
3.561244402005313853e-08
9.894922913568847747e-03
1.170788891973559398e+00
2.743334440465724361e-02
1.844654259839055011e-01
1.316533380836396372e+00
7.518159712889694868e-01
3.097153035734238280e+00
3.136949125283132744e+00
2.184551317386261182e+00
1.481863639920731612e-01
1.611837890732440159e-01
1.484332073607555653e-02
1.916034065824187371e-06
1.179903574665123932e-07
7.381554435899602956e-06
2.273622479436607972e-04
1.834036673968543296e-06
3.201213862493583082e-06
3.538334641197582453e-02
6.942683580205575300e-01
6.163156248181925201e-02
5.562112892915463958e-01
5.716598487022028080e-02
8.648287185764678975e-03
3.046165805343443278e+00
7.807358702246300908e+00
2.066374493591878636e+00
6.032914464369125707e-01
3.728925439369827101e-03
3.456170947049862082e-06
5.634165200700631651e-08
4.066127896573403076e-07
2.700647951025099969e-05
3.011827396612199587e-04
4.287575491510058762e-02
1.142961724414495468e-03
8.622881253109424549e-01
3.529690855109860248e+00
4.103565929191164974e-02
1.521629345604635364e-01
7.499145823873691608e-02
2.216513731314541727e-02
5.993701893463381225e+00
3.922361283484294248e+00
1.136952492583744201e+00
2.071352426924019385e-01
6.112476343837311313e-06
2.477958830038440687e-09
1.446979980675167703e-08
2.867216578187605141e-06
9.181839692387009505e-05
3.523378007404855128e-04
8.511861730923574454e-01
4.014680418313737453e-02
3.349000559112291775e+00
4.911596674801329776e+00
1.194033938124696853e-01
2.635586278231498714e-01
1.272816560450653389e+00
6.726498708473763743e-01
6.270615686509928288e+00
3.769672052035560661e+00
3.484150434731635215e+00
2.817478234056050232e-02
7.100943704625476967e-08
6.006257126521405396e-10
1.255707975814796328e-07
2.557652009695384707e-05
1.863348683408308482e-04
3.190857788230645102e-04
2.449691480360910792e-02
3.040543760781999616e-01
4.034838979841842033e+00
2.113964562997882712e+00
9.482360929804336536e-01
1.472800364968039677e+00
2.025741846608408725e+00
9.812370090867071903e-01
1.152539439272459054e+00
6.792537504976813301e-01
1.869247741233513171e-01
2.387718980389136401e-04
2.667031348426186540e-08
1.747817506563942091e-08
3.589281653432505959e-06
9.824259913807045395e-05
1.896776964529842797e-04
2.259869800336520922e-04
7.835765223144508518e-02
3.695927652042366063e+00
1.269583952537390559e+01
4.167307366408549818e+00
7.402702692320363154e-01
6.789721210526461492e-01
1.024152739794843336e+00
1.865136056294322886e+00
1.333588042715575517e-01
2.462776428913365616e-04
1.240830569022576049e-06
2.468654548245827557e-08
1.402243844519639813e-08
7.330770719123289833e-07
3.956268211251159369e-05
1.444644655743245268e-04
1.301214351900945693e-04
1.486009818366383118e-04
9.663837652627085273e-01
4.944932582988919023e+00
1.111452130223539747e+01
1.849528365716251344e+00
1.909191437599999097e-01
6.864564276110962648e-01
3.912564544663690858e-01
7.877154410611336699e-01
3.175680425620531350e-02
1.194999100737240442e-06
1.640561363292655323e-09
2.104773923767197283e-09
1.434012599212432653e-07
1.326451416611815998e-05
1.126263612292144437e-04
1.234098010188733796e-04
8.882419509462739912e-05
1.131519148791491653e-04
3.794208956463368011e-03
9.012567553751700544e-02
1.838377633022073132e+00
8.518903938841200507e-02
3.353530122404173308e-02
8.993173027844592049e-01
2.584078471459585330e-02
4.823302332060952317e-03
2.827024155790015900e-03
4.567459285546200201e-06
7.460652935583675414e-08
3.540375139233741115e-07
9.964144620330461113e-06
9.005903676318171821e-05
1.435736365305481080e-04
9.730292492774676293e-05
7.619929093774811596e-05
1.119081773282461760e-04
2.363748927431760697e-06
1.942765164124936675e-04
1.120159452049882855e-02
3.571990644879949068e-04
2.880804549271546154e-04
1.513039309036245950e-02
6.198228488533876618e-04
5.142394007540201592e-05
1.791740116406514039e-04
5.017706582958691660e-05
1.541693651445103048e-05
3.939216867898315331e-05
1.300442142920042027e-04
1.914560307180573071e-04
1.478258316489240720e-04
1.006772068199805737e-04
9.436612819335051775e-05
1.504465181690329526e-04
1.360934429197770993e-06
1.412281442576610979e-05
1.236435435092433845e-04
1.074875197335226370e-05
7.984374631292078279e-06
1.253504644515156697e-04
6.490251795620979251e-05
2.712520603508585177e-05
1.009621037386221169e-04
1.928383066723337940e-04
2.096265849728804127e-04
2.821203075092991821e-04
3.238654380324326493e-04
2.747252583866453281e-04
2.064548272859464658e-04
1.693670983030885356e-04
1.813606750010216960e-04
2.769981356754292585e-04
