3.299438307382132618e-02
9.768320521274193036e-01
8.974688240490741320e-01
1.801516127673991885e-01
8.720621163303283740e-01
8.465957484741160055e-02
6.434715765012059482e-03
5.483191801002812796e-03
3.552121194751795691e-02
4.362010989288254113e-03
3.706740909592433980e-06
2.319110014912311940e-07
9.317819307705235410e-07
5.102335279695466580e-06
2.706017854039320561e-05
9.076181721234471782e-05
1.446278139818854308e-04
1.897715926879480462e-04
8.778745447708786731e-01
6.259695894094371660e+00
1.821899783001096118e+00
1.665480872273808477e-01
5.609514290045101159e-01
4.465270547741503337e-01
5.143263016061057069e-01
3.201584342159755070e-01
7.023291975766325912e-01
4.729798298200700579e-02
6.241990768566108971e-05
6.120825335885557715e-06
1.313220008332730773e-06
2.240097695212900306e-07
1.017088360405433052e-06
1.655265734958211589e-05
7.858144691351495595e-05
1.552012313499390368e-04
5.729542915970166350e-02
8.831239906398169470e-01
1.807942185266683932e+00
3.942022833201990761e-01
2.675793570843348207e-02
1.717314897331602853e-03
7.193626850037010238e-03
3.528553489787174258e-02
1.593618425940598049e-01
3.155611841561224012e-02
4.892904572109290501e-03
2.339035346954381617e-02
2.294587512451643407e-04
1.437705059454624392e-07
7.994465127091042214e-08
2.567711781475376764e-06
3.865904459849615096e-05
1.547061052789342579e-04
6.097439600861635041e-05
2.770298185169854308e-03
3.387070469164513709e-01
1.359042946063433233e+00
1.390675102409739787e-02
9.264043179259709524e-04
5.270119524056561533e-02
1.022603868722406828e+00
7.379768045950924060e-01
9.653715955480857841e-03
3.433456635058159366e-03
8.168696650297095907e-01
7.578560498480878260e-02
1.275294181592871156e-05
2.092317317186655349e-07
3.907630492119075617e-07
5.763318257194599888e-06
8.378291073422842084e-05
1.130377918651698971e-05
1.702514238509914317e-03
8.038119247773052312e-01
6.078195345222374701e-01
2.158032932493598229e-03
4.947287638213875710e-03
8.759474162475582304e-01
9.624492167800172693e-01
2.261231329175935889e-01
6.865846375173456639e-03
1.061083114226948204e-03
2.672630736361423232e-01
1.888485274985969520e+00
1.529452869874752506e-02
1.066622990993028571e-05
4.338693512825968677e-08
1.314441854107341162e-07
1.246070708608803092e-05
1.021873659670528312e-05
1.407117049729561444e-03
9.939662037167943387e-01
4.791425692370503420e-01
6.764227342134351492e-03
5.517033451890381024e-02
6.948995555734603646e-02
4.897263907520990871e-04
5.154599016547505713e-03
6.930033134508412074e-01
3.911293343038246828e-01
3.974352941392622629e-01
1.218686523603257132e+00
9.459058450229486104e-01
1.507009706585402727e-03
1.098986572802297566e-07
1.880166323730732170e-08
2.162237805598211986e-06
4.829321102343877770e-06
2.465034422841141395e-04
1.713778283938787450e-01
3.325540460713006796e-01
7.634978733341689361e-02
8.492099106782834417e-01
1.087365976670235865e-02
8.531018485656369184e-07
9.166851233319326211e-06
1.317936650929273090e-01
1.782932847896016026e+00
2.947883732493188913e-01
2.751092149464097747e-01
1.632388849356485094e+00
2.100710318577977964e-01
8.876236783736895066e-05
5.311970030952081175e-07
2.316942528186855367e-06
1.535168317177394921e-05
1.256167281488634793e-03
8.230758942788349852e-01
7.197244984723412120e-01
2.241262533289672260e-02
2.621278277600231493e-02
3.610776274412869817e-04
2.523270933582402105e-08
4.032596200174214102e-09
2.897834515504339056e-06
5.412272384949581849e-04
1.843485888642207304e-02
3.497831739578866617e-01
6.880358129562181846e-01
5.830273128330050181e-01
9.843406289219735691e-03
1.636766759075224188e-05
3.393513976160259985e-06
3.473598910065161125e-06
9.151510558680863144e-05
6.781329389734276625e-02
1.791335731648751317e-01
8.382615316144904688e-04
2.349481981358565182e-05
1.484848946668242980e-06
8.860666467555882254e-09
1.281278349243452584e-09
5.384535961859639550e-08
4.973077150102416651e-06
1.899322028209636396e-03
5.009334724581726572e-01
4.944295919824758245e-01
3.134703799009196379e-01
4.310103360800912609e-02
1.188618494487309182e-04
6.608053809263500027e-06
7.861373093440567393e-07
4.608358287523124105e-05
1.033963574336278085e-01
8.742829413410695416e-01
2.654723645350480412e-03
3.923018451632715485e-06
1.286787154796878164e-07
2.443153841306877052e-08
1.939258849193761668e-07
9.217624725233682949e-05
3.732730902229299159e-03
3.836959875186108510e-02
6.218432151677960595e-01
3.220760494245510364e-01
8.027795059755287177e-01
9.459007091982077897e-01
3.372375489761200284e-03
3.943637868924224294e-05
4.034746509124435106e-07
1.059640320275878015e-03
1.802714974124866032e+00
1.011487141923375743e+00
9.812051829478059609e-03
2.779186237857751674e-05
1.326228905826084853e-07
3.550766964589696658e-08
5.870409318380449795e-06
4.050854362412497495e-02
8.753850674471442828e-01
1.201980976882586205e-01
1.939597891524117226e-02
1.399111813205716716e-03
5.999289093622619737e-03
3.834887496435550325e-02
7.761971443431333207e-04
2.774612759942310147e-05
3.804539535219121501e-08
3.923833826808065424e-03
1.217860251290479701e+00
2.654518433238311353e-02
1.675229037169102472e-02
1.158137878698347429e-03
3.011799700548112353e-07
1.008630255924282330e-08
7.075372110889355899e-07
3.783753611416987078e-04
3.309899717318477881e-03
6.491832996212163441e-03
5.775059356379569873e-03
9.189377034297462694e-05
2.430751352411620797e-05
3.829774688543581183e-05
3.813685954282161590e-06
2.658000058531106814e-06
4.150369284952232418e-08
7.791210431877568232e-02
2.863282972373648150e+01
2.233227572928211113e-01
7.926322494390338758e-01
6.045288017128205155e-02
6.420251066014906632e-07
1.684540573565722619e-09
5.045622481029001184e-09
3.066986222905354947e-08
1.170234641087721714e-06
8.010879636172488216e-03
9.261403749686301090e-01
1.425614356691023467e-02
1.291693404370927376e-03
1.357360044246120603e-04
9.896453376933282809e-07
6.169949861043030043e-07
6.267366749712291443e-08
1.450579766326957638e-03
6.907061905933313539e-02
2.429106464430793623e-03
1.713909825517006061e-02
2.621813635331631236e-03
2.141008094256244090e-07
1.390914059608972492e-09
8.310956291265199452e-10
1.087020763060924068e-09
6.900435024489171933e-07
1.012783484197718603e-01
2.880702778838097888e+00
1.519769311168603643e-01
9.126793529126269178e-01
2.107988125934467244e-02
1.134814818802738090e-06
1.239095144331223961e-07
2.354658215411837742e-08
4.631480416096943177e-08
2.563293806049116107e-08
1.420874799130243487e-08
6.124638677356797377e-07
1.845774835472605692e-06
1.299818898672675848e-07
2.359099790967245214e-07
7.109364284995514962e-07
5.751316465330596755e-07
3.069069060617946759e-04
9.020756836322982863e-01
4.099172333414282526e-02
4.962084233591637639e-03
2.931072788881140756e+00
2.925145847252339990e-02
8.820517154473860088e-08
1.010951088372667113e-08
8.268713317269442450e-08
2.566455106418822639e-09
3.035319669738263404e-10
6.825307371732450949e-10
1.506136704606873848e-08
6.725671547145426669e-08
8.039569911788444399e-07
1.091139486639766546e-03
4.490645475476070375e-02
2.141303561523510198e-03
2.019257332439022487e-02
2.048603008046904428e+00
6.615140551321839132e-03
6.666930292990727114e-04
1.031720465812093313e+00
8.168968044167900650e-03
1.629849146419654690e-08
3.113161592515677391e-09
3.569916474483295561e-06
8.866873724660534660e-07
3.599888556074522839e-07
2.742204880030173959e-07
1.925086938808885017e-07
1.135165919413449129e-07
4.179387465716333130e-06
2.307009473156991508e-02
8.213471605061293257e-01
1.073033267972929063e-02
8.793661744797110630e-03
8.420440863400171505e-01
7.650129243292541625e-02
8.907317058480789321e-03
1.904835968822270242e+00
2.983628880463227648e-02
1.577992120705616004e-07
1.509589806916698884e-08
4.302786492696537499e-04
7.251361726657430846e-03
9.785312273887389334e-03
3.172838206546895671e-04
4.240997523678633632e-06
1.326939214184612211e-06
1.106947015707328719e-04
3.745811389980174821e-02
1.379350606908230081e-01
5.257916638672410076e-02
4.427607336603418126e-02
2.333115246045186220e-01
6.887480624287745101e-01
2.551743448677756820e-01
9.162922157266818468e-01
2.347830120448633415e-02
3.178614236706964951e-06
3.389515855356975503e-07
5.968679253075242358e-03
9.789457126012542920e-01
9.809993599742962145e-01
1.703273366423479172e-03
4.732519109081391157e-06
9.693801627833483300e-06
7.906938197449647418e-03
9.256413279881786638e-01
8.671622864398271791e-01
3.024787063978169321e+00
6.709797736991460759e-01
3.968120544420587759e-02
1.097241436406147574e+00
8.827035232727480363e-01
8.322419436389727476e-03
1.478039876029740179e-04
5.106993300639812503e-06
5.542654509492914242e-06
4.559237794599684717e-04
8.907376489805393996e-03
1.492771961525970114e-03
5.361301974206029315e-06
1.171983713051274781e-06
6.087814933362753798e-05
2.170753451848047785e-02
1.934240171151453636e+00
2.286940716607895219e+00
1.896203047295559108e+00
3.052021636580450337e-01
3.966061989971613605e-02
1.881144107219206107e+00
1.102768866700790662e-01
6.178372613816313257e-06
2.051251047353072225e-07
1.850145260894737146e-06
3.158754968959319464e-05
2.713399388538105249e-06
2.717747319979985842e-06
3.494050312592977800e-07
1.566921892125891581e-07
7.686246225963745259e-05
1.824562906431404299e-02
1.500593652226839096e-02
1.127910261901439171e-01
6.062239694022694136e-01
2.546382063855459621e-01
5.206526073791973852e-01
1.265479209878064948e+00
8.074375382555633029e-01
3.375166758645993656e-04
1.634666481648305908e-08
9.591779914935995115e-09
1.778855602098034233e-06
8.284846306602545605e-05
1.037693425582752242e-07
5.260393974270438369e-07
2.370085761969251217e-06
5.163043749309794063e-05
1.360651785786019252e-01
7.774924873344294385e-01
8.316061345159254502e-04
9.667260742972192018e-04
1.060438507042348183e-01
7.789921371606858824e-02
1.503945183558048071e-01
1.809618710580378931e+00
2.271404449606513609e-01
3.413016383158147326e-05
2.015624231381668044e-08
5.445063124167698949e-08
6.363073379209888203e-06
1.352986692167944521e-04
1.930081953912891426e-07
9.743422367057024054e-05
7.152412812775626669e-03
2.269265714810880796e-02
7.255320640739548743e-01
3.296972064106520328e-01
2.398882792025413809e-04
4.775623367175142828e-04
9.498019288980362740e-01
8.832842752835025069e-01
1.308586672816021770e-02
7.643722741534371423e-02
8.352298080892679444e-01
4.810267455989817101e-03
5.383404852897558690e-06
2.036044118240142121e-06
2.284047015086968052e-05
1.480675700704083496e-04
3.256243558330554696e-05
6.872147987292745452e-02
8.527606556042822694e-01
9.053777407853974557e-02
2.194542027171016707e-01
7.064932357290393261e-01
1.088903242880087142e-02
3.788957351244091887e-03
1.026883344710765922e+00
1.008689088350591012e+00
9.388720420652494963e-04
3.754282761094514622e-04
3.059888266994384778e-02
9.637411915254698661e-03
7.302363445598816229e-05
1.398192505929954925e-05
4.318014815049070536e-05
1.455746778343229716e-04
2.183627889915573314e-02
2.891633175324854754e+00
4.170474681063454092e+00
1.862730788234026935e+00
9.604564694393247226e-01
9.631888228553438236e-02
7.723399618793930091e-04
4.389694599085674245e-05
4.460780102937709156e-04
9.749821611852220677e-04
1.346598218086207674e-05
1.722364365435438493e-06
1.635942686807628386e-05
3.944111921720197138e-05
1.661229266743378838e-05
2.264109752755682334e-05
7.481041882526920860e-05
1.883281196132160910e-04
