9.368377479634470983e-01
3.282310863849426941e+00
1.684188091490961714e+00
2.132239042627371184e+00
3.067518851757307097e+00
1.859101654860927377e+00
7.081411941302093171e-02
1.195714916044885168e-01
8.753968120418731402e-01
6.341077330696200109e-02
7.376958277424772799e-05
2.539597671223495492e-06
9.563688277247732732e-06
1.478467287642335676e-05
2.795597335793383381e-05
1.603409240186708497e-04
5.383281416732647266e-04
1.341740127579051393e-03
1.271922691376269621e-01
5.296878009696297518e+00
7.760434070147174124e-01
1.572973888788639751e+00
1.162208648247357035e+00
1.700471659389120260e+00
1.644009096212480481e+00
1.954103280054622749e+00
5.792411308602467557e+00
5.572940223636654977e+00
1.238319586135130934e-01
4.773586750893993487e-03
1.032380660520575578e-03
2.294166946994926408e-05
2.684751924423669145e-06
1.388996587632407172e-05
1.284832716586578453e-04
6.660788668001113577e-04
7.085295494029920189e-04
4.509011889053286204e+00
3.898432076805805835e+00
4.301539126695751669e+00
1.071233153620858136e+00
4.290365449301205558e-01
7.415186350609901389e-01
9.587140772877698058e-01
1.560272676467307829e+00
5.837864773920747652e+00
9.476770043524101794e+00
2.557368406538421901e+00
1.450470944614312696e-01
4.423302713392748896e-04
3.009596708627893532e-06
2.874882440918048225e-06
4.259654601970386034e-05
5.711917061838501933e-04
1.032513954913641093e-03
1.147050522431213615e+01
1.166961628472926726e+01
6.507229182427996861e+00
5.916137338508651311e+00
2.454052935123752111e+00
1.681988385409812770e+00
1.393499268634100119e+00
8.810404447042736731e-01
8.655547699755239410e-01
4.811486968119257135e+00
7.963490405594021659e+00
1.644174911976834741e+00
1.486217176599290320e-02
1.557501122356042041e-05
7.193498910787582560e-07
5.368532302937589243e-06
2.158764311886189808e-04
4.934054104246255595e-02
1.052218125112504588e+01
1.552885391208072186e+01
7.293164413189203721e+00
9.347553794349666489e+00
9.204685662454394901e+00
4.606206476128812177e+00
2.519633690520905578e+00
3.108179208489034284e+00
2.287323464077767987e+00
2.082809266457263053e+00
3.103275589536733214e+00
1.025138475725495013e+01
1.086666860092374121e+00
3.816342766178800220e-04
4.544724648940008287e-07
2.938001690826727728e-07
1.691954435241552166e-05
9.925528573170459001e-01
4.219149650771156779e+00
1.079143886992279100e+01
5.152604041563923154e+00
7.124475809348885136e+00
6.738299425128827735e+00
5.053065460149951171e+00
8.770932899148279560e+00
8.953724665499066759e+00
5.178340677050904617e+00
1.506067209568491716e+00
3.983737268876220150e-01
4.119274347491669985e+00
6.690865994425887031e+00
2.047065495812715533e-02
1.731265793613282424e-05
4.127315796858964973e-07
2.135687109568495774e-06
8.748468896405344752e-01
2.236500518236511859e+00
5.496674062880287259e+00
2.952770570749441159e+00
5.767897321623022933e+00
6.856005206297629329e+00
5.968722199535133832e+00
1.014132310524615121e+01
5.717034988365755410e+00
5.626683342916336983e+00
3.683999824156958258e+00
2.672102325771567033e-01
4.549607799540431596e-01
2.446650848484688279e+00
1.004994946428821034e+00
4.829490498694043871e-02
1.639064236862002315e-04
6.414548577596403186e-06
1.051556487568338638e-01
3.781183891973985300e+00
6.573850509046280877e+00
5.592742467795066119e+00
5.905628247906739681e+00
5.678866522040433296e+00
5.039354103272354557e+00
5.939850571771519760e+00
9.396002469287337178e+00
1.320160788755280024e+01
1.115989643481155014e+01
2.086524164290472605e+00
1.116564679227994406e+00
3.051890544885247802e+00
3.647592268133269755e+00
1.941218383409067938e+00
2.081965104460250376e-02
7.921350340199574962e-05
3.552154562551540148e-03
8.441039063860976688e-01
2.814215017030900601e+00
7.324075430103056839e+00
5.821474626412000752e+00
4.684867021067379511e+00
2.792067125714666087e+00
2.184916131734872202e+00
5.395438172342024608e+00
6.820532910535090920e+00
7.296408755582198147e+00
4.215126461252375556e+00
2.587173547396204309e+00
3.230108532070782523e+00
1.862411632499362479e+00
9.257341140282107084e-01
1.743386959207266287e-02
9.040325509252602261e-05
1.584244795173891593e-02
1.371284216655279442e+00
3.010942969500655764e+00
6.743027119534515279e+00
4.317167127933152493e+00
6.021884115538764348e+00
5.466447746453706458e+00
4.515762074314388030e+00
4.097205160396582002e+00
2.675440249649235103e+00
4.022743880135096539e+00
1.470939963478462342e+00
8.220827190980173338e-01
4.484310850277663518e-01
1.364115156942308449e+00
9.188960219400228446e-01
3.954643087834335490e-04
1.094909470886025829e-06
3.784939748891933027e-03
2.805468718546538232e-01
3.197170194014761213e-01
7.074022086501843276e-01
2.297630568494516190e+00
2.485381658097387536e+00
1.911898728241830492e+00
4.205858729690678643e+00
3.948728677053279679e+00
1.423910362671432228e+00
2.799984900113695829e+00
8.801360516045040328e-01
6.291395597469000567e-01
6.743333095537532018e-02
2.313652085004768155e-01
2.406761337792603650e-01
4.826023086570575088e-06
5.843304773654879985e-09
8.897264576557649819e-06
8.319295455423996177e-01
1.093711825263172877e+01
1.227741739465761484e+00
3.509967037913952925e+00
3.845839818029586965e+00
2.587877574106436818e+00
3.604508729710895754e+00
5.954488423660351692e+00
4.903626908878751856e+00
8.833844925403678161e+00
3.322862836842967127e+00
4.485971989839172558e+00
5.077023470178835263e-01
5.923399288945155883e-01
8.131740672099285749e-01
7.921944272519344864e-05
5.317850392055474499e-08
4.106115750839170277e-07
1.220830431542484718e+00
3.742761903132679890e+02
1.176780977125707750e+01
4.472418906702233521e+00
7.144619558308964891e+00
1.249323451812328400e+01
8.140278258220183361e+00
8.514016944328533398e+00
8.443462465288821051e+00
1.182963788760462975e+01
9.944138820538496404e+00
9.361799926538845185e+00
1.482910724710488015e+00
1.397691033476679445e+00
4.060164479057791098e+00
9.274000514213495694e-02
1.983458762608164019e-04
4.459894742074772562e-05
9.090651281325377864e-02
1.245999912015733813e+01
1.465028286618700903e+01
5.041256396872215717e+00
5.343500739064457328e+00
5.065745295377913848e+00
4.152846899086561017e+00
4.347344598541560856e+00
3.495957018949877870e+00
4.569657938264230168e+00
3.567553644834777327e+00
1.026432406642229900e+00
2.826149149627838475e-01
7.633857125387009113e-01
1.023873886779537390e+00
7.892784802749915896e-01
1.650257863192703886e-02
2.000718106760680098e-02
5.023063649373036288e-01
5.170049683319432710e+00
1.251172296873024692e+01
5.732042083601282201e+00
5.011539715105798543e+00
1.501755778385586382e+00
1.425291753569922326e+00
9.007243855636902774e-01
4.955176114876518878e-01
9.765135029959960411e-01
1.038068145218043359e+00
3.952345381350960696e-01
2.320922822295657384e-01
8.317154684319361113e-01
1.125407453710105810e-01
1.485908007121230223e-01
1.756953712517452318e-02
9.610742525296369146e-03
1.492061187151417112e+00
9.028506645320252488e+00
7.071447231577136172e+00
2.988809742485623921e+00
3.156941729383725193e+00
3.066928789978727199e+00
3.400551349674407309e+00
9.357362513594200681e-01
8.428092479030201423e-01
1.902529939948509163e+00
1.116365137790393813e+00
3.226038763575913570e-01
1.197481885081143060e-01
7.464877714604880588e-01
3.191616518844014871e-01
6.496687898540361994e-01
5.943888866115032421e-02
6.100987027614305364e-03
6.197926179751249709e-01
3.485947605651305903e+00
5.684473192907518957e+00
2.082697438755537256e+00
1.668004401106380818e+00
3.552050968573400969e+00
3.458932575119781472e+00
1.486266743388477085e+00
2.684285975801445900e+00
3.167796076079181677e+00
9.935507110045926904e-01
4.603402760647153924e-01
2.257684584257473592e-01
1.905286617920529890e+00
9.805268674572684695e-01
8.081781721845703037e-02
1.812874026622500337e-03
8.400006071337125235e-03
2.431999928185992754e-01
1.849718662209299813e+00
3.965993499273797074e+00
2.151761938129703733e+00
3.364335592540760977e+00
3.042857286325981736e+00
3.310695391736737658e+00
4.604782897483773674e+00
6.316798497757397435e+00
2.065549057347206396e+00
6.754683511910932747e-01
9.548161767258457333e-01
1.139187982851979974e+00
9.365362521920432837e-01
4.503596600011724668e-03
5.773820646135794869e-06
7.710327480717590484e-07
3.908822750627225472e-03
6.659488082841023004e-01
6.378196159382327757e+00
1.686066447623816078e+00
1.181222177082288383e+00
2.384215633670148105e+00
1.050299202765396567e+00
2.660416246238442639e+00
5.285009123441887446e+00
7.725921270139457064e+00
1.826177094138799584e+00
1.404300752594362489e+00
2.076145368029620908e+00
1.834427142941765121e+00
6.541007307023412320e-02
3.751280981164731308e-06
7.070701280742234447e-09
8.685813204946189174e-08
2.495622168841778871e-02
1.378593270688093231e+00
4.463685398400236259e+00
1.285779167952104896e+00
2.290314094629349206e+00
3.662573917819714975e+00
3.349037985236044346e+00
9.844367789470641839e+00
6.236748402296739435e+00
2.003841039133350765e+00
1.694226575504588772e-01
8.453046877436792839e-01
2.341875629814998749e+00
1.929707973230097240e+00
2.848542471071162721e-02
6.237510996507024890e-07
1.189002155744211950e-08
2.133835140025026648e-06
2.029544216005796820e+00
2.465805227407212197e+00
4.833804384014457334e+00
5.540885174927025147e+00
4.719608404388537792e+00
3.409889791401588433e+00
3.511025157363095062e+00
2.048496112469701647e+00
2.015511886009051512e+00
1.624249434028724348e+00
3.183408434141293819e-01
2.728119467566713752e+00
2.055776287660354917e+00
8.743642401293453270e-01
2.755807845473040238e-02
3.878425596903943497e-06
3.754571878329166816e-07
5.685466157877442424e-05
1.900527699190282860e+00
1.588174312613160666e+00
4.008736643436382252e+00
2.568897479650955606e+00
1.115456195794630956e+00
1.767064206604608279e+00
4.709237319303960501e-01
1.962086812170621593e-03
9.542854929893895746e-04
7.597112121876760382e-02
2.021027401084629638e+00
2.975832259830604620e+00
5.509367600512665719e-02
1.574765624626728311e-02
2.318496303711403434e-03
7.159539958575683526e-06
3.532371126449369957e-06
2.550176480674512264e-04
5.583301332675859319e-02
2.642126277130327328e+00
3.904397478546875799e+00
3.704803552016516788e-01
1.934208868972231155e-01
8.916288113222556877e-01
6.080354810681011246e-01
1.661002768666485028e-03
8.636947087670345663e-04
1.553121551376231424e-01
1.794643642699924380e+00
8.267186519302938130e-02
2.748813429182022944e-03
1.427032223483967223e-02
2.494322961021167798e-03
9.862625776168701576e-06
7.291583840747539215e-06
3.325607562533427456e-04
5.602245116560856860e-05
1.382942236591123419e-01
1.018134318158019358e+00
3.835097843406752582e-02
5.753020791353933086e-03
2.809968529800973766e-02
6.903376511547584249e-01
4.962437812395005809e-01
1.612323470972365280e+00
2.062644096115816783e+00
2.480406824578395772e-02
5.588743775928142234e-04
7.058660592871858833e-03
9.055284273923450700e-01
2.682539176063427483e-02
2.570156774783036727e-05
1.350193450402632332e-05
4.058679022304419095e-04
6.388948951385861781e-07
8.429871060807081831e-03
1.915111667559910469e+00
2.676626915822554603e-02
9.694767509889218597e-05
2.542422837945638135e-04
9.128200617198400924e-02
8.334953290038851215e-01
1.288271011462061577e-01
5.060412682106669351e-04
1.355283975712450175e-06
1.352937035816316126e-06
4.698173705427015345e-04
3.331114919424311288e-02
1.518923243607521456e-03
2.372928981162349710e-05
5.219516688706349897e-05
1.093961869824273438e-03
