4.548517427027300777e-07
1.110664160067061819e-07
1.671496229220758740e-07
1.331500351142967072e-06
1.679307223353429204e-05
3.233047739052996334e-05
4.612593272831882584e-05
1.283925130096396923e-04
1.658446129250442215e-04
1.068845062444609585e-04
6.290888349964304837e-05
4.906841510409751711e-05
6.906940844606796858e-05
1.290716187210041435e-04
1.771897146375539002e-04
1.642763532414664974e-04
1.536583567947065302e-04
2.120383161810399325e-04
5.409386702953622595e-07
1.784837716493056674e-06
1.138890776355369297e-06
9.087037907106653688e-07
9.775125152951972269e-06
2.326659846863631580e-05
6.495895566987076441e-05
2.349301411553615985e-04
6.079050259614017445e-05
7.976502583873391279e-06
2.879175882121984465e-06
2.161316296001811159e-06
3.525343357484744663e-06
1.268581900236926979e-05
4.410634595850355846e-05
7.214678779471865719e-05
7.816208180509718933e-05
1.190803517075809649e-04
1.749595791143852743e-04
5.795187781510033331e-02
1.909600488380002944e-02
5.074341550134666562e-04
1.164354456539703651e-03
2.255144372023155062e-03
4.620512562137102722e-03
1.787219772459940461e-03
2.000459117499801004e-05
1.183320163774599077e-06
3.207856072080124789e-06
1.355206471664088179e-05
7.938988406406493025e-06
5.257797462621343754e-06
1.616488122166429023e-05
4.951359942933891407e-05
7.232222976591949626e-05
1.114557209501036353e-04
1.001104475115780542e-03
9.335758020808756497e-01
2.663088700187013824e+00
4.244727241915153271e-01
5.834554528069015866e-01
1.299554636769199467e+00
8.567132984423114772e-01
1.187519316961780508e-02
3.479041539461719942e-05
5.753436819785644753e-06
4.619265830940435169e-04
3.738933565202412490e-02
2.593302993462741780e-03
2.348819868787526102e-05
1.259379623782150531e-05
4.975366809528453550e-05
1.004712213369176059e-04
1.499978936434247700e-04
9.868955823477379603e-04
1.133357786654782817e-01
1.411182507106132134e+00
1.573425897939156437e+00
3.560781497097533221e-01
7.920247273431142432e-01
1.012766246291783689e+00
7.132255507524211391e-02
6.507701008114690627e-03
7.425439948931955190e-04
1.082566770631413280e-02
8.711838303542360773e-01
1.929712249180075626e-02
2.751918565574089807e-05
8.414791235825957880e-06
4.507491687945890140e-05
1.202032402476348161e-04
1.902231686410928418e-04
2.498394560556688529e-02
8.042743911582329597e-01
7.827023859938362360e-01
3.434872136085617006e-02
3.009898383895060273e-04
3.010639666230076165e-04
2.758832646831219353e-03
5.415599343508190749e-02
8.405784543039729328e-01
5.511378699096597389e-02
2.371212843094661071e-02
9.125539980990042543e-02
8.802997966660557928e-04
4.037623709477594896e-06
3.185171852571482093e-06
1.957393526560029080e-05
5.879953633838091786e-05
1.294214547896704209e-04
7.703321706047181611e-04
5.814171783963056200e-02
2.602135981590986136e-01
1.188970662817332227e-02
2.514039271517264716e-05
1.257996395315705499e-06
2.400717452998486185e-06
1.257635541427751865e-04
1.152881664743671958e-02
5.483319126180843245e-02
9.237375047750759904e-01
9.611906428617325027e-01
9.724241090142874506e-04
3.140834947777773068e-06
1.925533146147126435e-06
5.921488515007837516e-06
1.211994547275899529e-05
3.516949726113279809e-05
3.526623857832501540e-07
4.237013978193701798e-04
8.081337084749528055e-01
9.558677810393487739e-01
7.163807424702606967e-04
1.238320149655974288e-06
1.142267186009610390e-07
1.312971272707335131e-07
1.348332657621773913e-06
5.109527432770733088e-04
9.952327427005610572e-01
1.016184056294875848e+00
5.558588711606267125e-04
4.448085391403074047e-06
8.782110723844049053e-06
3.142548614593881754e-05
1.571195314409756628e-05
1.169660181043242679e-05
7.536051019387843500e-07
2.780624390873041494e-04
4.838513808096323032e-02
3.077905714228115416e-02
9.545104353432868043e-05
4.136682954484592979e-06
6.004057836710951787e-06
3.834169005233711291e-07
3.452055803983958581e-08
4.262044644163752405e-06
1.860729588102012820e-03
2.337002659208627651e-04
9.569201327380311071e-07
1.550777212848302615e-06
5.553427703130879578e-04
1.894681945930306449e-02
1.071301137820377270e-03
2.317227832252274127e-05
1.345045847659256943e-02
7.762563033601939388e-02
2.630308678879853413e-03
2.355989353179914903e-04
2.476144252667960937e-05
1.725652383432365439e-04
3.115535640945411161e-02
6.244682973126368429e-04
4.460151783326936812e-07
4.846032509344498397e-06
1.675114812000027935e-04
6.508592907345309955e-07
6.901803038769346107e-09
1.304577153340788455e-06
1.260946443210928837e-02
9.317399786808731044e-01
1.905561990178792839e-02
6.802528609412138876e-05
2.052495128800624347e-02
7.369232179805065286e-01
2.887140940277978934e-02
1.191569864953142231e-02
1.523489211797609752e-02
2.603132010574724445e-02
8.404729867802130938e-01
3.938529626196175110e-02
3.182224030030517505e-05
2.765592619362110629e-04
1.486309321339844731e-02
4.045818313239056373e-05
8.804917241808274774e-07
2.057549365729637644e-04
1.638708658893872974e-02
9.353560325063460870e-03
4.122102606216086979e-04
3.027452868195242900e-05
9.183256603958865215e-08
2.823750304200084785e-02
1.547260806145345891e+00
3.841099981397790297e-01
1.164921589288331560e+00
1.179613841115731004e-01
1.545722956949861608e-02
3.143077717604882831e-02
1.051808214208184780e-02
3.290449225818032480e-02
8.112283740626271555e-01
1.036623135358912678e-01
4.611733570051312209e-02
9.326049883288307640e-01
2.522408070515035072e-02
2.071213428114631946e-05
2.260581490306146072e-06
1.064788344574943540e-05
3.865436467087335467e-08
3.748742346016611937e-01
1.226679172025623075e+02
2.588706810000293679e+00
1.228500661280595097e+00
2.033561294147602505e-02
1.869653987303719449e-04
9.711489833134426264e-03
1.810869030664536083e+00
2.213217096793917982e+00
2.125081231116293878e+00
1.865022083861072710e+00
9.681357845680031993e-01
9.863231671966257164e-01
6.584899095289270358e-03
4.895271944450613307e-06
1.415461654069947625e-06
2.652420475288904363e-05
1.001375710420742944e-03
6.378609624529211208e-01
1.983855320424699142e+00
2.659912694981625858e+00
1.669513925044313396e+00
2.460950848630182389e-02
5.337841205755385239e-04
1.325009570435022824e-03
1.360794145191965288e-01
7.289812365133891969e-01
8.570580801558801420e-01
1.194913975149094032e+00
2.382151970863544133e-02
1.797156718885570053e-03
4.522874894404533370e-04
1.461032498685955073e-05
8.277168991686730256e-06
1.071661459721847624e-04
2.663478272254702489e-02
4.740756256410118968e-02
2.116638039822296008e-02
4.036161515713441172e-01
7.443046201079008828e-01
9.235262694080578205e-01
9.706830645240542843e-01
1.207328691574013381e-02
7.939132001334576333e-03
9.778905276132041080e-02
3.483151973030831350e-01
1.594474154427782286e+00
1.029011528122717872e-01
9.617106003437328812e-03
1.805941440189578725e-03
1.480833756530419490e-05
2.733188532833454427e-06
4.846782002039848975e-05
2.295927907448896653e-05
4.329941519750887639e-03
4.488513796465185557e-01
1.158339109157952906e+00
4.497153812764980579e-02
9.972079793355534405e-02
9.309746178833997465e-01
2.087440074625821623e-02
2.852291077654333859e-02
1.740136037026495552e+00
1.094178349993489618e+00
8.308881268167799261e-01
1.307152887297677202e+00
7.762623885622238484e-01
1.428200752250158995e-02
3.466377295782200916e-06
6.964210362086605690e-08
2.295180640103023063e-06
2.401408815131096544e-08
2.363185295070549660e-04
1.771179004404038748e+00
1.559346568650357812e+00
5.877931399044878172e-03
1.215416073185236035e-04
7.217722536879558968e-06
8.760118365053834886e-07
1.054328622192326733e-04
1.528533818320904070e-01
6.757045004619065542e-01
6.278019424223901801e-01
4.468214541978799415e-01
1.805139974908716027e-01
9.438099964554155785e-02
1.236875911962386485e-04
6.928041958028991760e-08
2.256818431805826152e-07
7.666489117375493526e-07
4.527487397710777683e-03
1.240901540560120919e+00
4.039665470819558957e-01
5.968044116820334088e-02
2.574706061109601277e-04
1.130839421503885922e-08
1.416909764064892902e-09
8.240653660537822483e-06
1.817807108931375829e-02
2.632155179385337052e-01
1.328814249048092755e+00
4.386192654797923529e-01
9.841623661900973652e-02
2.696016109197844735e+00
6.690427651544590681e-02
2.197447646943089618e-06
2.675606348355555634e-07
1.032679173593441593e-03
1.419291068927135968e-01
2.608584301124889371e-01
1.853491038739307484e-01
1.540244630996863373e+00
9.281006343799604041e-02
6.649226974385879860e-06
3.957577285126570119e-06
2.614107874335157983e-02
1.827577599566361233e+00
9.447360563904033670e-01
5.254431580545692038e-01
5.345489714786746394e-01
1.041456941028521821e-01
5.667576478860908429e-02
1.546638198079587807e-03
2.131919930541680064e-06
1.166313880831930891e-06
1.154556442155727294e-02
6.676209203011589377e-01
2.970198987771592303e-01
2.077308500198190577e-01
9.074600702538987429e-01
1.617038457392045991e+00
1.442589297711064089e-01
1.447772175752694845e-01
6.802994600492247024e-01
4.585464211060594208e-01
5.836290318179400138e-01
9.641143669165810892e-02
1.952233337944132494e-02
7.537891204677314282e-04
4.031854076329753477e-06
3.114209493978375781e-07
5.019244142091976113e-07
9.643226787639480366e-06
4.269755357447910758e-03
1.264002676212513609e+00
1.719959462595183508e+00
6.399791151570314307e-01
2.999855125838739034e-01
3.465815710381132120e-01
7.289113250504533070e-01
9.078240388000511363e-01
1.318674183587318083e-01
9.732611873710409964e-03
2.166354740482934887e-02
3.340772910498701273e-03
8.487532329204392260e-05
4.009612249934619093e-06
1.551853856990892362e-07
1.675031396526766739e-07
3.953871849671544884e-06
9.708138770297318823e-05
6.913567576217097277e-02
7.796389021295175858e-01
3.056960254175791647e+00
2.861754490899076853e+00
1.439182552369320245e-01
1.723129594388060626e-02
5.430091633592987882e-02
3.157629256252341143e-01
6.983003329379976476e-01
3.591151585463262658e-02
8.324099780850779820e-04
3.616321155705133606e-05
4.114888370824466440e-06
3.011825003346982675e-06
3.730319312372512656e-06
1.130741184656832218e-05
7.146188496634556491e-05
3.084507620213290560e-04
8.955993524829786168e-01
1.329289522061303241e-01
1.114266618461027480e+00
8.668376520962199905e-01
1.456431060441813578e-02
1.704713767464107604e-02
8.159544727334889780e-01
9.383515965816403570e-01
8.823021317007190278e-02
1.304934910896615296e-03
1.638471102785463030e-05
3.997005301316248727e-06
7.927782926301173405e-06
2.709353038301259758e-05
6.269148722237888360e-05
9.788405257174929487e-05
1.437636956369060283e-04
2.387048115178153865e-04
1.617223863626511549e-02
3.138633218637885275e-02
8.279362222832239437e-01
1.305177941006690490e-01
7.674185840000980266e-03
1.848553684730263463e-02
5.298154253853407797e-02
1.661086055583515641e-03
8.520403138778656144e-06
5.753349090672731804e-07
9.130193060614701632e-07
8.405075330158845234e-06
5.475763134934390973e-05
1.190544943016039637e-04
1.229992364956758997e-04
9.731181084108598276e-05
9.289915520490665856e-05
1.470291303625713148e-04
1.092811001799907266e-04
2.649264891663551114e-02
1.934660665738141549e+00
1.129793207329911064e+00
1.835161107931902347e+00
4.927235963575723326e-02
1.547452754539393649e-05
8.512766022193270773e-08
2.267411932130200352e-08
1.165931871268421190e-07
3.710992606345720510e-06
7.252940109909927009e-05
2.507160473045098132e-04
2.451719388265839392e-04
1.569157894230713301e-04
1.090867339406211608e-04
1.111202271917288156e-04
1.872987572036442902e-04
