3.591222650282303950e-04
3.630181059893686484e-04
2.288575260387672953e-05
8.150006502532156896e-07
4.142776750469044606e-07
7.813544381536656969e-07
1.353422640022700059e-06
1.655175371341442335e-06
3.146245548827928645e-06
2.012477330057539470e-05
1.210717425889471275e-04
3.192488752110818882e-04
5.146104849966645547e-04
5.177555279445494657e-04
3.578044406136427717e-04
2.453721774377342051e-04
2.433621511557159875e-04
4.541094526421401989e-04
4.459904786959418307e-04
1.381113000925891787e-02
1.732557956085765266e-03
2.732483159371726436e-06
9.411249697075494891e-08
2.872635048565964237e-07
8.257262490720888357e-06
1.556765187232034273e-05
1.794032247734475480e-06
1.063735565867320896e-06
1.822280307251435521e-06
4.894102667870759938e-06
3.784971895009327594e-05
1.804621516469924567e-04
2.107662823586436626e-04
1.333384742075762993e-04
1.207187350645636117e-04
2.519626249435748602e-04
1.070391785900290903e-02
8.936943271738906347e-01
1.075262683814742326e+00
7.774617094891238256e-03
1.417860310315866978e-04
2.260117344159426670e-04
2.395719794305056077e-02
4.994293389717574527e-02
4.378908134980985523e-04
8.747520653737265902e-06
2.496195408726207076e-07
4.720067597377257395e-08
9.059015275752914495e-07
4.074366369847580920e-05
1.637326340957710995e-04
1.345686501859772995e-04
1.187394074300800330e-04
2.427978751687456327e-04
3.027673540329878232e+00
5.338520543163115306e+00
4.457846529043694161e+00
2.349017832968751662e+00
7.175479552713471820e-01
2.546485673322506638e-01
7.883030373831738657e-01
8.298767558355704121e-01
6.096892800762552383e-02
5.255300055327998335e-03
5.160661406942060434e-05
3.751428456773429788e-07
5.653028225665728004e-07
1.824240770080560331e-05
1.320365857545278705e-04
1.587275633828859160e-04
1.537421069334343358e-04
3.007130450120055489e-04
3.823159718279696140e+00
6.502608803617866862e+00
4.990949033063200702e+00
3.420098252174238684e+00
4.262605609357528635e+00
3.791898494712207857e+00
1.210268926382638277e+00
1.352898144107497203e+00
1.009276204424449208e+00
7.266853044343941637e-01
1.923194541193234408e-01
9.373648211175879784e-04
1.154677514899284394e-05
1.336505749839110893e-05
6.034192056563080137e-05
1.079312917875494248e-04
1.469001139824930332e-04
3.396759376453883103e-04
3.464310490448603841e-01
3.500230961411050945e+00
5.856977935149256353e+00
1.460212153907551880e+00
1.112423887656528887e+00
2.821585254575374790e+00
1.038850350289645563e+00
2.352274037554221486e+00
3.943117233763490770e+00
1.612408781864127505e+00
1.488114292376265579e+00
9.602694223105723292e-03
7.670299685217415236e-06
1.838712483955289620e-06
1.166374439349583045e-05
3.327944162317391378e-05
6.851899012187028567e-05
2.588371785241333446e-04
5.638985502064637334e-01
1.562407577257528546e+00
2.075983339369110059e+00
1.631589374606623899e+00
9.273869515698053290e-01
9.590956049464633981e-01
3.202308066865778291e-01
4.220606744158976187e-01
2.299737769476609905e+00
2.086262663300813891e+00
1.768121779602864763e+00
1.077813114440026934e-02
4.805947931693472151e-06
2.159178444468340354e-06
2.927098620050516337e-05
3.358517924721558567e-05
2.557769681321363876e-05
1.154479729657962905e-04
4.453682890997923138e-01
2.205247670799193038e+00
8.439901801550885097e+00
3.940489963338187351e+00
1.143662409637233868e+00
1.190431158613693308e+00
1.366213459807193997e+00
9.065297823757548779e-01
2.399823106135604345e+00
3.208387539849529624e+00
2.944913157495300915e+00
3.519361510700184242e-02
7.407613612038751777e-05
4.145740702922858997e-04
1.382924506420256903e-02
9.344020214218999284e-04
2.414889563658159229e-05
4.008565692672661916e-05
6.672234477724574564e-01
9.960721547197620707e-01
6.956873882217129434e+00
3.521717995104269860e+00
3.632455978915924977e+00
2.191485874530838540e+00
1.077877570802367346e+00
6.521460285868307949e-01
1.030576428612631767e+00
3.214176821229271841e+00
9.071819266545261273e-01
2.731001493325094578e-03
4.091040560658047411e-05
5.220537535677439826e-03
9.528255227319775145e-01
1.707587687336087345e-02
3.008841073430958797e-05
1.339419324199001037e-05
7.101687053493767332e-02
8.113185532231692587e-02
3.104527655846280876e+00
4.824099369554713412e+00
6.738489216254273551e+00
3.144988386987908502e+00
9.027539183973924963e-01
3.161441227421478706e-01
1.557756513138084942e-01
2.569283589583548633e+00
1.194020865756621586e+00
2.486024648350544566e-03
1.383470959059506196e-05
4.438155045586357630e-05
3.203325323928059645e-03
7.919299421148839630e-04
9.476723722210395905e-06
5.799086928137720043e-06
1.841821285752938062e-02
2.648563321202635490e-01
8.328599379043039264e+00
4.347324216515069395e+00
2.438406102978713186e+00
2.667949685631599621e+00
1.293143657866973939e+00
3.069568319588163452e-01
3.367144716642746227e-02
4.324089242248017606e-01
6.400604791726156595e-01
7.813569984411443403e-02
5.867836862221219958e-04
6.403405477206041222e-07
4.126516862191932346e-07
3.520398740036867830e-06
7.129989201477854089e-06
3.919159103875173160e-05
9.619473106152166830e-03
4.226559927221796187e+00
4.044333367235667964e+01
5.991718649969695498e+00
9.117307780432781783e+00
1.083379805151756514e+01
4.121249654153234410e+00
4.428046607369019227e+00
5.340474461454535193e-01
1.835383681949070089e+00
1.210873963320913349e+00
1.367402513327379499e+00
1.855966115290343943e-01
1.781642634857684857e-05
1.774668505438580133e-07
2.671205966651872089e-06
2.795190892573430445e-04
1.863418855055751916e-02
4.038343360508596077e-04
7.845777097026813252e+00
2.136692684351396281e+02
1.264255017206278886e+01
1.641072656075771619e+01
9.362449552157624311e+00
2.889055083232244137e+00
3.413615014066695430e+00
2.086175039070213844e-01
7.207201025591251087e-01
1.858432995758547035e+00
1.610442340282613349e+00
8.128632310939573058e-01
1.544565352953578170e-03
9.816559751141934307e-06
3.413655161076205845e-05
6.249846899414467256e-03
9.573552508842143594e-01
1.074323389759566710e-03
1.400579711565880681e+00
2.453837258306571556e+01
9.243025900466420808e+00
8.002116963833456609e+00
6.022999545867072868e+00
2.955440072768521720e+00
6.549554222365987499e-01
1.411401900496137181e-02
3.245879505983878532e-02
1.317437902607090372e+00
1.494893372528297126e+00
8.894194275134198469e-02
7.193610505577647477e-04
1.721832653244756550e-05
2.033097275614293987e-05
5.180636801815085863e-04
1.993981177530967583e-02
1.157588966907946958e-02
3.461710089987593553e-01
3.082057976675051325e+00
4.382915512275458170e+00
1.834535875889522272e+00
3.331711684320764366e+00
1.554003503644633133e+00
7.609226295920045180e-01
5.793684501895268735e-01
3.285471858062360972e-01
5.154498002258538492e-01
3.068630908486447706e-01
4.481286320243318272e-02
1.100190464484959848e-03
2.021558584316620697e-05
5.830962400864350252e-06
1.584477423668503751e-05
9.451754978115487675e-05
8.095454306533014441e-03
6.307530440946185202e-01
3.982304896120380633e+00
3.063728105159643000e+00
2.130028896595391519e+00
8.861844029785662658e-01
6.608584802210273716e-03
2.407840308674561672e-03
2.542752743844331476e-01
9.918677488594385139e-01
8.918698857985465911e-02
1.259666233111135514e-01
8.016618922282531257e-01
2.125759750191356240e-02
5.946979843567774468e-05
8.423757426322894961e-06
1.615918721308884815e-05
4.889422075912499307e-05
1.096177924349447247e-02
1.355109895517631502e+00
3.010618029265756501e+00
2.156138951977988327e+00
1.588667946728924196e+00
1.155068942671683002e-01
1.265829380557638353e-03
8.116073303371601835e-04
4.350863860716321779e-02
5.479892931777298193e-01
3.330385816605321292e-01
6.645233988337686526e-01
1.227410510953227674e-01
1.075034410256411953e-04
1.395252668211326085e-06
5.603098357367940579e-06
6.319099589860260847e-05
2.467997658452707383e-04
7.522806588282379345e-03
6.867397494268940861e-01
2.796384040381117764e+00
1.098709153529607851e+00
1.427013182262326374e-01
7.036949334819009305e-02
1.677646469419502295e-01
5.878574823083552170e-01
1.283357070127035371e+00
1.269307435961750885e+00
1.745960322691649802e+00
1.234792843479631363e+00
1.088798912086835291e-03
1.137936175515610348e-07
4.236174087599059721e-08
4.345020084657950120e-06
1.354679287128001135e-04
5.595602765879388206e-04
8.891938732170699504e-05
4.697771496053682744e-02
2.763571252378342891e+00
1.184390617013676872e+00
4.539422529629627001e-01
1.757130753783852972e+00
1.619114902753220564e+00
1.738059869161542759e+00
3.369745950227208908e+00
2.041697527389999323e+00
1.080492503914673774e+00
8.271314134343565883e-01
6.337919802517117014e-03
4.912444197085850911e-06
1.326034224858142571e-06
2.374747909486144419e-05
1.988938525653594373e-04
5.378555553868300107e-04
5.439286596758774548e-04
2.365646928367362012e-01
6.770513632772018120e+00
2.357151434359833875e+00
1.133802641369425990e+00
1.321900071790957254e+00
3.292217754844292688e-01
4.493552137825168047e-01
5.223605318265467368e-01
8.310575648915345948e-01
1.228948048448211955e-01
7.430962500027528221e-03
3.153665546458679463e-03
4.614174754896269918e-04
1.047904270403119981e-04
1.272238844412961183e-04
2.144077606155508854e-04
4.109264706252183097e-04
1.026789092805195480e+00
3.650501187003386772e+00
3.219120561709073680e+00
4.575618241272266573e+00
1.140268144917511384e+00
2.558254058308179202e-01
4.072014624080518841e-01
1.632725602535190612e+00
2.699652144069208393e-01
7.477759705404073420e-01
4.446691933177333855e-02
2.018590153578127047e-05
7.541435640664100959e-06
9.244655599645673562e-05
1.948888370821490071e-04
1.662203514722050907e-04
1.694049160843666012e-04
3.177688704773817016e-04
2.007722180388296529e+00
2.052220769416553292e+00
6.245087428902406090e-01
1.398653454191298495e+00
7.248330770245561272e-01
9.014971218066859804e-02
1.802989450654250009e-02
9.302996622841874438e-03
2.355766431947883734e-03
2.621150172208285695e-02
6.010723071394856974e-03
3.428990296082459574e-06
7.376437934807735461e-07
1.872571023926460854e-05
1.109390701429287945e-04
1.247323673028082156e-04
1.281362406743543280e-04
2.634634683193791209e-04
2.266424548244416401e-03
2.390307138132952841e-02
1.380637159783056761e-02
3.614064594755026644e-03
4.799173361312161941e-03
1.362264899361195075e-03
1.989453701178752588e-05
1.659863311182743740e-06
2.115277797420722670e-06
4.236316122149013839e-05
9.890955765194667172e-05
7.077317831573433657e-06
5.826551296738123755e-06
4.208999811848920255e-05
1.154571574203592485e-04
1.118110039739372179e-04
1.162233563609145476e-04
2.492417398033735447e-04
9.991795095069779724e-06
5.559188144860361779e-05
4.581823767108204139e-05
1.108754198910957715e-05
4.107399484494223652e-05
6.245463693571471015e-05
3.544603560975455119e-06
6.481076950895693413e-07
1.293209539549409226e-06
8.618600456764589446e-06
3.349753207019319674e-05
4.301745700758536478e-05
7.296921833146012841e-05
1.471039658560938795e-04
1.726717764333366247e-04
1.441704922187794313e-04
1.528704430201811057e-04
3.125700974051398053e-04
1.936185017055892861e-05
1.776762826054660514e-05
1.596418272244564879e-05
1.414492299796266414e-05
5.946380122977068468e-05
1.589262862396157935e-04
7.619015518177454916e-05
4.724166731622733852e-05
6.736176723127310930e-05
1.299977389267996809e-04
2.414140149596761197e-04
3.472466539738200322e-04
4.142739934097488261e-04
4.159587835438950405e-04
3.616427378320542069e-04
3.143513661674275281e-04
3.437655784710345278e-04
6.016144213339864617e-04
