1.503146609001912090e-02
1.993356053411720730e+00
3.018127933913457905e+00
1.972816197607133892e+00
2.027656295597683123e+00
1.058711542588239185e+00
8.854472683064628091e-01
9.378181608243950362e-02
5.321102985620677819e-04
3.834879244738192604e-06
1.772937567678300392e-06
1.540921897445998484e-05
6.955449430438852309e-05
1.807627203863973464e-04
4.257867905069786076e-04
5.961878331046108811e-04
6.389236921464124582e-04
1.057662523785126828e-03
1.305643928742217458e-03
1.895192722470159241e+00
1.009566287701114717e+01
3.014437861473003188e+00
8.272727318670702878e-01
3.149722327549805273e-02
1.586694194407338790e-02
9.447872915833837038e-01
3.968403444411849001e+00
3.047025117953261822e-02
3.898495562003182250e-04
2.177662092528031158e-05
1.007095289201158912e-06
1.008323027110113159e-06
1.402905225741028836e-05
1.153972915003544331e-04
2.750466147128808941e-04
5.863254996778171973e-04
4.032582735977099518e-04
2.465963005306699984e-01
1.598214449236269319e+00
1.248638656592997664e+00
1.077111289652323389e+00
1.102103564381695655e-01
1.051469425115196185e-02
6.194860405098514405e-02
8.524283949394728666e-01
1.085725588581540890e+00
9.575695168030425863e-01
5.958073817460765240e-03
7.312632919082870067e-07
2.125309456250787546e-08
3.461810654736862804e-07
1.621397082522181722e-05
1.555582143681114276e-04
5.729429428731959732e-04
9.773017493204512116e-03
6.983151366307072117e-01
1.579833083179258635e+00
1.654987314046846070e+00
8.566417661785422633e-01
8.149739708749281775e-01
8.570741891902529108e-01
2.344248693814398876e-01
2.026044004837947859e-02
3.145872820444488988e-02
3.911968643728574779e+00
4.085966948623053874e+00
1.955058547944050779e-03
2.022104565122999372e-06
4.903704209891873679e-07
4.318116452685339616e-06
6.923778737381922185e-05
5.508465087963888276e-04
2.399455819903678622e-02
1.160087708192488298e+00
3.473560940830145327e+00
3.227854922846029151e+00
3.611596354766030137e-01
2.468597660707349817e-01
1.069670779253209636e+00
6.224963798649546520e-01
2.933330557724711171e-02
1.687381612399482854e-03
1.122768310191094715e-02
2.846517065278051373e+00
5.038007614437033155e+00
2.630349879600224136e-02
5.752431178667616877e-05
2.853686901916345349e-06
1.238114108524196151e-05
2.425614267091014001e-04
3.375727662736228117e-03
8.134184733165252812e-01
3.807812240397795200e+00
2.426956412375308680e+00
1.873160711677489321e+00
2.304689142981622751e+00
5.319503325148920991e-01
3.210920734400838500e-02
7.754382496350445408e-02
4.692272418815286728e-02
5.832794559813435711e-03
3.438175203780904354e-01
4.727511043552214964e+00
1.002319587399394640e+00
1.512336969009690823e-03
9.009181431120702777e-07
1.032734333822794893e-06
5.795594588008426260e-05
4.391220185479891686e-05
1.228526150338606349e-01
4.108628268581631993e+00
1.578401668144303160e+00
2.327318741282119685e+00
2.597002698449111691e+00
2.839324514840381175e-01
1.813929873967819184e-02
2.355498839675800038e-01
1.311829246924853587e+00
4.663695214774948861e-01
3.242368289191124298e+00
1.603304579346022107e+00
1.929132164890880130e+00
9.827198880427353081e-03
2.398611224041321922e-06
4.076731574753206945e-06
1.207429685446336724e-04
1.185526761501847306e-07
1.281175074943580270e-03
5.627388252653984679e+00
9.068067579006928725e+00
4.731983429120403706e+00
1.325439813532071520e+00
1.493400594052045338e-01
2.205517277032444656e-01
1.812861212715995318e+00
1.433541450389246963e+00
1.286194884710145869e+00
1.779688719665299512e+00
2.235829480597807672e-01
1.501936369613990463e+00
1.771262144351455070e-01
2.869251045431637798e-03
6.591663916767912662e-03
2.739599082044085615e-03
4.548808667426259578e-08
2.655916292691657722e-04
4.422292760567146708e+00
6.580009088637666537e+00
3.713990879374217791e+00
5.139801088572021115e+00
3.895147001831431033e-01
3.885890575962269167e-01
1.354466655956347632e+00
1.406552346861742242e+00
2.737285945724059033e+00
1.828269480172105277e-01
3.877632409219786309e-03
5.673925756355592542e-02
1.280019576313225604e+00
7.653372731955222497e-01
2.212174589542633893e-02
1.884441339242645685e-04
7.080790083740789984e-07
1.955165590772729375e-03
3.664588113675837810e+00
7.240899560813649494e+00
3.924249017126308914e+00
2.066468123768973708e+00
2.293968101722848041e-01
7.834411869140707474e-02
1.197480874771627429e-01
3.156434665226717784e-01
2.439501908238653094e+00
7.410908478443193337e-01
3.050110921415055687e-02
5.710688895822943478e-02
2.677792984800277942e+00
1.287408852082116695e-01
3.340287238051390013e-06
3.507577525282111723e-08
8.187651605991247583e-07
8.730665763795849785e-03
1.260719204222779055e+00
2.857400365247733554e+00
3.584638954487059159e+00
4.766500170646105206e-01
3.985155506481515286e-01
3.578544120585949173e-01
4.019812539777115612e-01
1.704555821693440054e-01
1.185458341841527652e-01
5.083853978902688198e-01
6.964923637004286627e-01
1.823331558338513181e-01
2.966033343876302020e+00
1.991587790102407052e-01
1.073788702766499687e-06
1.095924257266255125e-08
5.198896749116244643e-08
3.918163812093189424e-02
3.527130094986451692e+00
6.277320598033051535e-01
5.880637190184872409e+00
3.391666090446376902e+00
1.465674498918205781e+00
6.260351682311851018e-01
6.840517151367278004e-01
5.714143097983379604e-01
2.021337923361714028e-01
3.105924048714960306e-01
6.235690730955907313e-01
2.714446744690407476e-01
3.978293106978074256e+00
2.630567342855792745e+00
2.654284327003448001e-04
1.327304627717294535e-06
2.640819262163962797e-09
7.709856117675800702e-02
2.382878593503975253e+02
2.779423666652210301e+00
7.353828392759665711e+00
1.526484335714033413e+01
3.045754958927269218e+00
1.900433768816657043e+00
1.044876675904611085e+00
2.584244618859316223e+00
4.775771354140108116e+00
6.578192816622682182e-01
2.619264491415060347e-01
8.769028649054103619e-01
4.877127656078200424e+00
1.475502814219038061e+00
2.824518951291518903e-03
2.566521390331455465e-05
2.642584458047143042e-11
1.938676973190208504e-05
7.215642519301160185e+00
4.589457067535088974e+00
4.829673527855761428e+00
6.314475912819641046e+00
4.465372581749101899e-01
5.097676687916079530e-01
2.874727194841275590e-01
2.132366588208636782e-01
2.237679934553578609e-01
1.284841825235379931e-01
1.963000336399223777e-01
7.100170510898181631e-01
3.274158015717171466e+00
2.513816571497983432e+00
2.244242908644243986e-02
1.449349551464620500e-04
2.160442075290351899e-10
7.288192623293487574e-07
3.004784993614850186e-01
4.824725090541678085e+00
4.510786693995632035e+00
2.341252837091953865e+00
1.149116243512265066e-02
7.260710575753418113e-03
1.993816740453879521e-01
5.086786653412201931e-01
1.674431519828206705e-01
7.697050903969228086e-01
8.304122915103733238e-01
1.839703801213679601e-01
1.034436714585327266e+00
2.042975156586160634e-01
1.266400865331778066e-04
1.764721020004705093e-06
2.471356655806107874e-06
5.410565398651918760e-04
1.420667837570317893e+00
3.298646063392190353e+00
1.611938723190121658e+00
2.506738011934862786e+00
4.657670709362812800e-02
4.369419018183694908e-02
8.696238656488030072e-01
8.730985817711699182e-02
4.484151133687992556e-03
5.433592374079915244e-02
3.725046829512974889e-02
2.475994626746462826e-02
6.809047489506476758e-01
6.028926589713485065e-03
1.211435333491815134e-07
5.056733249974021124e-09
1.501871299390427923e-03
7.105064398562666028e-02
3.546031158003553951e+00
7.881203180528311592e+00
2.323487231101680983e+00
1.311963070522907726e+00
2.171879332426019937e-01
6.228473849559570397e-01
1.356215336344353206e+00
5.306704146904020827e-03
2.368278857515286292e-04
1.450752479334611010e-02
3.887617579941760743e-02
1.456808730579447764e-01
2.113866480511467749e+00
6.137092910892052999e-02
1.533874655537343035e-05
1.175822183718520004e-07
1.393844429391739685e-02
7.032327861818932213e-01
3.018244014116891805e+00
4.089168728902002670e+00
4.594641928204994841e+00
2.134783525340855803e+00
2.174405063619002099e-01
9.765158010707354619e-02
7.434586810928258682e-01
7.588095877240949028e-01
2.985615028822079520e-01
1.683678589019226290e+00
1.100337057755600423e+00
2.500169040459994552e+00
2.240728568878062266e+00
7.647925801840929072e-01
4.584153177315831995e-02
9.884601095292906996e-05
9.784190081306737286e-02
2.165279335672338767e+00
5.860971784548249630e+00
1.557677617075538867e+00
1.764025493107779008e+00
2.174858547006956577e+00
5.231894390685219998e-01
8.814956304483520522e-02
4.194318230208594067e-01
4.834543916751465886e+00
1.251669160102410805e+00
5.600691878222553433e-01
7.314485560938550623e-01
2.938634718013503733e+00
1.082400228018060295e-01
5.989806263565915050e-03
6.855017918350269669e-03
3.622882677959477415e-04
7.835902092080845316e-01
2.219743358332233463e+00
7.632741477963744359e+00
3.662283548059696248e+00
2.085739062934279797e+00
1.088127133769942079e+00
4.381968843146003545e-01
5.401560266161821167e-01
1.113954692823313941e+00
7.161889471903446491e-01
7.768019345498010375e-02
2.681327528592684084e-01
4.444859186209347612e+00
3.890961861764536955e+00
3.621860894968168335e-03
8.164854551819631799e-06
1.556524858788073620e-05
7.042882616182215153e-05
1.369830523126932820e-01
6.347785562585701591e-01
2.857568984316401828e+00
2.739365114465593720e+00
1.614608709463167147e+00
1.071391508753163802e+00
3.036225549238582566e-01
5.142067312921734523e-02
1.989643929087010071e-02
6.043177540178527180e-02
2.177461105957289589e-01
1.512167062355848079e+00
1.568796099919897991e+00
3.695371739300887248e-02
6.343528486044342548e-05
1.211585856329992510e-06
4.880156928463872424e-06
9.663100608509059210e-05
1.092098401055254381e-01
1.301578427863938070e-01
2.122292366014819631e+00
1.507054684267947975e+00
8.607486119065030361e-02
1.148609745805277277e-01
5.951375839352769370e-01
1.440527864689629921e-02
6.181077902043538921e-04
3.816700838619976888e-02
1.664041849345056612e+00
4.466535867546821414e+00
5.966195579608842836e-01
2.159273051662278804e-03
1.742320172113041946e-05
6.496314273047385098e-06
3.860610582552491377e-05
3.610912950469286910e-04
7.460973189734285693e-01
4.516709364385659148e-02
7.981216635227281753e-01
1.312896720145664942e+00
1.130226802005732251e-01
2.034660444748330813e-02
1.079009173663746796e-01
6.580593485892662076e-02
3.082410722497209640e-02
9.072029973046810136e-01
1.283564942762000172e+00
7.112135319826514701e-01
1.689741880712672117e-01
6.821088837518970299e-04
1.630927171868689710e-05
2.810953969063738271e-05
1.523316830396152267e-04
6.087958852305898685e-04
1.034481854411824497e-01
1.182731761133788195e+00
1.011051337315083565e+01
3.905043780143365062e+00
2.579946296897964064e+00
5.631962297017921448e-02
3.312401247676828586e-02
8.523582926002691851e-01
2.120104824000513144e+00
1.833940877088538146e+00
5.061454295466392278e-02
2.054610205256130785e-03
1.610444034993923712e-04
3.374383955010999323e-06
2.408208133798311023e-06
3.597387620080773959e-05
2.426190219927695736e-04
6.664394035779042840e-04
4.563753919222404178e-03
2.863315270095214693e+00
1.336676295259635339e+01
5.667141828497499034e+00
3.113359182960350413e+00
1.916878026919094716e-02
2.090340176250056470e-02
9.356337376308980769e-01
7.375787712232313720e-02
3.051217714125855837e-03
3.473868245390195108e-04
3.704004077726781092e-05
4.136023633679665534e-06
1.112081450956695506e-06
7.574195986200598464e-06
1.483523999186371655e-04
6.139878422125274494e-04
1.171383436742802313e-03
