9.487392855394483594e-06
2.074436245754292910e-05
1.169177539399064540e-02
9.262215049538391476e-01
4.524938346045601946e-03
3.094751205236051908e-06
1.212893281280033269e-06
1.201236550046197618e-05
1.756336260745137352e-05
4.769339195252033173e-06
4.214502736162707219e-06
7.857621086215087495e-06
9.752609540379424070e-06
1.077283933930392568e-05
3.770584912886423303e-05
1.565810693774626451e-03
1.828046577647363807e-02
1.468785448836492508e-03
1.385429457702450138e-04
1.235688862536436132e-03
4.915201272637053503e-02
1.028417717962984701e-01
2.012786398885898619e-04
4.187411014219751646e-07
4.511952952505927347e-07
7.322722446929475194e-06
7.771876804018651032e-06
2.294801865522410029e-06
1.695980057753753272e-05
4.319867277395263221e-05
4.167094925449503867e-06
1.483011761110086568e-06
2.692944325365836242e-05
1.907451878047638008e-02
9.332449067243518970e-01
1.881993753401442829e-02
1.430636678273502355e-02
9.854175514182789142e-01
2.931625183606392682e+00
1.743978728376759380e+00
1.515340016877013141e-01
5.565390219355013240e-03
1.801916634975027180e-03
3.862298721038003729e-03
1.754650306500669639e-03
7.800436304120988377e-04
2.940694681733674321e-02
2.092704472046580388e-02
1.828929572706738043e-05
3.719498219276252515e-07
3.792125133130772659e-06
8.445633693136321909e-04
1.649848441639065882e-02
1.229590302568441896e-03
5.273488770363262551e-03
1.933528925519956143e+00
4.191418846312905622e+00
1.289036097791695923e+00
1.731972768400695584e+00
1.906905465411698142e+00
1.996489031929300273e+00
2.100687631836509972e+00
7.943557535267676828e-01
2.712876290898042497e-01
7.088667420460820212e-01
2.024084121791852944e-02
1.777546912714073604e-06
1.581473325603763580e-08
1.632792751750271634e-07
6.352131051300552500e-06
2.255204879493631615e-05
1.394864158371632424e-05
2.003247124440425445e-05
7.301053012342324788e-02
5.676550138093496400e+00
1.890630313098318194e+00
1.131965140151362847e+00
1.439081338917105546e+00
3.718712525674606528e+00
4.130619954513331749e+00
1.975237677460025765e+00
1.847851683480171703e+00
2.991913596391925778e-01
1.067234718518087714e-03
1.501129849767186252e-07
1.552375904982285128e-09
9.184852437244467294e-08
1.203774831572415980e-05
1.082290512283865231e-05
3.895820795857241579e-06
1.546463122528810916e-06
6.218595990672873969e-03
2.308382566748185205e+00
1.033718994013047565e+00
8.090581799829040799e-01
6.051452976554925201e-01
1.068237269779653831e+00
3.085049559998073399e+00
1.958801866349082932e+00
7.171005956352615840e+00
2.628566962994253853e+00
6.692996841826819032e-02
6.637821964423280840e-05
2.236585875928175167e-07
2.391892471159982403e-05
1.380551892378741041e-02
1.247531310201556573e-03
1.348904070215264591e-05
2.671154175684150885e-06
1.433594841084028437e-03
5.443862137943209500e-01
2.325109534640900089e-01
1.318629148895850700e-01
2.122958267224560325e-01
5.192753640192895315e-01
5.111629399116651484e+00
6.854363524361007265e+00
1.208262846139354174e+01
6.013232698196562254e+00
3.438275883983788361e+00
1.744857584417662255e-01
9.874698908772438707e-04
1.673037708277285568e-02
1.929801152851415180e+00
2.277824692434360365e-02
3.112881303756218570e-05
2.768083290900470951e-06
2.702860709658057217e-04
4.892279327118466137e-01
6.146147991467975080e-01
9.427199582009052059e-02
4.164109044280366878e-01
8.848306117984543473e-01
2.471306422424416560e+00
7.414654354304586192e+00
9.829711683168081748e+00
3.896465941463620908e+00
3.789038862201507651e+00
7.021068958496879953e-01
4.583171579569145747e-03
2.268898116159975397e-03
1.622692218203344167e-02
8.542673802791948779e-04
1.847381423596654434e-05
1.175232179182807642e-05
5.822971136363997271e-04
6.731796295225260796e-01
1.091316833751273530e+00
1.316068751356315458e-01
6.413149019024069197e-01
1.725026050970922320e+00
2.161826545738731564e+00
3.076417834089219205e+00
6.469645934316489821e+00
6.988889377198432840e+00
3.198673883612603408e+00
2.746875028671142416e-01
5.373885401398251997e-04
6.318267543193078438e-06
7.980601449474305359e-06
1.213310367479937244e-05
1.656179111017403279e-05
1.021692070483549392e-05
3.823003376797251334e-04
1.481248558755186295e-01
1.197192721897951895e+00
6.877577085095631926e-01
3.737013086864911515e-01
4.653604366006406368e-01
4.756284573171591923e-01
1.855927042255067216e-01
1.312425569553816729e+00
4.213013264549625880e+00
2.604949719377007700e+00
1.896995280126727801e+00
5.155005916814693438e-03
7.826180383606395351e-06
5.038384833162294316e-06
2.102885757370647767e-05
6.412641313528863636e-05
2.404836005451430755e-07
4.679552045730813223e-05
1.830330896158277251e-02
4.211589071019792296e-01
7.530078301418833275e-01
6.294978657931128707e-02
7.362203046909490678e-02
1.211265804682468972e-01
5.820667508381485722e-02
7.739375452017974721e-01
1.443203025014410112e+00
1.838804572004033355e+00
3.742501836711196184e+00
1.158610512236235048e-02
3.231845544722224367e-04
2.007999553288419749e-03
9.915867434920212341e-04
2.097734186284898772e-04
1.500240086595616231e-08
1.203273056782205169e-03
8.804333653992406639e-01
8.734286209899486675e-01
1.858489235860276256e+00
4.797621404202685458e-01
1.459450820905589641e+00
3.155752708460619615e+00
9.728852467752470146e-01
2.895559693333098039e+00
1.919557542792041716e+00
3.886203273613115794e+00
2.443736188007296750e+00
1.159174237636999283e-02
5.401178534990926788e-02
9.651881319966737482e-01
3.721604188811587343e-03
4.754935802437254051e-05
9.304690455626887215e-09
1.015354752361239954e-01
1.559281849973736200e+02
4.434936131864850140e+00
5.651056898592901057e+00
3.952550085866268770e+00
5.151327991719928612e+00
5.161392434214183922e+00
1.571244710947502954e+00
6.647767816129997343e+00
4.668621813098289941e+00
4.443924785041093450e+00
5.157090441833159566e+00
2.770618724674080990e-01
7.208220306776941255e-01
7.864661406366316165e-02
1.169890458239174492e-05
7.606100072135458520e-07
4.644772832273835412e-09
2.426516498831990561e-03
8.684966880758153707e+00
2.882776364266945723e+00
4.343817220143756153e+00
1.925637890211967740e+00
9.582455211703256870e-01
8.112034892599278013e-01
5.427542891713491580e-01
4.242753187444870733e+00
4.209307841159882102e+00
1.845057827270264461e+00
5.545313989856239800e+00
2.053912015208017472e+00
6.282184546323195395e-02
2.301209851174533020e-05
1.551468297560285889e-08
8.403149790914911198e-08
3.234382643691327156e-08
1.119839224136861790e-04
3.805524735702131012e-01
1.314042027515221367e+00
1.222934376598295625e+00
1.400073761216464652e+00
1.068043394642532284e+00
8.263970281092025694e-01
8.608260696200917828e-01
1.465696197822645264e+00
2.995912903985149089e+00
4.007500305720846256e+00
2.618846075494845049e+00
1.705671366738360284e+00
1.025354772582820623e-01
4.817391139241108575e-05
1.966318684821866154e-07
1.671992911134626626e-06
4.426762643537260109e-06
3.475975369006454371e-03
7.219724114908725454e-01
2.698090117477965899e-01
1.780024456899375329e-01
1.459705467747442142e+00
1.676415847389656211e+00
7.257411761521184168e-01
1.520598057898216560e+00
1.998113704290330306e+00
5.766561204292135479e+00
6.060572198833671820e+00
3.227613379316497944e-01
3.556496428095057838e-01
8.109069633038873404e-01
7.910348824656200303e-03
6.901553150550767215e-05
9.662112891902325206e-05
9.113957130322785228e-06
9.789534222799947671e-03
1.089201233682672854e+00
1.046345699654005035e+00
8.531580189788599000e-01
1.282226549184507958e+00
1.658999876282652775e+00
9.563919431938597837e-01
1.790753973555810674e+00
5.716095751580484219e+00
1.146181083254307609e+01
5.764920976353487880e+00
7.841197441113990640e-01
7.682192869307069572e-01
1.122411009199417997e-01
4.349790795443643650e-04
3.213866673575414774e-05
2.003679499378702687e-04
2.541969491522621814e-06
6.477804676583345973e-03
9.648301119831979022e-01
1.975319985530426870e+00
6.771197358840815861e-01
2.481203049963078555e-01
9.840196348220310307e-01
2.218033037895268844e+00
3.049868772539028772e+00
9.476035482047914016e+00
7.361942780274185694e+00
1.367116287589164036e+00
1.545978251209214893e-01
1.272386584526484163e-02
5.246062885411389239e-05
2.960490978409072189e-07
9.885562336421355709e-07
1.030787044901533794e-04
3.995823355364143241e-05
8.525697660342881901e-02
7.802359149177099384e-01
3.244423591043076871e-01
1.266717272076361978e-01
1.414804632935538486e-01
3.978431214039625519e-01
2.374091410050965578e+00
4.648013656150302708e+00
6.559293014709857594e+00
4.673851436822684668e+00
5.412354104990446668e-01
9.735592226983480132e-03
8.391733528187388211e-05
4.898144973953818747e-07
3.952347683386864786e-08
9.413676277607257818e-07
1.391658103716888204e-04
3.704989516648880474e-03
8.559727671944059590e-01
1.342057164021252857e+00
1.477872345610736105e+00
1.260089239994587329e+00
2.131904123642665017e+00
6.811086266096938457e-01
1.531795725897793004e+00
4.137041725570843376e+00
3.911453883275474386e+00
1.800436680640152609e+00
1.429969665278193469e-01
2.778716640205859331e-02
7.932667431110946438e-03
1.002176735260186280e-04
1.731983070137754974e-06
5.673201343826381920e-06
2.142162934811241246e-04
1.675715297074954757e-01
7.002495867115677841e-01
1.357690947496912548e+00
1.665245205716770371e+00
4.871027657971770397e-01
1.217318987131417840e+00
6.333361571734495987e-01
1.366364411989560823e+00
1.920865504488000308e+00
1.006882383500170564e-01
1.842324269368413861e-03
1.467693031647784277e-04
7.074497493973863453e-03
9.215912596330146922e-01
2.388974933396213404e-02
3.125744014470446531e-05
1.223889186445481007e-05
1.889462582913805559e-04
8.255669600126689378e-01
2.881029667894643431e-01
3.692420278420683655e+00
2.268908010733545755e+00
6.551227155631923482e-01
9.119075867526171830e-01
1.977506551729815154e-01
8.055324377634974775e-01
9.327404711473264998e-01
2.100110370665761624e-03
1.847227921069463935e-06
2.007590652599398023e-07
5.167334488893166148e-05
1.954020671356612726e-02
2.096811609606439621e-03
1.611668760696994795e-05
1.248115323315865955e-05
1.628927684589644967e-04
2.344085619354477346e-02
2.552835479795840037e-02
9.070849926377978489e-01
8.617224762236637414e-02
2.924497703827376796e-02
1.685610795123995351e-02
4.100510372838799575e-04
1.806163290317597822e-03
9.331267872684227693e-02
2.055140520238209201e-02
4.367498786717729034e-05
4.823324125968061464e-07
1.976023786238662866e-06
3.590117396669247236e-05
2.226384482256656545e-05
6.970229117319335914e-06
2.146453973728555567e-05
1.945266437899000121e-04
1.638039313050617047e-04
7.058539994373986106e-04
3.082853762027669246e-03
1.423661947086373548e-05
1.149632829216698924e-06
1.322660017119104448e-06
1.690647777189544689e-07
1.845913283384019103e-06
5.613960175435750433e-03
8.990727896825908561e-01
2.003962656385381569e-02
2.400164369806715510e-05
3.105253890162663326e-06
8.461676048961677330e-06
1.561080441227536111e-05
2.544994772806959940e-05
7.559826433922824443e-05
3.057786774613015061e-04
8.324627004364085940e-05
2.327682047608245117e-04
1.467083900032021019e-04
9.950140785725456047e-07
7.857328508780467913e-08
1.712152431452859197e-07
1.871834774934397838e-07
1.160641799226277715e-06
3.606269145221917662e-04
3.116236581799891256e-02
3.608192191305027025e-03
4.768827517826615468e-05
2.062481462209628496e-05
7.078252703368473429e-05
1.647210612102078251e-04
2.388510792689628340e-04
3.463846110048482071e-04
6.597236363664267566e-04
