3.287055823746721578e-06
1.841947671678922471e-04
1.165014648877748561e-02
1.492969510799890256e-03
2.013807834059106651e-05
6.655647686192959864e-06
1.216255019241461752e-05
6.169925392222299344e-06
1.210057894237416355e-06
6.569890243509295769e-07
1.862310263550234514e-06
1.590903888951788737e-05
1.261169345135179848e-04
2.966998036847804418e-04
2.190108330661097533e-04
1.306088483542017144e-04
1.268678370564712188e-04
2.156539278511688661e-04
2.309708553217368235e-06
2.897350988472320414e-03
9.644423388126404095e-01
1.641758108452293086e-02
9.332727429340757010e-06
4.047681098301329593e-07
4.179723672552157254e-07
4.865224969309976225e-07
1.522943876663734576e-06
9.952770815495422301e-06
6.392119895962560647e-06
2.518943261484216813e-06
1.119273260555565108e-05
8.252173948930447203e-05
1.247499782225716929e-04
7.327092008703001104e-05
5.975419782252649824e-05
1.043493262645078557e-04
5.408194872288711542e-05
8.249476196923435922e-02
9.141060791309436606e-01
3.192238772177362436e-03
1.995225927166404897e-05
3.154818774841948608e-06
2.846572329098886739e-06
8.117757596135291001e-06
6.709727267160610657e-04
6.537455658416867210e-02
1.695153246332868624e-03
1.540381760779057506e-06
6.286454841733902226e-07
1.534573577902654916e-05
9.279358563846338735e-05
7.539795941797346288e-05
4.944479887112057122e-05
7.283257716732831788e-05
2.786314362967539293e-04
1.854414917811231689e+00
1.167608503946891974e+00
4.121246225856478769e-03
7.176646559025022520e-03
1.776787462092495676e-02
9.399811983235454096e-03
5.526536696601740128e-03
3.764834719935383767e-02
7.493816216775761596e-01
1.809030181971236356e-02
5.428748203076311583e-06
2.605759932170626131e-07
4.522952792209868085e-06
7.780520959493230282e-05
1.134768068618090378e-04
6.595403805851181257e-05
7.356816629603817612e-05
4.559557470860037895e-06
1.156035309538175904e+00
5.759232034909444131e+00
6.978785568251000271e-02
8.892864771784192435e-01
3.007361118585170079e+00
2.001742073496628027e+00
8.409991926777832250e-01
1.947779161438561724e-01
1.442982718891292204e-01
1.223301540855789987e-01
1.821984408573708520e-03
4.963469572661614204e-06
3.097990101968699713e-06
5.132914733259130664e-05
1.637945107487516526e-04
1.075091768505596180e-04
9.350497698174680978e-05
5.781359532742463962e-08
1.302054537322268508e-02
2.830418557253356671e+00
5.049525655705890959e-01
5.390591736209314755e-01
4.650650530135891914e-01
1.641585204485870753e+00
1.500337574953368724e+00
4.216415204595280741e-01
1.676080365025687802e-01
5.934395064972524114e-01
4.131717921191738196e-02
8.406417711144531852e-06
4.245429282251137184e-07
1.123210998864179752e-05
1.274739413137119723e-04
1.381793535352406261e-04
1.144897426609640652e-04
1.800643362056904218e-08
2.301276029578757271e-05
6.524039317964040741e-02
7.627509157218460567e-01
7.177165965237426726e-02
5.448444361827996241e-02
7.895518425570928756e-01
9.180175509621968377e-02
4.200015333767814774e-02
1.962654307885747518e-01
2.889653246969027811e-01
3.823402562426960957e-03
6.174859375297566772e-07
3.313034525437636239e-08
1.603052148290520027e-06
5.075292592308274496e-05
1.074024052444263398e-04
1.130177118473889151e-04
3.901385658785944874e-08
3.244149831878400925e-07
7.827009809597215446e-04
2.821496772585628532e-02
4.849945543871536278e-04
7.543434337127464737e-04
2.595132546260622841e-02
1.232984286285619896e-03
2.901604857329098241e-03
7.879285298333877918e-01
2.674116928835225337e+00
3.743210972364167943e-02
3.308581210894536454e-05
7.359919203794082302e-07
2.885965097724708581e-06
2.952037643285953551e-05
6.456565888229216679e-05
9.155680626623335873e-05
8.517322968877676963e-07
1.102799640576813405e-05
2.722098290148999497e-02
6.707199984939156423e-02
5.036945798156946896e-05
2.503992824711767176e-05
2.676564347727236419e-04
8.610535377558536788e-06
3.632704773521749149e-05
6.360697838088127942e-02
2.454859513104143964e+00
1.823172985569153193e+00
7.751734959710100681e-02
4.441572864242579921e-04
3.737939919131560540e-05
4.504095524056442616e-05
4.710303639912125182e-05
6.481868462902033387e-05
4.202439266378504845e-06
4.264564098752094811e-04
9.734810312057775583e-01
8.379722777634280861e-01
3.149251235111566113e-03
1.800080609083408185e-03
5.749789849214315997e-04
4.378951254379547326e-06
3.625928059600044107e-05
3.305745530072669996e-02
5.299983674054697946e-01
3.233571767231167460e+00
8.298088202659728019e-01
1.219656483318480892e-03
7.926610069784534925e-05
1.646019130057909568e-04
6.734503183188337465e-05
4.524944519576025497e-05
1.183710878564025752e-06
1.314501540416932975e-04
8.739037983805649640e-03
1.551809340652883333e-02
2.545074727378148216e-01
8.781817717835858073e-01
1.311371369626178167e-03
2.415654039439765706e-05
1.979706817614319131e-02
2.003907328691000522e+00
2.429044526987234887e-01
1.946571934593775977e+00
1.139712704073092997e+00
2.196612625297969350e-03
1.746244187872718996e-03
4.970993888768346185e-03
1.619851845930535316e-04
2.979053730296405442e-05
1.732877449011214505e-06
9.768412053566599695e-03
1.425924764660588540e-01
1.283985474673155630e-02
6.173180619975737748e-01
1.394879362361538533e-01
1.988725835298178388e-06
4.429672778707795930e-07
3.037390400472843657e-02
1.794432817955578408e+00
6.425145519069455635e-02
9.330929772186120630e-01
2.638969852565348440e+00
3.422107216220913739e-01
8.418469819591203329e-01
2.594612497541922899e-02
3.681250996711778900e-05
1.045823491756989945e-05
1.972519595796309805e-07
5.525540199551362552e-02
4.840111494902535583e+01
4.834638427131403571e-01
3.770062189140284403e-02
4.271523676937856082e-04
2.084059051003153822e-08
7.805085725053522579e-09
1.393268805017750076e-04
4.639602616453621792e-02
1.293939482215895331e-01
9.317230654390842304e-01
4.727589820788744013e-01
5.072743759810298680e-01
1.092628036631444199e-01
3.698800017219891717e-05
2.411416700776256168e-07
3.017107185084844327e-06
1.617973743265249374e-08
4.246500710356348345e-04
3.629608709004481515e+00
4.436559504194391712e-01
2.145896983792788815e-02
6.756249544626276131e-03
3.183416561984781304e-05
2.705802010055209060e-06
7.363733877251670955e-04
9.207568637718650806e-02
7.331318995262071647e-01
2.950623714231772610e+00
8.720781633135841204e-01
3.241415324549002941e-01
1.381530321490982878e-03
1.290920417279166547e-07
2.527441146791675341e-08
5.007576449279224134e-06
1.776239767228291239e-06
1.131511807612265450e-03
5.365219856965527390e-01
2.715638210789627083e-01
2.119225494595901871e-01
8.722251518936666725e-01
1.096879366605787824e-02
3.331305532306091141e-04
2.871415971928829858e-02
7.554132549357114312e-01
5.214616773646085779e-01
9.121093741624336504e-01
9.430350865052874454e-01
7.389715233959280871e-01
6.137428598502124924e-03
2.098523863302287170e-06
4.824249310720330002e-07
2.987917717155309349e-05
1.930580810683586848e-05
5.652817907810114709e-04
1.609808190637669334e-01
1.149953843413262122e+00
5.904102093741908641e-01
9.124848088484741049e-02
1.049475426820794600e-04
1.361532365001593050e-06
2.568674040506169448e-04
7.592703202427640574e-02
5.637706994048122811e-01
2.075502669661484667e+00
3.506307646871545391e-01
4.128652684168377524e-02
4.478473393247817298e-03
3.755253160777006138e-05
4.051012009764701865e-06
3.969722906418741407e-05
1.576160395740521279e-05
5.488156195859180086e-05
1.933156020756587878e-02
6.591013890160188904e-01
3.604564777056806779e-01
8.563080689091552566e-02
8.537495866225184931e-05
1.599309042374986950e-07
3.145886353695847486e-05
1.001079563880063888e-01
1.402539454049017031e+00
4.678722504525293147e+00
6.794429183689496554e-01
3.885384888166382861e-02
2.523659074801626670e-02
6.768404121867235054e-04
7.212823057303201262e-06
1.158007181543470179e-05
1.279786325270140020e-03
1.263209195284840068e-02
7.404863660784610779e-02
3.422000166904917012e-02
4.691611210852363739e-02
6.259795697493379940e-01
1.654779424285548681e-02
2.327988417365657733e-05
1.209630480614089275e-03
3.733858676942199306e+00
3.703368356026943253e+00
5.450092649046480719e-01
8.725082459165056648e-02
5.518693318668006081e-02
8.842338227423306440e-01
3.209517199423635864e-02
2.133277625952998140e-05
5.320683040941214579e-06
5.606590653663043669e-03
8.600319425446247834e-01
9.690132324237125117e-01
5.009278650682065515e-02
2.088426526357784613e-02
8.416969993354497803e-02
1.981042136646843366e-01
1.703156237665282360e-02
3.719993804847650937e-02
2.198256320762996818e+00
1.250323340321996435e+00
3.994894420232122378e-01
1.388734210701856979e-02
6.655455861718817838e-04
1.156803790702094596e-02
4.588584245730793071e-03
2.188167657119950918e-05
7.858002116674552085e-06
5.271824807202857982e-04
3.005941687069065282e-01
1.817285465298646319e+00
1.088819820086644796e+00
6.976259752708693362e-01
3.625590964849221831e-01
1.732671235029503043e+00
2.575842607693608510e+00
3.425588387227175513e+00
1.532027223908092761e+00
9.293834390300048653e-02
3.305435447918588787e-01
8.407900959096393720e-03
3.447523147645529557e-06
2.909329101744318172e-06
2.198881817341582460e-05
1.383793335941650017e-05
2.821651559052176295e-05
7.148535659484929255e-04
5.886362793288675288e-01
5.282184828246302644e+00
3.061330066032244002e+00
1.049201630767658822e+00
7.272930539294301111e-01
1.087403454879233511e+00
6.209936505377450233e-01
1.503209149359630237e+00
2.266695912426728021e-01
1.928264663533041726e-02
7.187235445100996767e-01
3.552583401812832442e-02
2.127568899227143441e-06
1.962626088783097672e-07
3.905639418050845672e-06
3.023349599675610456e-05
1.144676700548306853e-04
9.639229387068088545e-03
2.486498523595178867e+00
5.581986622467094428e+00
2.867946713642260281e+00
2.156816591871150712e-01
9.326058724156885416e-02
9.257217700823631157e-01
6.687618281327920577e-01
1.962596231218886877e-01
3.900732872923255018e-02
1.067714248850154882e-02
5.835415776729457882e-02
3.712420913649636112e-03
5.607279972508192940e-06
1.481716384144611680e-06
1.683236592687376387e-05
9.115632893202313197e-05
2.140759514024616545e-04
2.550314417899630579e-02
1.417853731508369908e+00
6.225307780294807580e-01
1.922747664705200643e+00
8.200474533130402977e-01
2.991410850731566345e-02
3.186908946214399296e-02
3.201707158888026511e-02
7.356271976990159944e-02
8.006696641914495816e-01
3.542863520348805279e-02
7.893807100946432229e-05
2.625058265408886291e-06
1.870854113146668670e-06
1.141901455675850205e-05
6.613281610181445994e-05
1.183353697155491347e-04
1.653173800162246814e-04
6.345754733334041170e-04
3.599203013458118217e-01
5.839256603144911129e-01
1.240510785339485056e-01
1.312266523558359987e-02
7.767043826027440518e-05
9.279476063698778399e-07
2.672246714616976319e-07
2.982181248365904430e-05
3.642623728307293335e-02
4.249188854951248782e-03
1.737766998161440713e-06
1.904104523778567863e-07
3.496141187283212966e-06
5.691225954288902517e-05
1.323305194966140769e-04
1.083249139117978174e-04
1.206382348814074613e-04
1.037377569627235489e-03
1.893733168551813728e+00
1.086384058141150133e+00
3.303492873876992682e-04
1.012337105064193720e-06
7.028825907821005958e-08
4.597147169303048221e-09
1.159679143353474747e-09
3.659637360888047763e-08
1.147280689756804360e-05
2.416709717247562651e-05
2.146088092424934919e-06
3.715056719944483272e-06
5.464558965076932894e-05
2.662776698685866920e-04
2.664196077335069090e-04
1.702205604238391239e-04
1.810464478758686360e-04
