1.960995971373803368e-02
4.100736502032672703e+00
2.862862528119749062e+00
1.162904964146375120e+00
8.836150592781165658e-01
9.329444464733267772e-02
2.601830754981980173e-02
2.329323055352176472e-02
1.056992644429233241e-02
4.665083530608946745e-04
1.454386986380900736e-05
4.728203259174676453e-05
3.172974657368632140e-04
5.360537884025716470e-05
1.492260053784247571e-05
6.324269689494855671e-05
3.795157221529836533e-04
1.302707275721025609e-03
8.821004812283853372e-03
2.562319665179093597e+00
1.145397916586555453e+01
2.642526240327372378e+00
1.113679016637949326e+00
9.054959446290119507e-01
9.056740807883423283e-01
8.748969638092006784e-01
3.006223895415864433e+00
1.014220882708279703e+00
1.408100548516061021e-02
4.244909489840991389e-03
2.643131190445371665e-03
1.716606934664936535e-05
2.637140425625385305e-07
1.109385230792554876e-06
3.877427726356915799e-05
5.210483040793336285e-04
2.480803997491781016e-02
6.697800631454976505e-01
3.395477436274921157e+00
3.357842055900279177e-01
4.548002711127416275e-02
3.610426073232895355e-02
7.783048279782181500e-02
2.655318616577506674e-01
2.122096283336673661e+00
7.639099835098154045e+00
4.320393300369156364e+00
7.503426575204017457e-01
7.711630445172285020e-02
4.725900044298753035e-04
8.209351390714654800e-07
2.338338026881598455e-07
7.792501929973794862e-06
3.321376374336463752e-04
8.803899147655072088e-01
2.426970567368678555e+00
8.276418534823083206e+00
3.151855453718167777e+00
1.508609699417648331e+00
1.238984412973072713e+00
1.838802053060333730e+00
1.766178333938557721e+00
6.080527425416842879e-01
7.721307828648729110e-01
1.020232790855110139e+01
9.727788584310740561e+00
1.596750083704114198e+00
1.425823051608675063e-01
1.504875374778663155e-04
5.779035159439811079e-07
2.482259766173038553e-06
2.020069560821475510e-04
1.541055496350725584e-01
3.657014420438462476e-01
3.081853127245716806e+00
2.511630649685587802e+00
2.546077272066341379e+00
2.927147385332730334e+00
4.760636851307119777e+00
3.625106458547965982e+00
1.997739638971728127e+00
1.780512618441228101e+00
3.388090244345229873e+00
9.316307285352353418e+00
9.574241839565816647e+00
2.682525108190712437e+00
3.950870013332863882e-03
1.907195079486513035e-06
1.423379541207552937e-06
1.252607020323127387e-04
8.485276939687258491e-01
9.365357663684483747e-01
1.599619728889376979e+00
6.367617046922006141e-01
6.338710534428286802e-01
7.654388588694390760e-01
4.599681933941375256e+00
6.212195852035101495e+00
7.303614558269308610e+00
8.464073434245371175e+00
1.419599116752448209e+00
3.143415365905484649e+00
9.694078861815869530e+00
8.200929778351017774e+00
1.199508505433992123e-01
5.978046356174203212e-05
4.783068383010976884e-06
1.131569696438543032e-04
4.642631603172051036e-02
2.906932421464087854e-02
1.271031372312122210e-01
8.749250084326597454e-01
1.736474161525613180e+00
6.645205669470932719e-01
1.323073637717622875e+00
1.303994213891816134e+00
4.178779598827492059e+00
1.045422270057693126e+01
3.463004593955470334e+00
3.056654096378498942e+00
3.105262465032349262e+00
1.389997628136826791e+01
1.783243784547782873e+00
5.559158316933037781e-04
5.863930771950044658e-06
5.666564950039112639e-05
4.633247084751528365e-05
1.424644633313296854e-03
1.115612183379833811e-01
9.047559203509450976e-01
1.309397344920439910e+00
5.710576341634530095e-01
2.092525859580682823e-01
3.511605097615529969e-01
5.517760287993963786e+00
7.388768487635114290e+00
6.881438552656261365e+00
3.447955888151091663e+00
1.355575269329949428e+00
7.921342683760023817e+00
1.244228445153813478e+00
7.545015950114349577e-04
7.107871816132141795e-06
4.181119475759461029e-05
1.783593909311966121e-05
1.929080409183574554e-02
1.761651843062887135e+00
1.055577657457288598e+00
7.823434746071201706e-01
1.347230398002693175e+00
7.881314353224877500e-01
8.149344589421679830e-01
1.934838972682503488e+00
1.190844038506145175e+00
6.775075010966109090e+00
3.831172090009534070e+00
4.285699690221508873e-01
1.081723248644016033e+00
3.781430000906327749e+00
8.618136578735015318e-02
1.384547029420950346e-04
3.954107305027570096e-05
5.305297700394035718e-09
2.418875071296434988e-06
2.383351413378124659e-02
2.445560352301726414e+00
1.855007243057833266e+00
8.048462494309049919e-01
1.110887827686749096e+00
1.281451426714072195e+00
1.983884596270299783e+00
1.275873740643548970e+00
3.369584632788692247e+00
2.907368752068069551e+00
1.838220407141488988e-01
6.260660096304752897e-02
3.245011189798082896e+00
7.186290288411787408e-01
4.676781651302708027e-05
1.172293961722599565e-06
2.148020023601330426e-14
9.399672962165227735e-11
2.678556168145811850e-04
4.355420225531264622e-01
9.623778214281808463e-01
6.724503205224138247e-01
3.704822952662816804e-01
1.638386072040158847e-01
6.861366930616922266e-01
1.637234970114877841e+00
1.096835043245306451e+00
1.686423144043847300e+00
1.811771845010496040e+00
3.364280429280739892e-01
2.314555460165001577e+00
6.318657736934891744e-01
3.847962509288603794e-05
2.718756746426659207e-07
9.459936356340065241e-13
4.579710363292436396e-06
4.201661392695975605e-01
1.030526544783160192e-01
3.198971690195508977e-01
3.276517138775083104e+00
4.947738381624856574e-01
4.925459052946676991e-02
5.981398881442091114e-02
6.393675482225948947e-01
2.525787197536325301e+00
2.785462620470597006e+00
5.805365450476700495e+00
1.740141018908891724e+00
2.720482759757295366e+00
3.215754655044823718e+00
3.678611025905248032e-03
8.784615592717701552e-06
1.809175502827319573e-06
1.285880641732836782e+00
1.784229442476187728e+02
3.145154177033084419e+00
3.174631882913994119e+00
3.572419108760377160e+00
1.774854314809342526e+00
2.846353848562351629e+00
9.965894536321270314e-01
6.609434022329153668e-01
1.914374048177982734e+00
4.555693977397121230e+00
4.328960386934356031e+00
1.892594887122236669e+00
3.737589622994846650e+00
5.571755040065225373e+00
6.536671347664979592e-02
3.031163010471254094e-04
1.347699092552263889e-02
6.268552381278381658e-01
1.992529354780427031e+00
2.563618970690201948e+00
2.403231291193167696e+00
1.154985074528240618e+00
8.665812942983806000e-01
9.977927203781009613e-01
1.108210191883314488e+00
9.520433458420668460e-01
7.689342530113218999e-01
9.973934595704898598e-01
1.374618755952561777e+00
2.848528067874133818e+00
4.483008878050386059e+00
7.782810715795915435e+00
8.791044842975428431e-01
4.844537670414045781e-03
7.026996075551765995e-03
1.302240275555293092e-01
1.475545903021725058e+00
9.029511977400636047e-01
3.347555277060032530e-01
2.193511017683665187e+00
1.383592974063758918e+00
1.161288723359994723e-01
1.188163868765922532e-01
7.433546755037842013e-01
2.388005011834576141e+00
1.812642267396458617e+00
1.280364483918123630e+00
1.292606200275802530e+00
1.200403044515289119e+00
2.973563243756497609e+00
1.005482984891518800e-01
1.069422736024957962e-04
8.677603058697905614e-06
2.978191715999604482e-03
1.109484661933167304e+00
1.287442911218696029e+00
7.423692283914320456e-01
1.572285251264890160e+00
8.219826453321539272e-01
7.256936391999061486e-01
5.852118669904584625e-01
7.838484455246701454e-01
2.199720638370612935e+00
5.221766519504400073e+00
4.801639453899688270e+00
1.520152147706100410e+00
3.044398835097928302e+00
8.170547829079967128e-01
6.775635900307525321e-05
2.434273895062224198e-08
2.838693720287973108e-06
7.993308385477482800e-04
1.940281459056749647e-01
5.574418133991939639e-01
2.084455091795256898e+00
7.438851009371161283e-01
5.761383538004358207e-02
2.162438731769511790e-01
7.493005241521953907e-01
1.664944446322154104e+00
2.310452359917781529e+00
1.790290484026039186e+00
2.711767235461287395e+00
3.187235590768008109e+00
6.407856664247040257e+00
3.600630231979284890e-01
1.819529364168561070e-05
2.389879835692207455e-08
6.153577905755598751e-05
3.795480148901511728e-03
3.815133490817056994e-01
9.151006721398013966e-01
1.747146344150746433e+00
1.087116315189593729e+00
1.848292847251651050e-01
5.397536167550108788e-01
2.427304816495369000e+00
6.459666797636614888e+00
8.273988887300790296e+00
2.446566389531654728e+00
2.409080427936166835e+00
4.479817082924798299e+00
1.805414512391634529e+00
6.462875257441450527e-01
1.242845463518469327e-02
6.827516353066849140e-05
1.304389544932833865e-03
4.852826061175230521e-02
1.906442473129111637e+00
2.604578638255628409e+00
7.326994739206418306e-01
5.304141139824125606e-01
1.097728233645772766e+00
2.366822207380558041e+00
4.425565783131514941e+00
4.541664003357054114e+00
3.044488347134476580e+00
2.131017994431555707e+00
3.904566560145900755e+00
6.325196731295974040e+00
4.399540739627222363e-01
7.096980774557656857e-02
1.561275829108434848e-02
6.808045934697335572e-04
9.240525417769851133e-04
8.487851629087026506e-01
4.140632402153251235e+00
3.333808240444680604e-01
2.516093657798506023e-01
6.390402824497237733e-01
2.664079347379034957e+00
3.731635284874704084e+00
5.805697001716721317e+00
3.194467152663633236e+00
1.129551357593174821e+00
1.756834620628650923e+00
4.259899992140906200e+00
7.418208664452321521e+00
6.987396530365469483e-01
8.756636370500420208e-03
2.026860670513159872e-04
5.453975462559461124e-05
4.303876883611874253e-06
1.746219751919888263e-01
1.730202104146950859e+00
5.394043698696499717e-02
2.342784757957944441e-01
1.720397109753469600e+00
2.211774634244988214e+00
1.244350158199347689e+00
2.117914626941999057e+00
8.708065727919679366e-01
7.046463559380563568e-01
3.418393680204823593e+00
6.561390664036378162e+00
1.845052542951862273e+00
6.664987087016012446e-02
1.209490222748981934e-03
6.370524818584417774e-05
7.379096588368280556e-05
9.510027143578150276e-06
8.089735239857404059e-02
1.772308000419673846e+00
1.376939432863914403e+00
1.573619293774697114e+00
4.748484004864544361e-01
4.344765131171803851e-01
2.853640063480198386e-01
4.379560919607940472e-01
1.433408136146180567e+00
5.390785190446104380e+00
2.370830647426559690e+00
1.547826281750275923e+00
1.026882087971172641e-01
1.201155414809736502e-04
4.862372863207279708e-06
1.882354848836380318e-05
2.699918522249770275e-04
4.383401751102523371e-03
7.881856911018196854e-01
1.429202685528280670e+00
3.592201516127060845e+00
1.035211176117412368e-01
7.375154574680744916e-04
1.793898764875452578e-02
2.005770607521561999e-01
2.418426021492715156e-02
1.034927416694905594e-01
4.838007260258748943e+00
3.281955968726001927e-01
2.145208049213388757e-02
1.392124707889020848e-03
2.103022068226332317e-06
3.131124220456123805e-07
1.081577864294464681e-05
4.247699297683453479e-04
2.161241186799488234e-02
3.110572375373781728e+00
7.386608713183741015e-01
2.312732633100576252e-01
1.991007931391994279e-03
2.273348175490457168e-05
1.009489706070695186e-02
8.195764584866479519e-01
1.310819331781836556e-03
7.857895236272571490e-05
7.419834921972830177e-02
7.623398631495904576e-01
1.726982341115003775e-02
1.698829293330287964e-04
3.202538727652506137e-06
3.297684823537734524e-06
5.437037257570110835e-05
6.395185721539185884e-04
1.981379657946147690e-02
3.905702297624402686e+00
2.136828198255527500e+00
3.912233763892608795e+00
9.639887479354032340e-01
6.855760490863222270e-03
1.196291345788490224e-02
5.025550563439323826e-02
5.844725502283401147e-05
3.803729030480879725e-07
1.407006513149600862e-04
5.288552016466632755e-02
7.968145841259861514e-03
1.235729944349729409e-04
3.272443047800172229e-05
1.117152763315767852e-04
4.919442212320128708e-04
1.443193901280648587e-03
