1.121152052728871686e-04
5.298880509878999164e-05
3.481870692420968572e-05
3.043207348541703057e-05
3.051685749276375983e-05
3.079416670969893952e-05
2.845820764952477314e-05
2.933061719258195623e-05
3.428386315319552840e-05
4.475889636386694141e-05
6.475640180492508102e-05
7.518177595547206079e-05
6.177585260432882377e-05
4.902108166882884863e-05
4.747115611326100385e-05
5.314514256319611857e-05
6.797590180682905380e-05
1.098151981917407473e-04
1.110861039582902624e-05
3.623277923805659795e-06
3.669906249468235065e-06
3.836628151067538153e-06
2.548981810605736077e-06
1.877518172408651131e-06
1.972430162086861422e-06
4.710400473540305543e-06
8.851712754079073690e-06
9.819516915198630303e-06
2.001824985247691092e-05
4.530439403631549038e-05
4.806715364047371491e-05
3.205708856414039116e-05
2.325828567966182155e-05
2.338619198043613551e-05
3.597734035518230882e-05
7.895594388512249256e-05
5.284717188766571885e-07
9.641821604863382560e-07
1.951823139536504602e-05
4.156362468988289942e-05
6.045049020220018590e-06
1.865619920485111677e-06
2.425434820645274565e-06
3.163356603795510776e-05
5.900736452809693643e-05
5.296255988587460148e-06
4.404571411293031779e-06
2.715306400598293672e-05
6.084238695837313827e-05
3.954175664608063610e-05
2.013842350984908680e-05
1.603221679427322248e-05
2.640024362802350808e-05
7.120915866342375077e-05
2.143964522934085151e-07
1.871113918157556061e-05
1.136542945666236919e-02
2.663694683573035113e-02
1.501704055532553572e-03
9.347296831494440522e-04
8.313488643864428308e-04
1.768967634753975879e-02
7.556872884126360733e-03
4.290681679783288199e-06
3.901440440286610309e-07
9.000263968274363065e-06
7.606890343253344526e-05
6.585892142958258279e-05
2.634366437220293111e-05
1.636229835609805718e-05
2.577468930153680961e-05
7.462913227963501972e-05
2.284205548896136261e-05
1.055518769192307846e-02
1.021915511637466301e+00
7.747767653370896124e-01
1.524350675594457194e-01
8.435537511694106705e-01
1.961892315794924180e-01
7.911064257364368579e-01
4.046504406767426759e-02
4.790567309199230435e-07
1.439425216890726582e-08
1.599625157781335159e-06
5.745572732771601053e-05
8.636224975630120925e-05
3.383822580682058570e-05
1.800164785190590659e-05
2.668486528204035195e-05
7.825038603304056704e-05
6.079984262449562166e-02
1.867060098679284463e+00
1.182498470819520975e+00
1.952655324579626095e+00
4.184671700237317382e-01
5.139715913153262150e-01
2.136059547682677695e-01
1.039363394278982167e+00
1.758490463425419273e-02
1.988052257078828856e-07
8.114189449961594736e-09
5.805473414530369317e-07
2.246882378479565342e-05
6.224130756172232225e-05
3.358212844458257756e-05
1.795871469552479043e-05
2.541842894559969158e-05
7.336332252140741704e-05
9.900851357285285204e-01
1.899417352078271337e+00
1.629969978903617056e-01
2.516237544912709012e+00
5.665677383757961039e-02
6.744190141305965794e-03
2.448696466803957084e-01
3.662350345808892627e+00
9.138784005642092145e-02
1.309215345113306117e-04
4.286071150882589789e-06
1.521228253401721932e-06
4.904930590060209264e-06
2.575824798326850545e-05
3.069170087980569172e-05
1.949659496463376082e-05
2.459925764573607469e-05
6.287110122610832129e-05
6.303883442613184007e-02
9.111386660540899962e-01
2.306581185104606968e-01
1.246604052745525104e+00
1.889301017782090211e-02
1.401528007255027977e-02
8.368279455859990446e-01
1.364178711543142797e-01
5.287862648476171490e-02
9.341250350951808556e-01
1.840938631874996720e-02
4.511243511870506003e-06
7.514113637146560418e-07
1.061581736915721681e-05
3.644704321616132700e-05
2.728328536635173023e-05
2.572854357736826560e-05
5.030320552748929029e-05
2.239153527303847958e-03
1.955001045036068197e+00
2.910635540952571709e+00
1.361565467690912357e+00
3.958829500656821376e-01
8.287303233315672646e-01
2.326273481053384856e-02
7.854561777544501457e-06
1.859327531592055288e-04
1.928937546907340428e+00
3.158603639295015642e-02
7.829898830367311581e-07
1.551040389421189230e-07
8.338231957517093119e-06
6.156178013405048824e-05
4.414978392360453818e-05
2.683447582443825556e-05
3.768492314518372930e-05
5.583184500453307749e-06
3.660157621515088694e-02
2.117072321051707284e+00
8.221037145022938031e-01
1.360255090388018395e+00
1.259835746738551476e+00
4.927514841649142550e-04
2.617157571750714972e-07
2.186712268873044433e-05
1.712989409736711058e-02
1.790863522227610345e-04
8.164704124989906467e-08
1.107590774263871683e-07
1.007802157689554954e-05
9.449211731773682669e-05
6.492481432875338580e-05
2.907048717836912979e-05
3.200745068639456299e-05
4.983790884819925185e-09
1.292888414001830064e-04
5.884642843569414250e-01
4.888520875410250488e-01
4.431456529799882582e-01
7.968697892802838467e-01
1.372874151003283111e-02
9.055930423364145403e-04
1.414125813661960655e-02
3.132236087076571002e-02
2.301496502681096715e-04
7.095613681593224455e-07
2.367247905302989293e-07
4.955649713450742501e-06
5.709562365460244942e-05
6.587300638221655735e-05
3.605568201759899852e-05
3.925009964104968902e-05
2.244216230668209453e-08
7.813293351720226529e-03
6.851780159602214759e+00
7.163697784946294611e-01
1.340500533851407328e+00
4.713486702393880456e+00
1.269854345169491250e+00
7.484961927964566275e-01
2.130723083398619266e+00
8.077445961197954327e-01
5.321973820673316091e-02
1.206641426921315299e-04
2.945106778242251315e-07
4.504412047177467372e-07
9.392313042239534496e-06
3.485875539670400748e-05
4.258140768991272427e-05
6.244026976118966920e-05
1.047405094130292485e-06
2.069572346249905603e+00
1.306431604277636325e+02
3.117895408655884992e+00
5.931962029271612202e+00
6.643419693391092729e+00
3.505521576997491895e+00
1.537629652770517774e+00
1.618064944818671913e+00
2.423282923724893845e+00
3.848867271977756577e+00
9.164592395988949147e-03
1.065358292598159530e-06
2.047064294451913333e-07
1.921954058177358089e-06
9.926950653123920525e-06
3.197421001703137645e-05
8.400904421155270109e-05
9.612786627485062331e-09
4.414982623402587819e-03
2.993512501957309002e+00
1.515376763190441789e+00
2.069276460479831048e+00
1.575190768861932877e+00
2.410996134181545347e+00
1.279619941348150824e+00
1.708187216459639890e+00
2.093746565908650936e+00
2.777236002115262892e+00
1.553554705800540003e-01
1.052521728601357471e-03
5.288474251392866904e-05
4.419818341598133115e-06
2.819451410950061367e-06
1.542842162633665309e-05
7.885066474595415630e-05
1.372901407744813407e-09
8.773322943729799667e-04
1.402608937812298340e+00
8.985374361835219981e-01
1.574046861738092273e+00
9.783071005654373486e-01
6.659794183658663824e-01
8.376361931360828406e-01
2.142888006661354261e+00
8.779472134363229541e-02
2.981375483585084387e-03
3.197605296105018174e-02
8.760831901603811644e-01
3.277397577699360520e-02
2.011708552632170932e-05
1.436769120284240704e-06
9.478255633262401331e-06
7.015806227405836160e-05
6.858026785449674854e-08
3.684955467341518437e-02
3.146427618786950653e+00
6.242840098396700288e-01
2.926450492131674519e+00
1.288338860770660066e+00
2.688345777798334946e-01
2.824975558986708712e-01
6.906926717259891380e-01
4.144224357128459789e-03
3.467587081118605037e-06
4.387854152615250846e-05
2.321384899306420946e-02
4.014401580595959237e-03
8.369261945262935950e-06
1.679621622816851319e-06
1.302792519821250739e-05
7.985632041623391252e-05
1.345502148265740316e-05
1.535292270679538829e-01
1.524529694310023054e+00
1.067995548591077482e+00
2.282993286360941898e+00
5.528403679537851056e-01
5.751996091904166414e-02
1.540694128114454900e-02
1.780617553963009247e-01
2.988296472937498546e-02
9.584239790136391142e-06
5.592540749675472499e-07
5.792580525722568872e-06
6.379186684412224073e-06
1.823549568347389826e-06
4.460351361041836394e-06
2.940428735115131843e-05
1.022812907731093177e-04
2.716938303683673166e-03
7.063348090165406656e-01
1.731839954172669671e+00
4.447133635719684452e-01
1.026080960666372471e-01
8.340202902585350242e-02
8.280874929080950242e-02
8.507486102720072940e-02
1.797021253353415560e+00
9.799329749565761638e-01
5.734912223686234895e-04
1.429918994321312141e-06
3.608514761402061999e-07
5.402379737327476931e-07
1.826604821658977051e-06
1.160812558255350271e-05
4.989352272457114580e-05
1.135920557260450275e-04
1.002933937899456868e-01
2.035619433858067762e+00
2.671865356692820104e+00
2.179145188115224618e-01
2.425183851661327494e-01
8.216852854438438936e-01
9.809956128293078059e-01
8.896665543581611102e-01
1.244760727651208626e-01
1.895725514792784587e-03
4.797781188836370653e-05
1.410287071561603930e-05
1.195382499332555048e-05
5.673706328982254632e-06
4.561551467869285245e-06
1.307014419243081432e-05
4.518366512446151355e-05
1.040361366861373483e-04
8.359473286844759654e-01
2.231142860123442428e+00
1.842429525876606800e+00
2.050430796418482304e-01
2.458272124362115285e+00
2.176640058655993359e-01
5.121591191733609449e-04
7.368619570830185826e-05
1.497909819473792355e-06
3.056874459057378254e-08
5.256394601951925889e-07
5.050027959197781651e-04
1.515109898891067557e-02
8.769682615004170201e-04
1.755935154162446683e-05
8.984818551854031974e-06
2.972095757747185185e-05
8.952035689416651973e-05
4.015014456128895848e-02
9.362213377271657588e-01
1.017092635487404584e+00
3.307233037846142587e-02
2.245611839733732129e-01
7.218066589589024933e-04
2.092551210106591145e-08
4.056494865907452266e-09
5.482992475619186738e-09
5.652521970954589304e-09
1.306207913292656972e-06
1.175473447638808455e-02
9.435212079698072074e-01
1.387172369484724471e-02
3.388585101138885897e-05
6.664302144761403873e-06
2.273975428055741683e-05
8.367040112774885906e-05
2.048229456878562492e-05
6.439405338679921043e-02
1.848509350151270603e+00
1.256453175449080695e-01
7.694709435138736842e-01
8.578300473411499746e-03
3.126696670067574333e-07
3.228263511364881076e-08
2.679056615853233823e-07
9.058108731202901397e-07
1.344213344378546709e-05
1.639079026046578839e-03
1.628447723933752408e-02
7.268801075682314013e-04
1.336337878872301245e-05
6.680125790291728693e-06
2.477451113165592153e-05
8.605482664279093447e-05
1.851553605094643790e-07
2.606077464691549284e-04
1.479319674280782718e-02
5.343143901906514601e-03
4.291812798711663185e-02
1.218636104671784459e-02
3.296003395285297644e-05
5.714887577777295297e-06
2.369402825639649408e-05
3.189877797025606545e-05
2.154292785503553892e-05
2.903525026729382618e-05
3.477706420575289958e-05
1.375830286263032767e-05
6.579249152603775292e-06
1.146121496464666997e-05
3.538293153510564556e-05
9.232215391318459403e-05
5.433107379997340742e-07
4.315693015660230630e-06
6.776773305318908862e-06
1.077648632562320271e-06
2.264390185193958420e-06
8.032768329513817151e-06
8.207992824296663371e-06
2.452023500196983123e-05
9.073584688999052680e-05
7.642366282023184312e-05
2.405356863633435749e-05
8.904756617484327856e-06
6.542046686411002782e-06
8.520555781732322453e-06
1.530629876510177182e-05
3.047942743687604206e-05
5.845472222253526206e-05
1.092164954975085624e-04
1.663552411089138085e-05
8.299586271226130671e-06
1.683822658351429423e-06
1.726191949569772227e-07
1.094220513320475281e-07
5.177129697076434768e-07
5.032851045704917651e-06
4.146463878362002218e-05
1.126509240315940933e-04
8.904495535199733716e-05
4.260730538611967914e-05
2.479851001986368885e-05
2.516070125464071015e-05
3.988806476390906067e-05
6.434789116041858363e-05
8.573727314517943056e-05
1.099603661669079765e-04
1.586999743471360880e-04
