9.595472692272088988e-01
3.933662900232056447e+00
1.125903146693209500e+01
3.653472157823648647e+00
3.334324604755976917e+00
2.731739301552873034e+00
1.531391703832060414e-01
6.578144642893396683e-04
1.175035613652494000e-04
8.467993335165379873e-03
9.570849015076390853e-03
2.414128646891529470e-04
2.151158481809655222e-05
7.374774641862975710e-06
2.871476492244153916e-05
2.674806143951943414e-04
7.424700828454271987e-04
1.354769133918524516e-03
9.841357395962853014e-03
3.329247548154202097e+00
7.214050409278167209e+00
1.815526793734232758e+00
1.395481506877211064e+00
3.570863747710847913e-01
8.677130420430261282e-01
4.750946183194580286e+00
4.370894503500069028e+00
1.723575176749375215e+00
4.153060089070906291e-02
3.127565926038546312e-03
3.894949094478576744e-04
8.886701349958738485e-06
4.146275489037025434e-06
3.987774642464179947e-05
2.428175650378973198e-04
7.500178326335175385e-04
8.905294866889450212e-03
2.608799809767306410e+00
2.800845624403743184e+00
1.465523666925193869e+00
1.106066027392548667e+00
8.559386027245800832e-02
2.895998174086320681e-02
1.243123334834613375e-01
7.327391668252274393e-01
9.690724004005299985e-01
4.206637424456207697e-01
6.928824386732992391e-01
1.397163983744229843e-01
4.837460779842922684e-04
8.453343694035134420e-06
1.227221273795435535e-05
9.929411426240662632e-05
6.495477925859979114e-04
1.425255762557080808e-01
1.956143500832609794e+00
8.916869623619133378e+00
3.576756642841865563e+00
2.842892457760729297e+00
1.208935083331205806e+00
2.284308463276677192e-01
5.175601058406874982e-02
8.030209812115626788e-02
3.309970605206473127e-01
1.256179052444271749e+00
3.475594462646630411e+00
7.124936206182500564e-01
3.663016100669204151e-03
1.391883174829100242e-05
3.328441960999658048e-06
2.917991525648716612e-05
4.647963195410951490e-04
7.812971064536980981e-01
3.365312063237484441e-01
9.568386339245273930e+00
2.985619428033232214e+00
2.727008553500175125e+00
3.094934935397900766e+00
5.535895669456773582e+00
4.992650888793956021e+00
2.805471429662106608e+00
8.419162050937191166e-01
4.796774411649644132e-01
2.769885165415284511e+00
2.270678389189037638e+00
4.267304373994157407e-02
2.014259441431500580e-04
1.137725564485665263e-05
2.744521739559752153e-05
3.442263270308009251e-04
2.243393929411725829e-02
4.987480111032718127e-02
7.918137544264971517e+00
2.730890280018984040e+00
2.392034139428678152e+00
1.658789870984792580e+00
3.113486666080471643e+00
4.175058837157591185e+00
5.186513307511630089e+00
1.959588622146259507e+00
9.292998079956525936e-01
2.884340724778013065e+00
1.826968306191647962e+00
8.308205968797356400e-01
6.065081559372875741e-02
9.047325872086449871e-04
1.470973660591068323e-04
3.560115702313734493e-04
8.575609725657053748e-06
4.284405423657754522e-03
3.925392147140889243e+00
4.312906554218609578e+00
2.695917614160397768e+00
3.621425071096205928e-01
5.276555719176487802e-01
1.167111277126785307e+00
2.681176809853021759e+00
3.083889372098282511e+00
1.934508454999972704e+00
2.466419652880110225e-01
4.623909240070087079e-02
1.363062704495442867e+00
8.337886053726105695e-01
5.736833311356296858e-03
4.467965053618526894e-04
3.542746448234642266e-04
3.495728170315951503e-07
5.208743455650946715e-03
2.984686925779282074e+00
6.017366314096489255e+00
1.817771921557489900e+00
5.527133104470467739e-02
2.850681915490045903e-01
1.080885022407843676e+00
1.859892911523086445e+00
5.383859510115413194e+00
3.858176284961005287e+00
7.033159750509152541e-01
2.407691528455942753e-01
1.398833435992148377e+00
2.103067610554542333e-01
9.443294454537778590e-03
2.508145372003404896e-03
4.229325497147658360e-04
1.646769682376688000e-04
1.100072402764240120e+00
8.869970140070483566e+00
3.045651615385960298e+00
1.081026698754628423e+00
1.143973275157293967e-01
4.700741876291875676e-01
8.146526595938335946e-02
1.653275110825087046e-01
3.488257520308351900e+00
1.248883975883244624e+00
3.128256288528280304e+00
1.980386146877924913e+00
1.535670837138288503e-01
2.128414016740696746e-01
8.256792890804921514e-01
2.734731278136881202e-02
1.473597574082255034e-04
8.532583422428345610e-03
9.144184329839335490e-01
1.941021968853190005e+00
3.449690790575325572e+00
3.280548765823809720e+00
5.645876343462857827e-01
5.365055405845441105e-02
4.165509295079174818e-04
1.255854874883518407e-02
1.190448253602044648e+00
9.219533437284503641e-02
6.646468394291127346e-01
1.066908095438449999e+00
5.203719034961686030e-02
6.846766273475686226e-01
1.110733392583607371e+00
5.001125816177665745e-04
1.915407532766925353e-06
2.522819023635627971e-05
2.953455629246224691e-04
4.164411816088001150e-02
2.534773941446239576e+00
3.804492007177200819e+00
2.220291328092298233e+00
1.180778557109135041e-01
1.499772329919708868e-03
7.153025238498958438e-02
1.621452396211237046e+00
1.172722817446444493e-01
2.815676986791754710e-01
7.339563448333878970e-01
1.430464210433322336e-01
6.216870612050413164e-02
1.338310069355146082e-03
8.840553228944023790e-07
8.996633197280909064e-08
3.352185427928822062e-06
4.337884509481380879e-03
1.409019128220276418e+00
8.350275943516036747e-01
6.243901990087669107e-01
5.716548555482324545e+00
3.680840840471524711e+00
3.189259941189435676e-01
5.096468781834133654e-01
7.185370214141590939e-01
5.967747569421473219e-01
8.347545337361711448e-01
1.401780184221439463e+00
7.562189781118612286e-01
8.073806926300958198e-02
5.758026892283742842e-03
4.144819274405861531e-05
1.305168988694011325e-06
5.436783358032065453e-06
1.062745141198942811e+00
2.131488015450859734e+02
2.718043400532243581e+00
1.992240536261920214e+00
8.523527730632174837e+00
2.159308058102836547e+00
7.126487473908936776e-01
4.788897445402190423e-01
4.408476930703316143e-01
1.292264652445317630e+00
1.210740381934266807e+00
5.500492884538141780e-01
6.122867775617304303e-02
3.790423715290303780e-02
8.769548221837357715e-01
3.084153912077092219e-02
2.165350898599362572e-05
1.040346747317210980e-08
6.220460512259860320e-04
4.521865698267867550e+00
4.778187297667940037e+00
5.568568294869196578e+00
5.648885181555216128e+00
8.286201179039155429e-01
3.949230912273360983e-01
3.919778278646407488e-01
5.411017954704104849e-01
7.122135595018732612e-01
7.697532065348664521e-01
5.554912350001207644e-01
1.455881415685475857e-03
6.982310985118184707e-05
2.221336627901064273e-02
9.110184335006319897e-03
8.278664954670579641e-06
4.308594248704916668e-08
2.016655105061834568e-04
9.459273201084225091e-01
2.655138186694935953e+00
1.656241793331278078e+00
3.469939684036056793e+00
9.945575844401338683e-01
6.270650120986916987e-01
6.287092663026442318e-01
5.315215775019924704e-01
2.454839764300359439e-01
2.667949047999060852e-01
1.311344262386918702e+00
7.366884728924728495e-03
1.055366693983457687e-04
1.153153026855379890e-02
5.557648464418982540e-03
9.107632237572087531e-06
8.140658805562694944e-04
1.094787974695058258e-01
2.411587592046327444e+00
3.868545798120773593e+00
4.389930796926139855e+00
2.248013347869556089e+00
1.095247393932196056e-01
4.312382201178023844e-01
2.311692411592974228e+00
1.527937445976692343e+00
4.963569749574542334e-01
1.967108514005758702e-01
3.125321866467662968e-01
9.184728039763428997e-02
1.407919572277449016e-01
1.854960653286377381e+00
2.938216637004816695e-02
2.958574552843029645e-05
4.754660385037896148e-02
6.678431224699744595e-01
2.286189824599910825e+00
3.598484030876246909e+00
4.654602450610881625e+00
2.749068155270212976e+00
1.310475568422937165e-01
4.187155581789123171e-01
1.508249405405422072e+00
1.834383802328862334e+00
1.325637618287968555e+00
1.547549181411022046e+00
1.209416015935517175e+00
6.185954788030063600e-01
9.179202311213944254e-01
6.488598258045563671e-02
1.365067583786926326e-04
5.464076972741096042e-06
3.482459409418188837e-03
9.802303352385320634e-02
4.949448343195379074e+00
1.788834224134114637e+00
4.096332390601851170e-01
2.124611341959818933e+00
7.951971520136292826e-01
6.216290232936769744e-01
6.569129274145446562e-01
1.884052346849652171e+00
1.738596084932589214e+00
9.485337089974816838e-01
6.610565666972320065e-01
5.226466909005043071e-01
3.024891090922218403e-02
1.491953065480066686e-05
1.320410978508276735e-07
1.430010814563714528e-06
1.012885048099053907e-02
4.962284145532518120e-02
5.916153883146096248e+00
4.358642012644566854e+00
5.409485457929580354e-01
1.696282559524730837e+00
6.963065747578284226e-01
7.044742320825184700e-01
2.007949308942038158e+00
1.673293793501516635e+00
1.488424209051926850e+00
8.993055255354376332e-01
6.799019351874133754e-01
1.314159997716166650e+00
8.594435426290316510e-03
8.422240990369736500e-07
7.991153073440160998e-08
9.976882229063687506e-06
9.231808077693031134e-01
1.022420460301409761e+00
5.013930573525268386e+00
5.678223688859712404e+00
1.331769404314951055e+00
2.478316598409131100e+00
1.029270511820449263e+00
7.828881526704772886e-01
3.257684763030756603e+00
4.304816036938360901e-02
6.160998675229773132e-03
2.061898377858415177e-01
2.325270390836564172e+00
2.572711949478208471e+00
3.781289967817537227e-03
9.785751488533944760e-07
7.197771339858138228e-07
1.030455198908381844e-04
6.456706997382088975e-02
1.896368807938646261e+00
3.104675120551328327e+00
5.131966903116073730e+00
2.950096709374524728e+00
3.439036523210186047e+00
3.709561579788661412e+00
1.629382942770453591e+00
3.517648010509951018e+00
5.446844732416147861e-03
1.256655771322856302e-04
2.161468654780175982e-02
3.597792640342903914e-01
6.507470795159826515e-01
1.562985300064345315e-02
2.363110593707085731e-05
9.448097779204458403e-06
3.210446503793025355e-04
4.686443007844800536e-03
2.094531754916305388e+00
8.914630982064183584e+00
1.006979123121023711e+01
7.530911001289418039e+00
4.082263096880148545e+00
3.023236672050438223e+00
4.208541161606527137e-01
1.365783673772131168e+00
1.159890791459423920e-01
2.563292832968531651e-02
7.126111101259055003e-01
8.001618070651304870e-02
1.940671869451244050e-02
1.749853943831388217e-02
4.209316218321176840e-04
7.244681153024382005e-05
4.919941419792794000e-04
6.031991379631104072e-02
7.697255505136882947e-01
2.963842737880669098e+00
2.079954284714927049e+00
3.384123968776175051e+00
3.108733187181731417e+00
1.561932501810912255e+00
1.348966355891270674e-01
2.965083302628755968e-01
8.648366975384267352e-01
1.187193077745661407e+00
1.008678211049970797e+00
1.551500840822450222e-03
2.323663533797969797e-05
8.406595823960661632e-05
1.015584238928605158e-04
1.020414334782186733e-04
5.120326789300881946e-04
8.060905250409966527e-01
1.499309592355690945e+00
3.976092871758855285e+00
1.021694857848083782e+00
1.364983111857651199e+00
1.180557366713921308e+00
1.228291359304137575e+00
1.819159183135626856e+00
1.915005169264920148e+00
2.014216993504365671e+00
8.908545370584939338e-01
2.251144109067201859e-02
2.305167845485448839e-05
8.610307652319528758e-07
5.862524060496289964e-06
4.763041977287449022e-05
1.533572895784237559e-04
6.209860169926829975e-04
1.234573939985136037e-01
3.710156184443781591e+00
1.248547644032031556e+01
3.501037149757612710e+00
4.369055340649621755e+00
3.793789340002800881e+00
2.030804621593212289e+00
9.925881253003498994e-01
5.754794945411236679e-02
1.145829951045409904e-02
1.578681911558905970e-02
1.638454090948703121e-03
3.396123498989929315e-05
1.425197204878052934e-05
8.438661353244040271e-05
3.537555948489378246e-04
6.440442808100598588e-04
1.380755039006749440e-03
