2.151696472558986550e-02
3.959916549338364788e+00
7.035704453358186505e+00
3.018321160091161470e+00
9.265551662096213059e-01
7.407927494619355457e-02
2.941537496119425200e-03
3.752042627230048853e-03
5.636261030971792887e-03
8.211471280553763949e-03
3.923444685394280283e-03
1.421393636221062232e-04
3.487619373288491104e-06
2.555196229745293057e-07
7.985732173311872418e-07
1.936978428900029445e-05
1.222119844458466179e-04
3.484501288815933717e-04
2.916450132817192953e-02
5.901052076131045432e+00
7.180840991910048210e+00
6.610265351570777659e-01
4.740089173144063084e-01
1.461933589543789047e+00
4.500163687282373592e-01
3.523739885339053579e+00
1.042287580015079307e+01
1.702616939015489494e+00
8.349056120809165982e-02
2.904188373055216314e-03
6.504483166256023953e-05
9.648917826856873175e-08
8.831822164229686646e-09
2.245887898602225497e-07
7.470920681816005992e-06
1.967976209844129998e-04
7.770325223784388825e-04
2.766910166579558336e-03
1.269496176033620789e-03
7.545076532622456943e-04
3.456059059851870896e-03
5.926275766537870450e-03
1.654863880120570948e-03
1.228046923264000667e-01
4.774280751529287770e+00
1.107965567144270480e+01
4.257510324494376164e+00
6.592611525967703168e-01
1.818116554398280516e-01
1.739637126909326513e-04
1.330841650500007282e-06
6.201155448295641796e-06
1.323123558953654137e-04
1.701355381518134327e-02
2.061285796796760060e-06
2.382879089777318050e-07
7.200207867323346314e-07
1.635524089518325169e-04
1.085857440232108374e-02
1.399828496466308915e-03
3.766794452167481692e-04
1.973367766653660177e-02
2.646834194238864568e-02
2.130753593666873669e-01
1.427922885718629509e+01
1.491089967614172984e+01
7.375441504258552605e+00
1.041787850055440195e-01
1.399885236855375262e-02
1.656114968904448884e-02
1.182213468116153493e-02
9.601622819679703769e-01
7.775808601910342008e-08
1.146655712158103446e-07
3.659080009321579499e-05
8.632168997850628300e-02
9.003880823117268450e-01
1.501329028596954003e-02
3.996130640379740723e-02
8.776322115069896679e-01
1.220049293267163335e-03
1.815462378960896409e-04
2.216698393023749103e-01
6.631054424126886282e+00
4.094273480648847219e+00
4.518833409250287980e-01
6.040767697469845432e-01
4.217506399581005816e-02
3.075841181482006563e-04
6.522221698771622951e-03
8.177591938053247497e-07
1.114725556119434497e-04
5.880212595182333912e-02
8.374436024815512525e-01
5.680496456775043640e-02
4.056965872075799103e-04
2.793585859565129049e-03
2.338869199524248182e-02
4.186412430277308932e-05
3.261008139473399193e-05
4.732792595632226429e-02
2.029546184698293398e+00
6.173361475436178303e+00
3.371387410166529541e+00
1.504502659462364722e+00
2.677799029968936859e-03
2.430081768794749488e-07
2.784301357812257920e-07
4.406965126060540363e-04
9.090748309653165493e-02
7.109910241529925345e-01
2.635582000299002137e-01
1.236159117567808136e-02
1.612077412065323929e-04
1.377828644495835331e-04
2.895915597007781418e-05
1.852260672579500655e-06
1.759989881823157245e-03
7.336360819328514582e-01
2.770180226479875274e-01
1.559538455548410862e+00
4.755229397362040089e+00
1.362911942237244212e+00
4.111205017954463158e-03
8.676674728944506207e-08
1.591672933919236924e-09
9.655968257704771601e-03
8.549202832981207534e-01
1.412942790299177354e+00
1.878031611796419753e+00
7.735261370587214191e-01
3.582470522957896530e-02
1.492286396638786358e-02
1.462132639075432975e-04
2.474079468589857875e-05
1.785830859697171702e-01
1.013874063983126295e+00
4.059314791905643989e-03
1.182585163873612205e-01
4.650916435932317405e+00
1.433341761085769939e+00
8.138009913974865450e-02
5.614475473173509255e-05
4.749964868156396462e-07
1.489345203520571048e-04
7.237307746604963732e-02
5.221337087104027663e-01
9.977885435317295215e-01
2.197430432775607123e+00
1.194523573066856637e+00
7.950815663475829798e-01
6.919590084424441165e-03
3.882926516885740024e-03
7.489885979836707897e-01
1.375882396287998050e-02
1.347361174908978655e-05
1.957945140870746489e-03
2.970628037755653761e+00
5.852297400965543517e+00
7.483680652794676424e-01
4.572961877106732770e-02
4.954153804164723729e-02
6.134024286300141527e-07
2.912884717040661181e-02
2.589974951428764882e+00
1.141721529946978064e+00
3.688129050333098125e+00
5.891510747217993504e+00
2.094985378304552448e+00
7.371542212031834129e-02
1.391562503590919042e-01
1.127337564956092109e-01
1.967561655542640077e-04
9.643995476230043574e-07
1.101839895148649289e-05
6.673168155173805904e-02
6.279469234267684996e+00
9.720480410324110199e-02
3.925513425791493476e-03
8.525163928353900467e-01
2.499330951925033007e-10
7.061752606105506846e-04
2.868202941428383390e+00
2.304472107944778525e+00
4.890405870291550272e+00
4.411243608300547514e+00
2.632963991449443597e+00
2.539416014705724867e-01
4.347998479260642424e-01
1.466755598554074502e-01
9.842089642315580977e-03
1.598477557013338560e-04
1.066738755055714828e-06
3.517333772849046136e-04
3.402339245334907947e+00
1.853757257574415729e-01
8.456590995841510540e-04
1.496846301717412453e-01
4.318076990373802750e-12
2.784478549674579678e-04
3.451556872890366723e+00
1.620066204557970124e+00
4.954543201220420023e+00
3.991153118432725133e+00
3.868837206785153082e+00
2.264548844363291624e-01
1.143046046414156469e-01
2.155806107522373893e-01
7.221681468237564072e-01
1.965280990974074132e-02
1.496222007414557474e-06
2.698176512752865780e-05
2.770657635350426418e+00
4.587623398713990497e+00
3.140819591983833731e-02
8.746846753393703322e-01
7.195468147144787675e-08
2.243395521160151507e+00
2.079272654719640911e+02
4.033309189780730719e+00
1.629240127797752891e+01
1.083787401670724115e+01
1.328325783517761849e+01
4.472810170948230635e+00
5.567992553654060872e-01
3.570152851626307716e-02
7.777561656517886779e-02
1.230967578073916685e-01
2.171163773749791386e-04
9.561744431224325838e-04
1.119546124508564411e+01
6.446815429104847617e+00
9.543265404358951265e-03
3.328581394337689486e-02
2.450199694270943922e-04
1.817362472576841137e+00
4.570602264734896281e+00
7.887868246353298973e-01
3.932650499979649883e+00
2.662407635001145412e+00
3.435228336214108946e+00
1.690247847015501348e+00
1.447037500380311814e-01
4.218411209151081906e-03
1.661945247009124355e-02
8.012058170061868712e-01
1.675799003245746072e-02
8.384862201849590732e-03
7.664687783747944572e+00
1.654529668596856684e+00
2.259561666464458048e-04
2.396912092588442879e-05
3.464457679205735596e-04
3.289911242893037158e-02
1.076849728189481992e+00
5.570810721129221932e+00
3.486832491760849084e+00
2.108218293243059982e+00
1.798604305505875356e+00
1.289781304878821755e-01
4.256447858894809450e-02
5.006376495118800701e-02
3.824055078657767615e-02
3.899939007736312468e-02
6.091924197572409251e-03
2.818566045819179133e-02
3.507922502591570346e+00
1.510408099215667654e-01
1.401145267377748580e-05
4.420748510634405527e-07
8.607609438385854317e-04
7.050766670016422877e-02
1.509269204621581872e+00
7.494735534370585484e+00
4.675532461517728500e+00
1.850382653121251941e+00
1.910143209440865464e+00
1.179373139945466553e+00
8.606991529308091193e-01
7.431145745818856785e-01
1.698813709928688812e-02
4.279042289248234350e-04
5.377747399787243671e-03
1.066856278795708324e+00
5.180212594844983087e+00
9.284492346278500063e-02
1.167210237643678431e-04
4.206901806757871186e-06
2.426287890588598589e-02
8.705597851353449323e-01
7.725749086048782077e-01
6.304979062980348159e-01
9.857193986524277474e-01
3.136095133752488384e-01
2.105371089053392486e-01
6.277743542670036758e-01
2.210023325688369178e-01
2.906057854693184228e-01
3.514688747439280447e-02
4.661088092205548398e-04
1.415922994580505294e-02
3.770344074423782388e+00
5.065861037655914778e+00
7.493475936471586385e-01
1.724779405701177409e-02
3.256290085408335903e-04
1.053888879285990159e-03
1.260061364645802436e-02
1.150443694709791936e-01
2.177145573583507410e-01
2.853667734775020004e-01
4.519142075208728015e-01
1.230124117896819053e-01
1.091345681070062489e-02
3.518963229808188924e-03
7.020459512983874273e-01
8.529369948497365073e-01
6.754620210699754544e-04
3.451779846106459940e-03
2.164150702199108878e+00
5.054990397886378162e+00
1.267846450011395343e-01
8.668834675687881993e-04
6.750308068718597113e-05
4.193877970737510858e-06
1.080250116107483701e-04
1.286954635817566805e-01
6.034492980485766100e-01
4.931237568971134216e-02
6.430570789274374366e-02
6.690776350667315686e-02
6.346497513707811088e-03
2.887093059582888400e-03
1.158007778338841831e+00
2.245247025066805069e+00
6.326768374095144594e-03
3.888680411125421815e-02
8.887119348289752807e+00
2.815213887172032248e+00
1.145669626134939020e-03
1.757789639459934371e-06
2.861579905475191947e-06
3.343435915284913578e-05
4.720555624754000680e-03
8.830497778253078023e-01
1.709705326165504580e-01
2.104549738415228619e-02
4.492758393789795385e-02
9.607752943589788208e-02
5.792078884860634158e-01
4.998092106767113574e-01
6.579473931659168828e-01
1.618044841045073401e+00
1.311256208543860824e+00
2.618539275956830448e+00
4.292589460434971471e+00
6.854509517376176919e-02
1.786275003566217861e-05
3.177907087322448582e-07
6.412063803985753303e-06
2.658789791491643004e-04
8.583965097137092465e-03
5.668729191719100620e-03
3.224731951735517323e-04
2.502817616228106973e-02
7.503924618244560696e-01
7.211929557378730926e-02
2.678679372608053777e-01
5.270488990844286459e-01
1.177678397401912547e-01
7.621788993300115944e-01
5.285639315054581289e+00
2.586287042995999208e+00
1.660914861412077226e+00
2.203392791687502211e-02
9.419676880698517351e-06
1.333880831055078609e-06
6.017738896391079326e-05
1.776374761537397214e-05
1.622732884818022176e-04
4.939590525117200750e-05
7.031501352808346589e-06
1.135762238049002398e-03
5.433226591056908306e-02
1.582433715481559866e-02
1.530982439108196334e-02
3.593663612806267255e-02
3.451152257548255609e-01
4.052391184824204906e+00
4.633969110610716591e+00
1.726689949844683936e+00
1.066011818247764920e+00
1.378903060173697348e-02
2.185281886654964799e-05
9.595242891469294260e-06
2.559266585468189807e-04
3.065071971915691068e-06
2.725128183679840382e-04
2.465881019308069529e-03
6.556647242242524300e-04
1.744775108206629045e-03
1.714922214921609650e-02
1.463732182314435859e-01
4.269015847493881632e-01
7.119256298155632878e-01
5.092732613672320774e+00
7.045700414505769338e+00
2.463614661357819369e+00
1.180727771427746986e-01
8.988877867713596656e-04
1.768775036064450462e-05
5.052228186947829929e-06
3.315080181733794117e-05
5.017839102417377814e-04
6.510894456016313179e-05
4.943400917059334598e-02
1.906797731381055572e+00
1.083109087229153777e+00
9.313322355421410625e-01
9.985913634213342549e-01
8.593770698181339984e-01
1.483006545274434096e+00
1.458985914348609025e+00
5.150973147573254529e-01
5.296982082193303354e-01
1.694689679468575905e-01
1.081258484557398147e-04
6.873446456002998210e-08
6.861441258353361731e-08
4.121499706971315384e-06
1.203843117623601682e-04
7.399345960649867911e-04
1.616260291495233425e-02
2.934526209729971580e+00
7.084768171364541622e+00
1.933594344994955305e+00
2.045759027666142593e+00
2.001674500857531847e+00
1.021846715059715027e+00
8.949547561056360179e-01
5.978367869508408039e-02
1.763302439444196538e-03
1.224142024745018126e-02
5.548710402265647976e-03
1.075747322312382212e-06
1.009807189293231598e-08
4.193858698097989625e-07
6.649061548456368755e-05
6.424518935780364811e-04
1.274281397656347242e-03
