8.991107983821841620e-03
1.949273569902725933e+00
5.550700731469181831e-02
1.817257974086242742e-06
4.188057983459224125e-08
1.358940283679753105e-05
4.280956326828118212e-03
2.121548055799203636e-02
3.372367538833105985e-03
6.454573401035677420e-06
1.123942497240937751e-07
1.849240892766869922e-07
1.286686569114198449e-06
1.899516821200107419e-05
1.181599967990318030e-04
1.905830477485845201e-04
2.130562105963593222e-04
2.972996962385425685e-04
1.623204975759924844e-05
6.177504219341150432e-02
1.877036900943955144e+00
3.902934734543685863e-02
6.156403684752434838e-03
8.958026288077031163e-02
8.103686147402382467e-01
1.198164147574110272e+00
7.580966613799533516e-01
1.373503551860986160e-01
2.447114035866882614e-02
3.310679595908569092e-04
8.893142927848355167e-06
1.268601069673468335e-05
1.911143972952052727e-05
1.667048197338756631e-05
3.246717694426346027e-05
1.135548357136571080e-04
8.827856384689458531e-08
1.520585420206937799e-05
2.746436980638807240e-03
7.732098105215044759e-02
8.298190019397436723e-01
6.647971025848720128e-02
5.037923566665996602e-04
9.420645269630276554e-05
9.323270690352262590e-04
1.113036143412481915e-01
1.715514210257541583e+00
5.871196242314901531e-02
1.817284119424442514e-03
1.840400324472668038e-04
7.041312277250122258e-06
1.658803845578397906e-06
4.562660358639634326e-06
3.874109835653418761e-05
4.778223341281288435e-08
4.897624522583607325e-07
7.943449370176991120e-06
5.408677740344137097e-04
1.978396564395303731e-02
4.048564204632830341e-05
3.305435907232160501e-09
6.448348193852731812e-10
1.265794374459879749e-07
9.533250313054758823e-05
7.811182170166316649e-03
2.268146883234115618e-01
9.074587741526933815e-01
8.576335796924728500e-03
8.062036834123580554e-05
2.647284910607856662e-05
1.532381083022941404e-05
3.353933819510223838e-05
3.338444296727987490e-07
1.197485500547010935e-04
2.495412387345806709e-03
8.809811762988889808e-03
8.989927812068800039e-02
1.518131519068651434e-04
3.790254929125269795e-09
6.813165642698604755e-10
2.183054507117988454e-06
6.904652233512927582e-03
1.184254252654359241e-01
1.814711203516411020e+00
2.880050141266433883e+00
5.165252055595197234e-02
2.847278310970241880e-02
2.098738140907196667e-02
3.373716554767411282e-04
5.209770292608317772e-05
1.277116937852387622e-06
4.172190455573450418e-02
1.885641243375037579e+00
1.398192651587920055e-01
5.740434455508556244e-01
1.153603396600662023e-01
1.970311557608996663e-04
7.488076414518771817e-06
7.079264067774818136e-04
8.788164806806884055e-01
1.929168678013337246e+00
8.816922968806642502e-02
4.717086713463995717e-02
3.213721896550363333e-01
6.712020541701936294e-01
4.976862408895691044e-03
1.073578963377642742e-05
7.197393757406043051e-06
2.274730467975053601e-06
2.985755272115944714e-02
9.178246924528719042e-01
9.198753249990346270e-02
4.022472692333091682e-01
1.028299157247899442e+00
7.788689617176967062e-01
1.804885841483696851e-01
1.784802623465204380e-02
4.865983102145263889e-02
6.928339987666300159e-02
2.035576475401429473e-03
5.267068534979171823e-03
1.466951303061985179e+00
4.442829275609492812e-01
3.462727714181534168e-05
6.831492831861695228e-08
6.347486849996128370e-07
3.442149295361041685e-06
1.773325461807624172e-04
2.073854160570644430e-03
4.070898114325882666e-02
1.368676259890226898e+00
1.281699461777886240e-01
5.594849209462742640e-02
9.260783933155964931e-01
7.179850853592171234e-01
3.922181624765702646e-01
6.126422512045840429e-01
1.313901889652545063e-01
3.615588430425774324e-02
3.430694258395988183e-01
2.707847114376873421e+00
1.479355974232971112e-02
8.295005062915726613e-06
3.331797741919180012e-06
1.734743412009098004e-06
3.735531787562571612e-07
3.478832621182536244e-07
1.527348076948580632e-04
4.390529777279669754e-01
6.040390515467215782e-02
6.183969554297534402e-04
5.366882932172994079e-03
2.434167312296125762e-01
6.085860340478698172e-01
3.201506368128468338e-01
1.924650701951985399e+00
8.165707747943146133e-01
4.190923476263434810e-02
9.712937332033336757e-01
1.014121998252846657e+00
8.559925826261947663e-04
2.349926885096016428e-05
3.434673234256554119e-07
1.294377248085624334e-07
3.359168170935405491e-07
1.235021337937825556e-04
7.695545281247012648e-01
7.181295287982799591e-01
1.048704473242546668e-02
2.660095665430703415e-02
3.211981950564206378e-02
3.656141976842514009e-04
6.686633657875816052e-06
4.999687026199433953e-04
3.510027377494490813e-02
4.861809317248754099e-03
8.500587060449392440e-03
4.525501296540771455e-03
3.639671807213842755e-05
7.129434963096712283e-06
3.898420328734032680e-07
5.115721732273840978e-05
5.187992863862547245e-03
5.501802686424937805e-02
1.061121203514604483e+00
3.009704603928038402e-01
1.344927299007428190e-01
1.699319354086205269e+00
5.777888317175993577e-02
2.431231610141892894e-05
6.140134948564924250e-08
1.146055946512177601e-07
3.005736660775719333e-05
6.174399168075968627e-03
7.065229531797397045e-02
1.362325868920372454e-03
4.794574792036115629e-06
1.929067214032240781e-06
1.077645843612357583e-05
5.337796917795728513e-02
5.952258754249805328e+00
1.835417438707979132e+00
1.146740858997683743e+00
5.123672236741593222e-01
1.204483470520476107e+00
1.057980310727311579e+00
3.945903862567870513e-02
1.267442218777282623e-02
1.768342679177675421e-04
1.138969895736136671e-07
2.346476090741426556e-07
3.506708470546791075e-03
7.731281881387636057e-01
7.103784154071219464e-03
4.000440474290635728e-05
7.133915709070979373e-06
4.460248721593449046e-04
9.860524906733890704e-01
2.284043773318737536e+01
1.047425162039461455e+01
3.681730568183006813e+00
4.908695043200447250e-01
6.195076729214151756e-01
6.588516296840557507e-02
1.516518819335825261e-02
8.652621590073550362e-01
2.151378006693515157e-02
2.749211592847091594e-07
5.270690861178568001e-08
1.217257638242295404e-03
2.819152976065088523e-01
2.441113617264871818e-02
1.372619655328241421e-02
1.134688482382234000e-03
1.349753613396697562e-03
9.959967137707633755e-01
1.322634344890337310e+01
6.564516653332065133e+00
1.964871716117438050e+00
8.492486957946332460e-02
1.244937121309156423e-02
6.448154833773360461e-03
2.879641843259622691e-02
6.085002077596282644e-02
7.271720410710478177e-05
4.334222818022263619e-08
1.516117440093434012e-06
8.080488411355743472e-02
1.556890590115544537e+00
1.178373193031471977e-01
8.504103069766875134e-01
4.674658814731687956e-02
4.697183300322035156e-05
2.397758663792453823e-02
1.684655770596558577e+00
5.240454198278973186e-01
9.536268889206601651e-01
2.891745710160150917e+00
6.194549777923436668e-02
2.759231448289098040e-02
9.368460519922773289e-01
8.765734076919044770e-03
3.843678486440607407e-07
2.418483401345606916e-08
3.472152666618959763e-05
9.078826266669093314e-01
2.346055230577755335e+00
1.511786708289859435e-02
1.263096018945297078e-02
2.058667704774982867e-03
6.359455420609561457e-08
8.580808410404262444e-06
1.897953201179735649e-01
2.629919157986788214e+00
1.176537369253337850e+00
1.879075478840286584e+00
9.665072937082214155e-03
5.522566476882908616e-03
9.041842454733223233e-01
6.455554697328705696e-03
2.951932280369647563e-06
1.077625539906325743e-06
3.957904948365522578e-05
6.852757423517519264e-02
1.733001046871726292e+00
1.241987408183175233e-02
1.786268525013467035e-04
3.851682965782361138e-05
3.658052647176783574e-09
2.274919801520185681e-08
3.101823737534834067e-03
9.715037333971580091e-01
5.621357399768280722e-02
3.142604765284515243e-03
5.475144976741210060e-05
7.743424577043809274e-04
1.708305233689235425e-01
2.162501085896325129e-02
8.540029495755344091e-03
4.069907632742275454e-03
2.395967796446592853e-04
2.983716942909212921e-03
7.521756219050275416e-02
3.097118634665802384e-03
4.905433006943450024e-05
2.874539833800170995e-05
7.432534536662872804e-08
2.475835228599695112e-08
2.812335940471942031e-05
4.466478213490015017e-03
1.086625129615833261e-02
2.287521263707060701e-02
1.364242208011988595e-02
2.286499696643173873e-01
4.890602451851172039e-01
1.042964950421059328e-01
1.998864222798359513e+00
8.864164616345797665e-01
3.889541969893632600e-02
2.399080725728930386e-02
8.374856296882538052e-04
6.627511227908843306e-06
3.883199501053506364e-06
6.021155964612601478e-05
2.521563221820459849e-06
1.197703323429536623e-06
2.759181465048371755e-04
1.709754952981821716e-02
8.684387099470700089e-02
7.094909947280959583e-01
1.125513320330383982e+00
2.515178361185875122e+00
5.858182205722723968e-01
1.624143430419931478e-01
6.633543778140285063e-01
2.837169511827911661e-01
9.949931501375426368e-01
8.639419443144273902e-01
1.074264207737606535e-04
4.135146607899636440e-08
2.094522283633958700e-07
5.055468929404733405e-05
8.461522214127815272e-06
2.614499949771081539e-05
3.976372889459416082e-02
8.666379938533758098e-01
5.639599450641057804e-02
8.994848890340095826e-02
2.594964278150316828e-01
2.278828853844591940e-01
6.585183159659258045e-01
7.082874706759069161e-01
1.998256774647800826e-01
1.446047575306985411e-01
5.900580175640620650e-01
3.024819544926886095e-01
2.178635319163173864e-04
8.292282774347843325e-08
8.467178754877174900e-08
1.646031097668359432e-05
9.016898495070226822e-06
1.769010071432574609e-05
4.491048173499346055e-03
1.380032554084699437e-02
6.020686208438690273e-04
1.891678579762359758e-02
4.707536683617959405e-01
3.159976098967665764e-02
7.217301919334621896e-02
2.797685013216685279e-01
7.180417882073242275e-02
3.523263650417525206e-01
8.575995201136710211e-01
4.764872617084281448e-01
9.464252512285817320e-02
1.865769107766571198e-04
1.380254665531996323e-06
6.999544248538414018e-06
9.740938069093323670e-06
4.541186154173810519e-06
1.535164898688589496e-05
4.683903733614873124e-06
1.400045142926072556e-06
7.430179202561328035e-04
3.906918308296576936e-01
5.542785220800464097e-02
4.453167713923548293e-02
6.127769973655359248e-01
1.715514990748792656e-01
3.624246417867935666e-01
1.376686051147926193e+00
4.323080045063664723e-01
8.269578956034008277e-01
3.588787147655729537e-02
4.103985617128482014e-05
7.944550192021139276e-06
1.008610054884545044e-05
1.522907246923557468e-05
1.351469513254023008e-05
1.341218978147805331e-06
7.081677365842532713e-07
2.034111938774821782e-04
7.453013042155738344e-01
8.663199380073389744e-01
2.174214754868380312e-02
2.185282511966400443e-01
7.280771605054241480e-01
9.995870734431250293e-02
1.197377862531914632e-02
3.525304562273714614e-04
6.887802784226788487e-04
2.321887347682345497e-03
8.554210738901956736e-05
1.712334531262573126e-05
1.081953989843385114e-05
7.659059038649453392e-04
5.775348917951441015e-03
7.042239391993296597e-04
2.338699163743655969e-04
1.869579064301630546e-03
1.786789159101337676e-01
2.404295094426079152e-02
7.432020575792002853e-06
2.641511845193513015e-05
9.850390227096630230e-03
2.510553077047643009e-03
1.902448930433081029e-05
5.984597120619395367e-07
2.825189065399869118e-06
7.380843418915385070e-05
7.396220946474072627e-05
5.508074646956817285e-05
2.572629174121491351e-05
3.774690113544635489e-02
2.899029928859370830e+00
1.119984579053156848e+00
8.852267770673513114e-01
1.070447968959372664e+00
8.975595958522889495e-01
5.702047912331559276e-03
4.841845205213635194e-07
2.002556139714261039e-07
6.293296081428162480e-05
1.062014631744383599e-04
4.709172182805094488e-06
1.501906086209770697e-06
9.386118243419927610e-06
9.118369959634958549e-05
1.678434267875042213e-04
2.160056871597053200e-04
