1.005047434105687799e-05
2.301773338918838496e-05
6.648595107508476062e-05
1.719634017364818089e-05
1.410921494769594393e-06
5.234999987184026713e-07
1.460277707881320355e-06
8.294217759207530565e-06
2.380629073540728159e-05
3.907647966200221190e-05
6.574345423682232032e-05
9.659008330557251833e-05
1.005691821779818528e-04
8.023776180176618459e-05
6.108717166056756235e-05
6.127316481617226028e-05
9.543162042252638453e-05
1.944638368400517881e-04
1.351781985729873912e-05
1.081128880824295873e-03
1.774625255648626387e-02
1.640095840741321394e-04
9.732034866278925789e-08
7.852629322526814956e-09
3.337458305255288287e-07
4.077874643201359872e-05
7.031446073901305438e-05
1.318384595030558144e-05
1.327615409788969109e-05
3.974468186819007573e-05
6.516166477994178303e-05
4.853695125923207428e-05
2.864530743576154526e-05
2.517208751288936973e-05
4.398615043608150165e-05
1.191104414720166207e-04
3.071258011418250781e-05
1.801959388168592954e-02
9.339056364719727776e-01
7.468536442362641754e-03
3.508659089165749211e-06
3.168232626465783932e-07
5.997975281241983350e-05
2.532319947353493805e-02
2.267299103471690381e-03
4.200003073004247075e-06
1.118449837944183819e-06
1.218063225342476574e-05
6.217258197579722523e-05
5.741243724998691466e-05
2.694858203063518157e-05
1.864143982179454091e-05
2.980972118314995076e-05
8.596710909683323706e-05
1.351939090544318123e-05
4.586540196845244268e-04
9.096290187897003443e-03
2.138500962151002743e-02
3.637377706342262429e-02
1.514592489584452341e-02
4.280495570677204931e-02
8.738335251136135629e-01
1.184135821570287024e-02
1.398113352558695680e-06
8.641599807955714975e-08
2.385124306936098583e-06
5.375281219949500653e-05
1.013561496711230532e-04
4.892040712471371511e-05
2.567191886191914460e-05
2.934470658031298562e-05
6.875692582796144548e-05
6.827125855004898935e-06
2.504109699200316107e-06
1.535528904227266968e-06
2.054359079911057386e-04
8.735900323520819910e-01
9.346528369131517078e-01
1.121580741525117671e-02
6.168127624402160863e-02
6.490971522430889762e-02
3.334881767983237865e-05
9.865512161359195855e-08
3.482234592103211179e-07
1.507899818801238506e-05
1.101465467019180420e-04
1.038016220644917868e-04
4.887242664151447111e-05
3.499298224138937984e-05
5.662738508560124953e-05
6.239094243536092918e-05
2.067488766407977205e-05
1.953792005653755640e-06
5.847573498757202321e-05
1.846327099095291802e-01
4.117098208315589369e-02
3.422638549264798963e-05
7.871193492472957666e-04
8.448661359803788518e-01
2.567769401250565020e-02
1.690905699668758142e-06
2.689736908774392901e-08
4.031997086685722210e-07
2.137994839424800877e-05
1.155486284544382010e-04
8.371995099563770987e-05
4.313889326271158723e-05
4.874421756433965823e-05
2.739525545108213700e-04
4.658516574546267032e-03
1.544306712997029450e-02
7.023601186420079523e-02
7.291836332746229887e-01
6.576026796381207080e-03
1.386878710994935985e-06
5.704160872781106572e-06
8.795656249452440956e-02
1.016794121562972331e+00
8.838761152740069120e-05
7.221266948877208697e-09
4.700614669047250355e-09
7.811354691061008759e-07
4.035352995849986592e-05
9.240016917785024613e-05
5.355961555026904087e-05
5.028218334523941929e-05
2.039466937383394070e-05
3.716667906912805592e-03
7.629826482632606766e-01
1.118336177994489367e+00
1.159986238960361987e-01
2.383843574206631968e-03
6.063893373722636919e-06
1.135177680570366238e-06
1.143547540819959745e-03
8.980860107824728544e-01
2.919651293289386024e-02
2.550486301326272160e-06
1.490623001731322619e-08
9.347788995264010789e-08
6.401003185300478384e-06
5.962673588890387828e-05
7.135397099436572882e-05
7.227754566735438606e-05
1.205718561496478245e-05
5.512442815090393827e-03
1.543104051050520287e+00
5.719399643801945654e-01
6.714318107590684648e-02
3.403229294064721855e-02
9.972236132275414354e-04
5.386465249909458229e-05
5.838729757134407438e-04
5.541259966141175858e-02
9.572792797432556622e-01
8.417808723242110880e-02
2.455862624927811018e-05
1.070516597673924794e-07
6.202132039703915880e-07
2.204798613669348384e-05
9.736849895736776638e-05
1.356998659172460858e-04
1.320679266883616509e-05
8.709101476669589559e-03
2.176893164913305423e+00
2.542764572427863357e+00
3.103049155797469982e+00
7.098527130942532404e-01
2.698512832240614664e-03
1.189191950525114163e-03
2.249732663388787773e-02
6.539310615079230171e-03
1.785353384332817248e-02
7.937422149672836991e-01
3.220680607482803715e-03
2.436819143885174199e-07
8.597960432637522712e-08
6.614104251984997020e-06
1.161605542208710861e-04
2.560934234923075629e-04
3.098901875018626480e-07
5.123673174180266594e-04
8.577855315753756260e-01
2.737888878347057187e+00
4.315270556943398894e+00
7.056217695248683253e-01
1.637990607725602022e-03
2.943660037166645482e-03
8.523450772584311164e-01
7.512913911465747552e-02
2.117856648267378572e-03
1.759610676907075177e-01
1.076597744167839543e-01
9.354494814385463521e-06
7.488841556085848386e-08
1.495162245964711069e-06
7.166976929437179759e-05
3.422116681235017077e-04
3.689684302788676219e-08
1.862478645869783747e-03
9.260339535121147492e+00
5.786102853309360583e+00
3.417206467972923711e+00
2.749743158002103893e+00
1.087347340501038928e-01
2.033368088444092656e-02
2.122846614192179238e-01
6.555572321553192472e-01
3.497798712025304013e-01
3.643187303018974088e+00
4.852021403083941031e+00
3.915291838458876761e-04
2.673942877315525591e-08
4.976510777067100829e-08
1.037331473361450995e-05
2.386427084108449690e-04
5.782192207657986644e-08
3.458331362063576941e-02
5.153571326359277549e+01
1.647885842080688690e+01
1.138717916345538406e+01
5.266617984694139665e+00
4.063477365366392036e+00
7.446836632901365771e-01
5.763767884057632157e-02
1.839007623234920064e-01
3.595746424990503787e+00
9.364860801361425402e+00
7.181009186756608820e+00
2.445590951231988233e-03
1.563187192342703325e-08
2.907265506345934697e-09
1.222118670458864515e-06
1.117025453707008790e-04
1.165194887408936402e-07
4.947931793885060325e-02
2.536051680087556903e+01
7.891644556757490214e+00
4.892909521812849327e+00
1.473433192565890115e+00
1.342912389633000636e+00
6.934681113368517114e-01
3.964930124089377506e-01
5.878829480235016058e-01
2.690572553289349855e+00
4.286872960314079606e+00
7.405899832639899039e+00
1.677799466516949056e-01
9.373431176248640933e-06
1.071964501563256019e-07
2.097129067461678580e-06
7.730263531085096440e-05
1.916744719282958068e-08
4.953140777179430377e-04
1.216763049517761708e+00
5.524365207641072750e+00
5.863240993430394177e+00
1.944556941777396020e+00
3.241620566315132901e-02
4.461644817060895466e-04
1.624589390174297973e-02
6.489134095610151753e-01
1.186454321034201564e+00
1.720600629538972193e+00
1.540483755435428259e+00
7.997235780276938932e-01
1.041595985938905018e-02
6.617084893497631045e-05
2.215253890872596757e-05
8.707766398711882063e-05
1.728110473829857451e-08
2.900959202722131771e-04
1.103699107658316247e+00
6.285146448311183853e+00
5.043557060046846452e+00
3.036651073695898262e+00
5.776221397367778398e-02
7.245078001915184818e-05
1.214803347347509239e-03
3.422087125130694463e-01
9.469798731154369653e-01
3.063309216080665198e+00
8.088806018842421564e-01
4.940630998700448751e-02
3.887252627277934785e-03
1.886413405903244426e-04
4.696031918682643555e-05
8.784602077769110349e-05
3.076758312631981415e-08
1.000820578730757249e-02
3.760614414363606883e+00
1.482736532120012996e+00
1.494216983785110919e+00
6.678044246729095690e-01
9.230963824847336907e-01
3.389037960605299771e-02
3.147307266452033236e-02
1.614078314957812621e+00
1.113745796503059271e+00
8.794087799275651651e-01
6.434041936882611834e-02
1.959555694214559405e-04
9.903494029815320424e-06
9.573008279551169144e-06
2.475944739632829900e-05
8.228644854712156918e-05
5.571395624271025438e-09
1.734674137998392165e-02
2.034048573570543361e+00
2.904496845247978021e-01
1.392116209047346898e+00
2.405562981956445856e-01
6.243507450484634402e-01
1.259576620323145102e-01
5.073867624655853219e-03
5.727026142444097134e-02
1.479870693495110856e-01
1.732851571778718305e-02
1.184207051310948248e-04
5.674936620175337449e-07
2.634505436706085353e-07
2.915409462092757187e-06
2.613864453861922970e-05
9.625472372979641952e-05
5.761550306425233168e-07
1.852243000400709272e-01
1.587569987128399029e+00
3.354500135709354014e-02
2.549394878056913116e-01
1.168548127428072209e-01
3.107960525932496748e-02
1.376253503664778659e-02
6.107539584539929851e-03
1.004740424466885190e-01
7.675128610136559004e-01
2.101169930384390316e-02
1.703761806040002573e-05
3.083154856670329708e-07
9.022720421127165152e-07
1.144774047675230118e-05
5.285275349944077464e-05
1.132217389355047503e-04
6.631416501040546946e-04
8.111250624693249200e-01
1.330952685650893530e+00
8.224532121295996534e-02
7.675791874407641435e-01
8.779546896582567372e-01
1.303065751494533742e-02
1.286095931496372170e-02
8.752483149433897269e-01
1.997155730057258216e+00
7.679164768950449971e-02
6.305253430414719086e-04
8.287024003536167153e-06
3.034742974814784885e-06
1.390460691991401889e-05
5.064009635554890223e-05
7.662884905064917666e-05
1.028742809905539089e-04
3.156664154127337084e-04
5.986554167542083166e-02
2.873919069854143693e+00
8.210397811582318406e-01
2.377765493410990139e-01
9.460022918757711174e-01
1.055798663465595533e-01
1.068521841517549274e-02
2.988023496145592039e-02
1.113692153093846521e-03
1.857828729491821583e-06
1.698182682049955904e-07
8.868604421045022700e-07
1.210817173950172942e-05
5.986579611253821468e-05
7.839739584949755112e-05
6.477044111549304188e-05
7.836625496503256806e-05
1.874256662321294577e-04
5.618358395730783245e-02
1.044511722805474552e+00
4.461877762284904847e-03
2.705151647737218421e-05
7.592681263878536639e-03
8.820602168455865533e-01
1.137866165093787303e-02
3.198968371681478080e-05
2.752365492699420914e-07
1.209813268579643983e-08
3.906416445520967804e-08
1.816480145194787264e-06
3.240251696251029469e-05
7.496046526521574574e-05
5.714405755593490591e-05
4.470505899123313560e-05
6.383169021291402350e-05
1.373030224290022402e-02
8.865577360836135457e-01
2.510764713168482307e-02
1.563774246493374169e-06
1.795434455504717451e-08
2.910599906168369997e-05
3.364265110784876722e-02
1.478393030180943837e-03
3.502421898443703540e-06
2.822638747303736522e-07
4.103189758718807895e-07
2.971043139952392317e-06
2.549714843169050574e-05
6.526768244981181457e-05
5.440933795381839991e-05
3.634616308936131849e-05
3.651144485610751392e-05
6.555130156413783396e-05
5.191419605110839976e-03
2.854693835693640144e-02
1.528109240763468233e-04
1.101784041766467413e-07
1.664424712951005981e-08
1.018020360855141371e-06
4.034973588422180007e-05
2.255556528131869894e-05
5.237799479624649079e-06
7.682326619260162161e-06
2.794822878764768528e-05
7.981389433162789520e-05
1.151767931629611285e-04
7.970952601231465716e-05
4.392909474911194345e-05
3.456549719401586266e-05
4.559773096114877759e-05
9.017529810224720200e-05
2.502399543084097346e-05
2.441742279382834251e-05
3.585252342566697995e-06
6.660527233322109703e-07
8.482519977418117949e-07
2.610193497439343743e-06
5.614967987255149666e-06
9.540945916397552910e-06
2.473006730525934970e-05
8.275580214948592987e-05
1.919514184727710761e-04
2.464230594434131997e-04
1.870580223989771877e-04
1.031176369502464346e-04
6.367003831119794229e-05
6.188983900589854596e-05
9.010069918451689159e-05
1.595981275775646682e-04
