1.980945459567359443e-02
8.857053897202281645e-01
2.095065782686110101e+00
2.904151218396016088e+00
2.113889019235305061e-02
6.767826847676222299e-05
7.096258575231574866e-04
2.459134662546416314e-02
6.708001791477079950e-04
1.486621605872073068e-05
1.872537105228913546e-05
1.002737292392838882e-05
5.100705480711919870e-06
4.070622465337200878e-05
3.870118133879299656e-04
4.035746526672331609e-04
1.511671846688572845e-04
1.285924359718246322e-04
6.596373914623391774e-03
1.109310475641712257e+00
1.038151272299736805e+00
2.156274717816092368e-02
6.971512797563267404e-05
3.298933448000907083e-05
1.508733375397128609e-02
8.905112243074477796e-01
4.032858270920710447e-02
5.265385055832410774e-03
1.345462803232021914e-02
1.833559051021148474e-04
4.756588132730699700e-07
7.420461702241671975e-07
3.586521261415700297e-05
1.970161391919924036e-04
1.383508442969261026e-04
1.279923577062893161e-04
1.266575265900373760e-02
8.653599358073978953e-01
8.289040980081040511e-01
1.866570936126046160e-02
8.580435978448956160e-04
1.128905661628869239e-02
7.757048604259830782e-02
4.057560648943072008e-03
2.706083624465858550e-04
6.949477869366064292e-03
1.903572302123444970e+00
5.374534704874116969e-02
1.777295598481835148e-06
4.280445810524991628e-08
1.683763312704273995e-06
5.654867082324852040e-05
1.906019531154638726e-04
3.285399734157790053e-04
3.911653711645931598e-04
1.494429754959326895e-02
4.007655490878444526e-01
7.964726105849468940e-01
2.941791075594945015e-01
6.711902320533027488e-01
2.791261884835960494e-02
7.538962241442096863e-06
2.170916143517090425e-07
1.260140882224955050e-05
7.573676759888643695e-02
1.947896261160904752e+00
8.899529954098479249e-04
7.854100925863800573e-07
8.520876466436037305e-07
8.984026420013196346e-06
7.754805601418994661e-05
4.963251347454046558e-04
4.168337047620871886e-05
2.257620192420718708e-02
1.745885755087307922e+00
3.892327030181138348e+00
8.772213586584999279e-01
2.115209032552034241e-01
4.273961459586337469e-02
3.609869645674288483e-04
2.703452835264777483e-05
1.497491248271368936e-05
5.061869758673436881e-04
9.146450746552964306e-01
1.101785934630832964e+00
5.529638257929605540e-03
6.832063304649551010e-05
2.253228659831761545e-06
2.132196336240984624e-06
5.592687787404906842e-05
3.222944871796056725e-06
1.891469512460842647e-02
9.060694520786823913e-01
1.549263348134496843e+00
1.730098890316512206e+00
3.210670000294923998e-01
5.385611038118945926e-01
2.912336809284636341e-01
7.898747030552345505e-01
1.187373903758416199e-01
1.659531845628169598e-03
3.632693591389483945e-02
9.139272136271049396e-01
9.141451144936290074e-01
3.431168763875212802e-02
5.503026886576979353e-06
2.608994435165652710e-08
6.301897303100627965e-07
8.552948933119488331e-08
7.163105617942741588e-03
2.044543764509374473e+00
2.901121164239417904e+00
1.645971891412548072e+00
5.230638215296491700e-02
2.620951176901134203e-02
6.890236284341062084e-03
6.523312837888775584e-02
8.377041984615527515e-01
6.386547410397927504e-02
3.358375885556690033e-02
1.731926616150274156e-02
1.150025020256801173e-01
9.888191545519728898e-01
7.571493170032214540e-04
1.405495408589339953e-07
1.826696498863607444e-07
1.673647814481900303e-07
6.041886627982039765e-02
4.930220811812725756e+00
7.125586807914831011e-01
6.400838964150634691e-01
5.255002672934456359e-02
1.971166903465488077e-02
4.591429194637319344e-04
4.662270786225869228e-05
1.284867155686476164e-03
5.423969898144043178e-02
7.445640797736921002e-01
1.149205148023407508e-01
4.883877906687354026e-02
6.539402397513622844e-01
1.978591150830318890e-01
7.674013710299582968e-04
2.350151846854934732e-05
1.633164025372470652e-07
1.418342354522305650e-02
1.700104819369054221e+00
1.159141120092498811e+00
2.656721619644061061e+00
3.199292093417463456e-01
4.851599877923305493e-01
2.175917068483410877e-01
1.064280067668836247e-02
1.363492510929277014e-02
1.571945621603471621e-01
1.070812054071837105e+00
1.011237222664435276e+00
7.227830691133034779e-01
6.992658556667072922e-01
5.621864980502573328e-01
2.298820229794282244e-02
2.264125051747425054e-04
1.231605835895858323e-09
1.685664336541830232e-05
1.647935733880031839e-01
1.996416353296016855e+00
8.585256100778477784e-01
1.333351538459728869e-01
4.976846613597262770e-01
2.782912255430556758e+00
1.886825748679394010e+00
9.758563473318643267e-01
6.881692361650919576e-01
2.924149436721729459e-02
2.836115650252000412e-03
1.189431292541665297e-01
3.485017915945403555e+00
3.440577216816769202e-01
7.139052345379171124e-04
9.526943810098552812e-06
1.603486695296634074e-09
1.589897090093514179e-05
1.078869446013699107e-01
4.831562055744792472e-01
8.373625376483478933e-01
1.501799764885658917e+00
5.150478107051678078e-01
2.132577592101617125e-01
1.380282309337396707e-01
7.844694765659664115e-02
3.162310148845594027e-01
5.010177228727281246e-03
1.620717080177688790e-06
1.949444961700520413e-05
1.872194696017559501e-01
8.654813570663535405e-01
1.093398439647972741e-03
8.497934025303542367e-06
5.276229197972249315e-06
8.553095189180794089e-02
8.564197443621701211e+00
1.029583819452329685e+00
1.678975226096417250e+00
1.655231286736524865e+00
2.092485268720850611e-01
2.360666469794841515e-01
4.497221660752180328e-01
2.668318954442503443e-01
4.622988038667250610e-01
4.235754570161592847e-03
5.735640445441805662e-07
1.574362618501935252e-06
2.695603509318741930e-02
9.341539342721962846e-01
3.528950560196154537e-03
2.689956647470596730e-05
3.323975147856759560e-04
1.932473969156373927e+00
7.131809787683319257e+01
3.140827328253025463e+00
1.969199880197349373e+00
4.880969977824502593e+00
2.685123587641255138e+00
7.591559723265672854e-01
3.598481296308826960e-01
1.888658904179681519e+00
4.765055193971364234e-01
2.258079052290657936e-04
1.802101295054432041e-06
2.782980873750348443e-04
8.993514720588008382e-01
1.140192955187665280e+00
1.389577549692956430e-03
1.686246260674339423e-05
2.340508233438103294e-05
4.047818259078850983e-02
1.679649419915116226e+01
1.806244560725367432e+00
2.291532399210963744e-01
7.761334768507440751e-01
1.270578061658530489e+00
1.722541978084682901e-01
1.621774900891486196e-02
7.193308838358360990e-01
7.600714814060910429e-01
1.620681478915937136e-04
8.669140179491183280e-06
2.933766415853083717e-03
1.027559234720813119e+00
8.989578470364278928e-01
5.663656429163792597e-03
1.055062826010757084e-04
2.748301783616106165e-06
7.029035889280357352e-04
1.013787639627922871e-01
7.302941283016289517e-03
2.472934419765486242e-03
2.726836706831537241e-02
1.469949486504943392e-01
5.489055498110065878e-01
1.089858669525150259e-01
2.842839766733576967e-01
8.658209575148549664e-02
2.515175967338237968e-04
4.565575309029210310e-04
2.654488305989660679e-02
3.699491224039089254e-02
1.190089964468427075e-02
2.719248301975866252e-03
4.745193617549300631e-04
2.138476316638004697e-05
2.339558398655646083e-03
3.811628022207639438e-02
1.227431285584236129e-03
7.069656563727330124e-03
8.567544244055979030e-01
1.240770717924483124e-01
1.935665923869937452e-02
1.139934648872877043e-01
1.688691556035241126e+00
3.423923975231599887e-02
1.267172847827854475e-04
9.828609460491534097e-03
9.065487140904583407e-01
9.969828526968683990e-03
6.821742380155598349e-05
5.201731146290603078e-05
1.700634716254414470e-04
1.439398989629932571e-05
2.169932692659976535e-03
7.442268633754665075e-01
1.476923259514128506e-01
9.037743141164371330e-02
8.309820311839938300e-01
4.524780352894318316e-04
9.778710396399392062e-08
8.329640777292687841e-06
5.546576071890316206e-02
4.863495701959710642e-03
6.984852596058710628e-06
2.090168287634364781e-04
3.001797214934465510e-02
8.623037716691203409e-04
6.084467600335087224e-06
7.182865759570837809e-06
8.529370464684370720e-05
1.290472787673894158e-06
1.027874976639834453e-04
3.993847909526511142e-01
5.716602930932767057e-01
5.634221808941762555e-02
2.531583206916303563e-01
1.580286746535483850e-04
9.613347226840196907e-10
1.598276354251317982e-09
3.623312696360838150e-06
3.156938913773178687e-06
3.651633946945311490e-08
5.392943908091815298e-07
1.775149165013024033e-04
1.404056341833304653e-04
7.689797370669948043e-06
1.110674072737780966e-05
1.159968855645603000e-04
1.654309846147467841e-05
2.826390353216885667e-03
1.717959730816396968e+00
3.534142091196193491e-01
2.771865996384622471e-02
6.073592301475092547e-01
1.520540047790050302e-02
2.648277224556105700e-07
4.893640173972169072e-09
1.199815266288516560e-07
3.027420125335114467e-07
1.105113669163162126e-07
8.031165382174199386e-06
5.289787891908131340e-03
3.674058859406176443e-03
5.379916326769524601e-05
2.410792877284917828e-05
1.596261108681362923e-04
3.143151457984526449e-05
5.110216971346283679e-03
1.048556466433422374e+00
7.480065035501584081e-01
1.007723732788235876e-01
2.054947392440438503e-01
6.680368675285143498e-02
1.549623022325775587e-04
1.474182592736336926e-06
4.552692150538851182e-06
1.077421969001183475e-04
1.405810156379168471e-03
6.879761197825640107e-02
9.107006738111432798e-01
1.788380550205962566e-02
6.160032537875004591e-05
2.504944376438581014e-05
1.873321341152400332e-04
5.713511962295118558e-06
6.582360359602948321e-04
1.145186359056678815e-01
1.148427712700623049e+00
1.774957727695278376e+00
1.059007803930939629e+00
8.380496798867270725e-01
2.427274805856346335e-02
8.678344382538142059e-05
5.940237430255505390e-05
8.754454231330421887e-03
9.668282599134979671e-01
1.954762974610432913e+00
4.508914402169204860e-02
1.193026368399954150e-04
5.208499874219281106e-06
1.865186423979735665e-05
2.169751499201207805e-04
3.165197599663957859e-05
2.577108774320363213e-02
7.749786198110497626e-01
6.987423167135999036e-02
1.293501693869244379e-02
1.500347345792226936e-02
3.277201017630840957e-02
4.687510421984147913e-03
4.912483538269127119e-05
1.317877411525170786e-05
4.153627098833179935e-04
1.670784718724497436e-02
6.204788138977489383e-03
4.396399121786844443e-05
1.196349824677521100e-06
2.076433680289385763e-06
2.928247551004677221e-05
2.380225245835347928e-04
2.570680865815918030e-05
9.640913515994251753e-03
5.812163579327784407e-02
1.209475023715645336e-04
5.347983785722587317e-07
2.423603734176375728e-07
1.906778467962904754e-06
2.094520785268355126e-05
2.559476351224238856e-05
5.666779320048313965e-06
4.091306731226471271e-06
1.577313996578422190e-05
1.826779154952602480e-05
4.026978736877386895e-06
2.814356210439335952e-06
1.342201862291484512e-05
7.469224857487823316e-05
2.172978164680666074e-04
6.635644956744955807e-06
2.163114164708755097e-04
4.144745718355193932e-03
1.837216419994765822e-04
6.022525285955425073e-07
2.676872130145953556e-08
1.774753144436476081e-07
7.189688746102253399e-05
2.868588687718352358e-03
1.849285679128662315e-04
3.623335929874311108e-06
2.852710745870079584e-06
1.261150120552428661e-05
2.988393457620087422e-05
5.344752042377991528e-05
9.845855134541859136e-05
1.417706588181895302e-04
2.104186147450953000e-04
9.623370014675796508e-05
4.939751470461098935e-03
9.831299650675714430e-01
9.884062494612082528e-01
3.162821383307515624e-03
1.288457489187790807e-05
2.151060394633686252e-05
1.503256712027312321e-02
9.620992706896728253e-01
1.686422701329887142e-02
5.540036913913115271e-05
2.081239595893368775e-05
1.048372362474941146e-04
2.930250447910092608e-04
3.424661901262518026e-04
2.894870749609838737e-04
2.554283051810424731e-04
3.287004513204159020e-04
