3.877887134537892736e-05
9.412384803163438562e-02
4.810071869342042561e+00
2.253840141890780302e+00
8.689216445498484376e-01
2.753924193785780433e-02
1.553620217926332710e-04
9.392145314443208387e-06
1.634328660569991294e-05
2.894590027586524115e-05
2.814863385883607398e-06
5.963804972312942050e-07
4.631880513972033414e-06
7.852880609909112760e-05
2.934405866899051090e-04
3.799374481568222042e-04
4.531476094934168810e-04
8.572026666453161489e-04
6.471448740122651838e-03
9.099307975361290435e-01
3.109548406154312161e+00
7.433980269235939131e-01
4.045176589230192049e-02
5.352572435284391750e-03
2.089126609215487696e-03
6.603380586696983370e-04
6.037040198249713115e-03
3.561533755430135867e-02
1.815832159961451499e-04
3.136448541786598687e-07
1.860390271507534229e-07
1.966739732507095625e-06
1.101189743859757391e-05
3.678913130621565259e-05
1.156117646301194085e-04
4.531185004093178452e-04
1.625600147157747061e-02
9.657073444891066671e-01
2.184699468875474171e+00
1.336087082306149088e-01
6.160845199210930601e-03
1.500782483307689930e-01
9.020311617189656905e-01
1.648336468102019545e-02
3.478712452749863071e-02
8.115965656748937995e-01
6.558457199766894175e-02
2.224406495705642665e-04
7.381167723904710456e-06
1.401304009279317656e-06
1.157929314461760639e-06
4.337844310798154284e-06
1.861085188146898459e-05
1.387770645696214354e-04
3.700019026097799786e-05
1.371269855814227605e-02
2.691432940562308307e+00
8.592592425402567624e-01
2.587242823037808406e-02
7.075183181427628920e-01
2.047258603598640647e+00
1.327761256854382080e-02
1.055982123564895570e-02
1.457187695795166549e-01
9.922776389531732244e-01
9.736011372570423372e-01
3.716353750238758635e-02
1.654927159289071347e-04
2.843429816680856763e-05
2.881038519204239312e-05
4.499765539346220617e-06
1.005249050047140406e-05
6.339338272149897189e-08
1.076863431321520309e-04
4.620512807653697207e-01
4.905505408172462722e+00
3.090067338235847338e-01
1.938103726678085392e-01
9.249636435188163253e-01
3.337296300577330399e-01
4.527320844102626918e-01
4.960202208680692948e-01
4.581633084944148337e-01
2.307728598290056610e+00
1.767219330432384661e+00
3.026134181950360102e-02
3.546474732769570176e-02
6.767658598850551793e-03
2.024542279159813945e-06
2.203176297619133148e-07
1.908035481639766258e-07
1.227125206673239854e-03
4.469202761165015358e-01
3.327965517442066812e+00
2.213512018599424369e+00
2.326424862537802007e-01
5.606750249257287377e-01
1.346506873147316208e-01
7.171036313892216463e-02
8.187436299224817304e-01
2.600256434540611505e-01
1.491946865630481289e-01
1.789516194448552699e+00
4.397017954282960717e-01
6.335358277419521622e-01
5.880802322113419522e-02
2.347086462294694368e-06
3.914482979989314759e-08
7.249975551726074415e-05
1.386754324120619275e-01
2.237625364215798107e-01
9.733793671654318580e-02
1.303022808348936357e+00
4.151380006786067889e-01
1.499225422904778247e-02
1.787544186099613002e-05
1.142922233201421056e-05
1.497727712076159234e-01
6.377654651285250553e-01
2.288989040469198086e-02
8.565319851628003800e-01
8.863253942004248875e-01
1.179543015731856909e-01
8.855375358048304946e-02
3.107844194657107938e-04
1.893635621633617390e-06
1.975198775848390799e-03
8.443554959132678617e-01
7.054689665827589273e-01
1.767953689949163243e-01
1.421640676800857372e+00
5.839342712250867873e-01
8.302553469898285923e-03
8.270421614285671492e-06
2.284626127355745751e-05
9.147380672345399866e-01
1.275083312215021802e+00
5.984829725549769240e-03
3.435300693168173436e-01
1.781412879872648736e+00
2.100208595867261718e-01
7.256182929767589496e-01
2.836772274914588221e-02
6.319578947830679189e-05
1.026362848738142874e-04
8.947088481563834905e-02
3.484568934785042593e+00
3.401583305337694263e+00
1.062364412414263937e+00
1.239290812033325279e-01
1.248355800153432421e-01
1.157326899430140450e-02
5.245493269152341417e-03
1.025664171740873432e+00
7.344240054076420776e-01
3.528241560716350450e-02
6.371363361876113407e-01
3.167566598057454552e+00
1.913758036449139333e+00
1.415130429267162648e-01
8.353212053695583620e-05
8.854647312396537831e-07
6.873978864217272577e-06
1.080840195386163077e-02
2.283361936412199089e+00
8.027545089070709849e+00
3.368323129924962966e+00
3.995181440723915012e-01
5.520506819626835870e-01
1.147222715434438947e-02
8.088538793742420466e-05
1.975327611861294515e-03
1.151867099092568070e-01
1.901756771618110520e-01
5.221226634902357416e-02
9.141144610549375993e-02
1.858529995639130572e+00
2.260041094223255893e-03
7.921493394326067456e-09
1.601257178843981346e-09
2.363676969304351173e-05
3.254099854226027294e-02
1.565759061825319431e+00
2.138306973075409179e+00
4.498195750499365708e+00
2.634664507622282326e+00
4.979752762017541357e-01
6.347055488804915699e-04
8.958831636395188811e-06
2.562977392981419245e-03
1.025667640065847319e+00
7.108625076378216612e-01
3.502686242522215065e-03
2.858135686821148495e-03
1.051053228231892733e+00
1.230788619049820540e-03
1.140186829866002233e-09
6.030424630807203677e-10
1.288306601454443021e-04
8.926612081084230876e-01
2.967380448803469051e+01
6.567822843119829557e+00
7.784702971960722806e+00
5.222740217254733253e+00
1.418885488001906170e+00
6.750452504788545527e-02
5.857995169488713905e-02
9.518841999179413760e-01
8.905191072929300455e-01
2.345983929995363593e-01
1.227165306972532489e-02
1.046160391779044942e-02
2.875050817110621715e+00
8.209875354404713721e-02
9.546216009511465726e-07
9.388946033345913880e-08
2.680700199956417796e-04
3.233488984817439960e+00
2.119036199040422730e+02
3.504538404655492201e+01
1.850107747824807092e+01
8.394360132561827115e+00
2.251568386714660974e+00
1.077507820458029730e+00
1.814572632142943398e+00
1.128008830267417661e-01
6.081226941366484236e-03
1.301117684186862689e-01
6.330688846309691087e-01
3.307779137503542577e-01
7.881977112077739989e+00
3.982457438556080032e+00
2.876484007035398638e-03
5.600008393427847878e-05
4.032863757492965735e-04
8.145929039984265430e-01
4.004396672250943112e+01
1.198602276471469708e+01
5.536034343605185093e+00
4.524556681637832867e+00
7.673544896298716278e-01
4.579614839175087659e-02
6.986564092999915723e-03
1.644694480416289580e-04
8.371336939086140502e-04
7.806941468746816382e-01
1.310081458197349447e+00
6.482661093292185761e-01
5.263949021355010416e+00
9.094090020197671542e-01
2.988060668827684490e-03
1.046645255981786676e-04
1.685008544002705884e-05
6.659951645280266785e-02
4.219726501934981222e+00
1.674293731221579762e+00
7.381407607707010099e-01
3.185609236808235045e-01
1.231525936518723663e-01
3.928842223529178251e-02
1.004518365075395339e-02
3.607475096168401762e-04
8.304598708377812846e-03
1.098752203382355352e+00
3.936365644472037545e-02
5.720762175243706421e-02
1.807109920418499938e+00
1.051720389873348621e-01
1.556306249642419506e-04
4.648660563747688100e-06
6.770790250118995247e-07
1.913259833854621256e-02
3.529943393304137533e+00
5.672998924526829967e+00
6.869753615493658927e+00
1.219653132667797513e+00
6.249756884965327330e-01
1.203474156769687164e+00
7.738552350143810266e-01
5.150422859565412237e-02
2.130686380967824478e-01
5.988701846917503513e-01
1.358840586494569624e-02
9.276441340563894300e-02
3.047065854611180846e+00
9.692782809108789754e-01
3.301267822226179594e-03
6.825631741723091881e-06
9.236156082215903605e-05
1.586157942519998143e-01
5.086645720849616303e+00
7.945683619324705127e+00
4.643035222204434653e-01
1.362955588424388971e-02
1.837260274336629043e-02
3.766158664093446212e-02
1.441244978337140499e-02
2.633795204970231299e-02
6.535932500165796410e-01
4.971211395506641151e-01
8.671613570312577957e-02
1.667021466142939445e+00
2.219732968619362090e+00
8.367222996423435699e-01
4.771983049910950153e-02
6.520422088910111263e-05
4.079129223030073664e-02
6.484511964504959813e-01
2.207425442019526507e+00
3.560760218486263451e+00
5.739834892748211376e-02
2.067003299337922487e-03
4.962066696088885537e-03
1.620618013724853257e-02
7.939604335456207362e-03
7.273690050834158427e-02
1.371436687258984266e+00
3.431151805952039058e-01
2.177142714581452310e-01
2.938946759069206216e+00
6.224159501983956427e-02
8.745088544616321695e-04
5.081395590871227433e-04
5.540719222214110414e-05
2.413187742564052145e-03
1.029442883695372568e-01
1.339374003779473021e+00
9.158046525990765074e-01
2.529490647747671961e-01
4.552582807448734559e-01
5.131290476445073967e-01
1.386350762525318858e+00
1.535716571277423892e+00
1.312124555650850954e+00
2.200589765446039070e-01
2.638694933486634975e-02
1.869207813599541579e-01
4.916924376859507007e+00
2.280676895316964894e-02
9.767022931068724127e-06
4.643125345751759100e-06
2.959822868706726563e-05
1.763360987564720428e-06
4.049187962084191926e-03
2.450465337324544635e+00
1.051900526689791615e+00
3.249009235462827494e-01
7.386227118676118586e-01
3.868247222449940348e-01
7.653564702391776331e-01
1.203998263779448630e+00
1.354073550079487320e-01
1.917691649433928697e-02
1.006227548547267564e-01
7.912851417083466288e-01
9.523697809955514737e-01
7.217289222017542367e-03
1.059675358930980485e-05
4.842198801645812839e-06
7.501544260960251907e-05
5.645637451907275472e-08
4.359125227945979736e-04
1.493834918242721077e+00
5.012731929319492963e+00
1.484992182433710006e+00
5.280403522350777257e-01
3.715113054378691437e-01
4.972801893283931851e-01
5.896500732339752249e-01
4.085603471480962756e-02
2.259586865148880547e-02
1.604812793588211273e+00
1.380015456735890877e+00
9.186411309374869702e-03
7.239417515493685822e-05
6.236647491353877808e-06
1.827835570509524454e-05
2.344853084096241080e-04
3.521107024062044859e-06
3.040940452859297247e-02
1.551401856534460721e+00
1.781428649100572914e-01
3.338389909076305839e-02
1.598819730526316110e-02
1.195821190743668293e-02
4.311541955251898747e-03
1.497037534149015664e-02
5.518943618066577544e-02
4.822973809524406380e-02
2.836312052192159205e-01
7.094176317021415601e-01
1.477534272671147779e-02
5.235871131143780664e-05
7.324191542787487513e-06
3.707866723463151213e-05
3.382222182597030644e-04
1.138993335917268647e-03
1.040094580748804232e+00
1.152193186313394263e-01
1.582429948504961636e-03
3.569251861240901359e-03
1.366452298887328286e-03
1.424048503651436986e-05
2.587615181078358404e-07
7.270787426351083972e-06
4.499245669771304024e-02
7.752053460106598237e-01
3.669825644181648472e-02
2.751435929887722023e-02
1.447821724375318760e-02
2.046785025715600460e-04
2.118383661418902513e-05
5.918402492923708160e-05
3.281109339562753827e-04
1.314883285449306924e-02
9.147558927514778393e-01
3.613192533154079011e-02
2.288126586384478522e-02
8.890673334778866899e-01
2.069472424509446670e-02
2.149465474100168670e-06
7.645000221181719855e-09
1.397390008494717716e-07
1.455014579005641092e-03
5.220407658507479620e-02
3.029123584032861779e-04
1.953549007402238769e-05
5.139873985784316769e-05
4.062136952347657215e-05
3.843705608848948927e-05
1.096534387723551888e-04
3.890341815104743101e-04
1.270972584889718503e-02
2.006751583308711950e+00
1.990600415269692336e+00
1.971933689114114374e+00
1.050887633842739977e+00
2.130550903558742735e-03
2.023043123451042703e-06
1.268703773972750901e-07
3.345864571923311582e-07
7.717098489709315668e-06
1.757139306396135863e-05
1.076267919803269041e-06
4.505695473947690639e-07
4.175049315700426053e-06
3.632445314663183085e-05
1.417790208869426194e-04
3.521280795801965996e-04
7.765803403397748307e-04
