1.006518999655785506e-04
1.807743148764762511e-02
9.550136492500183039e-01
1.509145749348011351e-02
2.708840082445171604e-05
1.237504220097918774e-05
7.897143821840327477e-04
5.257980293342240374e-02
1.758032885728739655e-02
2.858174262718696815e-05
7.534400865350425454e-07
1.542827872944142569e-05
1.274024819678969188e-04
2.452618044649490644e-05
2.308609698152326803e-05
1.134938773546807333e-04
2.813437425982572796e-04
7.570329529070804302e-04
1.930815745207679654e-05
9.171783176188982433e-04
7.817433566881299215e-03
5.200452541700069126e-05
4.722403187580771642e-07
5.957235287673729268e-06
5.685734263737396953e-03
9.168660560670476301e-01
1.830856342453524910e+00
1.056515645620370175e-01
4.547276149241335705e-03
5.410131092782239672e-03
1.302463872227668795e-03
9.880706411550174763e-06
5.520842539286960344e-06
3.245249640680434124e-05
2.921541291210458070e-05
8.342463298432448073e-05
5.031803004439228908e-05
5.212821678643427339e-03
3.633280431658138937e-02
1.333363556714534288e-04
5.412907645889464191e-07
5.908882014385426310e-07
4.538255315957599918e-05
8.827857704200104197e-03
4.077433581913422200e-01
3.641579328789568137e+00
2.178242250251792633e+00
8.102491697068577858e-01
6.816757274146051371e-02
6.349143948885619402e-04
8.999628251904731634e-04
9.374947800824066360e-04
1.456542613852922372e-05
9.837154115708776964e-06
2.108462291751856513e-05
9.852830863385418636e-03
8.430252125509697381e-01
5.936104909846765670e-02
7.499140939616231669e-04
2.154911246008018856e-05
4.338167851822523141e-05
2.317296896726650512e-02
6.242607255695240553e-01
3.834722757969111773e-01
6.311820975644675258e-01
2.550427003337214060e+00
1.621403159047994258e+00
2.222558490465069148e-01
8.846324678387167406e-01
4.992834271123026968e-02
1.567987002218509734e-05
3.204339637751364883e-06
3.144067623608688115e-06
3.879331754175872546e-03
1.173611364075650032e+00
9.637512776840236883e-01
9.465028491797355947e-01
4.159831648584257774e-02
7.485237255838354895e-04
1.101838447147824966e-02
3.371561663053707775e-02
5.281881884590242625e-03
3.017888442040451979e-02
7.272211749273607140e-01
2.024919306022455512e+00
1.096023794619759739e+00
8.562214582282495767e-01
4.935151540239870668e-03
3.244375242226185316e-06
3.127610108900622347e-06
1.347387506926360846e-05
2.847824819714927028e-02
8.053892471335409864e-01
6.595339755700715956e-02
9.549900049047095330e-01
9.902778769620657062e-01
4.830390332342323310e-03
4.525810851507969072e-03
1.733106167167957484e-02
2.868566318793611819e-02
3.916504238942014604e-02
9.263451866240027255e-02
1.237346277591607757e+00
2.735634022489695116e+00
2.724026737663750586e-01
5.066982459416658835e-04
2.165033725508757070e-06
7.696588703053149121e-06
2.895673157415255705e-05
5.463578537899639945e-03
2.859406056393347384e-02
6.021499892463833339e-03
2.707693317627156149e-01
7.329380923541184423e-01
1.201395827696204593e-01
9.559627668900765318e-01
1.133222249555751793e+00
7.080689482823446790e-01
3.019859697806297552e-02
5.975278745208287973e-03
6.251434852627583139e-01
1.128279053679964683e+01
2.687956440482380582e+00
5.206965390776636775e-03
6.603263065828253496e-06
6.079049754409850878e-06
3.910989313811145008e-06
2.751102701791583634e-05
9.363409068460115019e-04
1.626871218487611209e-02
6.445384150560286018e-01
1.151149826448153446e+00
1.363876242245265935e+00
2.408252823230177420e+00
1.859445135084427103e-01
2.003275666781443587e-01
8.072971463679435092e-03
1.183196206243538381e-03
2.618072284223105783e-01
6.902818705623369411e+00
5.218170830161436236e+00
1.095889359605532916e-02
1.079964915898024257e-06
1.584897368514774684e-07
1.307111501854800294e-06
6.110244596042842876e-06
2.400628973242086017e-03
6.429255311958979868e-02
2.083696842757170042e-01
9.585177532643909259e-01
2.574328603110500158e+00
5.678520377487545900e-01
6.191227273113134033e-02
6.159545787939219030e-01
8.769529746394609526e-02
1.642304257166429110e-02
7.707695412413368974e-01
3.089641047840774757e+00
4.720627334130279351e+00
3.323909648717866816e-02
7.371302616103501084e-07
1.333108811584357461e-08
4.630548754666314659e-06
5.709577590180310190e-05
4.507523118057282785e-02
5.958107607277494111e-01
3.623249763384169264e-01
6.104086670164604600e-01
1.567123408057502276e+00
2.320574907627959149e+00
1.387501256824881235e-01
5.506890750517569322e-02
2.549480710839091210e-02
8.976567064139242061e-03
1.233538399723974922e-02
4.878614390537387713e-02
4.214143748597900974e+00
1.023016123072620465e+00
2.054363849487756311e-04
3.835674301628585082e-06
1.869261557827483469e-04
8.538152732412237003e-03
1.998121579901736888e+00
7.500374592968204190e+00
2.464422198390349816e+00
1.324230720101437164e+00
9.118443574532407725e-01
1.223079695863989791e+00
7.227854484820994685e-03
5.910578869046718585e-04
1.801917403557366446e-02
6.918990003063915303e-03
5.469697087416440143e-05
7.449342096643491893e-04
1.872618452875038475e+00
1.743532607116859756e+00
6.174616658746405473e-02
4.989997384017904464e-02
6.321807610030973253e-03
9.747197896952142226e-01
4.294972984404692085e+01
1.746622503397993498e+01
1.627694545404108517e+00
1.569179078178872810e+00
9.541374458479591203e-01
8.709661675487224697e-01
2.976500677536490780e-02
1.615850410007050458e-02
1.875108193237366772e+00
1.006847928725717489e+00
5.383283864847153519e-04
9.757983051239564262e-04
1.940703327700226133e+00
2.531854761754688710e+00
9.305549138539814802e-01
8.110647911255013387e-01
2.714338877526482202e-02
4.913667747079829340e+00
7.733945560855894996e+01
4.204043884379096596e+01
6.077290899632456167e+00
5.821176424082590728e+00
1.739822932103444852e+00
1.579430020196740614e+00
2.332183312274505038e+00
7.173405340923975082e-01
3.185085579894788577e-01
2.785382321963988161e+00
2.076645773564832764e-01
2.295011681984540988e-02
5.916422970550128113e+00
1.763398022468275883e+01
1.840590224482838710e+00
3.701918878688298387e-01
9.940343424921126853e-03
9.833236960123888926e-01
1.382026410159533825e+01
1.382799963430139556e+01
1.919290007739401283e+00
1.906152861210298921e+00
5.365146783419343368e-01
8.845972008990550528e-02
9.604439224389861307e-01
9.886915966754623586e-01
7.081694428578199328e-03
6.737527803916991409e-02
6.298978607268275187e-01
1.308766799463130237e-01
4.032396849199570532e+00
2.347451937530020238e+00
1.106009621275083205e-01
6.606153905578693308e-01
2.926114146827110153e-05
5.144864642397562089e-04
9.196669201170599994e-02
1.234373522654945932e+00
1.771140020749852328e-01
2.368710182268236597e-01
3.009686338928492244e-01
3.238591409982608665e-02
1.375472084369752934e-01
7.561331743069830136e-01
1.191143350738649714e-01
1.056324855262618101e-01
8.650550398517554973e-02
1.958938416183035325e-01
6.698406212010372229e+00
1.772600907142022342e+00
8.994236453927582919e-02
1.324503952805000939e-01
1.844067926005197886e-07
2.645000717448825435e-06
5.461918719827550499e-03
6.946259086814179362e-01
7.095165496509512337e-01
7.774536538900763682e-01
7.086990821303777999e-01
9.206020226332476408e-01
9.505575619489144978e-01
2.552900241019573357e-01
1.774033249621485453e+00
1.840405172789193466e+00
8.199711948200136269e-02
6.780419704758241517e-01
7.380094119630126848e+00
2.127107512557479208e+00
8.166028822274414845e-01
1.762486175486945375e-02
1.247834421645887154e-06
3.124193633605290891e-04
6.661512058669223635e-02
1.396738176422058220e-01
4.700321309256080826e-01
2.784732861116815394e-01
2.652192591460019594e-02
3.906972050878853020e-01
1.508690177248944053e+00
2.552449953791931514e-01
1.083887155311878958e+00
7.896037046437123785e-02
5.603571568398791475e-03
1.186903867919913758e+00
2.677603335510210680e+00
3.459704591757165743e-02
2.270262863375996018e-02
2.150357944874481918e-03
2.787697102018587756e-05
4.258611661986113489e-02
7.685650078688083253e-01
7.067168986489705262e-02
4.456860952921230523e-01
5.952311258578322217e-01
1.575623014578679260e-01
8.070063850889760415e-01
3.300388452066816969e-01
7.477593399290928255e-01
8.684211461969193468e-01
1.046889648907584200e-03
6.792577742793380786e-04
2.894281724139995404e+00
3.183644089980065317e+00
1.334145893682850501e-03
6.992644362950247176e-05
1.056795999520513931e-04
1.015915878295320329e-05
1.430062544870751556e-03
8.016283122655265547e-02
1.206769017499075558e-01
3.692565218113770253e-01
4.188277401118237764e-01
1.004912966155923515e+00
1.546853625801644982e+00
2.441065804157787622e-01
1.051701150871447554e+00
1.108504217995461838e-01
6.808927386791147280e-04
2.206016224496509803e-02
9.010116806347145513e+00
8.937688363995128782e-01
6.397163201431788114e-04
2.191359918249314377e-05
6.296306722479849541e-05
3.104805625358404924e-06
7.667769387770493889e-06
2.914528031397392496e-03
7.783851124940535104e-01
1.810534868302863476e+00
4.702203059135075525e-01
2.862139390503693481e-01
1.818999736040824156e-01
1.056493008343853512e+00
1.684540575770892890e+00
2.481847112881912371e-02
3.516745712250712169e-02
3.929894937564860857e+00
4.070858754047822714e+00
2.219804471204772298e-02
1.229212017208791881e-04
3.231782977998445187e-05
1.737954732696006185e-04
6.004711313980323890e-06
2.758551027189490755e-07
2.316126150466423707e-05
1.176325104355138845e-01
1.189597130269802516e+00
4.414413077133078067e-01
5.210678463689728535e-01
2.206169583487344599e-01
6.772841613123012916e-01
2.646872454435972299e-01
9.885683678231765859e-02
3.977770808069095665e+00
1.088213861127067084e+01
1.027416115067409486e+00
1.123524343406348720e-02
5.553435459675021773e-05
1.863505668988946719e-05
2.100112908179420943e-04
1.609464294102796802e-05
1.232856054089542099e-07
1.415805086326012273e-06
2.234756926073805730e-02
6.731697479028171394e-01
3.391408419370500749e-02
2.340456558265831960e-02
1.966743289840495318e-02
2.373608977829918046e-02
5.917353226358899876e-02
8.689586971103445689e-01
7.729736954702713270e+00
1.513910144535677960e+00
7.389320743207573594e-01
3.049397557032771863e-02
6.037793038671652291e-05
1.318739476603615392e-05
2.012683085037165489e-04
3.671490262645847499e-05
1.855556306784600446e-06
9.719583477452940881e-06
7.971044384236890615e-03
8.094497617517254495e-02
1.999480570132097009e-03
1.736835615079861117e-03
1.975795506683113156e-02
9.779527186312199361e-02
7.553971796195390054e-01
2.249613633274728297e+00
1.123759955740392114e+00
6.756215494204506067e-01
1.352882522874957472e-01
4.024860008498787832e-04
2.993661462165130334e-06
7.951231454940985163e-06
2.470616584015130224e-04
6.742493925045067358e-05
1.944454238068880610e-04
1.363587433910204297e-03
4.861238893950558908e-03
7.166377149577261851e-03
3.796119871697511625e-03
2.998527653533607576e-02
8.752750255165313575e-01
9.869366589585883975e-01
1.149489412816734557e+00
7.748350839417502689e-01
7.646215697926876664e-02
2.238027228667585980e-02
4.529792096578150358e-04
8.481813046681900213e-07
2.706329837866469130e-07
1.187688459434566946e-05
4.181910641273771769e-04
1.858122939279558024e-04
2.176440678828574574e-02
1.959038525068168113e+00
3.011077940009060150e+00
3.012242041642481549e+00
9.220707529112694978e-01
6.523142222417953329e-02
1.287754892508660362e-02
1.638820556449874710e-03
2.725839603378420444e-03
1.598656369173484179e-02
1.764478130231010534e-03
7.757554742588721527e-05
4.146100828317766986e-06
5.479254850324541636e-07
3.311588964536786772e-06
1.138898606581669745e-04
1.115464192754441570e-03
