4.552160527204356560e-05
9.694591334597078142e-03
3.055747540939031559e+00
9.745107520856753913e-01
3.552134670395523577e-03
3.554249800536130705e-05
8.084773933878305687e-06
2.629423521765827750e-05
6.379693197920200710e-05
1.032974774189184589e-05
2.575481153220343635e-06
1.422720538637518538e-05
4.002928656408740675e-05
2.283638292072688502e-05
4.231846126854926646e-05
1.770305839408649589e-04
4.254896029397902497e-04
8.259075742118325613e-04
1.431890149985720567e-05
1.066626920518268760e-02
7.996594571526126627e-01
3.119179945002957186e-02
2.018475824111726278e-04
1.530720839360050953e-06
1.164809613411747730e-07
6.231267455619316773e-06
3.921594570721330907e-03
1.549402974273528764e-02
7.074342650831111183e-03
2.199732490795767298e-02
2.043218053573129297e-03
1.497957738781874113e-05
4.475429821958184879e-06
2.314380203790968702e-05
1.041642107055897905e-04
3.408701033097111081e-04
8.123050239260765242e-07
2.958804449490046954e-03
2.771075628970018356e-01
4.003084959156314598e-02
1.573852299374133359e-02
1.790187041375849357e-04
3.153264117892178757e-07
2.942707004870911867e-06
1.368287418813238752e-02
9.072242190674744133e-01
1.082065916100386271e+00
8.748677833383938784e-01
2.490056770949829537e-02
2.185300922018409259e-04
3.309397740246902188e-05
3.287067698402828641e-05
6.653435450848403448e-05
2.455785359000735432e-04
2.790072837933607037e-07
8.371146928836080414e-03
5.713620213112727830e-01
6.991449473913792512e-02
7.318195424434820184e-01
1.323494319996356139e-01
7.139552949733077736e-05
2.824328014553042616e-06
5.237032336890868500e-05
2.992744845779366988e-03
2.398029352502570322e-02
1.130663544334342512e-02
8.696029596084748486e-03
2.660025691405103546e-02
4.420358109604533882e-03
1.602194650934624326e-04
6.519181204814075942e-05
2.363010741542249287e-04
8.277516969065902536e-06
1.007657917944213277e-01
3.125346658618047280e-01
1.348739937251969799e-02
3.999466441985143339e-01
7.205908832015589516e-01
1.640501459758667360e-02
6.570280766355658794e-04
1.242164689205146866e-04
8.479559917607417362e-04
1.601418270997691587e-02
7.320149603961023307e-03
7.412563044749034824e-02
8.532103186726132105e-01
6.064673623788893395e-03
4.167950273997238572e-05
3.586548403243859071e-05
2.434123907625524222e-04
4.684744222389599158e-04
9.196837505561530346e-01
2.496096581311208151e+00
4.231460105090557033e-01
2.011040565534739422e+00
8.925946590206096376e-01
4.872017664431008699e-01
1.419816646521441905e+00
7.099844244488460188e-01
4.116184319580217243e-01
5.309997057184172586e-01
1.628119281071445934e-01
2.900118031811747432e+00
2.156369088541132406e+00
1.352805739363696028e-03
3.411480558234115609e-05
8.128069602424904043e-05
3.356576035647769354e-04
9.357094627627485402e-05
5.382361399787097961e-02
2.462205806634788274e+00
1.640024806131435309e+00
7.460219641858238937e-01
3.130302268814416644e-01
3.632677344644827944e-01
7.258584953749871449e-01
7.941112550461546515e-01
9.605898015654127375e-01
1.144638263647973941e+00
3.583834256634143567e-01
1.576076663376121179e+00
2.042741159953488594e+00
3.751305775233136630e-02
1.323655285847707237e-03
1.594849829493544995e-04
8.166778798227760229e-05
9.884250235340067174e-06
3.696522003036491460e-03
1.635627097590588441e+00
3.172883047321275907e+00
6.806708495848667884e-01
3.951924020689995820e-01
6.279328462141618994e-01
5.442188995028726106e-01
1.964110354843254802e-01
2.479403912827987111e-01
1.516959879689061985e+00
8.718963352492906660e-01
3.293540989402682917e-01
2.156341085805849378e+00
7.102665572761517332e-01
1.345963636963307770e-03
3.364133125525527082e-06
7.530516453378269893e-07
8.843156883033042827e-07
8.274261660119325561e-05
1.293884916068538948e-01
4.106049691742026830e+00
3.814745024316358979e+00
1.068917210343312885e+00
1.177115581127895050e+00
3.248547341309901082e+00
9.651413459843772857e-01
3.500014500339342360e-01
1.056886621647274094e+00
4.854674162960633255e-01
1.353550780021512134e-01
2.479052202527627369e+00
3.589596764668590456e+00
7.604772385777561899e-03
1.112816308451813000e-05
4.965701422940614020e-07
3.980400639374489892e-08
2.031231807963008276e-06
7.133540034006902175e-03
8.279763544549317844e-01
1.452591177382207999e+00
4.375657588656008401e-01
3.401082646577466839e-01
4.809847634741871159e-01
2.499161816759768173e-01
4.779240114208891943e-01
1.177303598047045430e+00
3.575829464084815945e-01
1.107028113103270955e-01
2.733517424393723250e-01
1.424821354287359121e+00
8.851819780371081858e-01
8.018542752112643723e-02
7.816181853424112149e-04
3.238531830597100891e-07
7.157727803596294176e-05
6.547712832941555983e-02
7.848802248034393303e-01
8.922033300328865435e-01
5.229552192377590059e-01
4.547270540378502424e-01
7.598118136339839790e-01
1.517303182618390034e+00
9.606645476531813221e-01
1.267555150531050334e-01
1.669012225382381087e-01
4.566512047659398998e-01
1.561139134816403595e-01
4.646223198015375644e-01
1.173134738337516358e+00
7.983337893208191094e-01
3.629503240607578896e-02
1.737002990162062120e-04
1.069840202772829874e-01
6.564241512152766411e+00
2.062019506531695523e+00
1.133377483926615525e+00
1.178643644225007003e+00
2.308064057224583632e-01
1.771385585793799067e-01
1.520236026713700062e+00
9.074725155923784037e-01
3.763634631282000709e-02
4.455967255916103154e-02
8.485674080276796316e-02
1.163652544399416539e-01
6.188947585616648261e+00
3.212231353881275897e+00
2.996854914935456748e-02
1.090900254950357383e-03
2.858498871990921859e-03
2.835982054817670406e+00
7.760874368882419105e+01
6.463672822965827791e+00
2.442154852041885871e+00
3.409367289131310486e+00
1.856148434823186921e+00
1.300333289024750094e+00
1.113853805653585383e+00
3.271335755043160542e+00
2.946940163594457651e+00
8.065397064035977337e-01
1.167415069872049377e-01
6.629896377458403822e-02
4.531343984721913465e+00
4.799106122373601124e+00
7.097021286917534234e-03
5.705200679791366759e-05
3.445774719389028924e-05
1.162536324465523047e-01
1.553802661823219822e+01
6.307417762955482843e+00
3.856387454793857028e+00
3.501886697252684644e-01
2.386915192748136905e-01
3.250760187706614346e+00
1.149844285204401739e+00
1.688066378007351487e+00
9.333441614609049308e-01
2.294297101297619601e-01
7.971486812965875579e-01
8.418069420565620353e-01
2.754559608634681300e+00
2.089676081864552781e+00
7.191587032346254300e-03
5.866635041728057080e-05
6.100661484384296922e-08
7.674579354698289136e-04
1.057334736282329102e+00
1.440222142526342841e+00
1.290166442898248667e+00
1.132915132930623070e-01
2.046026841337289168e-02
4.330290867005883171e-01
1.262559838516775113e+00
1.066635805004599646e+00
1.286605759622120315e-01
1.857018770224317869e-02
3.732712572546179747e-02
1.307401738004141944e-01
2.141195731979252947e+00
9.357592186413588031e-01
1.877241362771175492e-03
4.655485294085257210e-05
7.533526522890158913e-08
2.469223847005168901e-04
5.403651463450121623e-02
1.438301186515389130e-01
2.958437971243074172e-01
3.784314116714414533e-01
1.272411519521395029e-01
3.861971745355128327e-01
9.181402128442353039e-01
5.297947800841513732e-01
1.231345758977566707e+00
6.994498066621270826e-01
3.090266555611522956e-02
1.028737811042073902e-01
3.822464807434476253e+00
5.301942788176556426e-02
2.219136962206941346e-05
6.279583341827654960e-06
2.239738669109955771e-04
2.484592348851002303e-02
4.364227686567880710e-02
6.245555986767933332e-01
1.160026319001373984e+00
1.764954723173754736e-01
2.365271512198125481e-01
1.456852766447738867e+00
3.133827942720825543e+00
6.836362166737278701e-01
6.473321266265300578e-01
2.248707682259812046e-01
3.080003670081054093e-02
7.627284647939052142e-01
3.094865973484435262e+00
8.611274253177876592e-04
3.628265742840083872e-07
1.342549567266000512e-06
1.514990269386653210e-01
5.959450964622082791e-01
1.852919623348167899e-01
2.525590433180295857e+00
2.205748274100352457e+00
4.881014874557322858e-01
2.227759099633318751e+00
1.143131553244047804e+00
1.156393516387300480e+00
8.124884145491445553e-01
3.035439127694991926e-02
4.044891067369259588e-03
3.031657133157727307e-02
1.165789859112335014e+00
9.942576725753045075e-01
1.022445723699350962e-03
1.815353122032628989e-06
5.313169679838023088e-06
7.789233771465126077e-01
1.557994290155101158e+00
7.387884658643253388e-01
5.407439234913928860e-01
6.764125143271249030e-01
1.903543333495106848e+00
2.554903682311833180e-01
6.233611445915918569e-04
2.236012560463744537e-04
9.517977261663845053e-04
2.603283142128599869e-04
3.929830449716825019e-03
7.588143225684791382e-01
2.044637888234690060e+00
8.840201241827398970e-01
2.585510167727398181e-02
1.451490027470575344e-04
7.290031832557019133e-05
1.257077395393654540e-01
1.681536231120021041e+00
1.020369059561310410e+00
4.246042991733036120e-01
1.594480861088761969e+00
1.744376679759774174e+00
2.685344832361681242e-02
5.363336705848526778e-04
1.199933249594282503e-04
3.505017945110883734e-05
3.005111213377056672e-04
2.327609583174436170e-01
2.039783423260322692e+00
5.543777770261670845e-02
8.633379792283617238e-03
1.569574967892621749e-03
1.177913349893419003e-04
1.719591913081508104e-04
7.834543627940761636e-05
5.347268922116072375e-03
1.330284461873997015e-01
7.456529984457466176e-01
2.338619328628677996e-01
7.966255450543463512e-02
2.517766961473550391e-01
7.651676166667383816e-01
4.453505796361131169e-02
7.284582196792660676e-04
1.329777683075979329e-02
3.627277750601195283e+00
1.002839824591565510e+00
2.835999644348802945e-02
1.331719506047500433e-03
1.765127883499467245e-05
5.009335216030316472e-06
9.101635657146043862e-05
6.353117974624606096e-07
1.993250200583532327e-04
1.263010949996593024e-01
7.868620334525407989e-01
4.037894101433518734e-02
6.650394946369564408e-02
6.806176057627578713e-01
1.180463917090702752e-01
2.500675970775447995e-02
1.160676805014005178e-02
3.181486244633720956e-02
2.079971396066983280e-01
1.758531447059162311e-01
8.003792972300617370e-01
4.830350075034604840e-02
1.642294753435956440e-05
1.708682321451035913e-06
6.821423696212172618e-05
1.336767167943002106e-05
2.312630945623949177e-02
8.088980001759058513e-01
2.052469433981773672e-01
1.192406078408251580e-01
6.620397387579693982e-01
3.144199487579784069e-01
8.197271695611638501e-03
7.952058025633590432e-02
1.719945087960310870e+00
2.250005952464800174e+00
6.756064665103087563e-01
2.438687591652415054e-02
2.589845298011036329e-02
4.803383120577713224e-03
1.678506615654310998e-05
5.029416940297823254e-06
1.287647498262141561e-04
1.500297809385383468e-04
9.947562544348252933e-01
2.036712846053332360e+00
1.116101710914726292e-01
5.168321934982228472e-01
7.180819493174741552e-01
3.867515979498522549e-01
3.062000044165572032e-01
6.519481069301835685e-01
3.732789791359295006e-01
7.524746164923866720e-01
1.518222300328958274e-01
6.423695446891051011e-05
1.906876396774993684e-06
6.130157981901703971e-06
9.889984225851141926e-06
3.626396701563849162e-05
3.882194861342743060e-04
9.516877996235740308e-05
1.062789720859816045e+00
2.826124558227878669e+00
1.811673214184687242e-01
1.953934376690886765e+00
9.101446881284667167e-01
7.994442637967540122e-02
2.073241010725425729e-02
6.717570986519704216e-04
1.211198444223258289e-05
3.494773842228021357e-05
2.272374307406052727e-05
6.630136613473822917e-08
2.029530167576990055e-08
1.455188057876762151e-06
5.371079427648946811e-05
3.538475214948298112e-04
1.214381815634558862e-03
