4.242295120231199547e-04
1.871051091388530030e-04
3.797671236585237940e-05
9.855634678839883921e-06
8.332327244767300865e-06
1.466232522930402144e-05
2.624387402180357009e-05
4.644207970842212065e-05
8.073830424401385122e-05
1.159175526619759519e-04
1.311154730188853802e-04
1.194323387217413200e-04
9.330810919641938485e-05
7.423187045594498211e-05
7.201811823089940951e-05
8.628006391730916986e-05
1.150650956276894391e-04
1.617763100376037216e-04
1.309823748109111225e-04
8.182766004332386482e-06
1.396830428709828710e-07
4.385753687086309330e-08
1.523575970992256092e-06
5.509464941909933915e-05
8.537295055193595925e-05
4.042109092285684738e-05
3.661445097986400666e-05
5.787194109231205225e-05
9.547845652658507271e-05
1.138956987562771844e-04
9.358532795134445888e-05
6.830991073427366688e-05
5.738053120720021231e-05
5.954229129515513857e-05
7.464545218279545374e-05
1.122667192499611835e-04
1.221230245011360506e-05
1.184204478759261190e-07
3.347022780321431286e-10
1.574821896051848048e-09
4.011284763183638191e-05
2.125716383115378028e-02
2.520977884261280718e-03
4.757688164498933452e-05
6.081112712279171525e-06
6.213795274731631614e-06
2.378680924743284742e-05
8.165537528275402699e-05
1.170378506357077573e-04
9.326348340505115461e-05
6.732558221543726213e-05
5.575611223470311169e-05
5.956274701528369313e-05
8.783079477052072167e-05
4.282234190414459987e-06
3.364938050627128928e-07
1.391203139235732348e-08
9.733724877303955663e-07
5.100005558705501124e-02
9.031279387911781420e-01
4.623594186523211774e-03
2.827816365008567633e-05
5.971331338564037623e-07
1.306000187782364587e-07
8.238943720205285632e-07
1.507826007220221654e-05
8.065103273616135398e-05
1.082888590153120793e-04
8.109756454455983561e-05
5.965964357135886950e-05
5.745076433697530419e-05
8.183767855006297636e-05
8.390698937649664275e-05
5.245021308337219357e-04
7.030940220322796745e-03
1.480335836034364083e-01
1.779486060539673176e+00
1.512335994831134900e-01
7.407887303353081522e-03
9.653557407642477826e-04
1.174688805578110213e-05
1.496403384464621102e-07
7.265264416519097379e-08
1.009257847174969159e-06
1.853063381892326988e-05
6.756451624369161314e-05
7.377004135911243083e-05
5.993712111405109907e-05
5.988829062757689519e-05
8.623924002923083801e-05
2.249731015960999489e-02
3.559276983608960360e-02
1.783710903961242877e+00
9.837981078524868916e-01
2.743352442621007845e-02
3.975734286003333035e-02
9.658771694580108313e-01
9.337992180178622537e-01
7.913096240563087524e-02
6.450392536611321672e-04
1.561283950812341863e-06
3.460967193240073261e-07
4.066386234882978884e-06
3.178405484086777423e-05
5.585283477457793323e-05
5.518185773653693350e-05
6.020945972328715413e-05
8.924101086679435695e-05
9.189446317119415175e-01
4.729214785995491249e-02
2.520706462282742422e-01
6.758831338431157097e-03
1.114870674049778514e-04
1.522566317973328767e-02
8.567724371460049282e-01
2.033468656484757331e-01
1.758207661876831418e+00
1.059491953718220358e+00
5.952664229405959595e-04
6.129717236533425985e-06
1.052414955311376524e-05
3.511885104588603068e-05
5.174872822072298754e-05
5.340916999741341357e-05
5.932637564261713760e-05
8.681590495469482705e-05
1.630907397662163805e-02
2.181032905845295064e-02
6.657794580070884871e-01
2.009770146958302778e-02
3.490661335255054124e-04
3.027095704790411408e-03
3.239126912036328996e-03
1.922435002339344329e-03
2.190945878244672795e-01
8.417823633968003483e-01
3.732185564208332501e-02
4.423801460167767381e-03
5.354175378163192030e-04
8.624242533460609625e-05
5.308090955639853473e-05
5.646346339915191430e-05
6.296476427844270010e-05
8.705128348222688659e-05
1.598842547742738750e-06
6.787679951676401768e-04
1.267070519788886740e+00
9.586877076501516548e-01
7.189428967070762844e-02
7.142580433071741598e-03
8.859354101935601293e-04
2.379593854358821869e-02
7.279333017684932461e-01
2.267310610763282885e-01
9.859998616440615038e-01
9.686262835236009172e-01
2.117983305795023783e-03
2.516445035558168613e-05
2.405323266781415152e-05
5.423649953419921630e-05
7.211430667534915863e-05
9.402882663520831100e-05
3.199827115428414174e-07
1.150328015219184144e-03
2.759776005084165540e+00
5.167096288004962901e+00
7.200496173966820512e-01
1.251306197886326195e-02
6.032817903582258058e-04
1.019527007755261297e-02
3.630836916028208627e-02
2.405565046176521421e-02
8.333752323607339640e-01
5.845827086785170684e-02
6.141708138931195496e-06
2.806833066260221703e-07
4.673809476574953371e-06
4.642228357610872507e-05
8.431239447925250154e-05
1.046359723378626004e-04
2.816713425251451768e-04
1.696354721673616062e-01
9.854436901043778008e+00
7.089961051712213802e+00
2.206471928072428312e+00
8.748773653152870644e-02
5.259808010601198236e-04
3.013200431301423562e-05
2.066539530469304180e-05
8.869918684271624896e-04
8.690332073743013697e-02
4.764639330335293933e-04
5.175821604063427021e-08
2.401930351530273282e-08
2.313481651726781792e-06
4.502667037643281740e-05
9.263540499869192817e-05
1.099051224565691486e-04
4.550790670646533836e-03
2.587799943314250672e+00
3.966926750654280909e+01
1.443692062448250191e+01
1.305837976106027476e+01
1.739009711145078851e+00
1.227292262477166574e-03
1.059262994136491080e-06
7.298154323622381458e-07
1.062920543372307619e-03
9.244869406746677454e-01
3.226102336666828579e-02
9.866154731504464748e-06
7.845285814393729161e-07
7.189386659420986527e-06
4.918660053897201879e-05
8.238863353836450832e-05
9.707322716787702217e-05
5.485616555809598883e-04
1.515967069755739027e+00
1.130165387767144978e+02
1.990826434978634296e+01
7.723154620350332067e+00
2.353155927889595933e+00
1.884273672189770536e-03
5.091144570330000384e-07
2.555231175024148187e-07
3.824207306052874382e-04
1.027845963994630685e+00
1.948130823601691874e+00
6.772470723937332009e-03
6.775420795013980309e-05
2.989265999733242544e-05
4.931965342858355301e-05
6.122982434009335753e-05
7.497483121425797738e-05
1.305661736608294387e-03
6.120023609781990448e-01
1.678728713478432866e+01
3.211982875197941123e+00
1.210856504158746239e+00
1.698813284551340397e+00
1.083208545362100012e-02
3.002366392039195495e-06
9.367556779554652549e-07
1.415770117257192622e-04
7.613216284903339542e-03
1.197716021967375893e-02
1.041289539947913567e-03
8.510600212592874078e-05
4.301802403577749883e-05
4.936296161630498221e-05
5.209910581762926675e-05
6.492970881235875702e-05
4.509384454918172213e-04
1.471364685361569724e-01
1.669332851079517122e+00
3.514954624578395803e-01
9.866793385102629044e-02
5.615865286982992671e-02
1.743646954176024172e-03
1.340539892960551870e-05
2.311684118920753176e-04
2.625706399674361535e-02
2.452286098501853077e-03
2.973729797442098928e-05
5.456773561871026974e-06
9.971220352382202925e-06
3.344599639860720012e-05
5.830755594530027605e-05
5.892302118340850714e-05
7.016037737201073494e-05
1.825275523356453655e-06
1.259475433313948095e-02
9.920052783249034833e-01
9.325231106305061912e-01
7.924229541566926160e-01
8.279944875840447582e-02
3.652010515647181876e-03
4.943960470253220326e-04
4.407312266073416807e-02
8.671552784183832463e-01
4.770092192712035647e-03
8.058645881705213488e-06
4.845441691918662027e-07
1.737628759825216900e-06
2.201157728722356817e-05
6.931745488070925859e-05
7.317820411348556345e-05
8.156818162473962377e-05
2.443871538103233093e-07
1.216184213697642756e-02
9.300302273459715163e-01
3.273498202586563322e-01
6.568322950685738792e-01
4.277181312374528366e-01
4.852429757618834105e-01
4.108235510584799521e-01
7.092367462595436933e-01
2.182519375362600156e-01
1.927318474504698120e-02
3.496474819313514018e-04
1.238454423198449052e-06
5.597747561625505292e-07
1.122614888508886747e-05
6.802941707782542385e-05
8.320791574269459639e-05
9.002431368534057846e-05
1.247706389140414687e-06
3.973251843677142597e-02
8.792146120427744016e-01
1.457254926504753315e-02
1.926591298765510229e-03
1.471898026835341588e-03
3.072078287730837035e-02
1.023467463687598222e+00
8.801429581934699931e-01
1.415638782663525830e-01
7.856738507390574888e-01
5.421546550685952398e-02
7.095671015400448470e-06
3.575340576144750741e-07
7.239218352393149230e-06
6.255280570078344121e-05
8.441385693856022531e-05
9.210684890698070978e-05
1.179018759952260092e-06
8.785816933479847352e-04
1.795562857272824803e-02
7.098789522270229115e-03
3.595037600166045479e-03
1.447185319399049448e-04
4.281428618276424082e-05
1.307352338391534969e-03
5.470213862761571198e-03
2.903402617945012674e-03
3.244364686977989354e-02
4.639308955200837671e-03
3.952405308904904607e-06
6.493178849144319353e-07
1.108673376946795529e-05
6.547166590378993782e-05
7.827736699632110561e-05
8.756093435405370399e-05
6.361553850956037499e-07
1.105770631466013667e-05
1.827495528617120669e-04
1.242918311319849388e-02
9.563594669391360936e-01
1.166722857501220102e-02
7.005885219986446078e-06
3.119803290669441102e-06
8.150101079094921377e-06
4.055496626216116865e-06
9.531080982780908414e-06
8.190835779474843153e-06
1.576227495298937772e-06
3.515144164160818661e-06
2.970608631266088938e-05
7.159400474394996276e-05
6.856811466341987036e-05
8.058143442850686006e-05
3.846870783964396102e-06
2.904815340349790388e-04
5.852379387595079731e-03
5.081429485171824051e-02
9.476149134300009269e-01
2.140644677263378245e-02
9.823053301614618040e-06
9.426899748832059569e-07
1.755974444843659474e-06
1.138720500061746408e-06
1.138078413370690520e-06
2.414004946366487054e-06
6.205586136817553695e-06
2.276747596213630196e-05
5.850853881669864547e-05
6.624062466001070474e-05
5.861656588879880840e-05
7.563581897545313131e-05
2.219619348612037743e-05
2.845124436428578610e-02
9.010057255636854112e-01
3.406478448813671234e-02
2.209659024930860430e-03
1.822511141060553883e-04
7.121882557660321993e-06
4.282623720170699107e-06
1.235100738588414654e-05
1.541519161619552008e-05
1.484035621066500939e-05
2.225911833695375620e-05
3.989615846818309362e-05
5.964988104712097913e-05
6.269988990837816573e-05
5.289823258774110053e-05
5.110613970807366369e-05
7.341199034832697891e-05
1.090186592936205676e-05
1.974422313597799621e-03
2.121962928117109709e-02
3.150142041459490228e-04
8.049861202411193282e-06
5.726554754225234031e-06
9.290562476120800743e-06
2.351865330896535779e-05
6.108554793026982983e-05
8.215990342622534674e-05
7.786730441346931774e-05
7.689133517305705339e-05
7.599724720113118525e-05
6.711671992877994719e-05
5.479201946971162297e-05
4.703340916524003501e-05
5.034059284653463631e-05
7.602701495346077427e-05
5.533250722385120256e-06
1.526247637987271748e-05
2.597403315633661962e-05
5.000866506826038492e-06
2.300698601184544930e-06
7.759019282883712035e-06
3.015430050298704981e-05
6.875277340311599977e-05
1.031933946839731932e-04
1.061466817087917622e-04
9.065494839234007379e-05
7.793618406791843957e-05
6.984694625552690544e-05
6.367160755771448643e-05
5.884366498648543821e-05
5.665491787612348589e-05
6.316385221694286671e-05
9.182107211330130649e-05
1.874114708760437690e-05
8.575998491213215408e-06
6.537546431521347147e-06
6.977785951709636466e-06
1.512611143131417677e-05
4.716400166143188793e-05
9.780695853856051459e-05
1.277872334389696263e-04
1.315312784301144930e-04
1.152573767553043203e-04
9.320533871320209817e-05
7.870654764356275633e-05
7.474527702934502396e-05
7.876856863207083454e-05
8.552658098244479159e-05
9.114501327792821808e-05
1.020205610533614463e-04
1.342738004800652827e-04
