1.051010955614014794e-04
1.184335396923424759e-02
9.967664674252453283e-01
2.006572595356494126e+00
9.164970376670594776e-01
1.894525672364877344e-02
1.508697983546997406e-04
4.142706733976082509e-03
9.538653302599146011e-01
4.855511199076011607e-03
2.908925219574867507e-07
8.560240409643096970e-09
1.305444773880723178e-07
7.166360814622076300e-06
2.918007384859451161e-05
3.479918830825498571e-05
1.128305237118706796e-04
5.090911194911036794e-04
4.061820759447745254e-05
9.244257868521751562e-03
1.915496850693398923e+00
1.120764918247478592e+00
8.312070606565219455e-02
5.869011954385265628e-03
1.799805677837478825e-04
2.682862737677742943e-03
1.065824699625697924e+00
2.798516304082737313e-02
1.972949955622604623e-06
3.639328816208199730e-09
2.504853835658965734e-08
2.648526276636385503e-05
9.854531412388807380e-05
6.157311418527084912e-06
1.009139102219963751e-05
1.524337477050703531e-04
1.460291089638239230e-05
5.002852095190880042e-04
8.069722730960295076e-02
7.937438726849744830e-01
1.020255410920408723e+00
8.107701435514211852e-01
1.064061157915380529e-01
9.264037840514328936e-02
1.747349549527668078e+00
1.013314287362057531e+00
4.094637266544455534e-02
9.386489873098121826e-05
2.131138863777741951e-05
2.302590047600811332e-02
1.385488516220223162e-02
6.578650492675370485e-06
1.441686223173153226e-06
5.295823602315389878e-05
7.768145116744552944e-05
6.484357609971400267e-04
6.033660022548906904e-03
6.851121610474315837e-02
9.557016697295385166e-01
2.468934089836599899e+00
5.101244625835166246e-01
9.715802795490152688e-02
1.435413192345858235e-01
1.803875700277764726e-01
2.650204914615837293e+00
1.165777337416918691e+00
4.903618582195259923e-02
8.022320789645793759e-01
3.459322992028179139e-02
2.970129415920166437e-06
4.899041251457061783e-07
3.605121050694610053e-05
2.761461460186011361e-04
1.920726123200185501e-02
8.228422604282011887e-01
1.397915639907075347e+00
6.982451041690169724e-01
6.707707995438672022e-01
4.150697505718064506e-01
1.975433860299669053e-01
4.776007054137446639e-01
2.014045247949396156e-01
2.671535285248932690e-01
1.622764208203573810e+00
1.180146959224275260e+00
1.101636977845824372e+00
6.443353008517104311e-03
1.954481574450593107e-06
8.841255764449143878e-07
6.046399994390090198e-05
5.623922150529392780e-06
5.404787109638043742e-04
1.112711361270638522e+00
2.509120329514042513e+00
1.552795660228478702e-01
5.803658092815153768e-01
2.332535622591972224e+00
8.905175654772662375e-01
1.546346399693127482e+00
2.414544704449593127e+00
2.256471387844419529e-01
1.198829744947337017e-01
8.939227334236486966e-01
1.894551813947903174e+00
1.408692146473060347e-02
1.876875888139627505e-05
8.347857572102972083e-06
1.642030400389427015e-04
1.506743442612832410e-07
1.746285792798950524e-06
1.330806226288547452e-02
3.404391890608452487e-01
1.982980968980104508e-01
1.241960189600844755e+00
1.750280003435110032e+00
9.535775988360570832e-01
8.144695564961478285e-01
2.453809575553558719e+00
5.809772320982717897e-01
5.353055872058200271e-02
4.037783334592674744e-02
1.236941115116864907e-02
3.263862461940551210e-04
1.489896599815210562e-05
2.707352898758161292e-05
3.038928998505889502e-04
1.288176255014881580e-07
7.617676177507294397e-07
9.015670904254509746e-03
5.065356494528844289e-01
7.391695116005295163e-02
3.858647107543089483e-02
6.243901021110737776e-02
4.832131687183297553e-01
1.290967653588464437e+00
2.541159464967634563e+00
1.607807578119661240e+00
7.565620086434359237e-01
1.385753741869884537e-01
4.322762726385455758e-04
1.797252908790797997e-06
7.667159983732433881e-07
1.119989122603188682e-05
2.449349937043140209e-04
1.053335963671707127e-08
4.957578344290755291e-08
3.035211422426635670e-03
4.330348186750864747e-01
5.596673636257246467e-03
2.658564983335714050e-03
3.742160701840114428e-02
1.533021565391913532e-01
3.419407575680790123e-01
8.010939816410633796e-01
7.481615836711477119e-01
1.057417106979670063e+00
8.323085125055029732e-01
9.753750481930662311e-03
3.171636449999661831e-05
1.940881866328540355e-06
4.345412681232734673e-06
7.802001551834930268e-05
4.152434510242574986e-10
7.751442408704945816e-09
4.228036223771050421e-03
1.578745340282901255e+00
1.992548385066244404e-02
5.287678622015036523e-02
7.644967849838611995e-01
1.986332722399277162e-01
2.384136208121112599e-01
6.437849291398179963e-01
9.728651590800360127e-01
1.880354719905150962e-01
1.425248576685579985e-02
1.949650131649197787e-02
3.093829222313362881e-02
3.239070453631576348e-04
2.825280213033966851e-06
8.221776906645925805e-06
2.527790781828296479e-08
7.331061302139612642e-06
1.588145615797523502e-01
1.599409060805865312e-01
2.725225652401140229e-04
1.870190239092712732e-03
2.506857182134843154e-02
2.419597971860558069e-02
4.705468419560099314e-01
1.548548113469126353e+00
4.832708874498602647e+00
1.949198401350751064e+00
4.697025887013173487e-03
3.590006528502808544e-03
8.902503746036793952e-01
1.666206538531416620e-02
1.678511275869859671e-06
7.586919633852531366e-07
2.471734214539298606e-04
8.939038687295404462e-02
7.565802106305777208e+00
1.442956560290663548e-01
2.068170581039142128e-04
1.304124405814189149e-03
6.757214289248065706e-03
1.540417784569084528e-02
1.581608539263976931e+00
5.419962146813739334e-01
7.985947983896776736e-02
8.901689244846906490e-01
5.819043096505840951e-02
7.554225168562368406e-03
1.050375606305765208e+00
4.576643404858917602e-02
2.400434568924583428e-06
5.528698327203974713e-07
2.369126120011950248e-02
1.799009334295358808e+00
2.561628263654574411e+01
5.578167350717206041e+00
1.670263673065109644e-01
1.858885910791161500e+00
1.053422231896797845e+00
1.680575055967415896e-02
1.706925679926083461e-01
4.546177135885152709e-01
1.053263210886939416e-01
1.300648673251493914e+00
1.605600341475848403e+00
3.769089892424578592e-01
7.329222110513142763e-01
3.138883060382317500e-03
1.234874020114960175e-06
1.495793246396374148e-06
4.739230960904550032e-03
1.057950559688214165e+00
1.072920047594023352e+01
1.292347474545283703e-01
7.315669989014601457e-04
5.412438346313942772e-02
9.131483162938133225e-01
1.327424086759243331e-02
1.899367033343966199e-02
4.543216108804721820e-01
1.745558404520791917e+00
1.748849175768780961e+00
3.272009207234003458e-01
6.279190536246279652e-01
2.176032693149579367e-01
5.443146475489270026e-05
1.479934256274102745e-07
2.125633665906521834e-06
3.674037152528662043e-05
7.490321226744654608e-03
3.146674990128695698e-02
1.580206868743018632e-05
9.228630745929249031e-09
2.915152345916861587e-07
4.711068846580764480e-04
4.222217929154225419e-02
9.052607589623138384e-01
6.660854794890059827e-01
2.760977942479446723e-01
6.801265912581752615e-02
2.510437222494238656e-03
4.611490435627246115e-02
1.021489197946514826e+00
1.163926438730040168e-03
1.470618456980234576e-06
5.967086146208690648e-06
5.785942984978518949e-07
2.544871458212473548e-06
7.321433280038056689e-06
7.514134173013184024e-07
2.504535867610119746e-08
2.721683995070613272e-09
9.711714830782617878e-09
6.742316230213417172e-06
8.420198566276508589e-03
1.397949179927929220e-01
1.039553372829769673e+00
1.766115360003284174e+00
5.038638329925214376e-02
7.540381293586967404e-02
1.766260755648988434e+00
2.326705480758770039e-02
2.827910628308525305e-05
1.725316092714601797e-05
2.609718320001332958e-06
4.812999891057546618e-06
1.644814907223449539e-05
1.799151381832451481e-04
1.435223467267726259e-03
5.228140890176144592e-06
6.226623806693076632e-10
1.705418596240364088e-10
2.993318309913922847e-07
9.546786626170759155e-03
1.784178611745311116e+00
1.241869956419002996e+00
8.572136657130865478e-01
1.033154857594394294e+00
1.899233495367726177e-01
1.135359647085237888e-03
1.252024686781779916e-05
1.842154533077459177e-05
1.339771257469130668e-04
8.807009648965299226e-03
4.612171948946832550e-02
3.632323800984738754e-02
8.228804168860571755e-01
1.577573930724022466e-01
1.622865136762999391e-05
2.178029441802961743e-08
1.085562568786992697e-06
6.634344747287632127e-02
6.390168322840208970e-02
7.375812459955903100e-05
4.629519885164921737e-03
3.968433642123160521e+00
8.790712395781057342e-01
2.071647398118797723e-03
3.877195204340005340e-05
5.056857528942364379e-05
2.128615492183716826e-05
1.087540637478188153e-02
7.302449128172374682e-01
1.348866447951060643e-01
2.457713828691237001e-01
5.912975375985857207e-01
6.314134383678884910e-02
1.978193867058587307e-03
1.534367636523779671e-03
7.997382543528150922e-01
1.737958236232322110e-02
1.298504267517503098e-06
2.542884310593433869e-05
2.049097811391029089e-02
3.331988296784273162e-02
1.675448900519334837e-03
1.753519801678766815e-04
1.771167150129887883e-04
9.628459433760225121e-07
5.993343218807759172e-04
4.040772959399186459e-01
6.748887367116340741e-01
9.590469326802225636e-01
3.117013980865962486e-01
2.201831954289767135e-01
1.536569493152413424e+00
5.315435347771781949e-01
9.213867014342614903e-01
4.620499541782649433e-02
5.472244862809703698e-04
2.111684648961178535e-04
1.554944792339681210e-05
2.553149965027530312e-06
8.900241432122110263e-06
5.364894074322070107e-05
2.166960366588537143e-04
8.775424063585187556e-06
1.539862932821782666e-02
1.621157266264233954e+00
2.409869969927323774e-01
1.034256670050786031e+00
1.515717250677014682e+00
1.606779255946825524e-01
9.520328182740867007e-01
1.908631805434592099e+00
6.697132326677696090e-01
2.806088433554509431e-01
8.271751258554428388e-01
3.413066875486859414e-02
3.366209504191317021e-06
5.872519722974733530e-08
1.008517029435779396e-06
3.266234983055069037e-05
2.296402434157929510e-04
9.643841823219906362e-06
1.784856083908886032e-02
3.134479308655046204e+00
6.394420038259882033e-02
1.010172500820135863e-02
1.559149997894233586e-01
8.989525761147075522e-02
1.095687915027544236e-02
2.545009645408469190e-02
2.930952556943250409e-01
8.557720892507879595e-01
1.034973868805321828e+00
9.723955048955044284e-03
4.333947173165831305e-06
5.394349253079082605e-07
7.852537132114062525e-06
8.133353488568991429e-05
2.655927645713753284e-04
2.463310531735325574e-07
6.138009225763776640e-05
9.472787361168635289e-01
1.800426033890704769e+00
9.027470524901394164e-03
4.831393157020431872e-02
7.607272115190658601e-01
3.547546479366217587e-02
4.649727838425894016e-02
7.584277725847348162e-01
5.592723763305224027e-02
5.051631840162016784e-04
1.417593784504086684e-05
2.731334319973553925e-06
9.735184310263558143e-06
6.670050954048124152e-05
1.472956672089387924e-04
2.360977947416842187e-04
2.888861278335656207e-07
7.197044380009367685e-06
7.472207215431929395e-02
1.085538288788205685e+00
3.336662575240539452e-03
1.289409205933037157e-03
2.893167401803003677e-02
8.296754440037577838e-02
9.202700494888614857e-01
1.153995381968368344e-01
1.364253972282010082e-05
6.076763192103358704e-08
2.421226850572065397e-07
7.411577968287831985e-06
8.714946344431642657e-05
1.935119771603637439e-04
1.743115568074737366e-04
2.244513947564645193e-04
1.033293432572262178e-04
5.341354039382773498e-03
1.949254599250311859e+00
9.797583163418989161e-01
5.894690195499249557e-04
5.334820811797263348e-06
1.746955231567277913e-05
5.684697060096598545e-03
9.617276054515888628e-01
3.555884919478000724e-03
8.046711564683559390e-08
7.614032681168490601e-09
9.152133385379163592e-07
7.711451365576091777e-05
4.153691606065606709e-04
3.986275002583677474e-04
2.869974430595606551e-04
3.685756860469468457e-04
