1.169402870312641687e-02
9.641876969765393879e-01
2.120614561947537613e+00
2.806886659787758642e+00
6.480560663704196256e-02
7.514218512114632931e-02
7.868200686178156156e-01
2.053499057797311123e-01
8.363997000455414277e-01
5.830295442682523199e-02
1.338098069948845918e-05
1.040536770318987375e-07
2.756112458179163824e-07
1.433920858888564843e-05
8.950316895532810821e-05
5.056571488136491480e-05
7.122715861980262345e-05
2.809780838955701571e-04
4.102406511461641897e-02
1.890889618516121029e+00
4.703671254313802202e-02
5.376785422309771773e-02
6.095796103005472061e-02
5.360758182761698326e-03
2.361374162315274354e-03
3.533043076962245205e-02
2.072328799653325060e+00
9.066348394588797932e-01
8.129986010047264566e-02
7.312477137716848728e-03
2.139548381406414495e-03
5.783633840514950004e-03
2.949918540419830572e-04
2.614650612697053191e-06
2.653097164795555727e-06
5.294708494409569566e-05
1.901559013594506745e-03
1.205400147859138175e-02
3.345048707268733694e-04
9.206221932439076147e-03
8.092622365659571937e-01
1.096391798260614413e-02
2.704320741221455165e-04
2.372493735420821981e-02
7.526505274149503100e-01
2.955155668530408675e-01
1.773308913993494107e+00
2.855616657649577395e+00
1.153638333125696747e+00
9.222034031635659712e-01
2.347928337054044825e-03
1.031948673862856876e-06
3.527950550758700559e-07
1.185951847350381108e-05
4.400837378314898695e-05
1.651667367284174998e-05
9.319412428910839789e-07
5.541402557772129848e-05
9.167440547101854409e-02
8.421952450428960013e-02
2.815308979984443728e-03
3.806356881463864895e-03
1.274940977458820582e-02
5.610184541137794301e-02
8.832246424934113715e-01
1.560293429837814383e+00
6.139395569652866813e-01
1.005619282743122289e+00
1.088101014326515042e-01
2.399205711984572331e-04
5.543132025910050444e-06
1.336850857441794042e-05
2.383321863079766021e-05
2.431115500708853718e-06
1.957258443924391574e-07
3.353308476809575012e-06
7.246074896358450056e-03
8.575677551286149392e-01
9.656655462358675335e-01
7.045019912543179497e-02
3.979572880870840823e-02
8.700362162562184087e-01
2.191643890144889362e+00
2.264414058308644950e+00
1.521914219113910338e+00
2.105394228621092267e+00
1.777583373510467579e+00
1.444819702860484535e-02
5.745640445610661372e-05
1.328271173114415166e-05
8.477348761931020123e-05
1.868326601995320767e-05
4.998724891802762635e-06
1.099342884627679289e-05
9.170755851552814589e-05
1.174116435824844101e-03
2.046814731787785779e-01
1.622488246214534691e+00
3.933524568274158750e-01
5.940559659154044381e-01
2.553594897529583019e-01
4.586952281064035630e-01
2.499572072857712879e+00
3.916265804539263318e+00
1.256772895299954063e-01
5.393806173590120047e-04
1.685529193795506616e-05
3.974254307342373002e-06
1.966136629156804076e-04
1.116937494156861673e-04
6.857306121537411453e-05
1.541331067001660464e-05
2.083996140552943796e-07
1.829124449257669423e-08
1.659930324894200437e-05
8.565743224448817833e-03
1.947982629672745164e-03
3.082197967804328493e-03
1.120772605992636922e-01
4.034530233687252943e-01
6.343187519476103375e-01
2.920307379840762163e+00
6.442896403097374269e-02
2.255464504406043402e-03
5.077283464127642929e-04
6.635886987761706005e-06
1.451321286168150257e-04
8.745398748539783202e-05
6.337865396527715591e-05
1.065750325618451933e-05
8.789870610472056665e-08
4.609277960975767109e-09
8.430824603906899561e-07
1.047720722634814188e-04
7.370778124397505429e-06
1.528778873451884366e-05
1.381517286000490292e-02
5.119210596822055398e-02
3.086571788007950318e-02
1.591828351882434545e+00
1.141406323314024363e+00
8.261878539067473159e-01
5.548740550984941622e-02
6.991580818173304408e-06
4.543384743849991099e-05
2.237328475132092554e-05
1.809613406173356785e-05
6.283847773198196662e-06
6.848206270987364719e-07
9.841565316379869187e-07
3.208618070356929696e-04
1.121855875233122857e-02
9.907236842826473309e-05
4.009437706178764058e-06
7.952927263204906101e-05
4.108295818621186335e-05
5.614801326168490729e-05
8.968712862134323172e-02
2.346138725539550496e+00
8.940641094785648502e-01
2.296547975414165148e-03
7.653579796975079879e-08
2.582711425492817262e-05
5.132943259026751762e-05
8.686201280496902238e-05
8.301311300099649564e-06
4.425701526690192794e-07
3.846903279155450133e-06
1.041656719610034587e-02
9.551366528244665810e-01
6.374059544957599507e-03
5.778266435481060881e-05
4.917338977163590976e-04
3.037196929422075579e-04
1.484527451830471934e-04
9.856356504703510379e-02
3.362584010353966590e+00
2.404140049238174259e-01
1.815802843124682958e-04
6.333672294557438205e-09
4.346457989508434685e-05
2.425977444355948472e-03
2.395825300838352531e-02
1.311700596993355963e-04
9.273875388786177313e-08
8.109156433168002572e-08
8.990706676280401689e-05
9.946017817261825628e-03
4.198854107703937151e-04
6.455390738326164399e-05
3.817053380945796548e-02
1.849117486492094287e+00
2.445741373696349030e-01
6.267037867755804736e-01
1.834658351176386093e+00
6.782694561500746122e-01
3.076289152624929815e-02
6.711320521095400285e-06
1.715583315112549704e-05
9.435696705987374824e-03
9.122703481736428310e-01
1.184348968065319398e-02
4.812163443093341245e-06
1.314532391355858338e-07
7.792318282828369376e-07
9.213911855585047678e-06
2.469641631263579254e-06
1.783101014863108572e-06
1.471553155270401148e-03
1.058823965157623004e+00
7.984138892171458446e-01
2.625907604586124600e-01
2.951336073884796574e-01
3.128601271962651031e-01
8.094845138647378535e-01
1.223448657909856768e-01
2.045837441485232713e-06
2.442524030983824184e-03
1.077183758457204821e+00
9.737816341363002559e-01
7.700505573856117336e-02
5.074161122826030372e-04
3.441646757163816065e-06
1.405949304554184094e-06
1.234130854118706666e-06
4.795724371857194893e-07
5.115706073938205353e-06
1.325268450048646025e-03
5.241790351842008644e-02
1.625062767313761036e-01
1.623081959667031782e-01
5.428783359256084129e-02
8.384725841085148568e-02
8.349780533119948167e-01
2.375394442202716276e-06
1.178327431447007655e-02
1.929627507737049275e+00
1.079016752971981630e+00
1.757314491708372950e+00
2.782478271727943653e-02
1.328006709085949277e-05
2.255709793091273422e-06
9.164243046519121024e-06
3.240971123359820377e-06
8.671393385558576444e-07
1.323673146890238745e-05
5.460863233461335162e-03
5.211058987906321827e-01
1.295707994872762114e+00
5.772572752639884008e-01
2.052590758688666861e-01
4.998514721882437589e-02
7.865399055956803938e-06
3.783016586380449908e-02
9.025480613355338910e-01
8.078600968471207067e-02
1.947541259201039654e-01
8.188356445119702315e-03
5.676753560729108706e-06
1.512765424754347515e-06
9.962808083739004404e-06
4.558372303359200690e-06
6.964100707268448115e-07
1.461981029377099326e-06
4.045455794250723451e-04
5.104329860883990433e-01
1.670677872920274698e+00
3.501533767626589522e-01
7.444040515776174649e-01
3.291339318143171599e-02
7.041761789658965643e-06
7.423705557962977748e-04
7.804384314534790722e-03
2.747124928652659032e-02
7.605165184659761213e-01
2.274778613788810619e-02
7.068960848077811686e-06
4.983813465806297088e-07
4.885635989655157612e-07
2.566558850053117157e-07
1.420819999926625917e-06
1.927593605085317613e-05
6.768599283284981987e-04
5.972507847518017110e-01
1.127792527998923156e+00
7.558103781479417679e-03
1.333287339428718826e-02
8.357559830196490194e-03
4.748476649699169623e-06
2.968336279679804097e-06
6.110427660402653144e-06
5.135871986299070380e-04
8.117767789885024787e-02
2.721220314710030928e-03
1.530986679767813235e-06
8.947435344470899416e-08
4.855233016655338170e-08
1.387937602983782032e-07
1.053029440601904574e-04
1.218020202780840250e-02
5.415058265190108959e-03
2.696761651101679536e-01
2.869051836652433796e+00
6.135187777768776746e-03
2.017497359697231893e-04
2.092615459694631896e-04
4.314161500176920428e-06
2.344353571844481137e-07
2.294474469465289111e-07
8.500994305871694562e-05
2.994521645901356000e-02
9.276550219508111718e-04
4.646307580525427199e-07
8.716230888866238204e-08
2.585966114902566544e-06
2.437508776743291174e-04
9.657694665903844566e-02
8.323931253404553976e-01
6.794441646600472839e-02
9.641243303536387588e-01
3.011691232973174426e+00
1.664756247739574606e-03
8.132880174737221863e-06
1.455478161321149912e-05
4.795834429204360413e-06
1.628872213384205973e-06
8.956523959298740806e-06
4.097445995610162796e-03
8.959204822896401632e-01
1.359379279164697057e-02
1.795971152690698410e-06
8.100009760452007689e-07
3.349073775260306193e-03
1.989335441077826561e+00
9.536585579723879658e-01
3.021718634066918735e-02
3.537502969946081099e-02
1.784172585707042069e+00
5.863978101836906515e-02
4.007126404178126576e-06
1.906434841634121412e-07
5.507076859248836454e-06
8.698995785126831660e-06
5.503116044875825449e-04
2.072771937296162201e-02
3.721126627353439631e-02
2.757760867146798189e-02
1.227019798923506110e-03
1.329845746219681137e-05
4.259600670558987646e-05
3.042010449213209539e-02
9.054544779226576523e-01
7.976502645196874297e-02
7.382775171383355699e-03
8.020975099336975778e-02
1.173682926225932732e+00
2.348834389134619657e-03
3.015438532481983217e-07
1.512912674418935056e-07
1.265405157777980871e-05
4.531220436958717562e-06
2.365447716090418595e-02
1.903207419014509183e+00
9.069941945172566716e-03
3.627852925682449706e-05
2.713150059798587321e-05
6.959309924213475610e-04
3.230156232113372272e-02
1.075697556943183003e-02
8.096478221469194814e-04
1.672946504633887263e-02
9.442857366866559410e-01
4.863811015762571799e+00
1.825575483982735392e+00
2.910720149934947158e-03
4.611288846786018401e-06
4.114978500808117637e-06
8.554610034515835429e-05
1.188388233736666578e-06
4.711541283456317959e-03
2.434276795682955088e-02
5.102643236046761424e-05
3.593463349736811849e-06
3.240560846593205718e-05
3.755830250893030242e-03
8.673955646354563065e-01
3.277852831465107031e-02
5.002359045874029461e-04
9.239616194527180970e-02
2.837809659872135626e+00
1.312225097240102611e+00
5.952796429783756976e-02
8.368323524594492135e-05
2.443086860859444666e-06
1.562641935284938083e-05
2.525452091918635000e-04
4.771838877145159519e-05
1.823482007429485727e-02
6.770504050880784283e-04
1.994078515424126959e-06
5.774213903538010948e-05
2.113568181392253345e-03
2.332925988448070372e-03
2.291909134329949971e-01
7.148798240224386591e-01
3.624415099694173192e-01
2.547146077205357795e+00
4.253345220892918999e-01
6.003609624801307110e-01
4.332583994636661495e-02
4.022132778858270636e-06
1.481474173595748964e-07
7.067064053105376410e-06
2.642803113318047755e-04
7.388649451134438051e-02
2.838667482515126572e+00
7.651175253946013166e-02
4.890168632917155610e-04
3.486861941806837506e-02
8.942912089706677170e-01
7.270379298643435406e-02
8.431190743608906191e-01
3.140469642543764373e+00
8.681397888466331203e-01
6.266012838544136876e-02
9.890771941183215590e-04
2.577602237719949299e-02
2.204486744816300595e-02
3.492940416036476748e-06
1.726566498800995314e-07
8.791834445057123641e-06
2.710007068731110709e-04
9.138628736685593390e-01
1.171222425005131740e+00
4.886492878201561751e+00
9.890038735787772817e-01
1.072856127896689271e+00
8.896963988011599156e-01
1.649375691598611304e-01
8.662904320927919954e-01
7.139384810679441640e-02
3.096957208096164441e-04
3.753791363806868411e-06
1.804111839185641538e-07
5.295407475715759206e-06
4.072592777188226956e-05
1.893347981295703892e-06
1.708579317311505341e-06
4.046508032269420139e-05
3.968119653671489644e-04
