5.204143900619252749e-02
7.919012815065226141e-01
3.557050620901862081e-01
6.364553149241821695e-01
2.575445130533457472e-01
8.040706099064764967e-01
6.102922713723440279e-02
5.780919265464793977e-05
5.232374144875054801e-06
4.107715391174935281e-06
2.401398315853126845e-06
5.946786076353532350e-06
2.470106291250177624e-05
6.628545764096111697e-05
1.271394291181197715e-04
1.529653478431267761e-04
1.430966280186118868e-04
1.768512924540724385e-04
1.739161027129783473e-04
6.606222971615455242e-02
8.576166448034927559e-01
1.055751602728352445e+00
9.606519929947190950e-02
1.204363553302670829e-02
1.202770007971566040e-03
1.505472411941003764e-03
1.128863957690721953e-02
4.165633470022791270e-04
9.061174110564202777e-06
1.818727599870317106e-05
3.980401184640940614e-05
2.461848910473183745e-05
3.162547711775597835e-05
6.150069509796428520e-05
9.293750652848795785e-05
1.505896473817100792e-04
1.625124907341435536e-06
7.725760538357442908e-05
1.791032343254360826e-03
7.597152230818003671e-02
7.958935392222868943e-01
1.962594431598783939e-02
2.340815794662218295e-04
1.606696530020099156e-02
1.922324562958111382e+00
2.846522579074787368e-02
1.313211532145431562e-03
1.104256241587743895e-02
2.129689511842862946e-03
2.220124490538976039e-05
5.531636732152301133e-06
1.737791992403939630e-05
5.912758026493205633e-05
1.522370184119471780e-04
1.918616388381066872e-06
7.651056201670178972e-07
3.609796708514027516e-07
2.637819120660940441e-05
4.999095306330094551e-02
4.508576136134356122e-02
2.444908075577578461e-04
7.899863187674323805e-04
1.396860288113581372e-02
2.668645990849921948e-03
1.736650617236840805e-02
9.384127844377179173e-01
1.658855280292646783e-02
1.134998794695717250e-05
1.550052632707100462e-06
7.129457540331836824e-06
3.424338510981907906e-05
1.217831856448049581e-04
3.749167956775163057e-05
2.170885084979872212e-06
6.077685495870282161e-08
6.608569863137349968e-07
9.528173126965621201e-03
9.521706616826923764e-01
4.569316040336631086e-03
2.091316521177637944e-05
4.566910122157875436e-06
6.762788715793759346e-06
3.868248453337023648e-04
9.179587568275495574e-03
3.417371873195147692e-04
1.052928278090032819e-05
2.333784879664098198e-05
5.204653963150491629e-05
3.365323147439666169e-05
5.558850675345480846e-05
3.364158120072242202e-04
4.749182343030881165e-05
2.009786461056526028e-06
4.629627182605890535e-06
7.373819171886081963e-03
9.708730268499548011e-01
1.261214055764459455e-02
1.422360798780294989e-05
5.254886360583505689e-07
4.263378652141969265e-07
2.932182252535152933e-06
1.500345503144634532e-05
4.337592071300035840e-05
1.340466202593865088e-03
2.628767625465247906e-02
2.507978143685253916e-03
3.038214770778460363e-05
1.005214660540458215e-05
3.619581820401610007e-04
1.055653669057884898e-04
6.533952686128260411e-06
1.145438504550867445e-06
1.188008951373620922e-05
4.952626474604849682e-04
2.240583349090927157e-03
1.197018167406352016e-03
6.963530178885386920e-05
2.969401469462045073e-06
2.188100080520270226e-06
4.808321679389778895e-05
1.146127583666877066e-02
1.047847657828238521e+00
8.707174734463180021e-01
7.217723809768537488e-03
1.985535305789101339e-05
1.721424906673674394e-06
7.549350514238556604e-05
2.628663535069278119e-05
1.570325742928627650e-06
8.282027480000304208e-08
3.276638660743823624e-07
7.058707191534564741e-05
4.059010558882175657e-02
9.963983923490904449e-01
1.012402103229709076e-02
9.691047491269198563e-06
4.559769699404655842e-06
1.497989249022429765e-03
9.931534685639585858e-01
1.905751865357745878e+00
1.475938852007271929e-01
3.696618380975504048e-02
5.658491278725600844e-04
3.595028433558818557e-06
1.120046913676149661e-05
2.931537607781154150e-05
1.181125700152746698e-05
3.459234306691090783e-06
3.618667143952709344e-04
9.583083548799635476e-02
8.971404042851410798e-01
9.154044099587380634e-01
8.886739633690628887e-04
2.006539986148106168e-07
1.700080489302126264e-07
6.772046041356974584e-05
7.993319881044215480e-03
5.704237376309335278e-03
1.561782479922210407e-02
8.394339966747504933e-01
3.350703160659456586e-02
1.630859728120989709e-05
3.123797244451625489e-06
1.090921708863769237e-03
9.331441407491883333e-03
1.195440864411719158e-03
4.677847577043085098e-02
7.226367566327246417e-01
1.774440037271868276e-01
1.542188877556099347e-01
4.722776401732869445e-04
2.161864141954282562e-07
4.339085408707222189e-08
2.703561880650667775e-07
3.597670917118207834e-06
4.479003747359818871e-05
2.643164620846312225e-03
5.102893874198771024e-02
9.355043236698453541e-04
3.435686762102322886e-06
8.031825655634930720e-07
2.307485961566405064e-02
9.408742000042591425e-01
6.459464534080172279e-03
1.101844351351444207e-02
7.736586023783280364e-02
1.759814957338611263e-01
1.533082241461627415e+00
1.332810433918970860e-01
4.131062038577163614e-03
5.630710284452278931e-05
1.934266032296836159e-07
3.462386017536010999e-07
2.571078385231557670e-04
2.311452312703719814e-02
1.677624923670401188e-03
4.474990035021569581e-06
6.151833529561741120e-07
2.252081540648460004e-07
1.916049851183540542e-02
9.535363833104087972e-01
1.920337332175304362e-02
1.032809985979692702e-01
8.617670626308204795e-01
9.614026942073952142e-01
1.787393628036923754e-01
5.131970681840106185e-02
1.850599250929974016e+00
4.920631879128758990e-02
1.265729693242713734e-06
5.160240422999174085e-07
5.408403871944906030e-03
9.020156017642664281e-01
3.264780901638214723e-03
2.394446703276712967e-06
1.298592506323751525e-06
5.758461823450619315e-07
3.014809409776659024e-02
1.931642502893732738e+00
2.618647945799830734e-01
5.049979903421534244e-01
3.346851202773528655e-01
8.054235850874147395e-01
9.115159793094110285e-02
1.597202006667655400e-03
1.117995595937349221e-02
8.085693748344233503e-04
2.659952286241162429e-07
4.657779933549679547e-07
8.185311825366244770e-03
2.094635744056653426e+00
8.901030746654901848e-03
8.064129481570110042e-06
4.908278152106642747e-06
1.869292579476673419e-06
1.702885884385070200e-02
2.901505505874917734e+00
2.967948345621997941e+00
2.595940992952865400e-01
1.662764852075900674e-03
2.270120751180230989e-02
8.541772521311122857e-01
4.050360544726457762e-03
5.291372770682099508e-06
5.346011962408646911e-08
7.124951867924288838e-09
5.340115654511072099e-07
5.956592682911108008e-03
8.949251347967253079e-01
9.628984902587730405e-03
2.221500261161280987e-05
1.253805357398721045e-05
4.968730827746384555e-07
1.627440182497301901e-04
3.814290012938350433e-02
1.049885596946262156e+00
7.164734054467372104e-01
1.029793334467399291e-03
2.711158384196629559e-04
6.743292938061100361e-02
4.989659907022171714e-02
1.290967168094399282e-05
8.085805769243925688e-09
5.531603916554092431e-09
1.249129470652184875e-06
1.454963779633457709e-03
2.478139311085309632e-02
6.939440790517753749e-04
1.387558760243147297e-05
1.721839172398351866e-05
4.488980001550367290e-07
1.309466762681603164e-04
1.153276486524334316e-02
2.071777624166598608e-02
9.620701544012871809e-02
7.664666024292658697e-02
6.217623281777902473e-03
3.394048995062225876e-02
1.850319254195254004e+00
8.396244879777910175e-02
2.115479535419516419e-05
1.042095024083411248e-06
8.019543502877843604e-05
1.914134225179943763e-02
2.980487526863915063e-02
3.988972326134358911e-04
1.522024386220956660e-05
2.328722353006553326e-05
3.866155400459984982e-06
2.359688619170446575e-02
1.912286041461831010e+00
9.466111691969805383e-03
4.463636467522265686e-03
1.895054824659932802e+00
9.536315986775556475e-01
7.736458090677945064e-03
7.062945935105041650e-02
8.644387007241750576e-01
4.814830596571056422e-03
7.125938652419729579e-05
3.041735394744555024e-03
9.548379117649502534e-01
9.530179275446968301e-01
5.512004970741024926e-03
8.401341551857043511e-05
5.047878562876003864e-05
5.347579689306660406e-06
1.151965675572271149e-02
9.978947363812349369e-01
8.440261770960418020e-03
8.930231334893914746e-04
4.156106121640811696e-02
7.808033766211327706e-03
3.087744205166094441e-05
5.180345703236445467e-04
1.361326192565397719e-01
7.654205318145402247e-03
1.137666829999522982e-04
1.020096054052860995e-03
2.922333696697096070e-02
1.609525908845529235e-02
6.925311115367537105e-04
7.516862721667513206e-05
7.312838357932401978e-05
1.826609252495186799e-06
2.198734041543887416e-05
9.571232739959952083e-04
7.076461998412941767e-03
1.321012999777818227e-02
2.024459887559777564e-03
5.098350219413193128e-05
8.949698376376080005e-05
5.611636741036358372e-02
8.145477356045276451e-01
6.755056507390815729e-03
7.817706394917986988e-04
5.244970612411503294e-03
1.233356154600698902e-03
3.368897773288049137e-05
9.453623581303929283e-06
2.150550734431481899e-05
7.754116846195595499e-05
2.648703275893190171e-06
9.296180263269268928e-07
1.557818077065767164e-05
1.352139178874191619e-02
9.278304627477423905e-01
1.575127761405792706e-02
1.032653757525307288e-04
2.756422083783854979e-03
9.128080791838181218e-01
9.683751966969440794e-02
1.152953427915511366e-03
3.928490180973041174e-02
9.392341669793494718e-01
4.808963473658299514e-03
1.099636248007869416e-05
4.774930270196063268e-06
2.739575456337721592e-05
1.165774172911545172e-04
2.017598825613464711e-05
1.449215092774255090e-05
6.623849081625074551e-05
1.457867544726413993e-03
1.278999054908997596e-02
6.818010564344123732e-04
5.901853086997114112e-06
6.311423546997474204e-05
3.427338486392512984e-02
4.657296507887334625e-02
2.661256815325886704e-02
2.938562644019258929e+00
2.041712407515326344e+00
7.021349956490315200e-04
4.936503903037628965e-06
1.044024776580357926e-05
6.787673989478596804e-05
1.797612975020571036e-04
4.032569948748542817e-05
1.625908936496059647e-03
2.743894269124236285e-02
9.633768345478840867e-04
2.379524738902826750e-05
4.700597351773296787e-06
1.404439013280265800e-07
9.154306007737687182e-07
7.480446481275914924e-03
8.125501661649163765e-01
1.058990449298667480e+00
1.957219465169427908e+00
1.907486411197120701e-02
9.121275790285331389e-06
1.363336450636737130e-06
1.587468762886893917e-05
9.868879969669683034e-05
1.779149431818877799e-04
5.531663812666154495e-07
6.248111589652505411e-04
8.841957907794244509e-01
5.387482366026234704e-02
5.231972774967820483e-04
2.934769049412575968e-04
3.076217802992238227e-05
1.379900825601501754e-04
7.117940242616067892e-02
8.446774689671220082e-02
2.096338854366467871e-03
8.650002795445161079e-04
9.348187809186212925e-05
3.131900101230997190e-06
3.871037026316898879e-06
3.319394976183946591e-05
9.670317553317585703e-05
1.287584872622628762e-04
1.898568722294134305e-08
6.204940247381817711e-05
2.439374599824415124e-01
6.212608019796258541e-01
4.394671694603156653e-01
5.555451903411851022e-01
3.069328353333580228e-01
8.751407075496275834e-01
9.005722534296608517e-01
2.134061608456344367e-03
3.775952996243957872e-06
3.048241937719256197e-06
1.450012459023428840e-05
1.960975918346645312e-05
3.715015035711032254e-05
8.155829698701888791e-05
9.896629827439062032e-05
1.124013713752112603e-04
6.254035495715906609e-06
5.718340405167925133e-02
1.683767605221772490e+00
5.278197665456223486e-01
1.365558865764729513e+00
6.030294705922482068e-01
5.711974025250274867e-01
2.014449910899818452e-01
2.272554963265235352e-03
2.671017926513270311e-05
2.827141592934606943e-06
7.282756567773346653e-06
5.293749374915154116e-05
1.389486308098313570e-04
1.770545377000139111e-04
1.656431366424504059e-04
1.425330165249668322e-04
1.607554259885002270e-04
