3.977300750784112243e-02
8.702829449237895476e-01
1.212388722515600703e+00
8.517412677361874129e-01
3.286454110186069061e-02
8.506941603186002343e-02
9.319306983031666602e-01
1.154550109763510628e-02
2.374930988471256050e-04
1.686313070004144240e-03
7.230599811719491850e-03
2.601648866631600058e-04
8.255473875291886052e-06
1.315324727997748089e-05
8.657130563937225879e-05
2.290804445118328010e-04
4.462222204466804120e-04
1.086868638456439792e-03
1.780118995363309483e-04
2.298714681279496325e-02
9.181373637289106382e-01
9.482837906995619237e-01
1.250692967277514389e-01
8.115412494620175554e-01
8.097536286983193776e-02
1.037828202645712424e-05
1.252470796959062604e-06
2.141013485050888114e-03
9.692486510443506509e-01
3.222325777509974648e-02
2.108120228285010120e-05
1.719238736384765248e-06
2.039300002013245382e-06
2.853483090033222053e-06
2.281392277850379280e-05
3.839790597726923881e-04
9.553249989984070845e-08
9.718373681227893918e-06
7.262323818470126958e-03
6.086060443876258053e-02
1.105826163890590019e-02
2.182183280919720945e-03
7.581455365957523249e-06
3.455496469373355369e-09
6.311642875921095824e-09
6.222882643616674877e-05
1.001734998629711493e+00
9.483810119251082638e-01
5.451851704285801082e-04
9.178109089616249178e-06
2.981993628124469759e-07
1.150405373162936555e-08
1.795051527061358329e-07
5.470706422564721724e-05
3.994844186201298936e-08
1.059684735438369953e-04
1.725593558646664194e-01
7.850149400012315093e-01
7.541038943567747455e-02
2.858421038470186767e-04
4.716861020621167430e-07
6.289259159024777048e-09
2.136416460239465623e-08
6.568010025977858767e-06
4.537328254944278383e-02
3.006194324692691655e+00
6.403726916068548658e-02
4.998139281656802449e-03
5.188761377855950508e-05
3.468397582930385620e-08
3.325980044659645763e-08
1.253442957903042759e-05
4.910624708964254148e-07
3.637257307471611356e-02
1.615268312781237281e+00
3.884627401590336482e-01
1.710676239883266225e+00
1.345681068022383520e-01
3.043301767837315423e-03
2.757340355700844481e-04
3.098133103483986014e-04
7.093753395407752065e-04
1.341755400684192280e-02
1.770347150121994284e+00
1.241821711956861973e+00
5.929136897138200801e-01
2.282688584168921508e-01
3.291260397513913125e-04
2.403378323388897360e-06
1.526540138956767836e-05
6.831206843190072571e-07
4.922330208309867727e-02
1.577917470912476583e-01
1.416539235925090047e-02
1.857502721820382119e+00
3.408498594267939996e+00
1.246180849462512619e+00
6.700815719448720564e-01
5.108162686654563744e-01
2.384981674682264408e-01
1.348223116762150252e-02
1.446574635972306122e-01
2.782627386138921466e+00
1.635651321350120257e+00
1.528985956878190722e+00
1.875975462190422952e-02
1.550323319543026171e-05
4.812142233413398079e-06
3.523899741461147245e-07
1.681583217645907929e-02
2.651143921532694403e+00
4.692009509814434320e-01
1.500751673054149027e+00
1.101016094394513978e+00
1.580248674899737527e+00
2.311783310669224267e+00
5.979911033077375260e-01
5.560308605388429859e-01
1.370314962418715810e-02
5.303164716882572370e-03
8.893073913363203076e-01
3.558211619948885573e+00
4.404092449640609752e-01
4.240384928378768646e-03
3.238096847399614966e-06
2.434133598996607347e-07
1.508078416311466839e-08
1.759667362330460675e-05
2.197901560954512168e-01
1.494356095584533195e+00
6.785836878196487287e-01
5.196268343721078820e-01
9.775702840069391275e-01
4.007058762563360688e+00
1.150851493994415220e+00
9.987570096418235677e-01
2.275335891124557197e-01
6.061910513959578237e-03
8.819068520040615478e-02
3.454228221189927783e+00
1.489415169886535217e+00
7.690928627541210316e-02
5.586952608818513083e-05
8.569980798349254360e-08
1.153879519979024770e-08
5.960374200927774977e-08
1.321717768823080967e-04
6.816964422292591530e-02
9.179756076519287600e-01
1.162312270692441030e-01
7.145685021878371221e-03
1.664339759239492900e-01
1.420510843256734823e+00
1.323440300397939584e+00
1.471646582609993592e+00
3.904491069394328689e-02
3.147516465772416672e-02
1.465374548542124788e+00
2.551902519599547947e+00
8.226372504503121075e-01
4.817092531572873641e-03
2.282699567589933027e-06
6.560704057702775114e-06
4.193171013437304695e-05
1.441658449993650590e-03
5.973683809039070230e-02
7.817574890028026191e-01
3.652040210691705896e-02
1.890673727788739914e-03
6.759450235239050642e-02
1.332465415664139341e+00
1.066358798557019760e+00
3.422218889150190346e-01
8.152862479599690126e-03
1.573208344855979478e-03
1.824709877023099058e-01
4.020954050426875703e+00
7.876834374017238627e-01
1.817144828202111873e-01
1.089229854597784444e-02
8.426631449651302919e-05
1.800611419222295298e-02
8.041819816797930454e-01
2.278275495700898268e-01
3.228521950195049894e-02
1.614634608096886942e-02
7.881937363589305856e-02
5.571684279021279496e-01
9.724959686359959665e-01
1.568647987494950602e+00
7.626629137078178022e-01
6.909713277776557971e-02
1.810319616618060335e-03
1.325870844240194420e-02
2.493212143754465870e+00
5.904749373844155880e-01
6.205440367790755474e-01
9.907982351593751513e-01
2.030390925096503819e-06
2.468765571338090922e-03
2.218091868341707684e+00
6.642130409425204274e-01
3.460196014769333778e-02
8.388690307957710757e-02
7.517222246075958569e-01
5.658680494445880171e-01
2.608900650917618247e-01
1.074883165018102327e+00
1.816379576530232853e+00
2.260910787168377123e+00
2.798644453216853067e-01
4.172329984306871742e-02
1.338884521217774015e+00
6.731333262512263493e-01
2.233077513167688599e-01
3.268808625819651092e-02
4.942407737291294108e-07
2.899267051550620186e-03
3.860640939067466082e+00
2.178179805315514805e+00
1.147512495032565472e+00
3.670617963617855750e+00
3.482985424023927301e+00
1.348901317740036632e+00
1.512553440113475478e+00
6.222505067394283884e+00
2.737777391106449798e+00
1.453531788486305487e+00
2.002758485346376460e+00
4.886226787340338107e-01
2.449177308308366996e+00
1.231047756471819854e+00
8.688960478721868830e-01
2.239605317176652718e-02
1.023998095076536662e-06
3.766079430443793757e-02
1.596255070686731337e+01
2.111889297331094983e+00
6.491335829004463154e-01
4.526158698689584647e-01
4.078976581093318732e-01
6.927033568140473774e-01
1.359396594980439188e+00
2.366990166241659033e+00
1.209323176767706842e+00
5.838137150530917641e-01
1.884731234709196568e-01
6.614813075497771866e-02
9.469558155282964407e-01
3.937878003167853413e-01
7.191738855567135769e-01
3.173187349861148615e-02
6.446648523323811565e-07
1.416075460654512598e-02
8.880436556545282523e-01
4.585876830387954767e-02
5.291941759234606267e-03
1.379720949642096808e-03
3.804132805531568878e-02
2.032399533500830913e+00
1.099112231176452736e+00
5.394334128809687989e-01
1.511384216672269520e+00
1.694337093847513298e+00
1.593215295828811495e-01
5.178103763717138014e-02
2.940997720277175542e+00
6.588322196229369210e-01
2.726231150686979077e-01
9.757840834857875803e-03
1.934188457029095580e-06
1.308066545737380723e-02
1.228539761797283053e-01
1.463822416441016433e-02
1.426613806904303457e-02
3.275604413525578032e-03
4.875147898892772530e-02
3.592404234952207620e+00
1.228408989117196093e+00
5.438107457429173230e-01
1.931446850465936338e+00
9.023279894734379525e-01
3.671766401229905052e-01
2.154841414944474176e-01
2.683614133040632677e+00
6.117214554262890847e-01
5.701934038783430525e-01
6.714098342482258119e-02
1.160921380273466179e-05
4.002467728484466331e-02
6.215339122044944986e-01
3.184180600578315201e-01
1.558738956099693374e+00
1.312933462049287403e+00
7.776754580261793226e-01
1.738345948777579864e+00
2.210032221545144449e+00
2.266564275026418773e+00
3.137291767243668428e+00
2.243599745894788444e-01
4.101945261213902905e-01
1.025977403387300591e+00
4.361352795279159755e-01
4.433926722603721837e-02
3.581759135310835784e-02
4.758778436078825794e-03
3.412362239531968945e-06
2.658266086760284128e-03
1.289137863722141786e+00
9.588000195378527657e-01
5.035472672011002265e-02
1.682549878844369629e-01
1.523976088068505819e+00
1.048191133741248171e+00
1.076434940495827774e+00
2.095735766031116221e+00
4.606588592937388427e+00
7.566072522896698238e-02
2.439119017006814161e-01
6.216298548449857186e+00
2.969146390685075132e-01
4.684050831623163408e-02
5.098443684432386012e-03
8.332376150365589725e-06
1.976863751904508033e-07
2.220399862006342922e-05
6.773246250904022547e-01
9.896696975188006284e-01
1.010877205334174798e-04
9.006057055943857766e-05
7.338629458155972174e-02
1.444696679436589193e+00
3.404893583145938152e+00
2.735491606599246506e+00
7.050390144607271425e-01
1.146333340076475561e-02
1.714534072245078866e-01
7.215851246934929186e+00
2.256187625910939520e-01
6.860088125064184306e-01
6.873211777614310347e-02
1.969703147412617326e-06
4.779275349418611909e-07
1.813124907518203879e-05
4.093930710175768262e-01
9.033520419590894690e-01
6.497151178627059596e-04
1.159166182091101848e-03
7.833278547782236700e-02
4.775059700204128399e-01
4.408101041462973768e+00
4.209601064121394565e+00
3.693376319385627271e-01
1.619953798209123330e-01
2.690052685834923185e+00
2.724795195166369144e+00
2.917821558024146292e-02
4.649616513552844860e-02
6.228424961120465099e-03
2.261582498259700634e-06
9.882212178168491218e-05
1.354031292186010788e-02
2.671038933584465536e+00
8.725343224579361623e-01
3.728814585698645989e-01
1.677952385810087543e+00
1.386292347416248072e-01
9.148788318720463275e-02
2.489224170332046349e+00
1.076199500666277009e+00
1.592084207378707539e-01
1.335026745346643340e+00
1.646151286199705632e+00
1.798424530854425898e-02
7.632022547586344511e-05
1.250654748237496169e-05
5.847004957809333385e-06
1.564709802705320321e-06
8.663482797918370176e-04
9.377987306503580145e-01
3.298624650598243058e+00
1.396739469009066203e-01
6.720952320147544068e-01
1.273947274498190563e-01
3.464468239760173365e-04
1.564022652019940408e-03
6.703693520700775010e-02
4.036449954249937688e-02
3.377970639188795227e-02
3.464682046059580633e-01
6.234752289564448047e-01
1.057859684594125195e-02
1.831495559418239123e-05
5.750049601871898278e-07
9.624208581843052110e-07
9.790606275050558457e-06
6.266797014545935152e-04
1.134457706184086812e+00
6.259633197385309211e-01
3.331148558560152739e-02
1.508619835389439501e-01
3.886556110553492788e-03
1.242300266069722896e-04
1.798892778497333507e-03
6.275245654771895165e-03
1.109015461951663589e-01
7.181670049459971672e-01
4.055479761945172262e-02
3.113079166468314327e-02
1.970830457885521317e-02
1.639273656117316901e-04
6.125417848434649229e-06
1.315545935480415383e-05
1.277266624475994778e-04
3.509771379387281644e-03
9.139452048556299113e-01
1.720046233047416440e-01
1.107247075768507394e-01
7.742713084651388078e-01
2.972814347135208438e-02
4.708373333353569473e-02
8.268019163178257358e-01
1.366411455543674602e-01
8.490558909649275066e-01
1.282489939830646075e-01
7.685868740877224665e-06
6.112490599069173811e-07
1.989586722059056455e-05
4.141264225076980162e-05
3.705516241824076613e-05
1.138653203617826426e-04
4.795566964925471903e-04
2.258577276346220367e-02
1.973487481468769955e+00
1.011348960419149901e+00
8.976749594184121328e-01
9.942123447233282285e-02
3.328733765219261281e-04
9.446524188710443302e-04
2.718506995296584780e-02
6.279924874404573150e-03
2.340718824273930240e-03
1.298457237903667739e-05
1.975780909335585884e-09
1.212590995050839796e-09
4.026559208362230633e-07
2.518258470832234866e-05
1.619953845225106850e-04
4.507993384485477705e-04
9.762999828297921857e-04
