6.617488641127541177e-03
9.397970534189297176e-01
6.047506696712989793e+00
1.926899437604710164e+00
8.474324976953533095e-02
2.149603177564560371e-04
2.525378879734472574e-06
4.019920096503751131e-06
8.052563994349947672e-06
1.802353525249198117e-06
2.663630935911846095e-06
2.435902715296211791e-05
2.921566143629400846e-05
1.527754273305431234e-05
3.282039900070458130e-05
9.570644466255998225e-05
1.588007781097781185e-04
2.373851342843287515e-04
1.539341525224433653e-05
5.651143259896116572e-02
3.003641775709100514e+00
1.071216170876959417e+00
8.151577951149625578e-01
1.254573332390306745e-02
1.197570543469653626e-04
3.150374353010562244e-03
4.934251100946496216e-02
9.288500483848954273e-04
3.211401351140363652e-04
4.601658382525665447e-03
3.971992258004362810e-04
4.803444275905761368e-06
4.306630354729697051e-06
3.086544345943116721e-05
9.804747799965513478e-05
1.803753757067601976e-04
2.269391757258521538e-06
2.056558547604931189e-02
8.201233648528913900e-01
7.461219107996247546e-02
1.543571751062488284e-01
7.314699712076798595e-03
4.735368726192283281e-05
6.347908183384282782e-03
8.167869891876794464e-01
1.582984896845448380e-02
2.631002972748487309e-02
2.960473611885767742e+00
2.267852735052622651e-02
4.494751196530958508e-06
1.017657369706514688e-06
1.268464376178845076e-05
7.625908675818153374e-05
1.820465489505233283e-04
4.527834530505440846e-07
2.060370953645452327e-04
3.858236075783763597e-02
1.168517651008168096e-01
7.005853759012788950e-01
5.028407041763689744e-02
1.151619814483765528e-04
2.326758642586929798e-03
2.350971783111780733e-01
3.357861266263797648e-03
4.429273727824969628e-03
9.586150654691918405e-01
9.996249279476893471e-03
2.828928754042269108e-06
7.751456474422615127e-07
7.264983902265330690e-06
5.078130706688116616e-05
1.859217110246070821e-04
5.847187946425627707e-08
2.176953344561467888e-06
1.508809310967213282e-02
8.956187556046590892e-01
1.201357459831325913e+00
9.666659351319192295e-01
1.697783098253981965e-02
2.021571592466599523e-02
6.985975665872170559e-01
4.591097473978063108e-03
1.704724377026394769e-04
4.306265600182181824e-03
3.898530999259426926e-04
9.416922013688289354e-06
7.042268945299408153e-06
5.504175430555002864e-06
1.345953621488682817e-05
1.013577429722454251e-04
1.178460481524810024e-07
2.226777375653682635e-06
3.973330837501947571e-02
8.792859961317590622e-01
1.224487849539270812e-01
8.509279660654857080e-01
3.246946606433553234e-02
1.219006329419179344e-03
1.673672688401371955e-01
9.486857313972642258e-02
4.396180529384488903e-03
2.927859822645386551e-02
1.103564234771689002e-02
7.083348695557908740e-03
1.565522746266256654e-03
6.581065867512429877e-06
1.521787177805518116e-06
2.582752068075742628e-05
1.776362961416102659e-06
5.875630050653015466e-06
2.463920546738658339e-03
9.582670676296489026e-03
1.824146532818559036e-03
1.028920567923370145e-02
2.711901939595841630e-04
8.303404522234922978e-06
1.056854252917876873e-02
6.788082594557366400e-01
2.468707112214999777e-01
6.163404300692062465e-01
2.672866786603901312e-01
8.109725570871587630e-01
5.734783775412671120e-02
8.137828135918503394e-06
3.819566763362689297e-07
9.408292243775334267e-06
1.404445929193939065e-05
3.822351330380890684e-06
1.513286097060910909e-05
3.004036536449823211e-05
1.695773138985400881e-05
3.200268302566288033e-05
1.935197515033358468e-05
2.124452840342187690e-05
1.619356255173242526e-03
5.129071990413771459e-02
1.323550263137944771e-01
3.194597033557448201e-02
1.118269524364586334e-03
5.327328900197969216e-03
3.630746374765672722e-03
7.576688722967260150e-06
9.332375814212527489e-07
1.470376607333558917e-05
1.018538286888525534e-05
9.661060818369582164e-07
1.261429916935030141e-06
1.246482419275642853e-05
1.609992934295355807e-05
7.814324386335314964e-06
3.806711135464517157e-04
2.851996979555208866e-02
1.155683044141180525e-02
3.385671356640859719e-02
1.822080546947997703e+00
2.739252081328855462e-02
4.737138224591732653e-06
2.844157139551762208e-06
3.287547124577266890e-05
1.298895080179443919e-05
1.132274349466009070e-05
6.108499002219375544e-05
1.970611325070276342e-06
8.166523266957698208e-07
9.711383664488915809e-06
8.807720850487998606e-04
3.375888369885217139e-03
3.855069152724262412e-04
7.793318329653941764e-03
8.753994327310127277e-01
2.371736116905955732e-02
9.426036770467353595e-03
1.016482727810974485e+00
5.976858511801646026e-03
2.112612203130590418e-07
5.418978466135723202e-08
2.966198071476617779e-06
3.222708137096002727e-05
8.850134678633521509e-05
1.863340474211561896e-04
5.993188529531565543e-06
5.719648820219775645e-05
3.332096933738130755e-03
9.547974854580291992e-02
7.753970245065695543e-01
1.929376423446403366e-01
2.298061823353822128e-02
1.643760034310844109e-02
1.439931274909736719e-04
4.336403110515781733e-05
2.299955456216295005e-03
1.794464980286106503e-05
6.831994635496079827e-09
9.706531749072456862e-09
9.659197416964606348e-07
2.761558219278134905e-05
1.316689398215954796e-04
2.321314875004934009e-04
7.844790983788972952e-04
4.441435159861877036e-02
9.436333978078622620e-01
8.081325394712227661e-01
1.498584003137698462e+00
1.459440940616282489e+00
1.009867470489578256e-01
3.777799669080036948e-02
6.563963274987660163e-04
4.390375081562210725e-04
2.106483292836047391e-02
1.517603923266442321e-04
4.169699729795576693e-07
7.445690568539692137e-07
3.481812842431391822e-06
1.050518125971452196e-05
4.546160491852873796e-05
1.387636711318187383e-04
1.293411210148784872e-02
8.846608219372770199e-01
1.816488340919352495e+01
5.051506563959870633e+00
7.153536149085167883e-01
2.984749771130079110e-01
1.746416394188634869e-01
1.679375414487887186e+00
1.191283427138160184e-01
3.659997906957170033e-02
8.374053424497925890e-01
7.582688805340857818e-02
2.121693835313309684e-02
1.973818330323251491e-02
1.792640194396409202e-04
4.036786286622648472e-06
6.712385303783048121e-06
4.932620080483288708e-05
4.184892609650226738e-04
3.618372382092421152e-02
5.968996331463856997e+00
2.828340233122330183e+00
3.324240958961053316e-01
6.083017416007209244e-01
1.184043099944922794e-01
1.972981040622616075e-02
5.030814160790630799e-04
1.697396884929827003e-04
6.229624553210635733e-03
4.865832528552486297e-02
8.374484957618339998e-01
9.682038576624626414e-01
2.002337779690701192e-03
5.214614169064938689e-06
1.712591820231441902e-06
1.438355284359190743e-05
2.372534148862878329e-06
7.250929956028843309e-05
1.614261553904703175e-02
4.228212979462969354e-03
6.612937802022598663e-04
1.918316360584679942e-02
2.439009705456593978e-03
3.173401014873896226e-06
5.272476026361804099e-08
7.007711515121521062e-07
1.937928769735485423e-03
1.399997196205413352e-01
7.196518864853448938e-02
5.773420882905226648e-02
3.737760162537082792e-02
4.353136014521572818e-04
4.944293052843129004e-06
6.624755018946220258e-06
3.747869646162855367e-07
2.426672635071742354e-06
6.702708457832888284e-04
1.009082450906210494e-03
5.103626853544926574e-05
6.357844807266117533e-05
8.292825967989575356e-06
3.278083646674458322e-08
1.267285689292979268e-09
1.295019446845655950e-07
1.381681801452398599e-02
1.630321283528724186e+00
7.905203990180227278e-03
6.714577566058093847e-03
8.700039550915644737e-01
2.852688541952456969e-02
1.911987394036571453e-05
5.232389470387968407e-06
3.785515351339743753e-07
2.290390937018413829e-06
5.097257302186830250e-03
9.776207176816162914e-01
7.928103189569926657e-02
2.317617350299660162e-04
1.843728272956118388e-06
3.759253518802461040e-08
1.110474926827160197e-09
2.804921977998159637e-08
4.019018908648388372e-03
4.295141487771543809e-01
9.459075950617064615e-04
7.261686855657521885e-04
4.650220987255184596e-02
1.464897360266727636e-03
5.581542240454846280e-06
6.063311501454014041e-06
5.477427112425172792e-07
1.082395376795674801e-05
7.138469655004164340e-03
9.689140337432150529e-01
8.170198578982480475e-01
2.099026888866288229e-03
7.114147419179853426e-06
1.401663671495891728e-06
1.972261028692285934e-07
2.309767281535994084e-06
3.832669416239589677e-02
5.049559522479823981e-01
5.559765028489413452e-03
5.555573015507510488e-03
3.905547755769981852e-03
2.940964442318253679e-05
2.336763832698973598e-06
1.675349000972986823e-05
4.645874642384550398e-06
2.224803567671874809e-03
4.648888802702753897e-02
2.985766389589947223e-02
2.565102603664919378e-01
3.207872710100171526e-02
2.217760833647867524e-04
9.467295211357040297e-04
6.500216063107059142e-03
2.878234012785926485e-02
9.822938526829139150e-01
2.951128517546271479e-01
2.111290510992989700e-01
8.811517176270470264e-01
4.516770258791653718e-03
7.150267878229255093e-06
4.645963875596007534e-06
6.881275087751980715e-05
9.809230935252761534e-06
4.357074640629038376e-02
7.805262006593983726e-01
1.044893481233307719e-01
1.667914784904369396e+00
9.341875965463520837e-01
6.552937546352445922e-03
3.512806694453573381e-02
8.299572432324632265e-01
1.202300273662544328e+00
7.137642626973083049e-01
9.683183236806322536e-02
5.899765412565429745e-01
1.254021457016204488e-01
1.320284290059744560e-05
1.686450627104535686e-07
3.795378802804910089e-06
1.420628372276360786e-04
6.855977087568867202e-07
3.420222064211469798e-04
6.586358616937927624e-02
1.467719102058524794e-01
1.056050662157971415e-01
8.046336251043835486e-02
5.021384260033383284e-02
2.579377614084260237e-02
3.840621281290360588e-03
2.618738525510652150e-03
1.810413327019479504e-02
8.137499395372248256e-02
1.876084691730855736e-01
3.956736961773460004e-04
3.183995308428576122e-08
1.664991220837471600e-08
3.839062060425226873e-06
1.760009250262479510e-04
1.123966865489926115e-06
2.411596998771141755e-05
1.163511976179843269e-02
7.437866046051317959e-01
1.380090336429292894e-02
7.707664204992026313e-03
8.343201894327122448e-01
3.515497920646640240e-02
3.536508702415288940e-05
8.915180742216688751e-05
4.145527406746606774e-02
1.931093205930721313e+00
8.765722752417003383e-01
8.068833142420746285e-04
5.806491554277798089e-07
5.176504897782310088e-07
1.978566857860733055e-05
2.115793866745803908e-04
4.965456103785035290e-04
2.563187222327342925e-03
2.475770964483373429e-02
2.111580860593567532e+00
1.728522312677250108e-02
1.214910663700489134e-03
4.338690233994397377e-02
1.006208730048727389e-03
1.374041725449241572e-05
1.893554833272124678e-03
9.386098301348402284e-01
1.044660727907807285e+00
3.850066704433794534e-02
6.490320878895362681e-04
3.200415016269517898e-05
2.696737022383679106e-05
8.959400955850460536e-05
2.203638289061071417e-04
5.913672943279912886e-02
8.064048993341519367e-01
2.312937999190892158e-01
2.765345313021391860e+00
6.461183167655294712e-02
1.990801074414280235e-03
7.988982793728465056e-04
4.309070975296978455e-06
1.706670554949489649e-06
8.088965035035108322e-04
1.048184585962157536e-02
1.175431828357865051e-04
2.151821358641762199e-06
3.040743829924801182e-06
2.090493994213817288e-05
7.590528980419470630e-05
1.346376982936806695e-04
2.036961918203037368e-04
1.422635788860718807e-02
9.824487331038496141e-01
1.057007960799715596e+00
4.887093386123527061e+00
1.170233803534872052e+00
8.542694974592618395e-01
4.229974954230720369e-02
9.593147307345349179e-06
6.778731916248092503e-07
1.905714130753414582e-05
2.303978380313628405e-05
4.311105832406921917e-07
6.581545690183733932e-08
7.535090961944340094e-07
2.022124870459426064e-05
1.051872777154957224e-04
1.673073404540754972e-04
2.339049571617100821e-04
