1.338970052015906016e-05
1.191252213509135697e-05
1.320246430152580185e-05
1.402332396127905336e-05
1.291236096750492121e-05
1.148550692976777991e-05
1.079534403043386346e-05
1.090141537550706940e-05
1.121530984497536747e-05
1.115941380557449696e-05
1.171099801068493409e-05
1.433017041079509252e-05
1.814768928602565430e-05
1.904613022979358001e-05
1.640652714035044563e-05
1.398896763701883171e-05
1.398435262767016875e-05
1.727913641696989533e-05
1.461842270359112520e-05
1.279738318947672748e-05
1.392082374628978282e-05
1.510340263307695529e-05
1.490117742230312535e-05
1.408604090907901839e-05
1.278762243917040265e-05
1.130936226517521078e-05
1.012829691694056181e-05
9.067359946909853114e-06
8.511968674208960977e-06
9.329079938055498481e-06
1.114769908726395895e-05
1.164273193488719876e-05
1.032682809344909021e-05
9.403563407189867500e-06
1.030887250715196872e-05
1.409095647785311617e-05
2.159699128305996474e-05
1.838214227335203968e-05
1.573804992203265096e-05
1.265505720472370532e-05
1.140714655065073401e-05
1.307596217913382354e-05
1.534242462854426423e-05
1.528657271913630891e-05
1.364413988033576405e-05
1.154347993090705914e-05
9.644757446953777284e-06
8.886522037978150854e-06
9.047305548686709070e-06
8.757737501094695323e-06
7.973147208818773479e-06
7.946465045741302275e-06
9.472679176040001779e-06
1.350693296061278465e-05
3.192081312987305115e-05
1.842241911438378013e-05
6.042557733852398326e-06
1.731129338264624473e-06
1.145473416703553404e-06
2.435413835424230850e-06
7.717752493675849676e-06
1.647941012610863772e-05
2.089663085149476906e-05
1.891007076842550304e-05
1.484049184541772997e-05
1.205866775297392798e-05
1.056688606798138589e-05
9.173758751410349480e-06
8.146846272767221909e-06
8.359375457619573445e-06
1.009207873723827774e-05
1.404292721197288296e-05
3.254434953188930460e-05
6.115913065762038728e-06
4.235393086404159594e-07
6.252295614451959278e-08
7.123331999735023884e-08
3.206465414873985356e-07
1.825608120334338472e-06
7.412724554248395068e-06
1.646683440541224481e-05
2.011264941152664964e-05
1.778581797962232625e-05
1.509366602579666403e-05
1.313888499876033288e-05
1.108722930868573874e-05
9.565303841866943713e-06
9.465130047724699855e-06
1.090211189567687571e-05
1.454987083212522566e-05
1.780630773921763188e-05
8.706235817424007308e-07
5.870322192723279339e-08
1.848914112869906904e-07
4.302572777561812319e-06
6.059641363585407959e-06
1.114184239357513297e-06
7.767301626403606665e-07
2.296690031635751074e-06
6.015772839038104952e-06
9.009920298296002927e-06
1.124761431354296616e-05
1.287430563427855740e-05
1.248846237897057911e-05
1.109166714697422688e-05
1.043568634812297808e-05
1.126495153098828911e-05
1.463490797119020851e-05
5.818519572098398674e-06
2.396327144437648829e-07
2.974432524753935222e-07
2.315298429634603857e-04
6.470341052063227627e-02
2.546973491760298400e-03
1.476774239264816837e-06
4.531918940761708392e-08
1.857268375735356936e-07
1.347821258631665363e-06
2.675722568288189175e-06
4.770678373813112793e-06
9.339632491538813464e-06
1.252930092202150977e-05
1.219414174911789131e-05
1.111339329244651257e-05
1.135906443025731182e-05
1.456652408150680840e-05
8.982042098395746677e-07
1.959532037016558649e-07
1.838082994755891697e-05
6.154766829007327772e-02
7.314895708385160678e-01
8.003537062071689606e-03
1.267520980289309627e-05
3.876454875087836750e-07
2.867009776080129452e-06
1.555459867883623220e-05
3.500575664251586378e-06
2.029406262911585386e-06
5.663628922224499267e-06
1.166361307729620522e-05
1.278873781683829751e-05
1.145798693829772623e-05
1.141790237670644636e-05
1.476825573425215267e-05
4.954286403491484234e-08
8.703387974321466810e-08
4.936865658660894622e-04
9.673307254916746478e-01
3.261563635642560910e-01
6.198594082420446488e-02
2.778685421989132709e-02
3.219701087464275132e-03
1.698507481049802564e-02
8.975751170060030856e-03
2.406139603465642633e-05
1.287641139298324591e-06
3.772124273476978778e-06
1.129883713594665573e-05
1.301099166511154764e-05
1.118509907303795998e-05
1.140447843235488175e-05
1.562897516936301865e-05
6.939290048259494311e-08
6.202738755843990621e-07
2.231002859109132517e-03
8.626347175038263648e-01
7.702005667599870486e-01
9.286938057883944442e-01
7.300134443280920093e-01
1.985430598182931772e-01
8.000884327188337863e-01
3.155743961460632380e-02
1.137072947654538167e-05
6.370624464830274671e-07
3.624262220237634176e-06
1.329816724982650351e-05
1.319113301017106158e-05
1.016241545406813601e-05
1.108371038816776531e-05
1.703838355250307049e-05
3.409279384033473347e-05
8.839231037055908166e-03
1.841631056846365633e-01
7.009600818637704012e-02
1.630462537563560910e-01
2.713408356306077907e-01
3.063611424444955683e-02
6.375217106175129489e-02
9.101010801257393423e-02
1.193247725923674398e-04
1.851865154415979173e-07
2.802944307241120618e-07
5.773171696137179399e-06
1.928632037846368227e-05
1.365118768131063784e-05
8.946411194517102776e-06
1.037149638508666296e-05
1.799436548729005446e-05
1.116738407236684573e-04
9.985838876593220448e-01
1.447710726601080289e+01
2.405945711967702183e-01
6.999500864153039847e-01
2.616539847074794256e+00
3.100606940031255254e-01
6.304369314786384404e-01
1.368678191862550755e-02
7.050402513617391078e-07
1.321460937246578696e-08
3.725318598651994035e-07
1.235503317991260817e-05
2.706551123229076648e-05
1.409472799854124055e-05
8.248812136485740034e-06
9.685400998943136531e-06
1.782001540552369457e-05
3.267582537614272561e-07
1.761399489494448398e-02
2.464690228528177585e+01
7.648096695389357436e+00
6.524532815790686335e+00
3.090161463795153107e+00
8.178932990921121693e-01
1.280961675580182479e+00
2.248419915019417639e-03
1.452219812409969793e-07
2.535357303854194409e-08
1.249957003558596085e-06
1.985727390435987954e-05
2.679572139003287402e-05
1.324318593424416033e-05
8.083780175330433675e-06
9.451685002559317118e-06
1.717016638961706720e-05
7.278188604853246620e-08
1.187822279634272692e-02
1.434187359133546380e+01
3.243626042159565515e+00
1.440193786579329505e+00
9.460409317669771223e-02
4.513402504067070414e-02
8.306774544873495314e-01
8.715266436346943979e-03
2.212984309683548780e-06
3.539594432510241090e-07
3.973572110200182052e-06
1.857789715708771047e-05
1.836861996603581212e-05
1.090939229305574493e-05
7.979735329529962000e-06
9.562213807198858255e-06
1.676281694814983834e-05
3.573946275163574276e-07
3.718929446528209531e-02
2.421306240396603471e+00
1.288223026059341914e-01
2.556443425249230184e-01
1.378853031880443968e-02
9.294350260053492897e-04
2.586445669865546776e-02
7.311301948591268987e-03
2.536688224120990792e-05
3.170452980395252335e-06
7.669073193907891879e-06
1.367698891875688356e-05
1.199867391174907180e-05
9.111956482612542534e-06
8.015894649032394937e-06
9.776150144699590009e-06
1.643925607599001920e-05
2.669264968174962897e-07
8.799024875607786705e-03
2.500516258492922361e+00
1.060078094883105004e+00
6.512655841756257447e-01
1.023316734977178536e-03
7.150879505810433809e-07
2.042679252826995176e-06
1.667032825218982842e-05
8.180734140821455989e-06
6.470229699567008681e-06
1.035291628671598976e-05
1.133917158983870149e-05
1.005048188612274132e-05
9.319643938417357303e-06
8.978877567847486280e-06
1.041459867218580392e-05
1.617189558203396642e-05
1.502495764757557311e-07
8.833584098487777406e-04
4.292611757901727554e-01
8.261282810116465924e-01
3.467092209037864192e-01
1.511793997895357971e-04
1.038147487647589952e-08
4.298362599546059445e-09
2.130834582658674659e-07
3.114333693849743153e-06
1.008207707796398211e-05
1.324556523279678690e-05
1.115302042811266023e-05
1.045366079640170712e-05
1.107075519159152348e-05
1.090408041515806072e-05
1.160947753360106655e-05
1.623506105251620513e-05
2.968472242019617215e-06
1.711262164447340320e-02
6.767602880838334833e-01
2.313464186883938956e-01
1.672936461160626553e+00
5.159864256711799158e-02
3.155436412163282381e-06
5.457898213462712161e-08
4.779448898707321915e-07
6.187478276108821732e-06
1.673513818366918673e-05
1.520982437446846190e-05
1.089676740716300688e-05
1.052871142166484751e-05
1.185073324677071316e-05
1.179993769323860127e-05
1.198574323559788127e-05
1.569887084795880950e-05
1.535484719943392031e-05
2.072679920064381814e-02
3.479124580112950837e-02
1.164645160845155731e-03
7.480782835884654258e-02
9.755148087829427217e-01
2.005663521072562679e-03
8.042129467183659508e-06
4.640863611270942265e-06
1.299946327576639423e-05
1.930611732138253972e-05
1.456244908150863583e-05
1.027956670014712848e-05
9.998033493455125287e-06
1.113208148555373696e-05
1.092488987153498558e-05
1.087496536161898466e-05
1.405544436408851635e-05
1.349545269288026938e-06
8.551132914209306848e-06
7.480993375097904974e-07
1.762173577880641747e-08
1.148264879562906601e-06
6.441425931977941624e-04
6.337768718660863375e-04
3.939304875308570931e-05
1.283648015296620185e-05
1.441109632327034864e-05
1.603028545318253573e-05
1.317661044986042906e-05
1.061262178984300699e-05
1.052204300317847539e-05
1.106043690662395481e-05
1.033421866279609262e-05
1.009815392546154294e-05
1.310331116895401176e-05
9.558752003409958361e-07
2.480080059667575848e-07
1.549839338917373495e-08
1.488047344824653537e-09
1.834850798831653018e-08
2.874965529126842127e-06
2.910900319943368400e-05
2.058353430935910575e-05
1.160858983073473996e-05
1.091391911589605139e-05
1.203043923127903526e-05
1.201022550840541157e-05
1.142637416977353948e-05
1.141873193111903051e-05
1.123040879084675681e-05
1.034343883673523285e-05
1.051866976804319296e-05
1.399114403230420958e-05
8.303758785697555253e-06
3.294277505661786402e-06
9.740696301734398106e-07
3.972917466187222705e-07
8.210744465413551818e-07
4.752340294351218040e-06
1.237915998207670210e-05
1.109428208648285732e-05
8.404617679280501988e-06
8.500412294420412823e-06
1.000770316732174893e-05
1.114429930086463405e-05
1.126212615867415304e-05
1.085977223617735712e-05
1.025818288766560247e-05
9.945360760515110021e-06
1.118796795882095904e-05
1.560769000292491892e-05
2.610619053813134115e-05
2.402967980239178395e-05
2.115877098130594094e-05
1.754999364843541426e-05
1.658655335830476514e-05
1.629958177211203633e-05
1.279920753815245092e-05
8.990869930024678885e-06
7.792689554891596155e-06
8.887750422931592031e-06
1.073081512291740131e-05
1.141749921429558428e-05
1.083322510302042450e-05
1.006118100326927869e-05
9.627278125210338061e-06
9.929251257084851164e-06
1.188235231684705685e-05
1.677616062450858387e-05
2.021226768042424924e-05
2.083811594341006086e-05
2.332410057583707955e-05
2.455559799343106674e-05
2.300545901065954683e-05
1.820062361985776833e-05
1.268595950782977034e-05
9.655037467014511746e-06
9.662761339545430445e-06
1.191587744359296471e-05
1.386561178324085460e-05
1.315447022366959743e-05
1.153618571137054994e-05
1.099786115529570851e-05
1.137899037831194641e-05
1.224233534918849266e-05
1.428129159555755612e-05
1.881614069970372310e-05
1.388308096051441462e-05
1.225617269017523365e-05
1.273051341846557726e-05
1.424298382998506326e-05
1.581967705323991785e-05
1.582734568422508649e-05
1.413440839019096854e-05
1.294212752285194725e-05
1.398042133145183744e-05
1.692666618074997208e-05
1.841680461474225287e-05
1.634475685408046068e-05
1.420346463282837797e-05
1.454791379945461768e-05
1.650424889500054328e-05
1.824468675469445353e-05
1.996318155081080781e-05
2.337151012331023192e-05
