2.732398763425719981e-02
4.958987817537109599e+00
9.075215760851158109e+00
1.891914220287053139e+00
7.080754557300314445e-02
2.240975338939940002e-03
2.372391001428320793e-04
6.900202228498479931e-03
6.345875354548689840e-02
8.311465665686090104e-03
1.917682493455210788e-02
1.904757388483120217e-03
1.773224482223187382e-04
4.045227602291474162e-04
1.040637773344798211e-04
3.973675404017373890e-05
1.577915287041463887e-04
7.344968047691002736e-04
1.019488903584710518e-02
3.885998088362215164e+00
5.111675231003975028e+00
9.233684573012646002e-01
1.098831286654880168e+00
8.555930318080707808e-01
2.309347819626448098e-02
1.356782410273011663e-01
1.507201146137095549e+00
2.997630296249134685e-01
7.355141882000599818e-01
4.944752724871524785e-02
1.137942432683373278e-02
8.474312234150998407e-03
2.353253666169367880e-05
7.939392966927527398e-07
8.110514746138976528e-06
1.739899669970643083e-04
1.876127495390500543e-03
1.108802752736987030e+00
9.202193347396228074e-01
1.337441823747317036e-02
6.291693343630712539e-03
1.168039945346051843e-02
5.802283470833654276e-04
4.367391119068065285e-03
2.803588904776879165e-01
2.818134432761818520e-01
1.602686528410987243e+00
1.594541132984026888e+00
6.529771248339142353e-01
3.120374447740643237e-02
6.762671005052389225e-06
6.692073485379041273e-08
4.746717883911359680e-07
1.334705020420439653e-05
7.839745514267904697e-03
9.170977192909925968e-01
3.408497933448961098e-02
1.170412866142997339e-05
4.532161389343612477e-07
1.078064468047249154e-06
1.886438965325151226e-06
5.378241047840591482e-04
6.536247332473074101e-01
6.322455195430186636e-01
4.243888539935660176e-01
1.398779140375253860e+00
1.197434467304967276e+00
1.319869628621716251e-01
3.480039084405827363e-04
5.183638547996648589e-06
1.311762139103980565e-06
8.313151807647070565e-07
3.630253273023768042e-03
1.170994268166639617e-02
6.768092849761161685e-05
2.833737220863091212e-08
1.049079469237248461e-09
5.153270489990510006e-09
2.008156777593887899e-07
3.231688292195060820e-04
3.970438811492888465e-01
2.161425986333925797e-01
1.214536731989679548e-02
1.719702558486499444e-02
3.760093241948088694e-01
1.517340841961394071e+00
4.377692829313451633e-02
1.353730886650914879e-02
5.329816241671581425e-04
4.597687694606325325e-07
3.150313149899142378e-05
2.523972538933551952e-05
1.751190367345387930e-05
1.221872084378994580e-06
2.859476188046475423e-08
2.363100886633016192e-08
1.793402224212131222e-06
2.599804487038696529e-03
7.144406192184558080e-01
6.261589192484973143e-01
4.495840346795733355e-02
1.396259084989536457e-02
6.327141868999884844e-01
4.394918960000251396e+00
9.862137800940873333e-02
8.515153869314010526e-01
7.177860244114842025e-02
7.224221697555411198e-07
8.297841818700223567e-07
3.475009464497871779e-06
4.342998162147958946e-03
6.598191038145226339e-02
5.192315080939006013e-04
1.232676572222578281e-05
1.048230260406952713e-05
3.618880084228544704e-04
7.651938185299667072e-02
6.675695340134162326e-01
6.501256424250878574e-01
1.838853644579556690e-01
3.512406466126323235e-01
2.278919743068723136e+00
4.621058444122582154e-01
7.764673413991747264e-01
5.361075030919014613e-03
6.510601941659069903e-08
5.197626962847752058e-07
5.161409781029715662e-06
2.537697309022369369e-02
6.986580803035850051e-01
6.944123955506240065e-02
1.702105747140593428e-02
2.403577551389900376e-04
3.287221401465778835e-05
7.380607370539856577e-03
2.870969913499353821e-01
4.989992866085443124e-01
5.051422377449271695e-01
1.018347800734655945e-01
4.094633045864017884e-01
1.501466858566539830e+00
2.743917914166003613e-01
5.428142935808794121e-04
1.334761530325738392e-07
3.290104804949722262e-06
7.065511834126519334e-05
7.849190826806755339e-02
2.907483036688118250e-01
1.073834161787277364e-01
7.600281800178259051e-01
9.816629814808998378e-02
6.175462890072609852e-03
7.937021792260906539e-02
2.752364501376743933e-01
3.299737757339950978e-02
2.670124385128711669e-02
4.977142249539294461e-02
6.905606256634176932e-01
2.530149432684813515e+00
6.533874752758622728e-01
1.103063801664227600e-01
5.689836234305492742e-04
1.730162806577325736e-05
7.374763686982888436e-04
7.751317016343314270e-01
1.719697336581187397e+00
3.051437912457102483e-02
1.313276336377698812e-02
1.260081539073359125e-01
7.394905323283795795e-01
1.157666061621952291e+00
7.035416680991664062e-01
7.890624894769540307e-03
5.810661288927713303e-05
1.412631392976630099e-04
8.903106224379957190e-02
1.551101809122954700e+00
3.645389297468901724e-01
6.993823454572347664e-01
2.430800548727682017e-02
3.200188871070132118e-04
1.338467940472110734e-02
4.059955869362307790e-01
4.294903231435877322e-02
3.062439056883110660e-04
5.794537397646438802e-05
9.691797654871674942e-04
1.642653702307810687e-02
2.550400990934641524e-02
4.943018779084622227e-02
2.811001156730278533e-03
1.025946124072618823e-05
5.296924194786965970e-06
6.330911722877060992e-03
2.293565902433627901e+00
8.757355785056001318e-01
2.775382363569179889e-01
7.888897315669328100e-03
1.923613468392045217e-03
9.628130546133844003e-01
8.554307610512537963e+00
9.496117146039960433e-02
5.597510643365385258e-03
6.571594491602658801e-03
2.800329371471194789e-03
2.266059986888914295e-03
1.503195291039187420e-02
4.596007786546686680e-02
8.570195590566627789e-03
6.281754903950535589e-03
1.574603428899107316e-02
1.033508030095495467e-01
2.647941833225543995e+00
3.005219756979748524e+00
7.076426853726893729e-01
1.677434628943467315e-02
1.152673153149347147e-05
4.337917888768095392e-02
2.426808469500678811e+01
8.033974903630161535e+00
2.923754795606665180e+00
9.262603610867061743e-01
1.025145789906707280e-02
6.761815391377063583e-03
9.663503349342962290e-01
8.959014695952717267e-01
6.344559682618163866e-03
3.304879827352256993e-02
7.511901410112119537e-01
5.224924239286857924e-02
4.269003803912128220e-02
3.862965245023797234e-01
9.586431103069326110e-02
9.634845774752077551e-04
1.153856034203633123e-06
3.344352031380750951e-03
1.918623260707537526e+00
1.718223483851025080e+00
1.218344493820782803e+00
4.313137275496616019e-02
4.498068264895498905e-05
2.522429742834039759e-05
9.666509144551114346e-03
3.280854256379734518e-02
2.839909127038454679e-04
1.469802206160505205e-03
2.407317491354165895e-01
5.493901631872068897e-02
7.489309015103051692e-02
1.445697352368767064e+00
1.622436641523562068e-02
9.031882641179290517e-06
2.597081278519700263e-05
1.954329207501401960e-02
8.477760042354046677e-01
5.236294425954357568e-01
6.630483671693271353e-01
1.594134619029090316e-02
2.451829890050109218e-05
4.430228626749041219e-06
3.583008327368024555e-04
6.911702242479940417e-02
4.253925615442727404e-02
3.165208390610821376e-02
7.624857952886819890e-01
7.883957537868823140e-01
1.005256479740302522e+00
1.395850407729842368e+00
2.092888429649979003e-03
1.826694352519507612e-06
1.174460115864503119e-05
5.182213273402181070e-04
8.048408660667491499e-02
7.028470642128411550e-01
1.307566064766388370e-01
6.111617144725545528e-03
9.509064390808038073e-03
1.393124117578366065e-02
1.685650091385544613e-02
8.255255304972032304e-01
8.384461974588953703e-01
3.832190807630327795e-02
5.231873443658235923e-02
3.934126439580821755e-01
2.931118758501761068e+00
7.644392968270219413e-01
1.509823267605616250e-03
1.441446204063078984e-05
7.394193023390932247e-07
1.477744165286891823e-06
9.736469389088475831e-04
3.425146790388491902e-02
2.303893529735822807e-04
2.663799521410156133e-05
3.318551740449422749e-02
8.395184346205780690e-01
1.130152377718794676e-01
2.121400727222323424e-01
1.272291830360388620e-01
4.767150590794159287e-02
6.880395196613735276e-02
5.316189817046073074e-01
3.065942817636392537e+00
8.739183776188973185e-02
2.630391589374173316e-04
3.587058447171486889e-05
1.316148379583792934e-06
1.494136769053311926e-06
1.762988881663385366e-03
8.500393023687650984e-02
1.652408949883411252e-04
2.876044120192662336e-06
1.500805932260428598e-04
3.834827815242575558e-03
6.796919386429506327e-02
4.953286577964430282e-01
2.113412987677903976e-01
7.088611833694125064e-01
9.177784725520945486e-01
1.442370708079368180e+00
9.690060840633888395e-01
1.444511727308057198e-03
4.807372370156037294e-06
9.301988125478763414e-06
5.318213706850536829e-06
9.381688415333368778e-06
1.209355489322474185e-02
7.924545510254064062e-01
5.528875495783768142e-03
3.545524043684296670e-05
7.591795148824011936e-06
9.597012662759826329e-05
1.700423350864337102e-01
1.903754098326546629e-01
1.869066415967398937e-03
1.911208853057370927e-02
3.220867735208199356e-01
2.552625033081501904e+00
9.765597572296709217e-01
4.702769503301285504e-04
2.749696013347360960e-06
1.464755204449647423e-05
3.399629536681961069e-06
4.367201672281765100e-06
3.432348502008706302e-03
2.034845598890613616e-01
1.288697999322721381e-02
2.774621591001224640e-03
8.889649236013963266e-04
2.790137623108681231e-03
6.283655377382764140e-01
1.455801485388293764e-02
9.976445037593430285e-05
1.531386968852787786e-02
7.173291731211547395e-01
1.313346836678817464e+00
2.984355796341091327e-02
1.194167863641037598e-05
1.051320976624690465e-06
3.139667270946871883e-05
1.560922490913747390e-06
4.952308389439705648e-06
1.315843841467731652e-02
8.128477036826451396e-01
2.212607620570826439e-02
3.673545103360768144e-02
7.833789913966345830e-01
4.300625886806201392e-01
8.015212777806611510e-02
9.320924522928432940e-04
2.439155194101844115e-03
1.959576595642696706e+00
5.189852728608705057e+00
1.813750561137254858e+00
7.402522231363101342e-03
7.259008199963838229e-07
1.789414311633918771e-07
2.334397832446301295e-05
1.988538700424251156e-06
1.819010716066924777e-05
1.382277322610286907e-02
3.753816868592352307e-02
2.248466005892056622e-05
2.352534951559872019e-05
1.307245173696125196e-01
1.486200041498312974e+00
2.598309000676207736e-02
3.559373823730808181e-03
1.538464647828335363e-01
1.731204935478958040e+00
1.910815421626723409e-01
8.843214727873258685e-01
4.924548326759464745e-02
3.512138907018946017e-06
3.099627829040560367e-07
2.540929448004882919e-05
3.854448492464631151e-05
1.347648060901234044e-03
1.606465779927305701e-02
2.750639950598330664e-04
2.012252366841409472e-08
5.281906544929854409e-08
3.057077718004288895e-03
3.422992924714594043e-01
9.085860343341599366e-02
7.888919615030431931e-01
4.085912570295595181e+00
2.022740363615733311e-02
1.070206006959402163e-04
1.837204640510990651e-03
2.855768981117627961e-03
9.159304086805826825e-06
2.196408674421030187e-06
6.282204218931264719e-05
5.260787971317623830e-03
1.012483982953542361e+00
1.929893650026472285e+00
3.061803087974081933e-02
2.568094954467044287e-05
4.208149423841620659e-04
1.016113893905708387e+00
1.648348892417393463e+00
1.234378929823452264e-01
1.001023683721695701e+00
9.757549763748627480e-01
6.307833170504480646e-04
2.285442298311772586e-06
1.213139716831630784e-05
6.509572068806277498e-05
1.673752470923645433e-05
2.291606612460200516e-05
2.113457676573862699e-04
6.416000228605110711e-02
3.789967536669704984e+00
6.376447849990630523e+00
8.552845959697799927e+00
4.279157883394743012e-01
6.291989683057810367e-01
2.478665065844354864e-01
1.703156949848260750e-03
1.398631780519907664e-04
1.117663223463444006e-03
4.817546516861745051e-03
2.287337017938274040e-04
1.311278323219350404e-05
2.336321516484609077e-05
7.734886011220284746e-05
1.048125871928668791e-04
2.031513698421873865e-04
6.160853583729752241e-04
