7.192228879916690888e-03
1.957365076375345403e+00
5.028862336755453022e+00
3.046787887962630670e+00
1.894824559272366704e+00
4.715769312566806676e-02
1.406527853979445443e-02
3.940000360144383859e-03
1.532472046686857723e-04
2.096520552188422528e-04
8.576209977003431569e-06
2.009006273427184147e-08
4.396148142132566610e-08
1.664489252597988622e-05
2.209601645926684320e-04
5.132393632856350780e-05
3.467782172248212529e-05
1.374526001205505956e-04
1.903901653487703592e-05
5.693630343177980002e-02
1.897339729849015555e+00
5.410943660023104229e-02
1.129321230188466132e-03
4.970932587143397658e-04
4.782316818575536865e-02
7.616181408873183845e-01
3.044687701789180467e-01
1.763930959626181183e+00
1.382586240723532034e-01
1.985705985981154839e-04
1.002170278711815246e-04
1.268668024075438917e-02
1.201671756959001372e-02
3.940175823125435811e-05
2.823377304808064543e-06
1.380139820573129168e-05
6.058737051654671498e-07
2.144668744164081125e-04
5.432465734423808264e-03
2.215444352819449607e-04
1.559728563658879349e-05
1.477451487827901406e-05
4.468467251526968796e-04
6.485508802952368035e-02
9.160162233976494317e-01
4.978705566481821165e+00
5.066819299517621111e+00
7.191069831632282972e-01
2.512851909667512817e-01
7.941559288686961260e-01
1.714942157077668089e-02
4.657069097008156799e-06
1.773997507561581507e-07
9.685553530072710001e-07
1.790180342232248046e-06
6.954749609636853951e-06
1.188383176040065469e-05
1.738724897462957348e-05
7.842055703096338865e-04
2.196640181019587044e-03
8.608704336372382214e-04
2.503847408501578067e-02
3.124590452862986006e-02
1.056163075092525451e-03
1.210108346171031961e-02
1.275425349626174931e+00
2.714067172217967450e+00
1.245414067475566933e+00
6.070553580253259737e-03
8.450443865840814669e-06
2.268749067671325902e-06
2.657370210071589847e-06
3.275464013702221851e-05
7.290903699299978323e-06
1.100029698036068993e-06
1.210194278044737219e-05
4.362471482247989862e-02
8.644743882798980872e-01
1.508699594057046067e-01
8.441713182910960400e-01
2.227311529024008155e-02
3.673290553674941243e-05
1.391958186420774648e-03
6.124929637745183397e-01
4.411662933051180069e+00
3.653135200253489590e+00
1.608052812815282187e-02
1.191799615433276937e-03
2.227100258462642174e-02
1.706467076217466940e-03
3.333390229107143291e-04
4.050579585218860710e-05
1.781009556099176244e-06
3.551940647149709677e-06
1.138899533301428483e-03
9.497750939864832778e-03
2.415475482001251673e-03
8.464678644413393960e-03
3.943347557890880019e-03
4.172268393531088602e-03
1.561783883478800594e-01
1.822828937770213653e-01
8.010257436376141404e-01
6.208156642414687454e+00
1.573748884316761645e-02
4.048148403257591926e-03
9.092608485956866771e-01
2.864015444497731294e-02
6.002412466762062099e-04
4.863869366211029296e-05
1.275460078664363230e-06
4.102882475257888169e-07
2.618893493411389118e-06
1.739156100761516717e-06
1.513717543871396856e-07
1.609687877062619860e-07
9.913899823433532592e-06
2.947124558950259959e-02
6.253831735074328879e-01
7.321391109308926504e-03
4.925192471298344560e-02
8.775261145569862364e+00
1.211389348331279869e-01
2.006539140823355473e-03
2.277892047102287893e-03
2.882187866452182547e-05
8.328714206727095594e-05
1.600794939969722016e-06
9.462747799282874551e-08
5.108880009536764485e-07
8.144740313094034359e-06
2.117801309603521412e-06
1.332761208358783111e-07
1.122180421461435173e-07
1.461815382290563202e-05
3.698958482222269861e-02
2.902574003453332607e-01
3.643100459675034652e-02
1.656609437078928604e-01
2.014405262076656378e+00
8.527184054489983511e-01
6.725464841414915962e-02
4.773941082919712191e-04
5.621919949846436807e-07
2.083144586210404854e-06
2.200819868082359072e-08
4.624794857103521712e-08
1.200286182676374007e-04
2.297393276915126598e-02
1.861533440939077202e-03
5.526483500865282195e-04
5.607010028792811830e-03
7.777879747212317063e-02
8.027368730829703702e-01
9.703135165062984901e-01
1.759502203043689761e+00
7.919441112735277066e-01
6.868365455251655705e-02
2.193457711125419152e-01
1.702506279545760615e+00
1.644576838697064114e-01
3.125455202718714393e-04
2.570419219887640696e-07
7.104708579133706821e-08
1.128313019407108350e-05
7.822885080765117072e-02
8.657333476486026580e-01
1.023055097255323731e-02
3.151117239721858143e-02
8.462249410778652781e-01
7.270504731948797261e-02
9.338706936578382994e-03
4.389592074371913288e-02
2.983185525102548530e-01
6.113547894886859485e-02
4.193948375612102653e-02
7.638261155475727371e-01
1.442906832155644636e+00
6.287892025672979779e-01
1.391601813985139831e-02
9.059401603935435470e-07
1.161933640852309482e-04
6.144857682867266302e-02
8.221481700161444861e-01
1.278304855629141812e-01
8.297778643559707706e-03
8.973061746971312813e-02
4.048620262230925165e-02
1.021440687701343929e-05
2.227372351133713704e-06
8.976597414724677565e-03
7.331594491642244860e-01
1.523633631825572696e-02
1.738624045740633575e-02
9.217819425626478935e-01
7.652893133650376933e-01
3.714514989429164582e-01
8.710274494764205788e-03
3.563732278961097217e-06
3.037349410848258144e-02
1.084449030279857418e+01
3.248593287083340275e+00
9.192180714366934291e-01
1.022383699866921791e+00
1.786561571520695724e+00
5.179044519182897030e-03
9.745677446331281898e-08
4.691117830939179337e-08
9.262173095231077862e-04
7.376508775346860003e-02
6.332592008752738286e-04
6.132275798571686174e-04
1.039993338341328594e-01
1.226884385434109381e+00
2.576858187871403416e+00
1.790061189546738110e-02
1.711834042239950770e-06
2.026245873378621637e-02
2.197935580189130533e+01
1.499271756123382104e+01
3.807750729099813825e+00
3.088471989866949485e+00
3.184494287901287191e+00
8.932862046629195044e-03
3.575002672638628142e-07
2.226540080384118844e-08
4.249390226788715829e-06
1.760514119676250108e-04
1.314036063162711586e-04
5.675765574908630401e-03
1.974022741486225030e+00
4.811757129598786875e+00
1.282409988409214607e+00
6.640048205871423165e-03
1.496052691389550638e-06
6.057254058503346895e-03
2.699535816190826409e+01
1.011755641783432402e+01
5.345776159469163569e-02
4.362218805123161541e-02
7.540584099667656526e-01
1.695498335068023818e-02
3.775090294351343567e-06
1.449149920296588008e-07
1.191797178215254851e-05
6.819586556955387069e-03
2.094336038726377081e-02
5.584015216526835163e-02
3.680675554031826557e+00
5.358534012216837006e+00
7.938953308681778731e-01
1.709723393382513168e-02
2.769519427156823253e-06
1.247381517549145781e-03
2.992490582716466729e+00
7.975053267424555559e-01
5.131361118252701116e-03
2.852180201163941747e-02
1.186273958796003891e-01
3.283720197687958731e-04
5.308545533464598393e-07
1.906121094664500705e-07
1.028981560056723592e-04
9.980866510724876184e-01
8.548151376676541569e-01
2.033194983918561183e-02
4.801379027282731693e-01
6.163370243876796772e-01
1.957699811388668304e-02
2.298716243746865267e-03
2.251092414100417600e-06
3.738228675417460691e-05
2.119330606651300547e-02
1.371380965303717892e-01
1.155584106556779428e-01
8.164653842829344699e-01
1.231426417297751957e-02
1.317385034277667358e-06
1.489452619393688014e-08
1.670282353331991279e-08
3.020558805724601848e-06
5.811708317554034608e-02
1.042414173054597271e+00
1.714414400215241996e-01
4.251721502922112705e+00
5.463661301909105150e-01
2.137416194170468279e-04
1.031849556875172860e-05
4.926904751840689704e-06
1.701902354828301774e-05
8.419268343543196212e-03
8.654580701856712244e-01
9.700372719242292829e-01
6.392674274000791079e-02
6.504622511593877556e-05
9.338707215581031851e-08
1.639889160679848032e-08
7.349239806303301231e-09
4.552646528712223178e-08
4.088917407837202667e-04
7.392306326718899312e-01
1.237488398135009771e+00
4.282246456183842476e+00
2.654090554387109169e+00
5.264029546552017984e-03
3.583694457682447965e-05
2.744220909283095962e-05
3.287489987074681017e-05
1.979103837776777491e-03
4.330830134841086310e-02
2.789230783177144846e-03
7.750679327068598913e-06
1.745766291084599679e-07
4.720622914447871176e-07
2.919954398377409463e-06
2.027224134111556388e-07
4.044897251889754983e-08
5.413984691381395868e-05
4.105518870988030256e-01
2.277000906658166457e+00
1.431205226797843455e+00
9.445953112137284169e-01
9.244833103958292539e-03
6.433084646059268792e-05
8.083446002348471072e-05
1.806573779565345678e-05
1.948836108404886820e-05
2.113287241622158766e-05
1.668350375740436250e-06
6.222767269889871124e-08
3.025186155992670655e-07
4.525999845990610090e-04
2.132148910637311767e-02
1.162385385553050008e-04
2.013831475331073870e-06
4.633524089924348000e-04
5.648794913538914830e-01
2.900970374928578455e+00
2.190514853239750259e+00
2.754274296778745357e-01
6.917213165753209299e-04
8.835333817163323292e-06
1.478866231883588949e-04
2.232657057519675593e-05
5.174324610384281770e-06
2.464172546707697926e-06
8.841975280893964620e-07
3.337294988689146571e-07
6.902835950299316425e-06
1.951733014988863910e-02
9.243240092719221535e-01
7.334945695196710795e-03
3.849261378278745005e-04
4.607188337901620134e-02
4.263523881070190313e+00
3.330914128558671194e+00
1.715717482979237873e+00
7.297554250487392480e-01
8.657632864562092231e-03
1.049061404804466806e-04
1.519465248940038567e-04
2.861132316332728277e-05
9.817831474777322852e-06
1.280851976417328385e-05
1.201502928682983721e-05
1.788264785245063725e-06
9.073962785083861413e-07
5.482818300972233037e-05
6.068455646613482753e-03
1.587242147220219168e-02
7.512338418265822326e-02
2.845164679478228820e+00
1.096375264703652874e+01
3.267850138386041881e+00
6.454965549264056746e-01
9.107477793956193779e-02
3.603672392354648809e-03
2.413132625385636684e-04
7.601929815981442950e-05
7.466911443228414859e-06
2.652981207987218132e-06
2.707801769156773452e-05
1.362145350649742956e-04
3.087590260035277353e-06
1.453626085178581994e-08
1.147229078008938924e-07
4.321289237907420294e-04
1.068434916728514955e-01
1.685994589887766404e+00
9.344691959526228331e+00
3.816964385653007774e+00
2.045926154985429513e+00
8.422942154200459275e-02
6.612716710031967774e-05
1.272840665450377091e-06
5.528885097191146703e-06
8.374856258427378856e-05
6.449106116942937791e-06
2.562107558774358043e-06
2.571492311330655684e-04
9.211155206060014922e-03
1.013093302089534715e-04
5.830206619782445491e-08
1.514852886940757225e-06
5.887892106240214668e-02
3.730683764415002823e+00
3.533234963267330109e+00
2.480185137914528326e+00
3.388783045344446188e-01
7.892296586661934343e-01
3.046033376526986053e-02
1.291360740494362867e-06
2.126134195090218265e-08
1.197653476587331366e-06
1.178024282628302877e-03
8.192305644785564554e-04
8.373424710018859650e-04
5.559140460597870870e-02
9.022632568325759106e-01
4.676494063978699905e-02
1.466433388313028168e-04
3.171841824400300526e-03
1.999287773463802598e+00
2.030515021603060966e+00
8.614126387138457686e-01
8.082968864658494901e-02
1.024097857416993596e-03
6.032060500315280203e-03
6.660194911522524484e-03
7.608139382766803655e-06
4.728521751420326592e-07
1.262536442417504781e-05
4.485825968529154328e-02
8.551261291118970043e-01
2.252566875649446132e+00
3.596846788092888048e+00
1.493990023111291920e+00
1.534867574974719151e+00
3.669325932687299008e-01
7.374504143086282326e-01
1.167602769108018468e-01
1.519126583248052919e-03
2.801444496165780059e-03
4.711082135961152718e-04
3.763426499336554913e-06
1.968243411503217962e-05
3.574930296317518192e-04
7.269046857843436513e-05
3.369707300245470058e-05
1.857398755501475792e-04
