1.663857459205429030e-03
1.556346591996816270e-03
7.142182707989891931e-03
9.261163004495446757e-03
2.933922081993630901e-03
2.237164533999453416e-03
2.566005130189681627e-03
2.033139357648334339e-03
2.440151586280329618e-03
2.284992580336906581e-03
1.398977943493847536e-03
1.411414712194198305e-03
1.658097844135979302e-03
1.557112326185766150e-03
1.544117185045813107e-03
1.553071051395549977e-03
1.841462881348401902e-03
1.805525360240020855e-03
2.065021077550620223e-03
1.781959656390429483e-03
2.710175606369008821e-03
1.843310993238328737e-03
1.191003988744375377e-03
1.657882464301710422e-03
1.858190042495477638e-03
1.755972733966609236e-03
3.678499906114016289e-03
5.602856687465758607e-03
2.859067697674957161e-03
1.517388424000043565e-03
1.607379778944157149e-03
2.169310590184869974e-03
1.942860698902907799e-03
1.431351076923002450e-03
1.668953492612169735e-03
1.504270968523669727e-03
1.821380357473837254e-03
2.021649294038332240e-03
3.502098023554680705e-03
2.432232568635268530e-03
1.776340129081208346e-03
1.628483471017335826e-03
1.243625397728822688e-03
1.604491047350856733e-03
3.562036084973999386e-03
3.863441112535481378e-03
2.387632836056055325e-03
2.121319919707318532e-03
2.114089719824420541e-03
1.744026018153231388e-03
1.629863889026719054e-03
1.784767377346955586e-03
1.790504619458531399e-03
1.886382440286148285e-03
2.074225198351657435e-03
1.963894981297935154e-03
3.411675245181900688e-03
2.893644757036381403e-03
2.900844268708233260e-03
2.919956381729649653e-03
2.534885961158766902e-03
3.042882991191177972e-03
3.500448491577315066e-03
2.244834022641855643e-03
1.679238578632453798e-03
2.611106802667116557e-03
3.323341596868967934e-03
1.942747165696285996e-03
1.563052870227292675e-03
2.065062591684207593e-03
1.552147769411271055e-03
1.709281885789352886e-03
1.602078961223928196e-03
1.408694564279744073e-03
2.050538651324032222e-03
2.129380910324429714e-03
2.987144724981895868e-03
3.810569078428061550e-03
3.866511646077795857e-03
2.632946986243379223e-03
1.385924054463428309e-03
1.043898341547464057e-03
1.203359634238921564e-03
2.435100083118191521e-03
5.341091523245064532e-03
3.206400765822156867e-03
1.328234576212594100e-03
1.541541333779226051e-03
1.586852107786808049e-03
1.431900556296557053e-03
1.319599934247316737e-03
1.461068738828824121e-03
1.694884010267774712e-03
1.798196040586004128e-03
2.086499066544015429e-03
1.915459338432543056e-03
1.970561021182711849e-03
1.674014314802379187e-03
1.576904573116991214e-03
2.488167951845937469e-03
2.132543608733945828e-03
1.803650987141052452e-03
4.423470691030261318e-03
4.823145011161304556e-03
1.730584875740227369e-03
1.495956189799405684e-03
2.180955066335147057e-03
1.631526946829979768e-03
1.871397350892534334e-03
1.689997600068070477e-03
1.488757212902545044e-03
1.918908285334315622e-03
1.922687783783203017e-03
1.300168012225343768e-03
1.181774049525411568e-03
1.312341208869350923e-03
3.199954841509655007e-03
9.950240720140481054e-03
4.779959278270582215e-03
1.320767430893983506e-03
2.097316503135254057e-03
4.841231072900942754e-03
3.468208337596212238e-03
1.810747239405619165e-03
1.764015980447704865e-03
1.362589692160969370e-03
1.859692560097005046e-03
1.379507190245385937e-03
1.356278058229539287e-03
2.400983021820564216e-03
2.319350718639204972e-03
1.948193353120054655e-03
2.058928602830289393e-03
1.179068736888556597e-03
1.594025019459631171e-03
5.348569836010086745e-03
4.483402652008077784e-03
1.552308388778166634e-03
1.212609756499556483e-03
2.646369313949735545e-03
4.229541920932269536e-03
2.041249254333579125e-03
1.495705787969662777e-03
1.519164743690225002e-03
1.582630882051395916e-03
1.887132603390590229e-03
2.442770033059570630e-03
3.246661320932959106e-03
2.151165609654157040e-03
1.937171514201610229e-03
2.832748883029924739e-03
1.240046804467760493e-03
7.076326013213289157e-04
1.452905485613862919e-03
2.803974387136918319e-03
2.541029976360998765e-03
1.185266405099625209e-03
1.458706908247537227e-03
3.108601383018882135e-03
1.784915003385467453e-03
1.606247417611736091e-03
2.230575423829351221e-03
1.835541051121200151e-03
2.098624962450722740e-03
2.739377568811921047e-03
2.286161133348874573e-03
1.790142321595872103e-03
1.495565257999453748e-03
1.584447799960284108e-03
1.033154976850788513e-03
7.524769319214778904e-04
8.838915083282463964e-04
1.471274637838076906e-03
2.217620818432544400e-03
1.316358005088107998e-03
1.499306132346809239e-03
2.804805783920660215e-03
1.513970537926278073e-03
1.453706189364279170e-03
1.823951446016304056e-03
1.542309496783053234e-03
1.174172189851332374e-03
3.654568036432214416e-03
2.565282176994861368e-03
2.257969265558922804e-03
1.873616807064082488e-03
1.050023636788933838e-03
6.841289117132031902e-04
7.215167134088125564e-04
7.646521564990566575e-04
1.050716182591812046e-03
2.061446004246605870e-03
2.055325661523324174e-03
2.142714725290589296e-03
2.697459418105774970e-03
1.779462184346681684e-03
1.866706048024852418e-03
1.567019077370580653e-03
1.369332623005539967e-03
1.757651716531084081e-03
2.932352855238579137e-02
1.176008556975376672e-02
2.460508774004389367e-03
1.471924310182183863e-03
1.003023114250126092e-03
7.313391767724763352e-04
7.311877612089925449e-04
7.895271099873747223e-04
1.184112603338193827e-03
2.596151726294761847e-03
3.342121124149817143e-03
2.490336117674702126e-03
2.024455113898936814e-03
2.097506016100100269e-03
2.435385466617564446e-03
1.542762690909086926e-03
1.565387233782417151e-03
2.348028444642355321e-03
3.423475414855867149e-02
1.012022942372116548e-02
1.263152107206790779e-03
7.357596035575184176e-04
8.061114817063902514e-04
9.270496611746171112e-04
9.356328285480162640e-04
8.572982682883119668e-04
9.436876931074127377e-04
1.342809596085775721e-03
2.065567037301695944e-03
2.045319712841300614e-03
1.733026705371806244e-03
2.366595524872761990e-03
2.445678101272481027e-03
1.395167070515093222e-03
1.641579516928712290e-03
1.363759178802047365e-03
2.956277337019555269e-03
2.078509166467864318e-03
1.504661492169768718e-03
1.124295997770839890e-03
7.338338289148448913e-04
7.377632511697811580e-04
8.012572642508362626e-04
8.691907899414344670e-04
9.177201618651151856e-04
8.003269444282948676e-04
1.088085098098995210e-03
1.525829786852039936e-03
1.589189253514538755e-03
2.238066327293301763e-03
2.351370879727943466e-03
1.747223550225201344e-03
1.697170929531382870e-03
1.775740546252817112e-03
1.450736185423857254e-03
1.954923279244808170e-03
3.134060399751970385e-03
1.950155858323202734e-03
9.149387156218483606e-04
7.552160557090651424e-04
6.915409069309772947e-04
8.624034165962992087e-04
1.254577053729989200e-03
1.106676202114274333e-03
1.059162198258172460e-03
1.327216392589746722e-03
1.554714832587393569e-03
1.721434614538202429e-03
1.663649996990456455e-03
1.952841746944089562e-03
1.481477506194908830e-03
2.009447663714601651e-03
2.167781594192995723e-03
2.389534484644647346e-03
2.015346354975049246e-03
1.378982463533052604e-03
1.276346061176423987e-03
1.295429589828878732e-03
1.042975788335037462e-03
1.023467499312549983e-03
1.268288921185330934e-03
1.327186791481392309e-03
1.212429491921563490e-03
1.616867363780427353e-03
2.559758774339653681e-03
1.983154363676623531e-03
1.346951088809718788e-03
1.682961259112870445e-03
1.575842464249444918e-03
1.387147223718465877e-03
2.119661006899618144e-03
2.254683350045617873e-03
1.841000035062690353e-03
1.719444093421344756e-03
1.588487908805165209e-03
1.299160014887871259e-03
1.397869598780127846e-03
1.657107844417686059e-03
1.566234242416992195e-03
1.481397343535394324e-03
1.424553122107627672e-03
2.242510744228856136e-03
3.644218986807079477e-03
2.061635402588052335e-03
1.538386190710452298e-03
1.623095466456486681e-03
1.888458501565923320e-03
1.511393306883181608e-03
2.360770139245462265e-03
2.779252875529318600e-03
3.092641274908617711e-03
2.607871153000517958e-03
1.587725701645907941e-03
1.184012535804225118e-03
1.689307723379260924e-03
2.738687131088309978e-03
2.419633947832458380e-03
1.555823050848576666e-03
1.380452062943567353e-03
2.233973561630051268e-03
2.482953763561275388e-03
1.331110776105440914e-03
1.689674855941000970e-03
1.374966798719170265e-03
1.457845523791614830e-03
1.498053988418119979e-03
1.768198443469095119e-03
2.004859036323701754e-03
2.315766790022254999e-03
1.786356741465520070e-03
1.895380607439873036e-03
2.844879298258889619e-03
3.128426281485355981e-03
3.086567882895593137e-03
2.240240269420340751e-03
1.379019113077659424e-03
1.733321544863399748e-03
2.851985085687602003e-03
2.113728155444226983e-03
1.397364383459080142e-03
2.137712349681354564e-03
1.287926626643738637e-03
1.916110159181828474e-03
3.331869230667153237e-03
2.143082831604759594e-03
1.796542960436907669e-03
1.804721981777905951e-03
1.370627606884134222e-03
2.374491192964007895e-03
4.963817268649988249e-03
3.771539931032164960e-03
2.387158499305012168e-03
1.611564449164454554e-03
1.585838288855721681e-03
3.548392444857537999e-03
4.353845478465278966e-03
2.168360329390681216e-03
1.862177219853444927e-03
2.354850054662930778e-03
1.669847649951583784e-03
2.786272521159664697e-03
1.122915557696371400e-02
4.006229214498436414e-03
2.003178501997679960e-03
1.758648774104177269e-03
1.400113804902384032e-03
1.951583917635161007e-03
2.578729517658952253e-03
2.031386251341565224e-03
1.996748510082870486e-03
1.714494746375774337e-03
1.848919504792565470e-03
3.639479259677025694e-03
3.232523384540006341e-03
1.797921362821575803e-03
1.975683810219829376e-03
1.761590936609212441e-03
1.856871236123773267e-03
1.699159739540526907e-03
5.197133511960249849e-03
2.222051401560797695e-03
1.516090132214242261e-03
1.657455339832550291e-03
1.473641835735184759e-03
1.630030780566646452e-03
1.531834116048024852e-03
1.279722273932040960e-03
1.918331266237341751e-03
2.270082579385470246e-03
1.735460545150578626e-03
1.748379453051804831e-03
1.755107912847669524e-03
1.878030556208646132e-03
2.279368235790251839e-03
1.447043124956453024e-03
1.666743465861982064e-03
1.790533518753797048e-03
1.380000460739570778e-03
1.473866565150172428e-03
2.040952635316652108e-03
2.230354954307746471e-03
1.616481086840092533e-03
1.681856381892980149e-03
2.130742823240389192e-03
1.762965367046740676e-03
1.920637870768624736e-03
2.452076362942136496e-03
1.735747991845396770e-03
1.244159315106765007e-03
1.390236594181978999e-03
1.733824121461528030e-03
1.971667315682853420e-03
1.359713432746307996e-03
1.419350237747352616e-03
3.133038933336478298e-03
1.617921716908476189e-03
4.276825520496285553e-03
3.501927760910711340e-03
2.093913103039589212e-03
1.596085568982353329e-03
1.567229963868363874e-03
2.652773670290267064e-03
2.771806783010086813e-03
2.011278770685440836e-03
2.229332492109800928e-03
1.928686696380371322e-03
1.573119518074953807e-03
1.701487839726098994e-03
1.596229266712128085e-03
1.780797001405151148e-03
1.666839788021059034e-03
1.611166235781413304e-03
2.602497401749189528e-03
2.158839124620993283e-03
1.054649541352606530e-02
3.268171831493458558e-03
1.681702912168473981e-03
3.147313312326134246e-03
1.929711230176772577e-03
1.291153782521467074e-03
1.723771445591223452e-03
1.633038468635194303e-03
1.485725747712703841e-03
1.306842042488664613e-03
1.328054059618192931e-03
1.561359301964747922e-03
1.305484086080718276e-03
1.354155356302222651e-03
1.443167064342126870e-03
1.624585456455523340e-03
