1.405373746398010625e-02
2.934836528109901810e+00
6.192336077035140995e+00
2.746838419374416418e+00
3.104074586235184174e+00
3.135915428590100446e-02
2.604886220540182710e-05
1.918141094180730249e-06
1.248687020647268204e-06
3.895427928066916969e-06
4.495882301611408709e-05
1.053282379769179553e-05
1.297211358848600974e-06
4.632703417324366747e-06
3.699685388865230030e-05
1.577474211044882133e-04
4.414057620276342101e-04
1.181023580226739280e-03
1.056809067711056453e-05
5.131000883460620082e-02
1.619064149845738765e+00
5.889169824820205124e-01
3.741966788491843054e+00
9.217435248614033183e-01
2.214039591326957129e-02
3.017697753855499987e-02
3.059878446342620666e-03
3.567170200568865377e-04
1.410530341863577061e-03
9.408431084464737428e-05
1.333209796073451226e-05
3.048456622737395308e-05
1.207204526683855021e-05
9.984786040311165035e-06
5.637191602034476769e-05
4.379030959228739309e-04
1.968343145323324422e-07
1.378462538966518337e-03
3.822874244419712797e-01
3.087299676197498566e-01
3.090370605140186355e-01
2.295317899827149788e-02
7.761278323958517057e-03
9.512202713807472731e-01
8.882218393148708646e-01
1.973449981364530648e-01
8.307778386870744436e-01
6.985697152715872327e-02
4.343091048540019539e-02
1.310900466350705534e-02
2.620796912269322622e-05
1.434663977473630209e-06
1.058326521060330236e-05
2.011682215214294508e-04
1.248723480651840626e-04
7.455613338614217045e-02
1.526507007997395693e+00
7.916808715698884225e-01
5.991608588526224910e-01
1.481988437347221688e-01
8.831760705230326525e-03
4.643538290502376500e-03
3.383810286183305902e-03
3.420720339950723138e-02
1.813141369252565749e+00
1.301501562687789715e+00
6.120929523374727399e-01
2.461058176107683293e-02
7.954989437640039372e-05
9.947888156198066688e-06
2.662518428022793846e-05
1.959559748642795149e-04
2.214918775667343298e-02
8.418310350394271335e-01
9.392977204824944693e+00
3.400663843778998885e+00
3.256112191324819216e-01
3.599130681936853371e+00
1.144762112543612487e+00
9.173189487971376193e-04
5.103122545861628768e-05
7.661441461744533622e-04
6.495938729238212583e-02
1.878804923966482354e+00
1.351733009220715154e+00
7.071874114137804979e-02
1.965668934935922707e-02
6.675217146434972437e-03
6.203141909707675849e-04
3.920229478938394379e-04
1.540146834234049945e-03
2.909788215097596289e-02
4.024795415318343395e+00
2.048282559177174278e+00
1.543512838045876280e-02
4.593657246728662380e-01
3.704940136200407519e+00
3.257421622554555751e-02
1.826536038672375156e-02
3.196419964406077563e-02
3.056311265621058926e-02
8.645789801835883637e-01
4.704520958665986186e+00
2.972819664320777377e+00
8.490429684968244795e-01
8.497894725238630195e-03
1.321662891765060049e-04
1.963172082062430426e-04
7.294519815208496424e-05
3.301891197873792812e-03
9.090307913039621379e-01
1.859572917705488937e+00
2.363609065484008898e-01
4.020220096485629391e-01
1.986517278693293587e-01
1.991882034144182023e-01
1.800722839914526308e+00
7.959580827012392445e-01
2.104867950397018295e-01
1.752383708822184138e-01
2.010612879131814801e-01
2.087357704294524385e+00
1.273660755964281799e-01
1.674464402722699243e-05
5.362606178439821733e-07
2.756870288790396880e-05
4.207040791734504589e-05
7.447994467310291473e-03
1.031352143790919884e+00
1.381062800260503209e+00
2.475607798467154730e+00
5.650797442628395784e-01
2.040537284873301938e-02
5.578852895948057666e-01
1.527268842138616245e+00
7.688262368656177681e-02
7.709783466493606019e-01
6.468603719459398160e-01
6.954845257711611550e-02
2.679769792826933283e+00
1.063650301625881811e+00
4.881878396752883996e-05
1.893617003355469889e-07
7.399618666355617472e-06
1.729367639559357289e-05
6.071361967202174199e-03
1.977259280871574543e+00
1.511907458454367914e+00
3.603544801027570799e+00
1.539604927254319522e+00
1.985667340731715053e-02
2.437216909286750721e-01
3.913230090581681364e-01
4.727751788855724668e-02
1.346937128939569073e+00
2.104706789143747425e+00
2.580902211133564994e-01
1.070892976879892933e+00
2.873825445849985893e+00
9.959922938823991163e-04
8.832916255705000185e-08
3.056063475192825267e-07
2.562832353919361464e-05
1.768478940235896713e-03
9.217113008934569862e-01
4.557448856641086010e+00
7.629107609989007166e+00
2.962983128123620524e+00
1.277060219561309551e-01
1.668299837782276362e-01
1.241161489750037816e-01
4.264372976624280498e-01
2.113896675586507179e+00
1.420521718852179482e+00
1.175402588838593054e+00
4.013440170994676537e-01
2.076298713756865588e+00
2.788182315733306414e-03
7.223333999077225586e-09
4.764554101495220895e-09
1.851948192018355822e-03
5.884564355490350118e-02
3.228926191528183498e+00
7.099104730787920481e+00
3.571139255144287539e+00
1.005741257638404829e+00
1.055490874521484379e+00
1.395487564522991164e+00
1.761190077027245393e-01
6.396665254406141976e-01
4.383075553755025888e-01
2.694668379509765344e-01
2.095824915539452604e-01
2.763513883867474430e-02
4.453729045141912479e+00
2.126731739477173144e-01
2.837444822752645099e-07
2.142831293843640683e-08
2.004184391217868431e-03
7.797797924924561030e-01
5.179663023969145286e+01
1.614211399581462203e+01
6.199387203795111212e+00
3.026915355341049718e+00
1.182356304184355000e+00
1.162081815814605124e+00
4.146586539749067546e-01
6.290626566495143290e-01
2.960031179007345803e-01
1.768705496976524516e-01
8.958938558265218399e-03
5.628641663729797885e-04
1.576359073098329233e+00
4.756265540663183522e+00
8.247531851879910366e-05
1.863131799702816955e-06
1.822840052207619517e-04
3.601499633900520636e-01
1.070419430041164190e+02
3.378271469824544937e+01
1.500207684991741175e+01
1.179833097960752042e+01
1.770727431033068289e+00
2.941875329272640283e+00
3.666398078170645114e+00
1.236593306115181923e+00
8.635870983587780048e-01
6.775515962491952537e-01
5.274047700211190876e-02
1.276670133749827421e-02
4.414659435998713022e+00
2.211880262053199431e+00
1.082190837759967346e-04
4.822437634880454031e-06
1.955329654310256592e-03
1.671879632606470656e+00
6.406020638116154942e+01
1.705761077333317743e+01
5.262775630655723624e+00
5.765824149749160021e+00
4.856106214085226469e+00
3.671458839513624284e+00
1.137375526430228101e+00
2.091559660958844935e-01
5.472353887730054822e-01
1.898937791880842330e+00
5.914763721640327043e-01
2.245507245980090383e-01
7.331307260628374678e+00
9.453934806212210828e-01
1.030493830878759107e-04
7.631672321060849147e-06
2.949808209710542929e-04
1.674056810029393161e-01
6.880817093399694606e+00
1.119546227422424600e+01
4.346164181075086397e+00
1.774268691796178521e+00
2.353908511760622435e+00
1.008062508321949879e+00
5.108645749303293293e-01
1.460189827705196675e-01
1.547426696191190887e-01
3.324217479904738037e-01
2.619072597084918727e-02
1.318984339999925738e-02
2.673514177916300305e+00
9.963200821728325218e-01
2.312688076365277735e-04
1.940211968782581739e-05
1.373089133528919827e-04
5.665534668052081557e-02
1.978588041315935797e+00
5.926357075911866445e+00
8.300264880522098210e+00
2.908196417723968086e+00
9.689417610583305196e-01
6.194017896462711281e-01
1.928940538124283899e+00
1.124760425615221271e+00
6.824288518790477820e-01
8.734889381771501204e-01
1.985311660786821114e-02
2.214839473861210731e-02
3.199472381818570632e+00
4.927076506170167958e-02
7.675707690905915918e-06
4.401158877564008859e-06
1.134999752134373090e-02
8.705913949557561038e-01
2.960241453712090465e+00
1.279748273278157988e+00
1.707995964365195851e+00
3.513486229229128011e+00
1.843521591280810279e+00
6.391936800404902641e-01
6.246382223768786046e-01
4.869859516206020422e-01
6.984401838086170544e-01
6.365660860338608895e-01
6.843646707614318980e-02
1.026782234664924021e+00
6.765953134787192624e+00
8.860300342856463696e-04
2.352115338344576336e-07
1.596818761019759882e-06
1.467384128722014564e-03
2.724037093753929259e-02
1.827669072559395536e-01
2.948258331589040937e-01
7.205914829164639102e-01
1.531121584876950603e+00
8.020438518659818161e-01
5.979014517071550294e-01
4.735599616661733680e-01
2.533517838560025437e-01
5.732559543441312355e-01
3.349542688579216221e-01
1.108334892703234931e-01
3.828060433799650220e+00
2.224718549205931151e+00
2.118019711379695070e-04
6.793834050974103271e-07
9.500972799638969757e-06
6.645232850763420156e-05
1.875341430423178163e-02
9.890200866548350955e-01
7.946349756686723609e-01
1.021260575054466546e+00
1.539068081976651570e+00
3.820015866062627663e-01
2.654109419634333444e-01
3.479627544160946440e-01
4.436270138916745265e-02
5.078581194044296671e-02
7.522965990883115905e-01
2.891180785054653590e+00
8.112321170070627474e+00
8.726149213906631008e-01
1.688678410322312466e-03
4.686437068502614879e-05
1.643816683243804941e-04
1.946734767062147429e-05
1.853401827170958124e-02
1.619141284286930160e+00
3.816241717999659944e-01
6.219900888894311364e-02
1.677238390354877928e-01
7.844160784652886020e-01
7.553181668757531497e-01
1.611349050056686494e+00
8.841976001189208456e-02
3.515095587191775436e-03
1.990238789442780043e-01
7.078440686912408353e+00
9.676690348860959023e-01
2.999775901161666133e-02
1.957862329466418007e-03
4.921559905883617515e-04
7.648915569835814006e-04
3.787719362259625149e-05
8.186916562900842936e-03
4.843914141969326570e-01
1.681974008856250036e+00
7.659017640186279730e-01
4.262542632953796318e-01
1.525083963147989330e+00
7.236122821038988295e-01
1.205814502722282855e+00
7.200825809585686965e-01
1.382797569884443301e-01
1.840701367663733823e+00
2.900638192713566710e+00
4.131298935635763572e-03
1.020284727059016736e-05
8.371293509327868524e-06
8.788432120587456192e-05
6.664835401733694084e-04
2.771603045967012836e-03
9.934476945211834220e-01
3.567222466085242072e+00
1.307770876634573032e+00
1.916814951065854089e+00
1.701314685864228293e+00
5.736933987216094044e-01
3.777768307446711937e-02
1.825997845555427448e-02
1.100169863273000731e-01
2.085771529853024386e+00
5.843656668891038741e+00
1.219931171988563934e+00
1.221516049755134005e-03
2.114227922347897110e-07
9.992545369154013648e-08
1.097367112538581995e-05
4.648308696385481916e-04
1.226197678311767862e-04
2.149177568359659021e-02
9.800441898868259005e-02
3.808900647121894745e-02
8.471713866048881381e-02
2.577594088929637262e-01
3.270687247481623983e-01
3.064431229538895352e-01
6.058158100059607420e-01
1.379422271468274230e+00
5.453206114814080685e+00
5.503132189408488362e-01
6.055432172274001212e-01
5.873104721479147083e-02
4.212933936009054997e-06
1.472777624073783922e-07
9.381993524451377858e-06
4.686874916883005554e-04
3.991517426265266503e-07
8.437940073027750624e-05
6.096401601631169787e-02
2.903013787917354982e+00
2.749095207925827289e+00
1.728001931174823758e-01
5.301291449847782278e-02
2.510505323132745104e-01
1.700050491124575958e+00
1.270922552921435855e+00
8.605806452066543377e-01
2.527005067445398795e-02
2.350276913908659962e-02
2.037108001236761015e-02
2.175931545499126035e-05
1.271414614895029099e-06
2.981550263330443206e-05
6.290049932804811506e-04
2.148248184343250268e-05
4.165849304418842852e-02
6.828741821569102477e+00
3.218905663867746014e+00
9.341371666378043281e-01
1.086530146621917936e+00
8.181760865119155346e-01
5.482751263328095731e-02
2.028874522791532676e-03
4.054462513330723628e-04
1.815483151538917379e-03
6.860421414613927186e-04
1.557304213246378315e-04
9.268744116742194564e-05
1.211375027650832099e-05
1.651112265572864389e-05
2.095892978659373617e-04
1.360942369315673280e-03
