5.048641182066926537e-05
3.503686118466440430e-02
4.856650478473136801e+00
3.166391804536843768e+00
4.902605474221613413e+00
9.518710582956146915e-01
7.777525060371084931e-02
1.059008925596718109e+00
9.147650858112074124e-01
4.174208287375428400e-02
2.589298153196265342e-02
3.120682262029034486e-04
6.298433966244588056e-07
1.025111695714890414e-06
7.347684505998797519e-06
5.841853141831809312e-06
2.686369734470713241e-05
5.400100910377174596e-04
9.190959019349540125e-08
8.301650343631328000e-06
8.634064027172387579e-02
9.487301140630649554e-01
3.631958771708852091e-02
4.758445837658905817e-03
1.786135043892050217e-02
7.903807199453702914e-01
1.013612432730445212e+00
1.963706927666878099e-01
6.598275576617530502e-01
1.287309087537841235e-01
6.989136362437090716e-03
4.988331303156706004e-02
7.714969899340035075e-03
8.273231224753343924e-06
2.401945209894119743e-06
6.437183713685201019e-05
1.355255244743549470e-08
6.272661308455444409e-08
1.853221373392664609e-03
7.820308013217853738e-01
1.650964512593164624e-01
1.531949744322079476e-02
2.535770902848561228e-03
3.089408246754363901e-02
1.421892388230819870e+00
1.389179559127001751e+00
1.750368083099072436e+00
6.186046747318691974e-01
1.197915238306150321e-01
7.206311504375049193e-01
4.320346269322709876e-02
2.104959375599412395e-05
8.381077884801926673e-06
1.015366153038803278e-04
4.931932925451260675e-07
1.592981397712359367e-06
8.145772094318997833e-03
2.234425914867597562e+00
1.921376494967229398e+00
7.736367651093436493e-01
6.517651410982432114e-02
1.522844019371193680e-01
1.296732184770826635e+00
5.313576559489371354e-01
2.501703943306043509e+00
2.014759745527197055e+00
2.677824969411228828e-01
1.540366844123816081e-01
2.211453732901395852e-02
1.145293926019653021e-03
5.973407718168482171e-03
5.714710809583315766e-03
1.544669174601964593e-04
4.459127316504319510e-03
3.029658576111501134e+00
5.762116322437877081e+00
7.159710024929986927e-02
1.296256410325783426e-01
1.023489020263139482e+00
1.861244570397105003e+00
5.181571270836307086e-01
6.013589864847274091e-02
8.293702260550626093e-01
3.576422380728527362e+00
9.191807857301045104e+00
4.268965963711728762e+00
6.379565748986553153e-01
2.628534019131559263e-01
8.095124160512876532e-01
5.581352354241553293e-02
2.479436940318890687e-04
3.929918937689129595e-03
9.273616935573799624e-01
2.071808006698144577e+00
3.305538556284099566e-02
1.414769872941697149e-01
2.679119922803595788e+00
2.321690653594913556e+00
2.133260721922398684e+00
4.402937580363610603e-01
4.342237904998891840e-01
3.203559821296794730e-01
2.937028888291748352e+00
5.330825908037076566e+00
8.907564639002164553e-01
5.108403543378930989e-02
7.310464475224313051e-03
1.529687153031545396e-03
1.052298161441328378e-06
3.872962525447953719e-06
7.424504342861795551e-03
2.354716682656163407e+00
4.736045566658868000e-01
2.417227800967182982e-01
1.543478809492215831e+00
2.949026852319119651e+00
4.678693778529627423e+00
2.442065844192319091e+00
9.535582066037413540e-01
9.837883907354393054e-02
8.167170100584353332e-01
1.103406004023093523e+01
9.348474073981800636e-01
4.372621578874634680e-04
4.296363277913774639e-06
1.042988663134978363e-04
1.817971693136585776e-07
6.617009004468369804e-06
1.349854013326179901e-02
1.420776817343603504e+00
5.781690573519281395e-01
4.832578431569402311e-02
2.013137798345931151e-01
2.033272861235630558e+00
1.243051185086613719e+00
4.804183818853194232e+00
2.831645467716161324e+00
1.094046086613032105e-02
4.131258617634916974e-02
5.817019609024107751e+00
3.109107534810263473e+00
6.569742716594351292e-04
6.723890657400603809e-06
1.044028781065572085e-02
1.223821709375374926e-05
2.565567748821480712e-02
1.207869902922578564e+00
3.230978526222571534e-01
7.313183861452212664e-01
5.062238363288783516e-01
3.714615412714926679e-01
5.178658650503513705e-01
1.485826508183761829e-01
3.830342932183576465e+00
4.325376439319293276e+00
1.107509811423755021e-02
3.055241255353865343e-02
1.352414100353189319e+00
7.758252951355650850e+00
9.594841072014294314e-02
1.477437923544692609e-03
9.570393549211121398e-01
5.634385255700709048e-06
2.917652059569384240e-02
3.131081197639075775e+00
5.686286294258545704e-01
6.814073191241148963e-01
1.617657917429710102e+00
2.626858747261266558e+00
2.362777137733826027e+00
9.762658465133949859e-01
3.360892551182261823e+00
3.228618372327697994e+00
5.132142011107297952e-01
1.316796719213170430e+00
1.127725394972150186e+00
6.882999775379774476e+00
1.011824151319858700e+00
1.293659474568197411e-03
9.140298695092525030e-03
2.578187855003788389e-07
6.204575045742518865e-04
1.265995463613891259e+00
1.875923827041350966e+00
4.526704556762892184e-01
8.337963737643367956e-01
1.812119252520449031e+00
1.250048119287575199e+00
1.252350476297364512e+00
1.307974052871814230e+00
3.176953878568022471e+00
3.110808462044941436e+00
2.234221748634293292e-01
2.653612319719365897e-02
1.237768952519373356e+00
9.092227503748055994e-01
1.817723660489081110e-04
1.383195267682155562e-04
8.366326578120040565e-07
9.642899836240045874e-03
3.049219739253022610e+01
1.058211331597051696e+01
1.201065629055022788e+00
2.292748263491433125e+00
2.874634653924478922e+00
1.199542323724580584e+00
5.534870247642303953e-01
6.136282294262132009e-01
6.149750801301570924e+00
5.416926995126461364e+00
1.436151651707160137e-01
2.770408112581685886e-02
1.439412975424152918e+00
5.258514361334432508e+00
1.285470998163796598e-02
5.112371508077206972e-02
8.077951135403223976e-07
2.075471598108916474e-02
6.640782857135354789e+01
2.226387747101988879e+01
5.119142806422673608e+00
5.401192651996579386e+00
4.655795253813975521e+00
6.069927233306623648e+00
2.990466467020984620e+00
1.180217431486550783e+00
1.864665926679224484e+00
1.491733844929366448e+00
9.428246696396744841e-01
6.691774151372783530e-01
3.062461301645901468e+00
6.360201857461454722e+00
1.232156601993129319e-01
8.012975535458808363e-01
1.648826516490443766e-06
3.011088298593837809e-02
5.675690854870151725e+01
1.378599644021107729e+01
5.604545899632018546e+00
8.816568277271963794e+00
3.018339697499947238e+00
2.489736006882277142e+00
3.392619712164852253e+00
2.261156196988865830e+00
3.751396772203463126e+00
8.052205343821833949e+00
8.864471444493644547e-01
2.083693134745715214e-01
4.102068566709871966e+00
5.418923921281937339e+00
1.633540225668621837e-01
1.348696053060564615e-01
1.074895629664492897e-06
2.202627583258123193e-03
4.657009671561862518e+00
2.810889446905911360e+00
1.925201804880465550e+00
6.775178162484788658e+00
1.428754959949937398e+00
7.726113958708268337e-01
1.564826777064786123e+00
8.244112707207228441e-01
1.183948668432423856e+00
5.697565997811115501e+00
6.806982741418633742e-02
9.845392764829624666e-03
3.758345975397783256e+00
3.653424410587062354e+00
6.754984343134204927e-01
9.697784761482969307e-01
1.807710317022396309e-06
6.505661320267036888e-04
9.628970425260984234e-01
1.384950301459899391e+00
9.274676046131055118e-01
3.105596246069579180e+00
1.745100474544513558e+00
2.318119409659576302e+00
3.165037925170678612e+00
1.345516067410810424e+00
7.011336856641170456e-01
1.831457967679799514e+00
2.412550813336765132e-01
7.527809746784222544e-02
6.828564882712585771e+00
8.526699271057415208e-01
3.031077506385882608e-02
3.539114351163474143e-02
4.860607553156925847e-06
2.846158873769536433e-03
2.573823445496834506e+00
4.066658699641888752e+00
1.779106850858612754e+00
1.272315691306989294e+00
8.349177452812075462e-01
1.923234228963234260e+00
1.650103899636593541e+00
2.982282228843049943e+00
4.753167145631689294e+00
2.668791672900780121e+00
1.133439933929817567e+00
4.735495474237452207e-01
7.689549506886483421e+00
1.369764615690586940e+00
1.440747723138529777e-03
2.793573913890916570e-05
3.183397403669031819e-06
2.750357618715267970e-03
1.661804013497493848e+00
2.843875923542468431e+00
2.008165136355416713e+00
1.087797909827977527e+00
7.661854617718184546e-01
2.637607835000042922e+00
2.651009665503697210e+00
3.880350104110673382e+00
3.292224428643037104e+00
3.351633260136435699e-01
1.104579978490736331e-01
8.121486435110879532e-01
8.607232043027389423e+00
2.967003471661238678e-01
7.221730560145160497e-05
3.810367691042567940e-07
2.418825948789037994e-04
9.359661974395926121e-02
2.058268702802179995e+00
3.169424327766913185e-01
1.348563194294398193e-01
3.810552248807539399e-01
1.864530642340024524e+00
4.739941366139592382e+00
5.903341680246350975e+00
6.480776240520174980e+00
2.467369009435668836e+00
8.778951362162100702e-01
5.606627610517356253e-01
4.008550373823461577e+00
2.986871142103108667e+00
5.784232726896432891e-02
1.943842163028780350e-04
1.631597684650253259e-06
1.042997769135682942e-02
8.304357380221079055e-01
1.105318571779671855e+00
4.369513169981375511e-01
1.115358308270377519e+00
2.633584963722900962e+00
5.212568338330066275e+00
2.914851018605114419e+00
2.689970975219202476e+00
8.877743036593597203e-01
9.685242495640569715e-02
5.036374293292368298e-01
3.955861824127289594e+00
4.405519807830625467e+00
1.656097856548281344e+00
1.597804773007808654e+00
4.637252060718721064e-02
6.226430440749855587e-05
5.010962754353736476e-04
1.088134891235205959e-01
1.003136589729319850e+00
2.629108419550096887e+00
3.643564899664499368e+00
4.475265478101784211e-01
6.101729458369815617e-01
2.380036415934159155e+00
2.034634024444978984e+00
1.787313713732779363e-01
2.988062343092435375e-02
4.502801012879718012e-01
5.215190926275155014e+00
1.357400205914945257e+00
5.720501766351546724e-01
2.075140875284733066e-01
4.195097150609123217e-04
2.088993750097237494e-06
2.088792002510169018e-06
1.943016810109120078e-03
6.031923787824305938e-01
7.808921692099884959e-01
8.906616788709883006e-03
7.838569007941898479e-05
2.949922189314780219e-03
9.254638548620039984e-01
7.012757486946781249e-01
1.614918929052550356e-01
5.723955999144747508e-01
4.825283477959235512e+00
5.407011652108760558e+00
1.023285410630941084e-01
1.840286711796147202e-03
1.052769923790706016e-05
1.723958233862239792e-08
2.578191455914398924e-08
1.196811541974301301e-06
1.412785409941973332e-03
6.079800883230550568e-01
7.450739924545710102e-02
9.424404674206628672e-05
1.890072110273457984e-06
3.972934179082405711e-04
1.230720643147723559e-01
4.958835557986351200e-02
1.556744764498206313e-01
2.048085005185783292e+00
1.679278008593191540e+00
1.202457939999306058e+00
6.841867854587163622e-02
1.957423313529202511e-04
2.462789689855325429e-07
9.323324890578986399e-09
4.201374323404369451e-07
4.480517773796127660e-06
2.944873116022751064e-03
1.892634299541067211e-01
9.148990317853879575e-03
4.185772569415116334e-04
4.251832486428354721e-04
3.769704601152575746e-02
7.959321736727096308e-01
1.924419846700706482e-01
6.632065066481421800e-01
1.604246987002600766e-01
2.769153297210781486e-03
3.157361132644333906e-02
8.524585478154815821e-01
1.678234410592472498e-02
1.873490728073167735e-05
2.873446398302013675e-06
7.977011425498079205e-05
3.034996287785919535e-05
3.571926685998316753e-02
3.862256063770348913e+00
1.066369653260927031e+00
9.660163210128955846e-01
9.456866671467374363e-01
1.108793182377711739e+00
9.174040493678764507e-01
7.209927607149674289e-02
1.560544264764327123e-02
8.648888823925447646e-05
4.661381025047652115e-07
3.826215265759055548e-05
3.153178749295990069e-02
1.170518316229578540e-02
1.560472042823374977e-04
1.055853053303135766e-04
1.341476793847869468e-03
