6.413455829568197591e-05
5.469747755215551618e-05
5.203239127811839148e-05
4.880392304369179408e-05
3.895154782171033817e-05
2.743384099956000058e-05
2.232550831881657434e-05
2.620665823893973020e-05
3.920115040394997518e-05
5.357047477473697117e-05
5.575430143864512433e-05
4.835977997451851404e-05
4.164753475046059687e-05
3.899429006626788655e-05
3.918039950212108275e-05
4.019794449276735019e-05
4.378118888772735844e-05
5.493366629200877342e-05
6.248159283194499301e-05
4.858313469736176343e-05
3.678666326307944483e-05
2.348256927114423476e-05
1.287682992264468781e-05
7.574129314702795380e-06
5.438214989529957951e-06
5.671202363297933896e-06
1.051845135845497540e-05
2.382652404191802948e-05
3.582078454806143742e-05
3.460012047235458649e-05
3.019733913830228574e-05
2.889456725253954525e-05
2.974993902278161645e-05
3.110594757737149583e-05
3.476660313254257211e-05
4.563612409123850696e-05
5.304058581025213460e-05
3.379898815878308187e-05
1.798407168319058515e-05
7.464651076565923737e-06
5.733165894942108756e-06
1.589832565759391166e-05
2.762288080648697903e-05
8.873115454351665376e-06
4.088906093653795840e-06
8.835949898096460880e-06
2.301948283075762880e-05
3.030536905385346178e-05
2.824351890618637483e-05
2.692850957503993027e-05
2.741919202409841746e-05
2.859488804643251669e-05
3.183506667593873936e-05
4.138871155989479791e-05
1.876773882533319356e-05
1.242580081019839023e-05
1.024976544074283741e-05
4.500040779822103835e-06
8.758134101681290605e-06
7.760898433222172777e-04
1.688161307174076281e-02
6.830857611885202520e-04
8.804856413852570361e-06
5.057053189147363150e-06
1.770038355539363964e-05
3.247771429676737893e-05
3.147039765521483627e-05
2.797782077146277824e-05
2.700508748902767325e-05
2.796976410676882077e-05
3.133585011638808255e-05
4.017492714835881111e-05
1.317321372655704398e-06
3.110031691962350292e-06
4.680646720068539819e-05
6.455152115251594372e-05
5.258911425418239628e-05
8.785964583532760580e-03
9.405782036818159941e-01
1.793497072982440030e-02
2.653394044310261257e-05
5.371684925646243801e-06
1.955536322727264266e-05
4.086082708845776559e-05
3.700641446595364108e-05
2.890405824686823874e-05
2.612183380561740491e-05
2.734145183962640815e-05
3.167703623634840991e-05
4.096190829308396411e-05
6.472919336155721338e-08
1.809113996854118929e-06
1.606713360635484865e-03
1.852589351591298408e-02
1.885580468097419748e-03
2.036687997244288149e-03
7.933810555523130442e-03
3.807976751449066626e-04
6.300787351101288466e-06
4.647621898648566145e-06
2.416982917821871321e-05
5.381535112255067066e-05
4.504375402231963472e-05
3.100933607183523782e-05
2.603987471587333098e-05
2.692387809888449108e-05
3.158038557256111510e-05
4.121742903035547425e-05
3.284379223802846276e-07
5.169551291195760199e-05
4.083128423020875725e-02
8.209693483060144237e-01
1.047651430742105733e-01
5.585250094459104538e-04
4.987715591084476321e-06
5.107322479080701609e-07
4.268471676270008207e-07
2.023167514304907786e-06
1.655387324019607070e-05
5.177415266601107473e-05
5.272496698688426122e-05
3.623711500646776071e-05
2.816366966441101203e-05
2.701090755771723808e-05
3.022720250088481846e-05
3.903572113118429591e-05
5.145657557620350164e-04
6.965117156281469546e-02
8.657716923226995709e-01
2.372248922739207622e+00
7.406285370472507346e-01
1.530829922157748426e-03
3.871346208777010013e-06
1.907527351006573989e-06
2.781438133913804879e-06
1.834458332680324596e-06
4.799457566938873318e-06
2.341479102119613576e-05
4.631711250061321962e-05
4.236172066208596565e-05
3.282794581081205761e-05
2.831661243675196861e-05
2.883789292382760912e-05
3.605693970627020365e-05
1.209898388891366902e-02
8.749176156719666864e-01
4.047750626883013680e+00
5.715352075006206789e+00
2.190073658169683579e+00
7.801497700022889947e-02
1.100355975423009808e-02
3.084533545507844518e-02
2.386244947936182279e-03
9.471594105619996970e-06
1.379881879654700914e-06
5.378344437494607921e-06
2.331078209218138397e-05
4.090456166445348570e-05
3.916594422051023952e-05
3.204251622811413202e-05
2.945004557405967393e-05
3.504999727199351099e-05
6.441198967136591274e-05
3.043723807525746533e-02
4.253216019287919814e+00
9.008468640534731620e+00
3.947048866795591859e+00
1.835776451106060803e+00
1.020279618657206733e+00
8.443849085857797476e-01
2.902775917028016170e-02
1.176188831337127903e-04
3.942995083233240939e-06
2.135126237463991827e-06
7.167127214819808668e-06
2.737664997464897969e-05
4.282302245594969719e-05
3.742822663276705890e-05
3.223441766532694210e-05
3.679386364521845609e-05
7.765589957253239682e-07
4.514183240296664248e-03
4.675168923289856338e+00
8.868721038646720345e+00
4.391477122353295570e+00
1.799560306896438089e+00
2.763307766585109682e-01
2.744073564959621792e-02
1.032122528500391441e-02
1.390962364980534785e-02
5.438825710028842792e-04
4.597664198557973615e-06
2.307999614953058440e-06
1.436830733518255017e-05
4.058004845288654729e-05
4.093788183125992105e-05
3.450523910269127562e-05
3.869316509973790089e-05
2.055681518908752242e-05
9.522255286916070371e-02
1.105637763114522443e+01
1.154259421958156651e+01
6.182225328924108254e+00
1.457073145408678494e+00
5.987970797136876744e-01
4.695472567148550880e-02
3.256359367255863557e-02
9.041007573804703545e-01
2.866104892800525050e-02
1.217442998198683497e-05
1.376032344773301535e-06
9.792498531729175635e-06
3.727438362163171026e-05
4.051506825756867906e-05
3.373973924938799895e-05
3.766102774931699498e-05
2.107825715887268539e-03
9.865248950485637991e+00
1.221181115185993917e+02
1.532406453456290940e+01
4.760907944178806694e+00
8.181673186367068862e-01
9.436424855644261200e-02
1.864072968810005565e-03
6.222208211174339639e-04
1.614094065878572681e-02
2.077842570800611521e-03
7.143245308200729963e-06
2.023704279010423329e-06
1.260234442812035855e-05
3.775471011229913372e-05
3.797600650914264805e-05
3.155327274076182709e-05
3.568104566190577443e-05
8.641169407891256582e-06
9.848784570010130079e-02
1.669831843414213424e+01
2.856105460396342721e+00
2.131149066393037028e+00
1.182771200171906179e+00
4.549329028125266398e-03
3.810705667091433938e-06
6.727333411547977715e-07
1.171146298251550361e-05
1.960533752148308596e-05
4.664525063408590004e-06
6.582219141334038595e-06
2.398062838400274782e-05
4.076977874805507080e-05
3.590233399356219365e-05
3.097602452744175998e-05
3.636294141581929813e-05
1.583640595934535076e-08
3.877870378410597728e-04
2.251923159160843735e+00
1.282750011557677539e+00
7.761237588125304843e-01
7.661727046969657451e-01
1.884776983287127618e-03
1.615961980554815906e-06
3.432119800544286398e-07
2.472708406620098268e-06
8.687011752772280033e-06
1.247389937834440803e-05
2.259714856280531806e-05
3.847794648293123939e-05
4.147092590451309572e-05
3.508372025895937032e-05
3.278936653045893873e-05
4.005254530042587569e-05
1.035689164173507886e-06
8.066713480858810764e-03
1.803557345036234105e+00
4.012517714109360978e-01
5.719943519466986759e-01
1.316770642148301362e-01
1.204938878303998692e-04
1.268060265657092740e-06
2.551932495665952874e-06
1.618038773171791186e-05
3.386585283263372510e-05
3.733108700208817696e-05
3.959917482555255167e-05
4.067230920373803233e-05
3.773560876725004005e-05
3.424952091008322638e-05
3.511020784696179025e-05
4.419117002490345570e-05
1.377854865038865163e-04
1.101790721577581254e-02
2.889610358093406845e-03
4.053229525193604308e-04
2.011628827621246562e-02
5.735435388521108180e-03
3.403521224945014773e-06
3.595743531704107976e-07
6.008981483058875822e-06
4.963606003235888247e-05
6.615528611433776733e-05
4.755386044601234337e-05
3.701322481765127737e-05
3.386220865278563027e-05
3.304376786547272581e-05
3.306199533710795510e-05
3.624272106990057598e-05
4.643049268123795740e-05
8.671961061909103769e-05
1.039129223523814466e-04
2.377400197717799933e-06
6.026325320720537214e-07
5.181669222324295957e-05
7.355462953596982956e-05
1.264053303664884663e-06
9.954244935802811446e-07
1.437691367778839868e-05
6.006990921024506013e-05
5.562327505443929353e-05
3.647066247144707202e-05
2.946158521549568660e-05
2.957741236910635537e-05
3.139822908565785309e-05
3.275761516593328064e-05
3.618941969472638917e-05
4.615981890687989819e-05
3.031094519584306494e-05
1.213030863226746220e-05
1.257279894945584098e-06
6.506387172375753902e-07
5.795579398843141737e-06
1.303207147857740733e-05
5.788008878190793872e-06
1.010054394951009867e-05
3.573300073623045822e-05
5.268557519214278417e-05
3.878582211644758651e-05
2.835129410073151387e-05
2.707001963126212765e-05
3.033171594348934997e-05
3.262044185490303098e-05
3.253659822815574843e-05
3.454137844012908094e-05
4.378696492737449756e-05
3.825822962111574671e-05
2.295280923852459600e-05
1.188548264674133838e-05
1.024899284703995331e-05
1.889681346491664613e-05
2.790834855308186525e-05
2.903851871770271115e-05
3.735722677558978374e-05
4.707858117030895215e-05
4.182252543048995005e-05
3.124811188051014230e-05
2.678539198589584519e-05
2.890920626718609831e-05
3.324920779524962112e-05
3.364103902179009736e-05
3.113887067621887254e-05
3.236019629101847547e-05
4.213112427935683909e-05
5.019544942115921270e-05
4.010804098383502166e-05
3.662761456244308366e-05
3.875849693059993785e-05
4.529601826783838809e-05
4.850389443995084250e-05
4.565107520621280594e-05
4.260094032293568531e-05
3.982093919233385047e-05
3.493473240112047220e-05
2.984217390583014567e-05
2.836899234803810671e-05
3.120002325200543661e-05
3.424470272741181678e-05
3.253650055076759119e-05
2.941069486256984194e-05
3.162783076076822289e-05
4.324993558249909934e-05
4.684232164600650390e-05
3.737457311510176126e-05
3.602301101736734732e-05
3.892684821982589295e-05
4.222782618328731842e-05
4.163138810130788121e-05
3.697067451059542860e-05
3.320033382070340059e-05
3.244070794536128372e-05
3.204179368999653159e-05
3.023380032257377018e-05
2.950241175645588296e-05
3.134540830730230812e-05
3.276669855307735293e-05
3.054410027299815427e-05
2.829937453157751944e-05
3.191250407016188109e-05
4.517621475897639260e-05
4.241040680403401709e-05
3.163753934782009689e-05
2.907312192243789237e-05
3.084280031605116969e-05
3.341773915383837147e-05
3.344437225509990771e-05
3.089241018425858363e-05
2.930924035483302149e-05
3.040481994385439268e-05
3.178186716765117581e-05
3.098314651045938178e-05
3.006918292598731836e-05
3.101652462597839771e-05
3.184449711103444036e-05
3.015953484313865009e-05
2.882656060168376224e-05
3.309381698436645995e-05
4.689629704947790364e-05
4.539326479302714239e-05
3.342720503010947111e-05
2.984697613459420112e-05
3.103845841214489655e-05
3.361604005942428838e-05
3.464065404107225768e-05
3.389280514594415848e-05
3.348465197628034339e-05
3.440012646768074504e-05
3.519246485986975912e-05
3.436207816709410212e-05
3.344856876835630146e-05
3.397598726040169817e-05
3.467872875010603244e-05
3.379631463103067415e-05
3.334993106167556779e-05
3.817516271155294391e-05
5.216060672983042107e-05
5.658658269184648452e-05
4.446926283046951002e-05
4.036374845965495724e-05
4.125757305604801662e-05
4.384611379459740901e-05
4.567062370206586620e-05
4.662137285779977680e-05
4.706197741130741674e-05
4.662307451531203596e-05
4.563741111166127827e-05
4.459052181277909429e-05
4.414722476143383259e-05
4.455905795283835418e-05
4.509848612496970653e-05
4.486720179317575902e-05
4.538639005775922647e-05
5.092519793054499860e-05
6.442188193225260884e-05
