9.001543605282222501e-07
6.019828302715528323e-02
2.932240917208944531e+00
8.613346521248177456e-03
2.281354917755347607e-03
1.435566212912599976e-02
3.637229144112352763e-02
1.792248821850786836e-02
3.625484480457341879e-03
4.399310803856171757e-03
1.309056167848658919e-04
2.594808899901364085e-06
6.725244007268553991e-05
1.134283534917961768e-04
1.117603390995289035e-06
9.176219572100485396e-07
3.976361619073671917e-05
6.517406701679630526e-04
9.876917640984352524e-07
8.644421015975787756e-03
2.703036444146247330e+00
6.049860245842821893e-01
4.660955626931018725e-01
1.315036983640450963e+00
1.762652840586059311e+00
1.884733079564837155e+00
1.157666055534336325e+00
1.851399699249337560e+00
7.220502991222071953e-02
8.283269909561846202e-04
1.403260272373844930e-02
4.137106794063295789e-03
7.615945409383421828e-07
6.377609614979285893e-08
4.919328885181830151e-06
2.601479258483744899e-04
9.409117150061796476e-05
1.789704115102680113e-02
1.414516551046861581e+00
2.096408860456185685e+00
7.823907256803247501e-01
5.072836997782212975e-01
3.544369234980661587e-01
1.229389739329728393e+00
2.667469330750880996e+00
4.379989680283899567e+00
4.553884119760025051e+00
4.587437230181781178e-01
5.486552170375886828e-01
1.638054032789001968e-01
1.450314633415864538e-04
1.543546045756309976e-06
8.233759089032432875e-06
2.080969587127985828e-04
1.574807241992290038e-02
8.815445343345894580e-01
1.843893262791640231e+00
5.711909314748567779e-01
5.219871063268353151e-01
1.320734433373052186e+00
7.081271690459870483e-01
7.573438585222604935e-01
1.176154348677579176e+00
8.880755444978383206e-01
2.219417319820731649e+00
3.597717636815909614e+00
1.584681698960292096e+00
7.590001475503295181e-01
1.456694415962011928e-02
5.627071337296277452e-05
1.818828525419190979e-05
1.773325561655104173e-04
8.280141316543337742e-04
6.718962375073574134e-02
9.495490197453738679e-01
3.813272659802864339e+00
2.222580130535929399e+00
7.395195827728944238e-01
2.811167081479782892e-01
2.228392471826374788e-01
8.717760051010852163e-01
9.562056959287136282e-01
1.729913246979850883e-01
8.695785813004013320e-01
4.781220442291241213e+00
1.040370736268282359e+00
4.269438517529000089e-03
7.195806855987502117e-06
3.228218125065099841e-06
8.377076775915352704e-05
1.933978084002837986e-04
8.440215131913274618e-03
1.668469811148841631e-01
1.855539870297857830e+00
6.952596648274630975e-02
1.840779231453350479e-03
1.679042397542020865e-02
4.783836846185485214e-01
1.613109448414592251e+00
4.904989799970250197e-01
5.376621158553622493e-02
2.718476402698133398e-01
3.033383836976955461e+00
2.096803425363567897e+00
7.645894006673923868e-03
4.406371630628047474e-06
1.509867485454874311e-06
6.203464173508561311e-05
3.585180943076611559e-02
8.459258446421856759e-01
3.743074589319329848e-02
1.482992709946921164e-03
2.534305979557093116e-05
5.780205722088528867e-06
6.294031214931046980e-04
2.508934443937669845e-01
1.652718512195512579e+00
2.770753071053282945e-01
2.858344187910309420e-01
3.834656278439124155e-01
1.423972279066500479e-01
2.716604035220865132e+00
1.055563403424061741e+00
4.281890240790795941e-04
1.181064161515158832e-05
1.150482157050191002e-04
5.030566264951494976e-03
3.119678558986916858e-02
7.633768613431984981e-05
3.889132845138095582e-07
8.016640369237946424e-07
1.314759091504551529e-04
4.760678782531498759e-03
3.912186181636287396e-02
8.934473527496673562e-01
1.220755645936876244e+00
1.331670755867299327e+00
6.652921197793042474e-01
9.280943752028220084e-02
2.219765052434335750e+00
1.926690176398967891e+00
7.931623034131107504e-04
1.126836092928918850e-05
8.436714150046793238e-05
1.354067558276744229e-06
8.256345286782189396e-07
1.635200609224653510e-08
2.524008744359063597e-09
1.012444584811251083e-06
3.099702723982447269e-02
8.609559969506239696e-01
3.127562379004081294e-02
7.629565259626243379e-02
6.949850562174803015e-01
7.816648984574674497e-01
1.310526381004758267e+00
8.203005258170139591e-01
7.590073607594346461e-01
7.091860675356455312e-02
6.382190495996122688e-05
1.079850728859598488e-06
1.099783515332274910e-05
1.398674501719870629e-06
8.521047673545002235e-07
5.020548641966815940e-08
2.758563603314849155e-08
5.642386190909180237e-06
1.200883203112503538e-02
9.851082487434373869e-01
1.092157343955436344e-01
7.951477057553533317e-03
5.491576573608793893e-02
5.233355418943895776e-01
1.446181817290773441e+00
3.781421996238256700e-01
7.594241280872578159e-02
8.676095618161519529e-02
5.989887883480660320e-04
5.355930323352448746e-07
6.468966388266500351e-07
3.379594008909898081e-03
3.612558018507732588e-02
2.113818211224089815e-03
6.407850859812372650e-04
5.815180496867862481e-03
7.669931896770830829e-03
1.139335252271716642e-01
7.619836803092181476e-01
2.280097167343465153e-02
1.900963182432275494e-02
3.543987646976334283e-01
1.605298281466282395e+00
5.562670828705951198e-01
1.398004410155289090e-01
6.618840218343897686e-01
1.116378181854267397e-02
1.053404673367680969e-06
1.217642203864863984e-07
9.554096099684142654e-03
1.907087119312490753e+00
1.901021119045005037e+00
1.178018594549789189e+00
8.154348909977580107e-01
2.143322283760842970e-03
2.184035837645108681e-04
1.391659591797393680e-02
8.684387124481740550e-02
1.180902591864964601e-01
2.733565471379034717e-01
9.758815944018299771e-01
7.742097282657184332e-01
3.256028744816908960e-01
1.103800939748058374e+00
1.575859876785027092e-01
1.540353329620659708e-04
3.009102223900932019e-06
1.246549369057258082e-05
5.217983320998896557e-02
6.211234060186861861e+00
3.740855846203737567e+00
1.994138017821271702e-01
3.228772562410594501e-05
4.570018279471697375e-08
3.788376629560346858e-06
1.754629823371971903e-02
6.486385276587705029e-01
1.036476096003224656e+00
2.666856984303548561e+00
6.818123792514653170e-01
2.905748394750493069e-01
2.125572717467449468e+00
2.688514361385459406e+00
2.362042380837136787e-02
1.311428710827653528e-04
1.234442077972880707e-06
3.238989794834797736e-02
1.271877482615029464e+01
4.249753957497820700e+00
8.668897768503606160e-01
5.911462401970438629e-04
2.064507053851638430e-07
2.531289078783863554e-06
2.682627362500419801e-03
7.475143849842431909e-02
4.899318710414466427e-01
2.660292188409917991e+00
8.264417299613849854e-01
3.532102816113959487e-01
1.147254080673095089e+00
1.502961507687389509e-01
3.355752098120803732e-04
8.936094003656305093e-06
2.905735719019364080e-06
2.973528219795030288e-03
4.207229460829388368e-02
3.766120030174546079e-02
9.049934051528157886e-01
5.506399732812539138e-02
8.132971059597729003e-04
1.967329154371888142e-02
8.654031473572484923e-02
3.241295333306254411e-02
1.857420998751502517e-01
7.707357043514635464e-01
8.895610741871730065e-01
8.556113464483070530e-01
6.559314296138775147e-01
3.553906607393882058e-03
1.214883497706971990e-06
3.048282199649546593e-07
3.910997474394971738e-06
1.619377632433627626e-04
9.468134848241975695e-05
1.296993357665371964e-05
2.547002177790135837e-04
7.826449907724259986e-04
4.890804066767135555e-03
8.922563195174194606e-01
7.308773698930525198e-01
1.670339075500653359e-01
6.515282253221419406e-01
4.883530585276176228e-01
6.101763902009130769e-01
5.776723012130310364e-01
1.043121808443915610e-01
3.116278350722863073e-04
3.244929619027903834e-07
4.247313785553602105e-07
2.733631994446118047e-05
1.095098112222606113e-02
1.040400006020707896e-02
4.106460547324550708e-05
1.415837321643031061e-05
1.810461139442217618e-04
1.784551354639394433e-02
2.773307451938896717e-01
7.019011110395730058e-02
1.999466468448007905e-01
9.144827205554769689e-01
6.578346720942810366e-01
2.698347640065348774e+00
1.121217432050433338e+00
8.281453309433717269e-02
5.920287755594332750e-04
1.496378132942488541e-06
1.837034083178967918e-06
1.125118109142071456e-05
3.021288440700018590e-02
8.355449699397315966e-01
9.723570052746122183e-02
2.928167625830149778e-02
4.702346866948290544e-02
1.840039289890040397e+00
1.713279269968868368e+00
6.113857141645866189e-02
5.011771339289776694e-01
1.438630106674625209e+00
2.428712988767448289e-01
1.017326558649603641e+00
1.054969495289636905e+00
7.720983134762738898e-01
3.569118495890313825e-02
3.939970626488549645e-05
8.060910294925049391e-06
8.018188939467483364e-08
1.121292437429476969e-04
3.969658304515031461e-02
1.136388197245343123e+00
1.619810297833907953e+00
1.033745813753148834e-01
1.221198815018389894e+00
2.102972482676265908e+00
1.508217004957292939e-01
2.416694676466628611e+00
5.373184456231264505e+00
1.425913984987063898e-01
5.959612680756541936e-01
3.446636413347968109e+00
1.009701681108514659e+00
1.517011408471698360e-02
4.384957222645178968e-05
1.863084108647577222e-05
4.218378918523424510e-08
3.558800972007935171e-04
8.753422137753963383e-02
7.948232870088157709e-01
1.372330168389411797e+00
1.049978468064679121e-01
4.575287222128269216e-01
1.410633500001630569e+00
1.133366025359572982e+00
4.442592702844580188e+00
9.159977392697495890e-01
1.262550191368389807e-01
2.489409158736942462e+00
1.274675346956360311e+00
7.350080873208255858e-04
1.392880924472208883e-06
5.675807117595272333e-07
1.775462506012609787e-05
7.626760545445912767e-06
1.073947119235254821e-01
1.509907404309506207e+00
7.272746478249086932e-01
3.942510298152400505e+00
2.683382449726072316e+00
7.793256956490843823e-01
1.037367736154952702e+00
2.693697933917820198e+00
5.215984675602270970e-01
5.862844658138016696e-02
2.100850850369624656e-01
9.953014389342307311e-01
8.550211959621237257e-02
2.334614235892297591e-05
1.649229866720099894e-08
5.365174110727587219e-08
1.918506177009467832e-05
3.624145450673437862e-03
9.515306399221522549e-01
1.339643327782729987e+00
5.551287924791374895e-01
8.716127446480907981e-01
1.209116114145767362e+00
5.092826044218954351e-01
1.728137264432046738e+00
6.709266720172805121e-01
2.066597309280885503e-02
3.823210233794265833e-01
8.365476048778988982e+00
4.313288296594935955e-01
6.853153037451841234e-01
3.937639999758304338e-02
3.344089030553132530e-06
2.924668617665771717e-07
3.047698679610029519e-05
4.681925635562548399e-02
8.123320112126771742e-01
3.183255554554544897e+00
2.662534546767103993e+00
4.890793159509822935e-02
8.854003751288093416e-03
3.025596072840530670e-02
9.161618230917238925e-01
3.004920588131290704e-01
6.979441495278639052e-02
3.845244838703313128e+00
1.161350093610206691e-01
4.013976956125062416e-05
2.237435003651422772e-03
3.314539150918658500e-02
2.271251311279556123e-05
1.250553907766588027e-06
5.065149443692892666e-05
1.211836384574272590e-03
2.690564528383473236e-02
1.022082441080596871e+00
1.092948646879755570e+00
1.750670090860893813e-02
3.301070778562109880e-03
1.003342598205950349e-02
9.824194114065500916e-01
2.981381210013749339e+00
1.782426542465319397e+00
9.383563340426544219e-02
2.647816745417960520e-07
3.868733876345396453e-11
1.910877420487255710e-08
8.787345995690496817e-06
2.780201790563945227e-06
4.615032266766612901e-06
1.382505223587484049e-04
4.702296565235652352e-05
6.098024595478443097e-03
1.997695938914290981e+00
2.858647463137423461e+00
1.247131082118987155e+00
1.618543582469117004e+00
3.944428368369300442e-01
1.672740089361991256e+00
2.002689141010226825e-01
1.787703166569930236e-03
5.076740770581664629e-06
2.815760207940702545e-10
1.010700803552097507e-11
5.896674755443628805e-09
1.938573046832758972e-06
1.280008739002205913e-05
7.620486415189773504e-05
6.413662637241368059e-04
