2.535500974649236572e-02
8.034254624886889573e-01
1.281738804962103906e+00
6.888330152179480415e-01
4.000986877003686049e-01
6.965597403360774820e-01
1.458092899546850896e-01
3.991213156194002576e-03
4.374882493423133266e-04
1.659000973983711059e-03
6.521268184183256740e-04
8.189869128869474199e-06
3.465073096994591485e-06
4.689100147121320200e-05
3.657894575653053513e-04
5.719970437848943086e-04
5.350199299224608343e-04
9.328505964926096881e-04
9.699911143531831899e-04
2.430808129885410895e-01
3.749505645618877114e+00
6.131942085092924266e+00
7.462077988162270081e-01
7.634371915777193873e-02
9.805841027186297520e-02
6.365351214056903517e-01
2.284038171532533745e+00
1.898777770849231716e+00
4.657600939295894124e-03
9.600578229132510409e-07
4.396038675984037013e-08
3.545864460397096187e-07
1.162956101749938516e-05
9.598973555361757243e-05
1.897365827324238121e-04
4.428974823369972048e-04
1.717269823708390819e-02
7.688989393220001523e-01
1.106976477398722514e+00
1.354064105154013653e-01
6.226548939882590311e-03
1.177102638689090340e-02
1.125455419791460687e-01
1.832836546832418700e-01
8.543680416316035142e-01
2.835484436107094997e+00
1.651861763057611565e-01
1.246402232454231398e-03
2.545614846538501717e-06
6.621728815087408008e-08
6.856294817986937852e-07
2.448916237591544661e-05
1.214304617976111046e-04
3.662251570307904682e-04
3.055193377470218920e-04
3.448421652754175837e-02
3.147224959485095841e+00
2.643895371913710157e+00
2.213257123783922975e-01
9.925528679379539421e-01
5.998297671559982280e-01
2.853413014651291421e-02
6.493139291132286883e-02
3.452285249432297531e-01
1.694243301436408666e+00
6.018318867992033638e+00
1.342386251378506479e-02
5.469670512054965754e-06
2.940082991520252980e-06
3.286255693306045845e-05
1.212332346582400332e-04
3.736559178404521599e-04
2.733810315904362491e-06
4.801522367741855105e-03
4.023088488967084153e+00
7.982857038510032588e+00
3.975807868894897013e+00
4.953844976351751583e+00
3.009302071117711530e-01
1.496302886146413658e-01
8.071696621050169496e-01
5.202463976349345209e-01
6.514403654045084480e-01
3.593297522635678032e+00
1.121394507966509302e+00
1.558967697820267534e-02
4.034939999422291102e-04
8.682359781471758839e-05
9.987124130838769345e-05
3.508536573757789034e-04
4.766517670270170159e-04
1.392425851560007699e-01
5.900526777342898210e-01
3.887946779276700848e-01
1.033273360502606097e+00
3.621738135082770427e+00
2.434721887436330334e+00
5.234448323777545653e+00
3.707276261692021180e+00
1.037765527693666368e+00
5.938152158327814067e-01
3.741656501765338594e-01
5.033512040038946367e+00
2.839309300384908585e+00
5.024170430516112021e-03
7.434302978096232642e-05
7.127681374949667366e-05
3.428121856543220585e-04
4.075003722985418020e-02
6.823974974752115008e-01
6.224172393313237572e-01
2.553695186367054504e+00
1.949387119312856687e+00
1.460727632060186298e+00
1.375110471351578934e+00
7.695910181413836426e-01
1.018509895551418687e+00
3.686051061772787740e+00
1.629208729194429495e+00
1.316532910326320971e-01
1.564141042034776330e+00
5.300505858893770572e+00
3.549960760073439525e-02
3.389163802260057156e-04
9.345784470830418211e-05
2.703699280700379878e-04
1.123556681677624234e-03
1.051628966756306266e-01
8.419498079825825654e-01
1.841214185400646075e+00
1.264386102216585428e+00
7.610043383487345992e-01
1.390358103006594237e-01
6.547500483867256527e-02
4.058679988185369680e-01
2.422989712700591713e+00
1.292786589656927054e+00
1.277347245116106367e-01
2.262589378199499346e-01
5.905315111040709830e+00
1.844203061145778699e+00
2.467287576562526754e-03
2.349457109597441419e-05
5.148605813281066651e-05
3.825488029596394769e-06
1.097432238780145404e-02
9.757321382576110702e-01
3.195085268144761681e-01
8.681798090958888769e-01
1.929210082302559526e+00
2.261032397533864202e-01
3.051159742220972415e-01
1.187064830271673754e+00
1.145319106427569844e+00
2.155154533881625589e+00
1.410001063589771952e+00
9.550625530160210264e-02
8.817421155322562321e-01
3.204584037102184535e+00
2.515934749411142569e-03
5.872809418500737063e-06
1.497287963405554827e-05
4.213724006672664745e-08
3.297338102167071162e-04
1.757364562308491474e+00
3.051861917719442818e+00
9.727074681802654332e-01
7.672819438699325367e-01
3.941083533167592523e-01
2.359081989158446357e-01
9.613829571568297538e-01
1.978681012557627961e+00
1.636251137681651757e+00
1.618814542165524450e+00
1.877706538981710471e-02
1.828740140779333903e-02
8.235924162661542036e-01
4.644107423081661468e-02
2.905469872037055889e-04
1.031965554388262460e-04
9.089649107554737460e-08
3.468897039419981359e-04
1.586157066368042656e+00
3.393661291015979575e+00
2.845054951986757952e-01
3.795107844682042431e-01
2.222081593108277353e+00
9.702240863495548151e-02
4.065097505867368288e-02
5.452234253729878466e-01
9.772852522486602522e-01
2.041085076193101422e+00
7.769691209778768759e-02
2.451113833641101539e-02
1.155005705462966104e+00
8.891408274072447604e-01
8.200328505795134726e-03
3.509631744960243810e-04
4.135587436475257741e-05
8.281561997071582026e-02
1.100546034104723603e+01
6.207813955274698259e+00
3.235077469096697467e+00
2.175406558717960959e+00
2.195778278161670372e+00
1.561735082665169916e-01
2.561981247724156793e-02
3.062991195506186148e-01
1.317090341248332130e+00
3.434798913190553193e+00
1.388705089577903617e+00
6.296682505814988895e-01
4.035136869754611055e+00
1.056232566728241284e+00
3.421808278892136956e-03
8.453813414919817489e-05
8.776188238100044109e-04
9.191899450818612483e-01
6.397320846268952721e+01
1.795896653881922234e+01
1.743861079418160287e+01
9.771180974188103718e+00
2.242610845324859437e+00
1.549376056658885226e+00
9.727935298625337568e-01
2.926376608555850467e+00
3.224251705703125470e+00
6.153793889166530029e+00
6.224585370641854354e+00
2.592427370912842921e+00
1.683256272538496034e+01
4.998049317533007851e+00
6.632378398225322914e-03
8.927365713307366122e-05
7.450251119268702952e-05
4.615603406133470671e-02
2.023171431400252374e+01
6.500302117241559152e+00
2.348877104470774135e+00
2.671908079553844573e+00
9.872451240747460721e-01
1.239794087194865169e+00
1.208788998254630709e+00
2.882524981496473959e+00
3.992865752332323215e+00
1.169122254598291377e+01
2.670185591556292870e+00
5.382103626028738041e-01
9.126956642820472254e+00
1.965578054740729552e+00
2.084812062808628647e-03
7.163045720006943327e-05
4.600110804992838897e-07
1.936305798232628903e-04
1.531645291260786301e+00
4.917536129952353008e+00
1.275898899146393983e+00
4.465294840601585769e-01
1.421341218829233477e-01
4.807605137910336279e-01
3.328951207993928740e-01
4.759503945596477714e-01
2.529338508514561656e+00
1.088683007683271775e+01
7.663818405518779686e-01
2.232736225174200562e-01
1.947236774254772707e+00
1.068988051590544740e-02
2.527971703725491906e-06
9.878254957277386685e-07
4.636633747494585047e-08
4.821584149295139526e-05
6.229807559319828769e-01
1.819807343201554017e+00
8.626137609411996809e-01
4.067698412938531294e-01
1.605283029564757713e-01
1.153191164307683536e+00
8.628961987941419221e-01
1.390995356979414899e+00
4.744859311473768493e+00
2.834166513348728600e+00
3.301167851002732023e-01
6.770226646918626745e-01
4.127865734270632636e+00
4.255909738789686973e-03
1.833960349787213986e-07
4.081501649613032882e-08
1.415907359567054286e-07
1.535443078856998022e-03
1.404417883515514331e+00
9.274892634231522992e-01
2.833351361871562890e+00
8.843841521945497997e-01
2.164206206227292095e-01
1.747306079019730563e+00
2.106274346688408627e+00
3.786072515319546472e+00
2.883809303903916987e+00
5.123872269240433708e-01
3.981261283448765953e-01
1.717765035442180954e+00
3.480543669952857577e+00
1.472168874746949130e-01
1.174236818573614434e-04
1.118874853261218120e-06
3.028843432916998310e-07
3.336584407151937937e-02
1.489962289477948509e+00
2.956364626687245645e-01
2.715396151167403627e+00
2.976067167693310367e-01
1.367580910882491285e-01
1.526518700347162305e+00
1.777987075460554678e+00
1.377637113128293622e+00
1.699340772641800834e+00
1.277549388339188408e+00
1.680796312799010872e+00
3.061968356117035661e+00
8.041665319510808985e-01
6.761764559398979468e-01
4.072502141301390793e-02
1.044836903956904687e-04
2.489897063744182622e-07
5.753731232377880256e-02
1.233038657465028276e+00
1.683895919302736965e-01
9.047451109925153112e-01
1.475465003526593433e-01
2.600028536076266494e-01
1.106389588687217707e+00
1.606188098177537604e+00
3.022101772250568086e+00
4.376433212455073551e+00
1.180090638786443380e+00
9.827164020599922223e-01
8.338248984117708318e+00
1.654725715823394783e+00
1.040708736082911479e-01
3.435912511291098603e-03
5.724807885064827847e-05
3.667383020502808767e-07
1.730663561283022830e-02
1.547561519969238075e+00
1.186325402090519843e+00
5.430117041594453298e+00
1.707165546714112025e+00
2.876913435985917200e+00
3.771049152969439877e+00
2.635089267913738542e+00
2.597677861857535131e+00
1.042656250360476600e+00
3.207081588819624129e-01
6.826021125257127897e-01
1.977739771270493163e+00
5.739732573435286228e-02
2.151231454332803072e-04
5.896193432246953595e-06
5.635398128717266080e-06
1.686128927956707882e-06
8.463026933620425990e-03
2.361435896220754227e+00
2.994291014511069715e+00
7.448130971134565570e+00
3.297781910017441476e+00
1.208121458298185402e+00
1.912031388844576130e+00
8.282879807766048152e-01
5.335006728609759108e-02
5.221791582795667908e-02
7.930597291558056927e-01
1.702380183472865793e-01
3.564117968379045790e-04
1.957668415761963523e-06
2.648106082761395523e-07
5.899516094498213717e-07
1.397546839272650521e-05
7.684551561421150735e-06
9.442457994854311365e-03
2.691457886382195852e+00
8.916158901240656132e-01
7.040227496785361749e-01
5.074793795538159458e-01
8.704314118980923526e-03
3.354091356814343713e-03
2.022710712304500932e-02
1.233243074865854674e-02
1.297202797888823700e-01
1.924910281100746134e+00
1.507653925212692342e-03
4.903140295033373695e-08
4.967544537252871924e-09
1.621832678749502859e-07
7.813458979033063279e-06
1.906007695741951120e-04
4.866225386425679443e-06
1.036040068847378761e-03
1.720182560263524840e-01
1.624635197031814304e-01
2.712315977305381209e-01
5.098659557069132875e-01
6.048405469561879584e-03
1.048431206328175307e-03
9.966121727065249680e-02
9.326834025323571531e-01
8.868327143963727899e-01
6.114155965956387384e-02
1.034195157665302845e-05
1.680874275585593421e-08
9.545658104446940956e-08
8.642200169767022327e-06
1.450620602058189557e-04
7.237195985095579414e-04
4.964361298051485653e-05
1.058132831842360441e-02
9.700342342448760036e-01
4.743149580378539731e+00
1.989415320152333022e+00
1.893488788680649237e-01
3.728016736149940280e-02
6.834668008829450359e-02
7.727427238464259496e-01
1.350351012412893958e-01
1.112361607612725621e-03
2.159618014752769484e-05
7.957535095445443383e-07
7.712708510586642979e-07
1.722012130386369364e-05
1.997900972469613074e-04
4.399266398303846269e-04
7.925861602749264320e-04
1.119330103653370934e-02
9.919534794876514461e-01
9.183572391783857425e-01
1.313202851818206174e+00
1.678450754300017556e+00
2.843642839049425608e-01
6.938794693449041873e-01
1.531444737641789455e-01
7.553399070303084455e-04
1.977320411346527673e-06
6.203399335661174911e-08
1.716921151753752800e-07
3.010536793256406796e-06
5.934432430312883209e-05
5.094222680808033676e-04
9.094852009718798957e-04
7.694570802165612332e-04
1.066183512880629737e-03
