4.148720536031619293e-05
2.278297201717665110e-05
1.933895092213209680e-05
2.046749339453988746e-05
2.610558257936519317e-05
3.629471867725240890e-05
4.154554824365700485e-05
3.855663341992884158e-05
3.827498580213617690e-05
4.703645435184617351e-05
5.951812812701255505e-05
6.318238611111335690e-05
5.733956508261658496e-05
4.924130313033277039e-05
4.342886545936979040e-05
4.384836880485662653e-05
5.617213968183471271e-05
8.947224633802923922e-05
1.547784613985639694e-05
1.539377154490834544e-05
2.636501127849790675e-05
2.303706376801480435e-05
1.957360702366406520e-05
3.517034454764875027e-05
6.425667633530034888e-05
6.268941105853304625e-05
4.524093228850950153e-05
3.869304119162536397e-05
3.997421076094873294e-05
4.128251428814625807e-05
3.816816038420172617e-05
3.141205616740249252e-05
2.579831362901023319e-05
2.552289367883324090e-05
3.478282609327192022e-05
6.314248283872160052e-05
1.499712322125678673e-05
2.499939906618738809e-04
3.327841713984781673e-03
5.731775456275451167e-04
2.533125089516071466e-05
1.987964418222888500e-05
8.187579853615684707e-05
1.381850696193150118e-04
8.330456515521514826e-05
4.546492138086997390e-05
3.529264344997727382e-05
3.651846306755380985e-05
3.752553726730466493e-05
3.103425215284329793e-05
2.316675626938025800e-05
2.099299669369108929e-05
2.852466239892678958e-05
5.587992880027994392e-05
1.770591628116091111e-05
9.032121698657450196e-03
1.004026769286479048e+00
8.049402998823805555e-03
2.287465432024913020e-06
3.683582642047241577e-07
7.613159941737031814e-06
6.761024468251673194e-05
7.047320758984719567e-05
3.473241682708317002e-05
2.359841161120201138e-05
2.854895860953065751e-05
3.986154451852712743e-05
3.889944025379412219e-05
2.804596309495853703e-05
2.262647396940356041e-05
2.861850977503873998e-05
5.649703841911852468e-05
5.806170842677431852e-06
8.614455052616671465e-03
1.890893894588492996e+00
1.942939897291940700e-03
1.534951833595783118e-08
4.939445152698794666e-10
2.954639079456790244e-08
1.850857127548037886e-06
1.094814082485077949e-05
1.434796566229726013e-05
1.044744395325090451e-05
1.273314434956233919e-05
2.823694709983804474e-05
4.569770430549735936e-05
4.054553407201560143e-05
3.124555199599105389e-05
3.441956616419657644e-05
6.112863720894026395e-05
1.952768372359856660e-06
2.752440091482771974e-03
1.191411888482139858e+00
1.456291744003418778e-02
8.302484574249827150e-07
3.438951173394374563e-09
4.519919095465392535e-09
7.521357486021347233e-08
3.545320850680665722e-06
4.839197727360391099e-05
2.196497993997051674e-05
5.860441262354054483e-06
1.175305817277136460e-05
4.012873101793760892e-05
5.771754752552633823e-05
4.746460928483804822e-05
4.501743730604828588e-05
6.741104317191994608e-05
1.148209306264264069e-06
2.134886682609342216e-03
6.899062819501701194e-01
8.996204996201609960e-01
1.491243242303482153e-01
1.577071933741137130e-03
1.052212520099475418e-05
2.591690199756710246e-06
1.603696730337491976e-04
1.508134559965620437e-02
1.170726222518893257e-03
8.118810866235312863e-06
4.367294211002400447e-06
2.508293937189988844e-05
6.099549362143026512e-05
5.701670869866002326e-05
5.045234721502539873e-05
6.850888340145901481e-05
1.057159739226497435e-06
1.153046766424194701e-02
4.277676937693015713e-01
1.776112858884121015e-01
1.613801319782700805e+00
9.658360520771245294e-01
5.742755104860412102e-02
5.146225119015019993e-03
2.176947679645603595e-02
9.281386856839474175e-01
2.406031351377616728e-02
1.695776958967219199e-05
2.570814568538152142e-06
1.477432826021733231e-05
4.652255128744686485e-05
4.982262402222629901e-05
4.617665594736870745e-05
6.343055046779144690e-05
4.627462370782528140e-07
4.108968815179143280e-02
2.233739612384237905e+00
1.579962905502783899e-01
2.384109870606307413e-01
3.154141804442140429e-01
6.891408669963317024e-01
5.233536782117759883e-02
1.277857986951228941e-03
5.239161924633476547e-03
2.177998917950489926e-03
2.347472270094398314e-05
4.209340096180988338e-06
1.323607353599035476e-05
3.537693323938760485e-05
4.168273641159416475e-05
4.206352024247933177e-05
5.895088621567040420e-05
4.468457834664577189e-07
1.025637541184663305e-02
1.743207664747112862e+00
1.939958921413354576e+00
3.454845451355520236e+00
1.921696907937010312e+00
1.230821624946074611e+00
2.555151875720642566e-03
6.860021565228091308e-07
1.942944135079880048e-06
1.747205855476335814e-04
1.751627154872794506e-04
2.824836248819167245e-05
2.176195976799727926e-05
3.669260284854251631e-05
4.349576549529385122e-05
4.314198525370187883e-05
5.717028269361764314e-05
3.228198370526969181e-05
5.939116270384051793e-02
2.077662003548595315e+00
3.313149547237894676e+00
4.399826729115051016e+00
3.115222661364749346e+00
6.773763384606834581e-01
2.957313473708961314e-04
3.032391713532215448e-07
1.046198267486094080e-05
6.574551914520112075e-03
5.642979476790001801e-03
1.184596699564367616e-04
2.614333768114448757e-05
4.279807399723231811e-05
5.415130701287741163e-05
4.730205376134039979e-05
5.656713536457796786e-05
1.758909625911189538e-03
8.453205834726602586e-01
1.507977727971834270e+01
8.431998319667210140e+00
5.750019352769966119e+00
4.939920872305436639e+00
1.337036232919207590e+00
1.129942634118107254e-02
1.669148554648121558e-03
1.053899300855156984e-01
8.899323669113746726e-01
6.486457699828236320e-03
1.551858251028939668e-05
6.023919420617058180e-06
3.270474408995415274e-05
6.484140906697090075e-05
5.348294062751812337e-05
5.939513391231417648e-05
6.676349547393972683e-02
5.059419639265935409e+00
1.730183673929786892e+02
3.065986002372205022e+01
1.210931680647119890e+01
5.123254446366813042e+00
2.371195894313770314e+00
1.311278012108788360e+00
7.810739083476169187e-01
1.874984563361294931e+00
1.143875387955623824e+00
1.577406996463822861e-03
1.033339258888251710e-06
7.164782421856393368e-07
1.633792195122129879e-05
6.733428034273703736e-05
6.231342352198822960e-05
6.761687657364811080e-05
8.505669998813244481e-01
1.188822987239274598e+00
2.656290366044447282e+01
6.591303757159944432e+00
6.683932377559482774e+00
2.139007083891780514e+00
6.369485393556734154e-01
1.535573315418931051e+00
3.376435866267949448e-01
9.642666229362546748e-02
8.612885314999532138e-01
1.655229482645342517e-02
2.242949363548774193e-06
3.302805003098260479e-07
9.474963871855459908e-06
6.365237060095962213e-05
6.872171026617213856e-05
7.450134859695747662e-05
2.453962395492169032e-02
1.709112934457680116e-02
1.190131160627503126e+00
1.850848530079680199e+00
2.982640726847918700e+00
1.860165473254022928e+00
3.839775495569727193e-01
5.167105689897983911e-01
5.298030083711599003e-01
1.813967160045484306e-01
9.070596974568878590e-01
3.910085160271185856e-02
6.823975811807711813e-06
5.372632424589257223e-07
1.018187319291201057e-05
6.249342107943253852e-05
6.630391045587465137e-05
7.098037667750819665e-05
8.885956240322094232e-05
1.741767817416819313e-03
7.106751554934138682e-01
2.198304891056193977e+00
1.834773852785380077e+00
1.598525160073049678e+00
5.728456359450365132e-02
3.796037031814602104e-03
1.693186522359690221e-02
1.663498835284091260e-02
5.436935987226354863e-03
3.585846830213298237e-04
3.568233163037263635e-06
1.891811832863308235e-06
2.077553332665628573e-05
6.649771616766568169e-05
5.812490114938001246e-05
6.159341171606476947e-05
3.062840617733207627e-05
3.322386118781617010e-03
3.834503325822997133e-01
6.809995458170549076e-01
2.244017638345124244e+00
3.340815918912257487e+00
3.123854754268789915e-03
1.734872134354059383e-06
2.603035797482236657e-06
1.499340087283062939e-05
1.291478661827906766e-05
8.278826811473791476e-06
4.620748375501752151e-06
1.050135470751452347e-05
4.572182734478316918e-05
6.955547389412083817e-05
5.373792355186523027e-05
5.856348324888083413e-05
3.582147799639194015e-05
3.860061476279749715e-03
4.280695128535043081e-01
5.610301878129639874e-01
7.170976538890411200e-01
5.342832228247127446e-01
1.828952973672420259e-04
2.792425057368567700e-08
2.691678736129311272e-08
9.656623209892993613e-07
6.639238410674195128e-06
1.383954513850780669e-05
1.913763086998094675e-05
3.395422358063720646e-05
6.137382276510521548e-05
6.577797582012796654e-05
5.494077544976161246e-05
6.390182302473939452e-05
4.065720161600817054e-06
4.487030141281982891e-04
7.371605334347663963e-01
1.272574205474631182e+00
1.780291706970589249e-01
6.889003930686938837e-01
3.730997120338343243e-03
3.464378929348415180e-07
8.686922281629235455e-08
4.120411706124035564e-06
4.622362769781367668e-05
6.255802360211230938e-05
4.452782417842171336e-05
4.183868063110884151e-05
4.959071359965645489e-05
5.148834156705172765e-05
4.988259551837930048e-05
6.430170176950492696e-05
8.841765794222641867e-08
4.193677448251714167e-06
1.149414250463012682e-01
1.759740068659663592e+00
1.109775878530667031e-01
9.649694314663664896e-01
4.744508326314632318e-02
5.735728595267446903e-06
5.756167269863329655e-07
1.555554197107542603e-05
1.156244098535733647e-04
9.283827365027996141e-05
4.371333842730295248e-05
3.147911358686834664e-05
3.265706583930970798e-05
3.446729723168984324e-05
3.743983907610330848e-05
5.545908632919836632e-05
8.720904608914476991e-08
3.629397606172458799e-06
8.675904756201234524e-02
9.767365243222008164e-01
3.904855202781687320e-03
8.292951775176037738e-04
1.403036958961679896e-04
1.794203279595696297e-06
1.675626244175797252e-06
2.940906398663468835e-05
1.063887000175150490e-04
6.843727577473628077e-05
3.347088458224363228e-05
2.447906422166080649e-05
2.422086947688428490e-05
2.526293308314402083e-05
2.970155425455347315e-05
4.989852427491351045e-05
1.719627624284224298e-05
2.588237665599261647e-03
8.891043895464606495e-01
4.445082155334763307e-02
1.133242572716048221e-05
6.270562122367356254e-07
1.238129553775720399e-06
1.897836631231210627e-06
8.485573754310798405e-06
4.731745629701377179e-05
7.081657588678887962e-05
4.466183313115428016e-05
2.867916787973625019e-05
2.461276183057941954e-05
2.427744754093998119e-05
2.447272202600417288e-05
2.957346548262907845e-05
5.253552560544049610e-05
1.702583397112194771e-04
6.873811678966842455e-03
2.500841324238846017e-02
1.281648432918336357e-04
3.797467089074123329e-07
3.069193774942561801e-07
3.509614112957137257e-06
1.617956319445798411e-05
3.576607463744687412e-05
5.075707814704763228e-05
4.397511193729429794e-05
3.332816112334224470e-05
3.019132306986438169e-05
3.114845749989394682e-05
3.099214771093226201e-05
3.019622547525756156e-05
3.614462459343321932e-05
6.285768950418490607e-05
2.807745470965743143e-05
4.066608003681322295e-05
2.212973090064477072e-05
2.132234369250239521e-06
8.601728950504411019e-07
5.424386263156644277e-06
4.032227326661435169e-05
7.414454019008115675e-05
6.272995506422140890e-05
4.740544610971748988e-05
3.830715059775174853e-05
3.691404900389080857e-05
4.178768052617397847e-05
4.547625951228095062e-05
4.353037448199531122e-05
4.245497572186168197e-05
5.155244371004272431e-05
8.381959822484233522e-05
1.785106078030138078e-05
6.362185295092819950e-06
3.650632553680082823e-06
4.247296091248549414e-06
1.430012770067726446e-05
7.100159842351291188e-05
1.595949757787583757e-04
1.401398609679192536e-04
9.097631309128685552e-05
6.690432599541007777e-05
5.999720851357520938e-05
6.551659204501040275e-05
7.632676034011419408e-05
7.634060915508132108e-05
6.792595995535652246e-05
6.786775665951846773e-05
8.428937953189871224e-05
1.236437707328912950e-04
