9.082333740303617531e-06
1.706404583842052736e-01
6.372434382674631026e-01
4.348206712345176750e-01
1.591536125230238907e+00
3.306456891886891958e-01
7.230174225721363035e-01
9.911665820560285056e-02
1.178160488398236061e-03
7.190550620768916610e-05
8.416588769127472784e-07
1.425958783280613357e-07
3.269453166218218492e-06
6.924008274094839161e-05
1.665195448089674534e-04
1.450410084740903760e-04
1.277186722416133403e-04
2.730925485645592358e-04
2.965509487377722062e-02
1.778933939800134034e+00
3.147354078459821403e-01
1.785149371457327883e+00
9.112924910781872168e-02
5.324417982382956738e-05
1.520600160974585214e-03
2.068852404212710439e-01
7.706142488809443192e-01
1.113025161344348701e+00
7.942676246188153056e-04
1.623524488064854609e-07
5.303096904616334880e-08
9.428770237919817188e-07
2.247589493573244143e-05
1.303839101033673720e-04
6.223067892329353949e-05
3.731712435047508230e-05
9.188044783215925521e-03
1.479757123341059015e-02
1.525306141854209860e-02
9.151201132444500841e-01
2.771712343420640323e-02
6.387512107562842614e-05
1.020551709974273392e-02
7.014344995637262770e-01
3.460090499248005824e-01
1.740847692306001893e+00
5.184635751115571067e-02
9.204327633521502817e-06
1.058043933143869409e-07
6.410551581623650551e-07
2.440564776871006320e-04
1.936112004977350032e-02
1.806175374726479588e-03
3.447317123273813285e-05
1.448468096539404892e-05
5.251579434470572265e-05
4.640303165389266220e-04
9.404695642036445952e-03
2.005180423396965561e-02
1.995107530332540513e-02
7.470018250368860857e-02
1.895548374688678026e-02
2.593426881420400122e-04
3.992282433947059810e-04
1.439793005443760349e-02
6.620499320277985732e-03
3.658728912200217686e-04
5.098294875184362657e-04
3.213573671950528676e-02
9.111485656260266408e-01
2.735588403949738151e-02
9.049542837310817840e-05
3.053111950684689237e-05
1.520625478896310469e-03
4.505338493301713071e-03
1.646318575501069673e-03
5.925876399265260497e-02
7.775721441036634873e-01
1.835623743619996598e-02
4.617402989958637252e-03
1.912670149378687800e-03
1.281243189535532286e-03
1.971136273630649527e-01
2.757357100194772315e+00
2.157317221878246372e+00
9.242828753332895664e-01
4.854934432894053575e-02
7.546723445886469213e-03
9.959356392541345287e-04
8.811642886265424611e-05
7.560024502675509114e-03
1.082543061799681849e+00
8.673709815488515051e-01
6.910675496206840351e-02
9.435111420590387432e-01
1.247792157969409566e+00
9.640514255490903808e-03
6.501341230476422040e-02
7.279028155119565691e-01
2.515592372778449604e-01
5.248981660118637871e-01
3.623232310182286642e-01
3.836239440694609204e+00
3.944588891627339500e+00
1.352138292293829890e-03
5.542773953595084229e-06
8.655896216580671827e-06
6.214693382211641923e-05
5.778054993316019197e-03
7.480828850687073484e-01
2.264864679153172133e+00
8.066619031855308819e-01
1.251672164065698034e+00
4.244329034968892245e-01
1.077492003206700355e-01
1.054307535327748013e+00
1.006806545475606107e+00
1.754012105449009318e-01
1.952046639192954805e-02
6.218266058546509725e-03
9.990753322846650519e-01
6.176636187146851142e+00
7.291507759518766479e-03
1.364689764996629348e-05
5.018956780940836827e-06
5.574552271733202705e-05
1.009636805866841311e-03
3.323037020857164681e-01
2.816490776282195352e+00
1.121382021410381125e+00
6.470218645582714867e-01
7.757075278893115211e-01
1.001472996268282234e+00
6.496864878616381844e-01
3.080548498053715112e-01
5.771347683503005310e-01
1.253080664927557486e-01
7.738131981837886864e-02
8.314238514384517664e-01
3.816803550520960098e+00
9.897986528946189910e-01
1.350601561296183679e-03
3.277079707856321202e-06
7.655738583674121458e-06
6.030334731377476852e-03
6.555584474538971307e-01
1.989943604286775747e+00
3.003708386426215071e+00
3.476198649639449911e+00
1.998529380588218274e+00
1.137703271447712272e-01
1.073992343349301944e-02
1.505803298433053272e-01
9.390191079199979862e-01
2.045795956978551378e-01
6.527277901623271816e-01
2.652596014262607604e-01
3.004877221036598711e-01
3.914423052378333434e+00
5.193009595430625111e-03
5.172179856208744272e-07
6.376692463735504067e-07
2.889647965729446114e-02
2.488580062753616984e-01
2.236368685305830939e-01
1.820482227172687928e+00
1.643563796742908423e+00
7.489008931695909643e-01
1.890774557553045743e-01
5.712296971713804600e-02
7.950964132107269933e-01
4.371365645293025931e-02
3.645898239651735044e-04
6.197308774446053103e-02
1.047362836974723210e+00
5.543222249080561603e-01
6.038346222202572555e+00
1.021575421005854328e-01
2.940386608194335829e-05
6.640909291282804133e-06
6.291821619187715382e-03
6.581099219273727208e-01
9.973503025915096964e-01
9.077767275922463686e-01
4.449064414181810312e-01
1.517385195235137374e+00
2.439172882022733635e+00
6.086301325932034351e-02
2.907668092380706268e-02
3.347276763568094761e-04
4.059443661438259325e-07
3.164517850910995899e-04
7.398109617436291474e-01
5.571778053171148049e-01
1.922040702024031322e+00
8.710548319370158277e-01
4.068908729979683024e-03
3.385993772022487399e-04
9.356459257297771069e-06
1.709957715893676566e-01
1.318164649803325261e+01
3.922532281259298870e+00
1.792870241441428592e+00
3.205813789434606154e+00
6.582936710919149448e-01
1.506120280193518676e-03
6.619082224426935026e-04
8.459302314850356214e-04
6.533538787523981766e-06
6.030407918046867041e-04
1.292601078238644341e+00
1.484777295740754566e+00
1.141096904726455197e+00
3.826812723371497693e-02
1.681015646945893292e-04
4.252134582745431199e-04
1.390310560415773143e-05
1.987087235145550690e-01
4.509305334109237151e+01
2.899931634746907605e+01
1.325975060058583743e+01
1.055489289324841096e+01
5.946612205179435229e+00
1.942264665414048797e-01
8.267713638184398528e-02
7.537465438153958530e-01
2.345522974946824823e-01
9.464458857649467038e-01
1.727672295950855696e+00
4.234057290179344402e-01
3.845952858519277040e+00
4.281344753551580978e-02
8.502075913576967654e-05
8.935425860951199534e-03
1.218853371751553796e-02
5.623439495893120643e+00
4.130195936339911356e+01
1.549092351423798775e+01
1.119316496432189467e+01
7.166763512598054220e+00
6.143577984054489960e+00
1.507309132482838265e+00
8.657350694394799762e-02
8.038834227100923047e-02
8.195609806270499620e-01
1.031592259248548027e+00
1.301516869209561273e-03
2.063076599296000092e-04
1.763822167995385160e+00
2.121893484717411571e+00
9.819275981147474602e-03
9.561550977265554918e-01
1.821426026237874245e-04
2.139110451727578299e-01
5.927284368552725446e+00
4.167436803183475647e+00
8.274399903841761272e+00
5.233654114596693496e+00
3.529116050700252583e+00
3.250030182362627862e+00
9.671336342938105513e-02
2.327863000897220126e-03
2.086948872220252202e-02
1.621962620652213360e-01
1.396161724097177005e-04
4.287043662487038844e-05
1.382079370350098424e+00
1.727421664937245582e+00
1.532402664677698281e-03
1.281549604623243022e-02
3.544601826216409317e-08
5.938282399578205615e-04
1.640715922137500504e+00
4.516127841674473231e+00
4.989757467683026526e+00
1.473849921512737637e+00
7.510051819024087250e-01
2.056863269153526463e+00
1.605060695359966649e+00
8.616978561744174925e-02
4.961777321880371516e-02
6.921368344559748476e-01
1.483603163203734386e-02
3.111028363242191591e-03
2.417694117737765769e+00
4.713508422759423167e-01
6.613538937199732123e-05
1.301836427967972220e-05
5.705497562869880887e-08
4.032602750900520405e-04
1.387672610509357307e+00
2.309988480812462885e+00
1.041193954245866804e+00
6.098389230041242337e-01
2.642707821273511115e-01
9.849988776950723002e-02
3.357115065026591294e-01
8.920499964418260319e-01
7.640791763208196197e-02
1.014824094157329437e-01
1.100916631043996619e-01
1.012504937633037644e-01
1.518021060429983082e+00
4.829594376917785703e-01
3.501019332741267228e-04
2.184255712014137253e-06
3.308005329722392985e-06
1.981275098387129396e-03
2.527410874308297029e+00
1.899360722011545155e+00
4.921420276310201763e-02
4.829468652356803948e-02
1.050295279989294395e+00
5.136097810294727450e-01
1.407300664701142956e-01
6.577916006944524163e-01
1.414090104900958544e-01
6.642812900715203139e-02
6.242137644637294480e-01
5.963923515488966487e+00
2.583819089311042205e+00
4.518582399808280803e-01
2.534430837913684460e-03
1.569251731561575306e-06
1.111725139057617620e-04
3.490012177753897341e-03
1.588121754062059798e+00
8.230029334162868304e-01
1.721144725990273621e-04
7.043129375636597670e-06
5.921392960626165568e-03
2.099599490867579132e-01
8.905150630973281134e-02
1.235531542068150912e-01
1.118889143131743535e-01
4.117943165476031786e-01
1.995327551811758804e+00
5.563966312314513551e+00
5.244271565920586298e-01
5.433054878915142272e-01
5.794152093155601618e-02
9.749294147444936275e-06
1.347128754831521114e-02
9.989284423304344018e-03
2.449678795335151760e-01
3.884243745473777154e-01
9.491359177878823535e-05
1.208183715339521761e-06
2.853383780947668213e-03
9.061453772860316169e-01
1.960834705349804308e+00
7.748900762133196229e-01
1.874024674395450840e-01
3.235123937899047952e+00
7.421841946971135862e+00
2.003600278279616731e+00
5.565948495138790808e-02
3.110403987327826913e-02
1.727420678812778554e-02
3.515882283855183648e-05
9.610201203346007137e-01
9.871591948746182288e-01
1.967025077455717197e+00
1.411172383818024789e+00
2.064573068519352621e-03
9.194074634244015160e-05
6.162787725472140821e-02
8.050435327946899866e-01
3.887709249712398840e-01
5.827970517238489911e-01
4.386007693137194963e-01
5.279010510435687920e+00
2.852370390510691411e+00
7.224465230883623246e-01
2.538504215460828106e-02
2.282466062134779719e-04
3.266206253030976719e-05
9.819750699861813225e-06
4.076100968875101538e-02
9.699052969982748795e-01
1.968448405011000935e+00
5.915159396777279754e-01
4.639942489604071893e-03
1.832749462297188811e-04
1.250472564995351154e-03
4.691175534777504625e-04
6.438803454065888509e-04
7.155968035202008026e-02
9.847263834486170708e-01
5.184042291120203316e+00
7.067854861505431519e-01
6.567618312234629885e-02
3.149189139940532841e-03
1.729658176395795248e-05
2.781443583002713871e-06
1.576035617233398822e-05
3.027895910893946925e-05
1.690553125547917786e-03
4.562860891019714787e-02
1.512594705351947955e+00
1.019494047963395822e+00
4.814892166851235389e-03
5.140187293424209410e-05
1.626127363278678743e-05
3.733138986758191644e-03
3.915068780914589208e+00
5.003290293088604734e+00
9.410125674568736720e-01
6.412804636189751994e-02
1.472758026672782699e-03
7.870881375977450977e-05
1.139665636630535113e-05
1.653124405110894372e-05
1.354881672051595906e-04
2.009420193801181174e-05
4.031366505834540906e-04
4.178185472335515377e-03
3.019174588967394324e-01
1.926669314632303953e+00
1.015833986382421936e-02
1.814926440780000502e-05
1.726070568475490842e-05
1.889183536312640313e-02
1.985861719966814487e+00
4.042834213528771758e-02
4.461466766518792427e-04
6.638695758794390073e-05
1.282866789504859322e-05
9.234481089155615797e-06
2.990998529852324588e-05
1.363869098072286921e-04
5.597673046800297637e-04
1.525090501104688079e-02
1.968710805329193958e+00
4.004905126466765886e+00
8.855032387040578934e-01
4.140053428944136943e-02
2.280602534061729257e-04
4.729350595528598979e-06
8.590227073375237068e-06
4.203162983774957309e-04
1.207990737714786976e-03
2.143049598137395211e-05
1.174368763062704803e-06
1.924665038294507415e-06
7.778033244954516136e-06
4.547617514280681572e-05
2.555767853469529771e-04
6.651668801796476122e-04
1.228224765243435225e-03
