2.164833917537619876e-02
9.974119335690955213e-01
2.028168040777934777e+00
2.999306103246528465e+00
7.222421689568072484e-03
6.021746872035181588e-06
1.452676860996865241e-06
2.970138254159061576e-06
1.176858285473225673e-05
6.868503457531971116e-06
1.190313337815143908e-06
5.962102221009907282e-06
2.413103768560512805e-05
8.126264451864193334e-06
6.350276446730532356e-06
2.119266976095874640e-05
8.652773151442263782e-05
2.528508074363081289e-04
2.186304929493244550e-02
8.441447190112512100e-01
1.115837826497622753e+00
1.789257585715918975e+00
7.855575332487609030e-02
8.128934631965329879e-03
3.559783796395652941e-03
4.675245641974279040e-04
3.496890091928473408e-03
1.274512443042822435e-02
1.021036824261222550e-03
8.409743904522801834e-04
2.267642929416278637e-04
6.964170027143432293e-06
1.923814326570559900e-06
3.885373362922529665e-06
1.846051741948793448e-05
1.008322266689373628e-04
8.176702214001416516e-05
1.821135935434174333e-02
1.609044130035050257e-01
5.806225336224495742e-02
2.698861736266731232e-02
9.386794434055648617e-01
9.705916909019113303e-01
8.712783615088608505e-03
5.703944428771640790e-02
3.806816746686016106e+00
3.210691973132989041e+00
8.755151893384593986e-01
3.895916048349653410e-02
1.580987779292863374e-03
1.299035546277755703e-04
8.989351757070848461e-06
6.607992187290475357e-06
4.137199192812887605e-05
1.755592465260629820e-04
1.338636131979510091e-01
6.138005082001787294e-01
8.578293874572835015e-03
7.321197557922371054e-04
9.960354802220494283e-03
1.073864547873609222e-02
5.645067722300684031e-04
1.321584235092974598e-03
4.507936443611587629e-02
9.162599957498848147e-01
1.932359945107472221e+00
1.068553342386109106e+00
9.733591830102688025e-01
2.288069596348673088e-02
3.861657807403532001e-05
3.496641293103555582e-06
1.792451550226786293e-05
1.253610062876503971e-02
8.123188175423039503e-01
3.752451742792521916e-01
9.555467048478710410e-03
2.445233273353029230e-04
1.787318536522826309e-05
2.624231018956116768e-05
1.313400749362307824e-03
6.032785947585903551e-03
4.524600591754542218e-03
9.972844471607301975e-02
1.005336527163130267e+00
3.145047603909731482e+00
1.783621157200738994e+00
7.201366883598274253e-03
1.684967219165954669e-05
2.120068446889545034e-06
7.244911570670982356e-06
1.811616815013001799e-03
7.047219328080496503e-02
8.448132466388016404e-01
9.217166220099342056e-01
6.070735256407278069e-03
3.937701072553287089e-06
6.516997412488078978e-06
5.593211439152751679e-02
1.809324899400805320e+00
2.285574360920530068e-01
6.607277788945206121e-01
1.237224966896733003e+00
4.582258290805377499e+00
2.421718240922329901e+00
1.033061347450727960e-02
1.196619342344612541e-04
9.406570478720409698e-06
3.601027354880914513e-06
7.239385139638215686e-06
1.879194774552283090e-04
1.890008844190244758e-02
4.269271644605542038e-02
2.235230405346962806e-04
3.640737131478883785e-07
8.587387836655435433e-07
1.259741687432075659e-03
1.488033410686018937e-02
6.351238637415192179e-03
2.168382365469405729e-02
1.003739587825623787e-02
1.683894652387643853e-01
8.779164937254549272e+00
8.261888880386862866e-01
2.930364095148845979e-02
4.815555123653476790e-04
5.117689988929803139e-06
5.858090301700199516e-07
3.655076995267525975e-07
4.943070479329911400e-07
8.442064896143479768e-08
5.845704650553833010e-09
4.117429129696182733e-09
8.305454613462578125e-08
1.368419950035163565e-06
5.903525483208088787e-07
4.904388827439159715e-06
3.056882694569579718e-03
7.355511418180020466e-03
1.586249010514413638e-02
9.332466789018433184e-01
1.338758656969766481e+00
9.168391737103198658e-01
2.622015434791136884e-02
2.258744512478154601e-05
9.445838836587328731e-07
1.096115598372213717e-07
3.598283425647930121e-09
3.197213413824242223e-11
1.550654930490116953e-11
4.200596860155255414e-09
3.356248327953492515e-06
4.386475456399696387e-06
5.086346903438709336e-08
8.797481335231740590e-07
3.172173356154508322e-02
8.250599786772865318e-01
1.400350415866996046e-01
9.259641503494681070e-01
1.910228340431770366e+00
9.073348913703571661e-01
1.550273892804219372e-02
1.858286719439918862e-05
1.643465552251488949e-06
7.389553098064012245e-06
8.520947518082652861e-07
1.749811300972787747e-09
1.884519615740584794e-09
9.289222776358180977e-06
1.736621631923546127e-02
1.957864075508337996e-03
1.637563605420810635e-06
4.211666215578548703e-06
7.808087711118253706e-03
3.258789913814651162e-02
1.326324908688477494e-02
9.442060081367784630e-01
3.104683779441909319e+00
3.563293346965339808e-02
1.015367166625211280e-04
2.210578949759280160e-06
2.897841218702573845e-06
3.101941292425347378e-03
2.365712185773484466e-02
2.278775834761118276e-04
3.723649183119030564e-04
1.039967116092866545e-01
8.546462686557401156e-01
3.691595706377811485e-03
1.817075637437243370e-05
5.571968478196242212e-04
2.864431967413474250e-02
3.480639549479781878e-04
2.324651130199046308e-05
1.391356685510916451e-02
1.903305240607463533e+00
5.524891100070822986e-02
7.805307634941181165e-05
4.070390662975110504e-06
1.284529904483645519e-05
9.795559608064308144e-02
7.683327870502187018e+00
1.279176360513291755e+00
8.250557079623316303e-01
8.551569927442312924e-01
2.149074843476032337e-01
8.222268092556370145e-04
2.810782142740359549e-05
1.416701548303742238e-02
9.038305020328476491e-01
2.691095214024932011e-03
1.456055150565783430e-05
9.083529045369097494e-04
2.097113250971703646e+00
1.867387748619422805e+00
1.470363201322713413e-03
1.885328369878107823e-05
7.914475757770114640e-05
8.703472551623322451e-01
2.844073341254968668e+01
5.614825072269339579e+00
1.208391495481389688e+00
1.737202023814004570e-01
7.615503394871268039e-01
2.843391518199365336e-02
2.020156323677170450e-05
7.723327181885581891e-05
1.402890329828638226e-02
6.705423984624520051e-02
8.774667806570792677e-03
7.118078969105607300e-03
1.893195396342358450e+00
3.149781306988026053e+00
1.228133828649126923e-03
9.847986616372942818e-06
2.543532598620279689e-05
1.120659066365531586e+00
1.053626946869336400e+01
4.966358662268053892e-01
5.458699593350266888e-01
2.063777278910654822e-01
9.221822321376593745e-01
4.563978996287966494e-02
2.023492446826412461e-06
3.537785935863304736e-08
4.029173389986081272e-06
2.242146070626871435e-02
7.755759985446868399e-01
1.732557600714073887e-01
1.960396283184024924e+00
9.305112297365101259e-01
4.500044446346633401e-04
7.263005001972229072e-06
3.515834138422511502e-07
5.929282644085642588e-03
4.730203663442545531e-02
1.781154463832261082e-03
8.479324270667882094e-03
5.807421678256109374e-03
1.495225600678066081e-03
1.005338741497114729e-04
1.411367736040266846e-07
1.642349848505629954e-09
9.735653406867950581e-09
4.455548077917979670e-05
9.483866946550910393e-02
1.036409857500690812e+00
1.948537793679278041e+00
2.781911069874364734e-02
1.962234480072365416e-05
2.963558190262814042e-06
1.943008774496985179e-07
1.110206920072768708e-03
3.659055250594325792e-02
3.405779574156024754e-04
1.371640505415636270e-05
3.169851173494256581e-06
2.143067833538935260e-06
9.674546745933882547e-07
3.283440190033235005e-08
7.245280597285022842e-10
6.434271115551681757e-10
6.939650229039335578e-07
4.544055471827818972e-03
7.895037979683295903e-01
2.137148871942500694e+00
4.028176088928758954e-03
1.569607413974069331e-06
8.277464581313372227e-07
2.442587898049905548e-06
1.286642306316423609e-02
8.965333940706161631e-01
7.633090613082884083e-04
1.668713107812943748e-07
9.691571039118192984e-08
5.980166694863295588e-06
3.415245950812103809e-06
2.045477993072920506e-08
7.365637103635370613e-10
1.098426319996875125e-08
5.599586193642449851e-05
2.082484622086623605e-02
1.898594015721869477e-01
1.816465062198579838e+00
2.729460327837645098e-02
9.977478976751479739e-06
2.117095133005014910e-06
9.160571895779382354e-07
9.355074735149743279e-04
3.663610487114109249e-02
2.433885825676160633e-04
1.170436270469773485e-06
2.600996185511480368e-05
1.961042640604766449e-02
1.869252638428838074e-03
1.846220353354156156e-06
6.386931131732406047e-07
1.423015450053574183e-04
1.169189613628871249e-01
6.787460279214067027e-01
1.234275413213504091e+00
1.947129936337482770e+00
4.922722407690731904e-03
5.482419950833954723e-06
4.792998934343043522e-06
6.160844988137299208e-08
1.456932817599426505e-04
3.264255621877698577e-02
3.181613789818465987e-02
2.194970894779024392e-02
9.920420734613687175e-02
8.243821268067805796e-01
5.838733843991795319e-02
4.792720479971941845e-03
4.489669790409387545e-02
9.759521875877857910e-01
9.045313978822737688e-01
2.457280843150842498e-01
9.703356731763596699e+00
1.107389759860603506e+00
1.064905577243869393e-05
5.555008611169982169e-08
2.526783467661486094e-06
1.336569612073648964e-07
2.481713085833547276e-03
8.610358596380007778e-01
1.068243211563077999e+00
6.836704802546912374e-01
1.040891498128746623e-01
6.971902951253059269e-03
1.437030650608676473e-03
3.123515377663563936e-02
7.710463824071981387e-01
1.184596295125265764e+00
7.733493341220802897e-01
3.444077966993774331e-01
3.884650919102387689e+00
2.461625774867275476e-02
1.260950315643779454e-07
1.075002129165979644e-08
4.152575401571099131e-06
1.046704197439196881e-04
1.618528283115568955e-01
1.855380660731830833e+00
3.221318329251296464e-01
4.653736281818900838e-02
7.981651279696178047e-02
2.600401190170935350e-02
8.994649546502401453e-04
8.495060755456716739e-03
1.138053108059155077e-01
1.546232986089119410e-01
2.852196490403918094e+00
2.816020423967633857e+00
5.420888150692117907e-02
3.288411827462911675e-05
4.169144259066562880e-08
1.626569545573391731e-07
3.356490729327559017e-05
3.251931580965197743e-02
6.919361444379289461e-01
1.289821655569969749e+00
1.509181623148951656e+00
1.706149168977839914e-01
7.408102909738493169e-01
9.510832454797337743e-01
7.260242846794365615e-03
1.573784993878269561e-02
7.712120566573027469e-01
2.941968642240187837e+00
4.194672378250649203e+00
4.823974039462727154e-02
1.800432111012144278e-05
1.065773370861299433e-07
1.061716078966091866e-07
4.609215411299387983e-06
1.806925963252336155e-04
3.646687653877871138e-03
7.889522662716499934e-02
2.451453034915156426e-01
7.658788090208723531e-01
2.927588042006667446e-01
1.008751731127304624e-01
1.074068475763639147e-02
2.666488708930836189e-03
7.984213950070337407e-02
1.167396558314129029e+00
4.949115618073673062e+00
2.888287804247144042e+00
2.376927297079074481e-03
6.659359021879659847e-07
7.836502035522267575e-08
1.141815376005012210e-06
3.373350664557892849e-05
2.757865216611628126e-04
2.370161745276414865e-05
3.009040036272754570e-02
2.525271587593620026e+00
2.643368884571232869e+00
2.433204225264893772e+00
1.049874343355641670e+00
2.955481346817338123e-02
5.657742665711704838e-02
1.743992327918358010e+00
5.922932624740995938e-02
4.894088275765631248e-03
2.673515481842967181e-02
1.526680752320198420e-03
9.284308986884231643e-06
2.895841816909457097e-06
1.594759327303427778e-05
8.714916179699412591e-05
2.485810841484874917e-04
6.744416882158093621e-08
9.060378993056803247e-05
1.215990355378243626e+00
4.637907437701714208e+00
3.092568787916426531e-01
9.904853597088457695e-01
8.721549330417855961e-01
9.972064355827944815e-02
2.554062487490824443e-02
9.924167276553313684e-05
1.714163698547109446e-06
1.863742275961128222e-05
1.108336606286193418e-04
5.646388215568510024e-05
4.996742568224610980e-05
9.602944346162829768e-05
1.745205239883269605e-04
2.964580840662940598e-04
