3.122544926274075164e-02
8.067241804937372862e-01
1.457940625171399773e+00
1.416171665388284540e+00
6.487569518353094589e-01
1.579192127480793850e+00
1.016807596026041205e+00
1.181775016022766772e-01
3.314680570337403404e-02
5.006765943644267370e-04
7.238974277262743724e-07
3.904171451882144576e-08
7.716122088586021215e-07
5.649604968953145657e-05
2.856155498134887592e-04
3.255811189378250551e-04
4.202185320358795256e-04
9.389691019593139317e-04
8.105746159789562188e-06
1.343278938879125806e-01
5.506157812629484560e+00
2.553050027076290363e+00
2.288115395195763568e+00
3.910913616458851494e-01
2.118274510299943958e-01
1.782633257386637249e+00
5.698659060002182919e+00
1.125746060164649176e+00
3.854193366198020807e-03
4.563817612165199562e-06
3.530007964690415459e-06
5.760095525575269763e-05
4.842556539968719752e-05
2.835614112392614123e-05
7.387663491325376260e-05
3.733570543138734908e-04
5.257442310959334198e-08
5.019106128294120728e-03
2.220217040517350748e-01
7.510147733180436505e-03
9.185169979847486454e-02
1.176054198964021857e+00
3.798414586964791173e-01
2.779535391841807535e-01
5.727162974726337508e-01
3.769790180055627271e+00
4.931993443865351878e+00
6.221395572459522544e-02
5.877557463779508988e-03
1.718738253580930162e-03
3.152098761053725182e-05
4.970449306787393158e-06
2.539792791082196182e-05
2.835804746404042018e-04
2.348945100630822057e-07
9.934298969578300720e-03
6.767601006485449711e-01
2.097884659366369177e-03
5.211785794603490674e-03
1.712683089506711331e+00
1.606316329430954815e+00
8.540931630715160594e-01
1.275969811401393317e+00
3.480418893003345837e-01
1.848297867137778994e+00
5.210736180588206423e+00
1.753925578250437933e+00
6.197989472719537402e-02
1.565580258879770115e-04
8.558356822432127781e-06
3.142963934627255907e-05
3.645887172191582498e-04
1.831835066798487708e-06
1.049847285933235529e-02
1.323858919140764812e+00
1.367294572742214350e-03
1.047077516997765200e-04
1.921893012138111423e-01
1.542604550717242562e+00
2.103471926504892897e-01
2.924343955540046891e-01
3.665094983013249264e-02
7.485793109293317760e-02
1.640615392696576080e+00
7.416951938799994259e+00
1.907883266197445415e+00
1.228552115980552362e-02
1.663877044484565087e-04
8.128440666191277884e-05
4.413593570021086482e-04
3.600477541316368749e-06
4.621402831524286207e-03
6.375878875191207662e-01
3.835413659965264269e-04
1.563735220618836154e-06
4.489303497617780359e-03
1.024067787802450891e+00
1.545745214684836888e-01
5.696395672189727977e-01
1.249124963474231631e+00
5.583617132012665962e-01
7.093768712073943439e-01
2.354541329603879962e+00
9.133007821028112261e+00
9.564679445265433788e-01
2.394510787034382845e-03
4.790260377608964782e-05
1.371062665457680537e-04
3.902733221130540528e-06
3.693280287230336478e-03
3.602374684356559054e-01
1.492169425885326737e-04
1.158074392862740714e-07
9.331387428042661172e-05
9.274055909872893633e-01
3.065855931261320055e+00
1.181362733813656973e+00
1.682963293830021412e+00
2.473925093316989177e+00
1.357631154362165304e+00
5.445899168359235043e-01
3.930670146344813265e+00
5.073232524929945697e+00
2.406752531470423076e-03
1.846280076077747404e-06
6.091535996233110837e-06
7.374098972389613476e-06
1.252761862160096940e-02
6.052050718414136998e-01
3.033228762516199497e-04
8.691490241424441847e-07
8.301112043798039824e-05
1.070820906252325649e-01
7.193668086011917318e-01
8.207319345082193796e-02
1.508419910555230670e-01
1.907093023041054991e+00
2.111708398945436826e+00
9.080188783772643601e-01
2.923994887062698833e+00
3.839779675222255939e+00
1.645248077950069773e-03
2.859446003715984250e-07
7.104584105803575674e-07
1.126215110235797837e-05
1.781536475683356824e-02
1.374257375052076791e+00
2.498560474299191606e-02
4.893966796612036346e-03
3.318742738531304387e-02
2.199966452844474840e-02
2.710530069405226242e-02
1.373417966677143165e-01
7.771235841865925531e-01
1.950781265806620146e+00
1.115362965439295584e+00
8.236737051491108685e-01
1.174353645277633973e+00
7.141783960336390180e+00
1.276016102697180854e-01
1.848673177178268440e-05
3.056234176181008346e-06
8.200714826379089907e-06
2.497626967937212773e-03
4.639009168428174790e-01
1.103738948034817646e+00
2.073891658789301484e+00
2.581760415574117840e+00
2.019998051549392326e-01
8.069066546632845671e-02
6.801367606984960457e-01
4.072128494479620997e-01
6.020362039150367606e-01
3.552234872193648751e+00
6.766743666473400420e-01
1.747083790963885885e-01
5.727264838853819207e+00
1.749301376603658253e+00
4.446958379503958628e-04
1.237548287650804662e-05
6.542357114173717627e-05
1.772439235293832988e-02
6.635043310549832984e-01
1.737943508353007926e+00
1.878470974172855579e+00
1.769287982981623708e+00
1.432650062183757900e+00
2.533097171540629189e-01
7.651007662958253519e-01
2.210949589958536021e-01
1.875945666490548280e-01
2.359898610872846358e+00
2.090298685949401325e-01
5.449351805811482319e-02
1.010600622583444963e+00
4.583831624260673587e-01
1.219109821318086363e-03
3.750014524239661122e-05
2.149127526405000723e-04
9.776952453908802632e-01
2.425913112239475211e+01
6.514077590353791969e+00
4.743790777605394915e+00
2.721938143841250213e+00
1.954119465074275697e+00
2.346154313424993754e-01
1.168360785234594301e+00
5.124169962764055786e-01
5.705385083453440309e-02
3.406294847591542774e-01
2.625324871684097117e-01
5.413519310109405902e-01
6.282452386982652293e+00
3.403285621220223156e+00
1.480739378872392674e-02
6.672601386126425277e-05
1.677317042579087419e-05
6.791745684531018401e-02
2.939059813116069719e+01
8.930008274834293047e+00
4.840543752960071444e+00
2.516257365760990794e+00
1.968091628319347919e+00
8.115162328698205529e-01
1.836767866713441055e+00
3.765467217869209460e-01
1.164893347658883666e-01
1.621138954298808388e+00
1.791215190409751745e+00
1.255998569519307217e+00
6.920829043049984364e+00
3.426053319277400977e+00
2.891679800134142400e-03
1.662412280994360597e-06
2.136630754822332716e-03
7.384868699540785009e-02
3.562249406988661349e+01
1.019938557956072600e+01
2.795126209987649268e+00
2.053582205678156747e+00
1.449907119215484430e+00
6.087297575728227716e-01
7.163488328315682496e-01
1.067052116365353909e+00
6.849400420583708904e-01
2.712489624675804567e-01
9.785866445927146606e-02
1.264224745343252854e-01
1.672622978368014435e+00
1.841918105906803715e+00
4.076433601133835384e-03
1.831207595968656352e-06
9.043482025634063115e-01
9.416778890029903204e-02
2.895471270702505429e+00
4.105206569401251393e+00
5.208986670315452372e+00
3.773490673686156871e+00
2.609357690969733135e+00
6.235446680531895325e-01
8.848763167310706723e-02
1.010722446409399566e+00
1.139709548152427088e+00
2.949798632223706724e-02
3.665967565556223912e-02
3.274098735174917896e-01
4.024671141075510050e+00
1.614715647998714809e+00
1.238930577069935340e-01
1.209085502486833760e-03
2.743824135585845245e-02
4.270703747950405429e-03
1.669188078476576409e-01
9.777581625522842046e-01
2.513131469888248315e+00
1.548105833214283411e+00
2.211819345043193774e+00
1.249648308944928177e+00
1.505025614313075348e-02
7.733472924087061995e-02
6.480455942342239206e-01
1.279173795124126656e-01
4.989979436144948988e-01
1.431409401602884879e+00
6.110621421421909005e+00
1.075403911454084982e+00
5.786021805634145032e-01
7.053648505081722142e-02
1.198988413511850744e-04
4.660775990008554984e-03
1.753768092961887737e+00
1.159354713405202686e+00
3.249303954550231133e-01
5.262642285703329481e-01
8.364802296521245406e-01
7.098837449610860828e-01
1.599610876607815077e-02
3.082992931952783719e-02
1.019268015902635716e+00
6.765410823634799842e-01
5.586214672776926848e-01
4.515349157281394743e-01
4.099645005590851987e+00
2.506206380632007402e+00
1.193293090332130935e-01
1.554124955257852247e-03
3.007996292843932738e-06
2.146028746917026295e-04
1.682254983846782626e-01
6.322706822984960340e-01
2.350099700286200077e-01
8.033764342650319135e-01
1.755353071454674341e+00
9.002696140772696864e-01
8.666457189997402166e-02
5.501115656262057368e-02
6.885165200983717204e-01
4.701138772711217495e-01
4.030658377777216472e-01
1.425731434660597152e+00
5.285206170082758170e+00
1.226395015806978905e-01
3.088401797155083348e-05
1.772072896717412748e-07
2.157918942846069040e-06
6.544491530953318304e-05
2.372853948698713106e-02
1.268395708802183330e+00
7.217151953869036518e-01
2.911794321102251226e-01
9.986001503076842312e-01
1.380630638249491282e+00
1.692921025543568048e+00
1.119206433377931909e+00
4.872435698579942187e-01
1.330558505793463520e-01
1.035362606000183483e+00
6.353260030425690985e+00
1.591843702402942373e+00
1.755639795130781557e-03
6.584639837073928728e-08
3.719326419677374739e-09
8.455460964562332509e-06
7.603824061445768959e-03
7.810299765994113130e-01
2.099312694442527327e+00
1.639485525430733226e+00
6.364871899234292307e-01
1.145189865365368487e+00
1.395617831337649939e+00
1.594267181643381326e+00
3.418204638872648804e+00
2.868767743817944638e+00
6.660241229541226105e-01
4.305217886935244209e+00
4.931025307483313469e+00
1.410211770288739341e+00
2.931654396627025178e-02
7.165315511078923006e-06
5.315867981172109262e-07
1.843439773558248041e-06
4.368483311865269114e-02
1.122987769916520273e+00
3.296440709531862912e-02
1.642759400488403854e-01
5.360409659189061538e-01
4.892339417078614972e-01
1.023311968021699769e+00
3.923690757979497734e-02
1.651369502587977586e-02
6.249358334117998126e-01
1.730201067207855381e+00
9.199019016127740755e+00
3.676750294517564743e+00
1.779064526926407430e-01
8.436538450532573424e-03
1.100329939133861431e-04
5.489198213421638174e-05
1.622124414332259943e-07
1.451538781867068965e-02
7.822481011965269904e-01
1.224179144055800861e-02
8.045521376534675584e-02
6.174748809140033490e-02
1.667325186442345300e-02
5.879145846014778298e-01
9.812556187003299013e-02
4.224973045112684344e-02
3.388899523612070475e+00
9.346463963309934897e+00
3.890017305669642322e+00
3.929543016507967834e-02
1.814871918747273482e-05
4.497720310150986723e-07
2.061306621969657746e-06
1.122726407724716075e-04
7.885603392329761215e-08
6.381780079668083853e-03
2.074559109916042310e+00
2.114735402920131790e-01
5.756810412713688763e-01
1.679937816001640105e-01
1.290119724490552955e-02
1.705418498178597475e-01
1.075470703670243777e+00
2.919870893428542669e+00
6.389161329448056037e+00
2.728708761011773287e+00
8.434592307387887844e-02
2.932671339963435986e-05
1.624662970552657160e-08
8.902224759543601858e-09
1.266871764486788942e-06
2.362371144172173540e-04
7.320140426242761672e-06
6.699940338803291040e-02
4.873541470260541963e+00
8.371284031689771865e-01
4.718608379808421627e-01
6.866798822019095638e-01
1.060100012650710077e+00
1.910621596617614548e+00
4.002827589982588030e+00
1.852895671840880887e+00
3.160663971125594884e-02
5.212674073479564921e-03
8.642950069506468228e-04
3.289343232120261013e-06
1.358243348736597519e-07
1.031034549214832780e-06
4.708071994498506718e-05
8.082693084721218925e-04
2.472019281208525168e-02
1.892745947197865819e+00
3.132846347007274268e+00
7.041207507701258805e+00
2.736741903554667399e+00
2.363808718956111055e-01
9.234127499781393800e-01
9.936194207262197819e-01
6.964458683478605416e-02
7.271516215210364724e-03
2.866969061659591306e-04
1.395192518139791774e-04
2.495380831651395378e-04
6.464784744147114267e-05
5.317594283030301159e-05
2.513006641687874415e-04
8.588597989824626674e-04
1.738115133590470863e-03
