1.828650424893137408e-02
5.991760260905768298e+00
1.002024557937430416e+01
3.013758335127679988e+00
1.957467500220252621e+00
1.088393569351875145e+00
9.394394692009532255e-01
1.001051408853295577e+00
1.417425407964832684e-02
2.089608576845219338e-04
3.024963098698345374e-03
8.244009471265693195e-04
7.739612055411669217e-07
2.440906594924237873e-07
1.303296431339705773e-05
1.944607314620297857e-04
3.370651810932274897e-04
4.821362176486086964e-04
8.851869029209823853e-03
3.935466161532989560e+00
9.016789981982526569e+00
2.952182998784661283e+00
4.050382656170745221e+00
9.049592648982468512e-01
1.704368214464300341e-02
1.006538057407558306e-01
1.803342685985252603e+00
2.980818532189801751e-01
7.044949614375241032e-01
1.568553160140158387e-01
1.567154121332987675e-04
2.411462836850576919e-06
3.156915600417532241e-06
1.606127889372212974e-05
3.845369972602867125e-05
5.343071362470471381e-05
1.168020496768780057e-04
8.252296324916042966e-03
9.253871158935701724e-03
7.162572212730222406e-04
8.846120623735803743e-04
4.102247145165576446e-03
2.518654699082727090e-04
2.656203385870010199e-03
1.972289138797839847e+00
8.789440002438324129e+00
7.385230303691687759e+00
1.674077738315340014e+00
4.203190724184339977e-02
1.691792061013392703e-04
1.779745913633672213e-06
5.572220583464776726e-06
9.038197028665343304e-05
5.298841347604990896e-05
1.722909374499272854e-03
8.937848470634893183e-02
3.173339463240947705e-02
6.506700140067103993e-04
3.316557101296644717e-04
2.363006007091486213e-02
3.649430230934265496e-02
3.821402246873660535e-02
8.751380639787770255e-02
1.327125226042557282e-01
1.578161967674188260e+00
3.471918326327079640e+00
8.907255241917162447e-01
3.002753563652880812e-03
3.361034121475102991e-06
5.289268745910900176e-05
2.272049864514444698e-02
2.497991165923642634e-03
4.624593600047827852e-02
1.720848176555119791e+00
1.032918836242956662e+00
6.960101729847820717e-01
5.502694175987105085e-01
1.462413060948911214e+00
1.227137395972518918e+00
6.876758078612937863e-01
1.655134796832203117e-02
1.217361184647471929e-03
1.203021966855930547e-01
6.833006521088017315e+00
6.861734514200180435e+00
1.270106218774475215e-01
4.187827466497565381e-04
3.631702412708684175e-03
9.103442255704646824e-01
2.729832524299571558e-02
1.056525759840689933e-03
8.524319894069465331e-02
5.199106983644249391e-01
1.812691024085709701e+00
7.031571663137285988e-01
2.285101367057547628e-01
1.777739599840996443e-01
9.078856277540622854e-02
1.159862285391971386e-02
5.965827353225827863e-03
7.849409598429633872e-02
7.727740283845774272e-01
2.506519250014329181e+00
2.567697498863565464e+00
1.454989071845980697e-01
2.237820780769573387e-02
2.064293206351270824e-02
7.420044317533644983e-04
7.123506096512271709e-06
5.806669176424819612e-03
1.171417927383148871e+00
5.425802200608970116e-01
1.426730283637735880e-02
6.089982298452768089e-02
6.315080187806692003e-01
2.845422153163815887e-02
1.866729631464784586e-02
8.005074660131553665e-01
1.101949484550100333e+00
1.813064496744790088e-01
5.576466297492969071e-01
4.481958147013298976e+00
7.230190197584033251e-01
2.319302250069581010e-03
1.844421991365467777e-05
3.918299548671276875e-06
5.553429172247376819e-07
3.094554128526734731e-04
7.318134288492488260e-01
5.158489992939594426e-01
1.725735186473240004e-03
4.042029907499278783e-03
8.474120974583332355e-02
1.384634557771832752e-02
8.243015153197831568e-02
2.194708943170401216e+00
7.060576359748917952e-01
5.833009684366596143e-02
7.185084146395527560e-02
1.740760141326504140e+00
1.272003840149889431e+00
4.332875569606064602e-04
3.910707765605092064e-07
4.622448354077134375e-07
7.804520220981361002e-06
1.705115267565866267e-03
5.511122140777383605e-01
2.059025260928924739e-01
1.171525664555714795e-03
1.641794554942707478e-03
5.861391095467147899e-02
1.695890031378702034e-01
5.994522920311050607e-01
1.270738956999505620e-01
6.843614917997864477e-02
1.102368560854688900e-01
1.037104997768052532e-02
1.325210318359480999e-01
2.723848933379619641e+00
2.600070976670742877e-03
4.004571920548498251e-06
5.781449247802482250e-06
8.403134721681875538e-05
8.339832302698956326e-03
1.067661168666836219e-01
7.318185844996860645e-02
4.966233400872328146e-02
1.260946153147332605e-01
4.897345525669164479e-01
2.143334409190223722e-01
1.285564740741948486e-02
8.074629075218242927e-04
2.110516590957246114e-02
6.920013190349796339e-01
1.587076229184179385e-02
1.586853459409778150e-02
1.122683509389217571e+00
8.459251005117383870e-02
7.835883365633058636e-03
3.538787503588229112e-03
2.606252985001994448e-04
1.859046163003133523e-02
3.165822981818906118e-02
2.123626716134178680e-02
3.261980564411222638e-01
4.652599313367973277e-01
9.677195091488112466e-02
3.539520962319224473e-02
1.557697198214573042e-03
9.560112621293937038e-04
3.549893006823371527e-02
1.719930486036423400e-01
4.409054424392462590e-02
3.559039575897030711e-02
7.163976145462823686e-01
1.120834350456892281e+00
8.127902313435534376e-01
4.778208825040622387e-02
6.141971302267111923e-03
1.003652443559022167e+00
7.777151375748060369e-01
1.104998067277358081e-01
9.471754633198694595e-01
1.145799566390959923e+00
3.957715119482107524e-01
6.253311463621518129e-01
4.407904531317699548e-02
1.427961448756505936e-01
1.607775881838962473e+00
4.006980057626152170e-01
4.801117959109681976e-01
3.417382318676151498e-01
1.972894617213214241e+00
2.103626251859881169e+00
3.731089788240698341e-02
2.867091895685978616e-04
7.626804534968859191e-03
1.926403139099554629e+00
5.417831182884885521e+00
2.455545005828502436e+00
4.567405842371596414e+00
1.281434968445755551e+00
9.213256681098164202e-01
1.528227856809950547e-01
2.483453091929100124e-04
5.032277582154708485e-04
2.193623133614023765e-02
9.617103391382704133e-03
1.073287001442669794e-02
3.672919890597469567e-02
2.868011701813102388e+00
1.946842188836209742e+00
5.282225685394545140e-04
2.181483175395469359e-06
7.083629518563062911e-05
6.787719761346040770e-02
7.569645806510465924e+00
4.889032115016829216e+00
7.506385888321934763e-01
4.158783406209727307e-01
7.670060306056969424e-01
3.771703052944339399e-03
1.752422846064865219e-07
1.790262482489552031e-08
2.563858772206780835e-07
1.720269510827144780e-07
1.704633767339331607e-07
2.297804965815015987e-05
4.287056709459659970e-02
2.083298650674395708e-02
8.161899631112030888e-06
4.674889596232777013e-07
1.474472299865599667e-07
2.043613340995701570e-04
2.104273042010184280e+00
3.393854076058519187e+00
2.430346369667841511e-01
5.666341961807156435e-01
1.019802249165155800e-01
3.547478600078055673e-04
2.332251522241183954e-06
2.011462209246824137e-07
3.200710916712325499e-07
1.517559815984449599e-07
6.474004746668297441e-08
2.479915957652724539e-05
1.457967885981293656e-02
1.075832362068221198e-03
2.468884637093724462e-06
1.074546462508527269e-06
2.089780943541493495e-07
6.046672818448309647e-05
1.882265237139652547e-01
9.799787271886938045e-02
3.361306717008855777e-02
2.528888435383881417e-01
3.043697436757504017e-03
4.559976485472451825e-04
9.901878853589216045e-03
4.365296853820862383e-03
1.003802855930164585e-02
1.768303732306424764e-02
2.345341475708256126e-03
8.526806125089668453e-02
1.818310247106459387e+00
9.311290479851050406e-02
9.211321367955013209e-04
6.423325770697802418e-05
2.240871551082731063e-05
4.922344910630612087e-03
1.718720894590827664e+00
1.226004850220620418e-01
3.524578525703449261e-02
6.368335946035391659e-01
7.805143863391834913e-02
1.535174626119919505e-01
7.743757744336342563e-01
3.100299233624262060e-02
9.195624456066486818e-02
7.104303316376779920e-01
2.410857009184098343e-01
1.626769620051782050e+00
4.410744504668699939e+00
7.466964948439590577e-01
2.559282607574797294e-02
4.454901988735234897e-04
4.722856134082736628e-07
1.889536907016958552e-05
1.691819969763383169e-01
8.004136802766790293e-01
4.165002018754683510e-02
6.955481131634963510e-02
1.250290774995539977e-01
6.202946511736195934e-01
2.832355480038564743e-01
9.412014780334905864e-03
4.978371018227251837e-03
1.788893362472174925e-02
2.014888218578458345e-01
1.976855891597627979e+00
1.931202929136488500e+00
1.119777620770360527e-01
5.545997976262129290e-04
1.806891540484741358e-05
1.362170937355493771e-09
8.524968667328414088e-09
2.462381319601086947e-03
1.089875494793770327e+00
8.679635710505327617e-02
3.515215696224664732e-02
1.273150624489161921e-02
5.612529516879612157e-02
1.201675999012931095e+00
1.638681808998586398e+00
1.476968908019654081e-01
6.419206746170291744e-02
2.585050901805172607e+00
5.261285152017405764e+00
7.879607331247369117e-01
1.763930185652584290e-02
2.375626648479376289e-05
2.416373541867539097e-06
3.806940884210894156e-07
2.217087231109160812e-06
5.152779718757725252e-02
6.946480342240605177e-01
8.535827529249233325e-02
6.197502138830304208e-01
1.010775238857560820e-01
5.934423121087033237e-02
5.308150797125377185e-01
5.585736204058259213e-01
4.814150213442858206e-01
4.339577039236985345e-01
4.841476694280267168e+00
2.168901394642762437e+00
4.200460946289839154e-02
1.006544760745981676e-03
1.902037206637982919e-05
1.406188416728721262e-05
2.765151103518312739e-02
1.144711230977862350e-02
8.874354467862649587e-01
3.458050395151218703e-01
5.515687561888419493e-02
1.356833242905367998e+00
8.166184800883377060e-01
2.269401477208377316e-01
1.751097549922250862e-02
1.851584168672803241e-03
1.505470475544444520e-01
1.757038106142805312e+00
5.159568414252223789e+00
2.790416430576525553e+00
1.303831815571366952e-02
1.047721467957106706e-04
2.726933877714105757e-05
1.286103601625756296e-04
9.162691381872312135e-01
2.522917999232115321e-02
9.306426599334019500e-02
6.289905606276687822e-01
9.728337777344201465e-01
6.251911803922716171e-01
2.166898396148175809e-01
6.450182071557207797e-01
1.023476403234495485e-01
2.126646988287849913e-02
1.726803109142992954e+00
8.283211961198457374e+00
1.877156469600437916e+00
9.233727149252808630e-02
2.781775034247014515e-04
9.788418626141100201e-06
2.855891549163012288e-05
3.507412166773311965e-04
3.802189219276818494e-02
2.179037526237798811e-02
1.614898285067265654e-02
1.119480468727307859e-01
2.706464844895845601e-01
1.490365755470727908e-02
1.159395311127978806e-02
3.878885410140213708e-01
6.350851943473670991e-01
1.206361358588144972e+00
4.113991923994722022e+00
8.415791645813976984e-01
3.030809917300242642e-02
1.113562582225843020e-04
9.834918733211191295e-07
1.439514091638980818e-06
3.517214267660850522e-05
4.777447655367839194e-04
1.945164520707664060e-02
2.972550179578118623e+00
5.788023255766259645e+00
4.379857925900879856e+00
3.234246055150594934e+00
5.868493317515469654e-01
6.580536391411193620e-01
3.692085972167154395e+00
1.559816304985468305e+00
1.538700532301235935e+00
1.280524513840456402e-01
1.892249053866128499e-03
2.855657848365026935e-04
1.286316363163586322e-05
1.480686565337583432e-06
7.975530754387609566e-06
1.167399660406244700e-04
6.415783853750547461e-04
1.709292168525803138e-02
1.901241782250792101e+00
2.334684518990398061e+01
1.438168173507875736e+01
6.906180082467697545e+00
8.102875690056340119e+00
6.994539057114904645e-01
7.324325343544776379e-01
9.945186497012101778e-01
6.693193498494935667e-02
1.821342346683995684e-04
2.986410722292894296e-06
1.356873074103313320e-05
6.986906519600418549e-05
1.037045208377139222e-04
2.581403235645126043e-04
6.168376679268781568e-04
1.147920222798742970e-03
