4.253051441821650847e-02
2.823293202998544249e+00
7.907140965248626863e-02
5.444171392537220863e-03
7.345294405839906948e-02
8.780980027155260714e-01
4.172780045905598312e-02
3.609803528307876236e-02
9.951601010326244223e-01
2.367406034013733521e-02
2.008982403256973919e-05
6.970864856682464854e-07
1.699716487865840670e-06
1.405966487402917996e-05
4.536957550329460894e-05
1.486462358905982597e-04
5.317510150719173588e-04
1.356030339958717683e-03
1.581627226227983124e-03
2.535901031969684527e-01
9.972210819390802117e-01
8.222073262977402930e-01
6.760664659388206099e-02
1.630658314581967137e-03
2.403640062738515465e-04
1.524911844419995534e-02
4.856075930230773885e+00
3.988227626579579965e+00
4.750925998737610956e-02
1.577115294309635013e-04
1.723083196739704656e-05
1.263941623832198294e-05
2.348672828226391752e-06
3.711968749876148673e-06
5.752460994236758228e-05
5.832344674080258782e-04
2.893850824685808144e-04
4.887596085035498250e-01
3.292826830530397153e+00
8.635785296751226081e-01
1.301497307706636908e-01
2.775681053035254035e-03
1.069767744954839412e-04
2.183301806480420762e-04
2.094393831541508169e-02
2.295879180686009491e+00
4.678111404221588998e+00
7.094026444920563390e-02
1.071648114012712337e-02
3.254694085622081290e-03
1.483128200172169496e-05
8.197684000233029425e-07
9.507903669483785118e-06
2.899111213806287025e-04
6.365589445924075065e-05
6.830738219136597289e-01
1.502022640385568319e+00
3.653915771475461094e-01
1.761420135485367355e+00
9.070781053358163426e-01
7.015508754520870249e-02
4.098848365207546918e-03
2.890267616132071934e-02
7.338141846278006808e-01
2.074718860055718483e+00
1.404193470652860487e+00
1.592600926143443951e+00
1.150697218312584980e+00
2.767345777369414981e-03
4.730239923187145282e-06
5.242617553482718188e-06
1.701692864477931009e-04
2.761364652624938125e-03
3.458434683350909200e+00
1.073126328552274744e+00
1.217248300246879023e+00
2.659782650248949665e+00
1.617307813715561204e+00
2.532629136645803136e+00
2.225483898701180463e-01
7.768136308782339627e-01
3.083012564407839884e-01
6.292062434407538762e-02
1.233475258488406556e+00
4.754341337998072348e+00
2.640829490301895177e+00
1.954842336210540696e-02
2.206428188692374656e-05
6.418556235264970969e-06
1.475717735987836247e-04
2.265615977844650727e-02
1.277909991921443389e+00
2.567036121756692824e-01
6.206935266786918204e-01
6.068361950950745820e-02
2.323786135046202253e-02
6.920943704202031643e-01
5.001843749719540044e-01
3.751337633536416583e+00
8.873284904174345566e-01
8.678607196304838345e-02
1.479253886174676902e+00
7.534867940905485284e+00
3.216870056952310986e+00
4.903214283976298216e-02
1.772489587126350715e-04
2.958414621924283615e-05
2.438651647971190768e-04
1.772447871645141393e-02
8.133382789647550792e-01
7.555118283429299586e-01
3.572787636434311964e-01
9.191508994878237228e-04
1.543592805426874056e-04
6.012275526103079415e-02
9.005983694412849072e-01
8.950319778578934571e-01
3.227810357148819254e-01
6.263608649925617167e-01
9.733046032652329371e-01
1.005408129112814297e+00
3.990053334050760458e+00
9.069696372553122110e-01
5.300373468868052607e-03
1.231056398253889406e-04
2.238144805403704304e-04
2.296932008709031065e-04
1.004193085015833362e-02
2.302644618449474767e-01
6.441636871503491069e-01
1.859660000875574528e-03
2.254430269013149731e-05
7.964036551016816668e-04
1.044208587792576012e-02
5.032319451897295784e-04
3.038005767681932760e-04
3.289915501570489509e-02
7.164540600030626372e-02
5.188063897870209135e-02
1.039561379418101783e+00
2.002423849201946382e+00
7.335659448881630233e-03
1.704770332916662998e-05
1.944962115175418401e-05
7.667244112749738481e-06
4.654480541932080602e-04
4.207155483157055953e-02
1.085187748427312915e+00
1.255200474573818226e-01
3.224313557507945218e-04
8.205762525327861645e-06
2.105757492193819547e-06
5.630979409319519160e-07
2.795668584777161942e-05
5.470139221471907037e-02
9.503213715050715660e-01
1.065458638639084299e+00
1.822161098053005857e+00
2.093699759575467834e+00
5.047800714513709340e-03
7.709982695373929357e-07
3.489846767060319920e-07
1.516258846487626233e-03
1.451175566504970815e-01
5.829798623383242173e-01
1.266577701636406594e+00
6.866263717971784475e-01
4.246145815199400819e-03
2.912097282603059213e-06
3.158645262038561912e-07
4.227320682877142020e-06
1.735234228032476794e-03
7.915943137096392856e-01
2.176206291131719706e+00
6.038349142707883921e-01
4.102496770650241320e-01
1.767478541505768108e+00
1.517693339194339103e-02
3.228691533730635682e-07
1.561616178881123836e-08
2.944839816277345854e-02
1.640157434292579097e+00
1.657432784034598150e+00
5.894795212591235067e-01
3.219466377755600961e-01
5.012999429044380506e-02
5.083509625554224901e-04
1.671271375957724585e-03
4.269490732896852325e-02
1.016338504257618958e-01
1.032905550974025921e+00
2.030559303259322768e-01
1.620518018770555554e-02
7.761014780971785265e-02
8.938356948881129860e-01
1.043152338789143513e-01
1.867721275227092367e-05
6.470922398189843530e-08
6.081053068909711597e-03
1.287795079528203379e+00
1.162345904942948849e+01
3.023379486949500983e+00
1.095521293076056724e+00
1.638913683635631502e+00
1.519953786012850083e-01
9.979410982958963894e-01
1.744650451029901683e+00
3.787431170092112054e-02
8.339135906570014356e-01
1.763928261439232204e+00
1.557213569598528136e-01
6.023350567789380605e-01
1.301694561680992068e+00
2.845732198036331262e+00
3.125804898923227604e-02
7.418308691126412953e-06
4.965895335980410712e-03
6.736149562787573153e+00
9.327721574136211302e+01
1.186280539221496433e+01
2.271423277709696098e+00
1.777020043564169427e+00
3.542475478222162355e-01
6.984343823594343359e-01
3.645419804235417449e-01
7.371473661007687736e-03
3.057401576832602386e-01
5.869508533721508492e+00
1.317240998853226985e+00
1.957608618879578488e+00
1.138691512824808738e+00
1.830484298473471716e+00
2.773618447973461021e-02
5.896476016989572952e-06
2.481498175426249866e-04
1.150056554073992876e+00
2.093402446653113458e+01
6.092287398453350988e+00
2.564990738568618145e+00
6.053858136467198392e-01
2.871613676083149547e-01
6.145867988849363917e-01
1.433309409918587685e+00
1.687731990896416678e-01
5.085517268040814498e-01
2.292615248184835863e+00
6.256131357646311786e-01
9.567744500216229797e-01
9.336313122634373185e-01
1.495481570242774283e-01
1.941734500180792374e-04
2.088854331086939840e-07
1.033173990385194375e-06
6.266297738279082499e-03
6.440118034136836922e-01
1.445016642789680450e+00
1.786108913849890900e+00
4.127580359201970389e-02
1.854450473112178232e-03
2.116585159617526482e-03
2.553537754391498049e-02
6.538404276486715905e-02
3.544191776580472575e-01
8.403790338506013091e-01
1.586916644612091920e-01
3.625580172051851569e-01
1.778549704662480524e+00
9.883629769919189956e-01
2.099487990583711553e-03
2.025929771174065747e-06
2.400174722740730638e-07
1.176794606563633409e-03
3.384225577546975949e-01
1.630166228930408190e+00
2.175647570895812510e+00
4.968623861550302591e-03
2.066523452208912610e-05
6.442127962204338687e-05
4.128733263151462309e-03
5.860286216619842170e-02
6.813902003241543159e-01
9.801258644189274616e-01
1.022979268084173859e-01
3.356204785808638569e-01
2.516544021455067615e+00
2.801596268780742083e+00
3.433948159574579106e-02
5.424875861948128631e-05
2.746172024458025247e-06
1.491976592620956193e-02
7.177871464917237043e-01
3.076220800562155522e-01
7.967259844780103517e-01
2.556702082667931808e-02
1.792389934763455794e-03
5.726276777400054335e-02
9.743855746408487395e-01
8.515733502628616280e-01
1.264314330916615159e+00
1.021437466359705448e+00
6.252153315009194301e-02
3.502955498037878534e-01
2.753985820131666706e+00
7.592890595018304822e-02
2.524770125546388355e-04
9.607033104861828393e-06
4.321320754207523551e-05
1.367799607263595757e-02
3.372817810436508877e-03
4.950955898851569585e-05
1.337672514414960535e-03
1.239522887126470393e-02
3.059820208423431540e-02
7.523366161460891544e-01
1.173098255392961864e+00
9.375641663283793559e-01
1.174525010030866845e+00
5.987531018238384517e-01
9.539856780201308450e-02
1.770324438226485775e+00
5.064624227326396166e+00
1.305441115666422687e-03
9.073509774967697150e-07
1.335419506213478757e-06
3.486911263683877774e-03
1.023360162333514511e-01
1.164567751036846895e-03
2.919757915715674543e-06
1.618878206203532900e-04
2.530643492107596121e-02
4.755960322708219917e-02
1.218756872675180319e-01
1.423284708886471128e-01
1.712336197273697680e+00
1.112751234188984917e+00
7.195872115364811139e-02
1.549528421314357585e-01
6.034254182842887282e+00
1.007217349193254785e+00
9.534090886422363247e-05
5.096141040377606029e-07
6.284201334488363495e-06
9.163377186084783327e-03
1.684308645718635589e+00
1.122351370372762336e+00
1.240785587344961707e-02
3.220100550604743095e-02
7.204791792266792561e-01
3.520240789471914544e-01
3.758840233184922441e-01
2.268914073900915596e-01
2.101462031382172135e+00
8.516798193513228643e-01
9.747595965113275973e-02
8.140196476077604659e-01
9.515726506589146094e-01
6.701561854914492473e-03
1.662771395360901686e-05
5.144662841395625632e-06
9.598228870311003322e-05
2.881566423748144114e-03
3.952927808553748368e-01
2.945631162381525670e+00
1.483595199926498243e+00
7.639595770293641230e-01
4.699336495559833793e-01
2.610333744556566637e-01
1.195670367178226057e+00
1.855461049921720285e-01
4.421441557077719908e-01
1.614770167097529407e+00
2.579785203052251674e+00
4.250359303145724077e+00
2.365455170148165337e-02
4.162961175234369186e-05
6.470369379180905816e-06
3.596805581351178335e-05
4.276551106858909922e-04
4.310337537069680591e-02
5.287942613309541962e-01
1.903435277081179378e-01
4.492259849187726362e-01
1.279897740262148309e+00
3.699917832660112871e-01
1.768546538445635863e-01
1.261251041126410399e+00
2.593288194221254894e-01
3.225210684597996091e-01
1.431775722137517359e+00
4.394547503602242777e+00
2.801173052537965447e+00
4.142519711904097193e-03
1.328767572168128996e-05
1.210573651489536559e-05
1.033860188910405221e-04
5.919257994558680238e-04
1.688725445344193242e-03
1.315672992547546882e-01
1.961321554851715998e-01
2.711039511990078754e-01
9.124047343817643929e-01
4.103194019150294691e-01
6.318066610539448125e-02
3.759075093215986096e-01
2.031919191849115514e+00
3.551759238230380866e+00
1.579702964258072662e+00
6.891457571659325154e-01
9.120943692417607385e-02
3.853986604236987593e-04
1.440560888713674365e-05
3.533083588605985444e-05
1.827344792076433637e-04
5.645793703441878827e-04
3.646488216435837598e-05
4.971237341239129887e-02
7.395547733551185443e-01
4.651752630058063609e-01
5.710836937255026058e-01
1.708302347666323939e-01
1.111182963726883854e-01
1.756748612467651016e+00
3.947827932650253668e+00
2.214888364725958514e+00
1.733951548841877299e+00
9.519377169579681941e-02
1.919769467796606725e-04
1.988128905737622337e-06
3.862344570723509241e-06
5.988543017094018293e-05
2.773688615354317046e-04
6.173608614159577278e-04
1.177365187290326833e-02
3.941247911600153309e+00
3.076261733627574380e+00
9.583014045308372308e-01
9.385787110879169060e-01
1.533563152932460316e-01
8.274564144881593197e-01
2.111605329409487641e+00
5.381495571416128852e-03
4.016708641393298843e-04
1.529773714563545037e-02
3.954502572757574372e-03
4.452274112833847851e-06
3.560130065471977579e-07
7.955077901777775785e-06
2.019950551938345625e-04
6.516221950446725005e-04
1.094106896090512844e-03
