9.070995274423496735e-01
2.070257660954127055e-01
1.827369786316612732e+00
4.092065690600611205e+00
1.040774508726465486e+00
8.512268836407866912e-01
2.394298505355890450e-01
8.035010380481455439e-01
6.408864547716797144e-02
9.456763857111950291e-05
3.990102025791711875e-05
1.012736859553982273e-04
3.760446477282166369e-05
4.902277188226186234e-05
2.199225648123487461e-04
4.025288154965592029e-04
3.621551505137501361e-04
6.388111928880248680e-04
1.156551460753025284e-01
1.683015992031481112e+00
2.354123512165141374e+00
1.593560840463169148e+00
3.243768135725570989e-01
7.572431878586334264e-01
7.140955780740598779e-02
1.128163201945900926e-03
2.574436308959625287e-04
1.399603061413295154e-03
2.869620038763740638e-02
2.568321033464611002e-03
1.722355636849924742e-06
6.958371969936598383e-08
1.251111850226777585e-06
1.693440649552104170e-05
1.470416043409734104e-05
2.110031071082610479e-05
3.164637816814244589e-04
1.041818450127099567e-02
7.318592809084837822e-03
3.247808736567647792e-02
3.886754046431383555e-03
1.456270760276651708e-03
1.017005614932063899e-03
3.187325409444872668e-05
1.346230585647081792e-04
8.102487371993753740e-02
1.772958540911330649e+00
5.236033900099167082e-02
5.406020463876192906e-07
2.773943924786333403e-10
6.839334561962830775e-08
3.776425667578654793e-05
8.676907838010739258e-06
1.143437824981765947e-06
2.180280342704200239e-03
6.751521636890110700e-02
2.702008618481258409e-02
9.461416627197889451e-01
8.895336733135655871e-02
1.564429847307156722e-03
1.296439787524320507e-02
6.755708444690576055e-03
2.647286964068675669e-02
1.832053635831564220e+00
3.380821729699092337e+00
2.960720685359440552e+00
1.319273829935879608e-04
6.002620517479365957e-09
6.705803519943224530e-06
2.885130422097439973e-02
1.068079282895285313e-03
1.530240307737729585e-05
4.346547351277458421e-02
1.757086042901709222e+00
9.999283469638063637e-02
9.105227846178157725e-01
7.869342730926771612e-01
5.777177908409702328e-02
1.065343227079353472e+00
7.040751497903928735e-01
4.604001941998749348e-01
1.498384459325195373e+00
2.628039242595349156e-01
5.393239182407763010e+00
2.765391732978764172e-01
4.206543238901805327e-04
2.204040279400863722e-02
8.521633295161709087e-01
4.225351881312575802e-02
2.944153060527992735e-02
1.808475286320504450e-04
9.393504559542088794e-02
7.968663392179131666e-02
8.153497832026744552e-02
2.234869608512972394e-01
1.640040984054524920e-01
6.349445082985391009e-01
3.815031634076069267e-01
6.190758431313397869e-01
1.339440180108801615e+00
4.793274673608427516e-02
3.936237325861468572e-01
4.951651810702328405e+00
1.759011133901801305e+00
1.140839810640605467e+00
5.050160387837859810e-02
7.042276232895683732e-03
9.157800833496667625e-01
1.965123733993606969e-06
1.860827946180105066e-02
3.799626091280368989e+00
2.031346953344014050e+00
6.872490396619458375e-01
6.188797069953944074e-01
1.752357477149815379e+00
1.451142438782666799e+00
2.489711804227081160e+00
5.638448139136662540e+00
7.054007193208404747e-01
9.276362783019770353e-01
3.796042685722843313e+00
3.396951889679843184e+00
1.691720979819986592e+00
1.188362202237737697e-01
8.602143326032065523e-03
3.666396125461166694e-02
1.032196306372812431e-06
1.680053145904375641e-04
5.036437640964401552e-02
9.197671225252891380e-01
5.178331948537638896e-01
2.346300204721107896e-01
1.370755111887133282e+00
1.132758521734484214e+00
9.335811739913926210e-01
2.816470892026480488e+00
3.026066704009950481e+00
1.361327771166369383e+00
1.585326853306426420e+00
1.542426346995008357e+00
1.319898450832563741e+00
7.627392994578631180e-01
8.903169604851291288e-03
1.045608132863309420e-04
1.530975511903862330e-06
2.589562639976530997e-06
1.953626757698814363e-04
2.758695584755748720e-01
1.168036195521666265e+00
1.081829821600707175e-01
2.914183976048325131e-01
3.396858224041316432e-01
7.635184588513463932e-01
2.535432917946860876e+00
3.610974462802470697e+00
9.101809530947323479e-01
1.478285318946528815e+00
3.097171312229753504e+00
2.087626490177732386e+00
6.654770504054854929e-02
1.419803211995074916e-05
9.493992197721720600e-08
4.762776495095186519e-06
1.650191487537142618e-04
1.040784033340384253e-02
7.435887353735195493e-01
1.486365091988474330e+00
4.543480530098380488e-01
1.014996934777061099e+00
3.609324078495134702e-01
3.286776881866684819e-01
3.075268796370530522e-01
4.769254743271973407e-01
8.683313468982020167e-01
8.716810147710124523e-01
3.734891841944572577e-01
2.546361502967182666e+00
9.376655565281276361e-02
2.606452300263351571e-06
2.678342237217592522e-08
2.509411385397461916e-06
1.504043905218689463e-02
1.834742375129370773e+00
1.511142390324090146e+00
1.307990467203556273e+00
1.889916313490877631e+00
2.503110466570155790e+00
2.448641546445934625e-01
1.434390388887250289e-01
2.130159414055581013e-01
3.683337994969157481e-01
2.252742543742633163e+00
9.059119254792572518e-01
4.442809347349772897e-02
1.103343259317407288e+00
2.055645590334441941e+00
6.679772182584695246e-03
5.976886940863771462e-05
3.609013701156674970e-06
9.116764044363993846e-02
1.302661689148034796e+01
5.614971872249995499e+00
3.613263382639419152e+00
1.975953149409882315e+00
2.709283066019921637e+00
1.463417603440672732e+00
1.146639175749829098e+00
5.559129023672564340e-01
3.118647355709588953e-01
1.262620149464978470e+00
5.573701712321709190e-01
1.811687615371823656e-01
1.916160581994828638e+00
1.896337255153558887e+00
9.041901432617863721e-01
3.199957660143591676e-02
1.681862589820042639e-04
9.033004706076891432e-01
3.387515421029850415e+01
1.357271441849238691e+01
6.038545002752629287e+00
2.580926804166719268e+00
2.779578511806025887e+00
2.959115868560980189e+00
2.482522853975451582e+00
7.688306715775248268e-01
7.288873152686742296e-01
1.695175546965583147e+00
4.376785641154146700e-01
1.088907379857808833e+00
8.607666059087772936e+00
1.569591805239218374e+00
8.938817972160914005e-01
2.819528958853080927e-02
8.489284857577010859e-03
4.130087242199137698e+00
5.503851526318547371e+01
1.572277955210359579e+01
3.573218956730179752e+00
5.715303446767372897e+00
3.905887809372519115e+00
1.392020468560569713e+00
1.240364727888882967e+00
1.249774824900935277e+00
3.408576396186574708e+00
4.875125857587203626e+00
9.446288960383483202e-01
7.000762021405528834e-01
5.384299308869749723e+00
2.488421614353788058e+00
4.188293029223625480e-02
1.447055572836460329e-04
1.619289657582740835e-02
7.804657292372603195e-01
6.119648312547398383e+00
5.719827931162973833e+00
2.273593071377823627e+00
4.408514014487079358e+00
1.929143693203994703e+00
7.262078621289564939e-01
5.944374187953156419e-01
2.328101508838666123e-01
6.524564421880654219e-01
2.454326100192192772e+00
7.927605693798112085e-01
2.346939713778593006e-01
1.992422694125877358e+00
2.077364195508976663e-01
1.248369400708324764e-05
2.287467187164287977e-08
8.891611300344036753e-04
1.019088563755482374e-01
2.188241833253028901e+00
4.145114145826160446e+00
4.651241805600000667e+00
4.793420740588362428e+00
1.787335267446453990e+00
1.887765631763579810e+00
2.475977142675343856e+00
7.852609535828016796e-01
1.601919354806573992e+00
4.068617898023906498e+00
6.461860084681386729e-01
4.867679361191273313e-01
4.242964157994438601e+00
2.332707124352108030e-01
5.564919700283422903e-06
3.785865874437599700e-09
4.000453309423567293e-06
3.176075380467210246e-03
2.455179905294763820e+00
6.284437799865617791e+00
2.818997982916535250e+00
8.505351697200080885e-01
3.256277856408892890e-01
8.673855024249684798e-01
1.037103673730086273e+00
1.323401478259469188e+00
3.319874299131790885e+00
1.987925898706642158e+00
2.991218542662421043e-01
1.461236743311727482e+00
2.954357775291035271e+00
1.556653607419816510e+00
3.908778852886869541e-03
1.903697045893711247e-07
2.655558590661016741e-07
6.293972189519015227e-05
5.066088631484712002e-01
6.713847270742423490e+00
2.419207512153953132e+00
1.584164868406171767e+00
8.143938524586603611e-01
1.766728624608397524e+00
1.409663330490308564e+00
3.540654167637249383e+00
5.733187936098539161e+00
2.000335521321120691e+00
8.134662249398624256e-01
7.519437642153178558e+00
1.736290506440280046e+00
2.188723736051604085e+00
6.895890171352904441e-02
4.104712131885982931e-07
2.331345775402759871e-04
1.191619262021471372e-02
1.804640737692722929e+00
1.719343721776003697e+00
2.548250531396904495e-01
1.656933824814464051e+00
2.783446348903831247e+00
1.676890722153524527e+00
9.548663974664436394e-01
3.834688567736527443e+00
2.032670406370068239e+00
1.177793646531440919e+00
2.735045817091011688e+00
7.183162460932011939e+00
4.148550448431759241e-01
6.134415095127527806e-01
4.235424677255313769e-02
7.503775976885728738e-07
5.005089841491497382e-02
8.110791550444194087e-01
1.261278058693507287e+00
1.038559937866519040e-01
1.015264768954663582e-02
1.154494487478543024e-01
1.363176666778040502e+00
4.249195098965021344e+00
1.438165284886416595e+00
8.621664523130331270e-01
1.661403778123355934e-01
6.338048957599214939e-01
4.717199768673721927e+00
2.189258742093811438e+00
2.012879988359100036e-01
9.061547257999957861e-02
3.029961392197720767e-03
3.374088056231260637e-06
5.265140332106645320e-04
2.136082965624321386e-02
1.096915206847159485e+00
1.613738041660168987e+00
3.456078543551500681e-01
4.415573961620982701e-01
3.968899425323632602e-01
1.728650008308055597e+00
1.327978568907576484e+00
4.445135957003419347e-01
4.437596456208069973e-01
4.949722877271631738e+00
3.405481782733728924e+00
8.562159177001537058e-01
6.252751601462637199e-01
1.315144545968770576e-02
5.029599411396214832e-05
5.627699559799930414e-06
1.358039093252506234e-06
1.184251086499230185e-03
2.946850890087204355e+00
1.069988558697106074e+00
2.821094801138655447e-02
2.315190454463367936e-02
4.409316554355868431e-03
8.495534783214476679e-03
5.500141767335164217e-02
1.566754920221252734e-01
2.822518884549180651e+00
9.991814063746238261e+00
4.077918719098284628e-01
4.777606455275177910e-01
2.016780524309346179e-01
7.017791094116912454e-05
4.977051099233888585e-07
6.900434540515578335e-06
2.762215031141772558e-07
1.691120485564725313e-03
1.020658783047423634e+00
4.399213793358399717e-03
2.209599060686546172e-05
3.736919354234849791e-04
6.001164818949242426e-03
5.230799899161650557e-02
7.617943018986836901e-01
1.140887483156097337e+00
3.007310559450638188e+00
8.844812793681937624e-01
2.020086573177006309e-02
3.695593109054891301e-02
1.302285415707605523e-03
2.136637609549301510e-07
5.807330960540407620e-08
1.903197580622730952e-05
1.285088513447696820e-05
6.020946039090216417e-02
1.901674401093634392e+00
2.448812410932192304e-02
1.766574423698032961e-03
3.338927354831338484e-02
8.694894929632800418e-01
1.115174969448057718e+00
2.031272706958600960e+00
9.020896220157416101e-01
6.557382006489760606e-02
3.602703200129115171e-03
2.891843484929574747e-04
2.722865948275705016e-04
1.743619406068831260e-05
2.431836369596092297e-07
1.118486038316456095e-06
1.660164070479622353e-04
1.407448066370551795e-02
2.948865695126436481e+00
2.011542253418219239e+00
1.123269090178574681e+00
3.775344227798000496e+00
2.213255371495563395e+00
8.845190172586673283e-01
3.059295846640302033e-02
3.734012191741687726e-03
3.165579606082543924e-03
2.996645200370459737e-04
3.572506237511889881e-05
2.755851828153112545e-05
5.228284434947148997e-05
4.013643496162384405e-05
2.938371348649734089e-05
1.470245693395318663e-04
1.518978450755541871e-03
