1.787325556158836443e-06
4.296098105046487758e-02
2.859559632408331886e+00
5.475447632242944063e-02
1.194011765144220999e-01
8.882678841898679067e-01
2.675069812398836802e-02
1.867854916572750379e-02
9.970557733058200700e-01
5.435161654989322660e-02
1.243902200982394150e-05
6.083311817932807569e-07
7.477893609140819244e-06
8.833652518227893429e-05
2.245617359352313413e-04
2.592625801107538257e-04
2.315626042103587643e-04
2.496764750501497703e-04
3.034131416724485564e-04
6.191250031918882346e-02
3.739916605929970855e-02
3.894877482601280527e-02
7.728596776419468517e-01
9.723026019754585358e-02
2.405971084255192904e-03
6.030878753920978531e-03
9.196498090716231921e-01
8.891879491695803273e-01
3.218698111267852767e-04
1.598328351657409633e-06
1.438767274653648731e-06
3.926926080149524390e-06
1.630123467048666158e-05
6.965078192009735404e-05
1.457048655892904834e-04
2.116188582394673199e-04
1.314805375261425893e-02
8.227440492630829771e-01
4.446692156922073952e-02
2.875186737676077922e-02
7.979245515373160902e-02
6.896054033225881667e-03
5.376382833896141238e-03
1.121875256542076687e-03
4.382527908543927368e-03
2.072566818772010599e-01
3.080360104749448741e-02
7.044176324810431673e-04
8.599971547304958172e-06
2.183456578334182310e-07
4.829883653625473703e-07
9.902209152621601045e-06
8.635204491916094992e-05
2.558194630984926164e-04
3.664688017601946550e-05
1.218980274153829563e-01
9.614549031998639306e-01
1.050414825114249551e+00
1.706148902612932172e+00
4.357095120794895471e-01
5.578591236613480442e-01
1.273432792322853058e-01
2.836372812179113745e-01
1.533662883053397152e+00
1.020299798215333897e+00
9.868388063317226067e-01
4.432908439029658275e-03
4.215484413189226968e-06
7.467859843853633262e-07
2.840583191182647485e-06
2.745470479443382840e-05
2.274594438556959094e-04
4.590794384141948015e-07
1.395135078371025940e-02
8.447859833581963240e-01
1.852925380852046555e-01
9.497126386152341393e-01
8.844261752669635435e-01
9.154907631197198303e-02
1.484073246919161981e-01
2.419116061911096960e+00
4.464967274618346638e-01
1.511646958888609449e-01
2.810117314659143162e+00
1.075704222213456962e+00
3.842475627656565668e-02
2.692296423636990235e-04
1.516890131845543994e-06
1.832091323644108812e-06
6.367069620870249684e-05
7.702039414699856894e-06
7.219221676826537148e-03
3.292633059405263365e-03
8.089679216476773475e-06
7.689048409801252154e-05
1.372999227220317309e-02
4.077231423475847355e-02
5.153932295404101832e-02
2.360185906315697690e-01
9.118756589732200935e-01
8.749914548264967618e-01
7.290475032356087681e-02
6.187600062949030755e-02
1.817688758984840947e+00
1.430413407374803679e-02
5.790374698687888357e-07
9.163506007396414010e-08
1.006051020141023554e-05
1.385353893724944937e-04
4.508038905691155230e-04
3.050087782053916789e-06
5.260857858504960325e-09
3.564857154503078132e-07
7.524189109433820216e-03
1.945553462647994447e+00
7.398633097357214528e-01
8.435085812545797812e-02
1.863268128373092525e+00
1.942511486276192079e+00
3.311349496766558009e-04
2.184587133086768223e-05
4.624139770987056863e-02
9.733061875900621274e-02
2.039631366397809772e-05
4.375898676990906857e-07
8.638319353484374261e-06
1.390313470693442294e-04
1.084933885207664075e-05
3.846408950612233422e-08
3.345300970260237635e-09
1.011222484493666285e-05
9.748500919535807441e-02
9.629234523265689516e-01
2.042205511323962885e-01
7.234018570063688140e-03
2.078998196842083562e-02
2.710652165723790308e-01
1.935506326836566740e-03
2.209011689714347832e-05
5.207056333699161890e-03
8.634972316002785808e-01
1.242295941079178505e-02
4.831938016452037030e-05
3.597596503142490884e-05
2.202986640595501502e-05
1.387358685797884282e-06
9.165802865129920556e-08
2.985464452704230554e-07
1.986140389382310203e-03
1.678763979912326620e+00
1.327491966402470247e+00
7.188519018985686237e-01
1.934908456015235409e-02
3.909240393548971647e-03
6.447342310660899578e-01
9.352034594601531525e-01
3.801437128127262231e-03
2.447653733167584524e-03
3.739297251354909563e-02
4.182214994015628559e-03
8.735812125644413465e-05
6.163336093853358894e-05
9.976488794497708420e-07
1.838662446684523119e-06
1.334958163391333850e-04
7.586140120166207611e-03
2.365536338117481818e-01
1.039150304260204383e+00
9.137669338908259720e-01
1.038552648215091967e+00
2.941964402475465146e-02
7.247279425258471366e-03
4.556319454703448568e-01
9.287134437059104686e-01
9.531959577393231409e-02
3.880752421516552725e-02
3.839757644502164811e-03
6.850139271249570158e-05
1.303637290421033035e-05
5.296243696822910962e-05
4.391284118387439839e-08
8.495029912739351409e-06
4.565125760241883074e-02
1.828141509912535989e+00
7.559744941388918393e-01
2.968469314977230031e-02
1.431491880593879730e-03
3.097322219677805361e-04
1.411180793961763194e-04
5.546414072801199475e-03
3.934547619825153886e-01
2.973327893657721765e-01
7.607920634543562377e-01
9.098026402011251124e-01
3.293670838192660523e-03
1.385661008612690754e-05
8.185253398229418815e-06
6.361282451144013427e-05
2.044480138269935701e-08
7.564363928348705147e-04
9.981540298237245867e-01
1.705634909036631564e-01
1.976676162299630113e-01
5.516039692483683948e-02
6.948394143809311725e-05
5.841782461431706147e-07
1.907598157977435939e-06
2.499310444307477775e-03
5.833993235404169031e-01
6.544060327581935343e-01
1.332597124062123939e+00
4.949149609962129326e-02
1.515820988228956673e-05
6.877815435775953342e-07
5.156494510453633029e-06
4.530694296369032926e-05
5.850812152868361359e-08
7.412553753104611509e-02
2.977066908825494451e+01
1.293595469733149206e-01
7.104147708719178445e-01
1.895738282533798724e+00
4.259080093008174562e-04
1.790525326543648422e-06
7.612255871388753033e-06
3.996006585629441506e-03
4.859823987162713577e-01
3.029652770908446424e-01
6.450171039462567757e-01
9.748294089602928605e-03
1.981536968633995539e-06
1.141895352163033409e-06
1.669850925233356875e-05
1.773663102280777871e-05
7.183230056879836759e-08
1.092901824036474545e-03
3.673708037040607222e-02
9.966637374354179145e-04
8.923511440282766438e-02
1.186128091033277432e+00
1.720042301871921742e-03
2.847624363203975456e-04
1.246688377089252538e-03
1.440876361962612449e-02
2.682657573130173279e-01
1.650423952104707742e-02
3.999499297287639060e-02
8.040096297388987789e-02
1.506124992764536121e-03
4.176835031672580627e-03
2.110164489732044724e-03
1.094371120897127652e-05
1.945726229882732658e-07
7.738818191149045980e-07
4.544548096533820223e-07
9.483590826923128587e-07
9.404962226662622049e-03
8.049917071658541090e-01
7.660596927291657074e-03
5.808178790509574418e-02
8.157260962417179906e-01
3.341736136875428365e-01
1.522748623314136962e+00
8.493376452531055387e-02
1.142558830025625360e-01
7.790640882481884022e-01
1.376113312417331647e-01
8.721823406618378627e-01
4.417530178748449443e-02
8.521079359120532594e-06
5.410911709897442587e-06
6.858334236337636800e-07
9.461328468028037618e-08
8.660473097277621670e-07
2.699318445492082490e-03
4.008010444769362357e-02
1.551236507587491027e-03
6.434928990163810147e-02
8.453854990831902727e-01
4.021676555156485783e-02
4.550326603830612965e-02
7.930162962746138688e-02
8.270929405903000298e-01
9.052360730176824133e-02
3.758850540569985254e-04
3.015723630132405991e-03
1.705217655983935331e-03
3.909276605307196552e-06
1.284257410765686188e-04
3.156656091273458335e-05
6.213989190802589227e-06
5.005047344789056237e-06
2.979832361778208269e-05
1.150026651599244353e-04
1.543072687389600251e-03
1.043038935856446525e-01
2.670549785073132384e-02
1.225768270160275137e-03
1.461083633261668320e-03
1.320062269943448469e-02
1.070389051490398646e+00
8.179954503526215212e-03
2.381501482793788946e-06
2.061599243201502142e-05
8.114744715934617270e-05
2.681022490699201440e-06
4.829593535239874095e-04
2.625774028158956060e-04
6.158583407942316455e-05
5.423936749469414722e-06
5.164446704275254646e-07
2.662084671277545885e-06
8.023431339696575695e-03
7.202572281825873057e-01
3.447370606473320470e-02
1.524974338934493301e-01
8.028453803028630098e-01
1.799004780311308227e-01
1.779949075519879242e+00
4.555768191180566834e-02
3.355548400461033230e-04
5.299616085081164385e-03
1.512694835148112532e-03
6.299976419836258625e-06
4.277917128084331665e-04
1.694105782580456875e-04
2.992963805867441220e-05
4.386695899084062427e-06
9.114068900831656928e-07
3.100691099178163027e-06
4.522512868729844371e-03
2.653072122233339214e-01
2.885003408084101453e-02
7.533480980341020761e-01
1.036276800334191561e+00
1.005573271822918051e-02
2.743962337857559428e-02
1.255730697064434513e-02
1.477672881907976347e-02
9.287579967669935543e-01
2.663407945983694777e-02
1.432951963512677707e-05
1.257572184606942187e-04
1.915260346515204791e-05
2.587867925157873642e-06
9.114298288781076885e-06
5.975885748883928835e-04
5.474056815323795171e-03
8.762075602512180150e-02
6.236840978426210214e-01
1.179595063981564301e-01
2.304420319130051908e-01
1.421727386843861692e-02
7.879414327474687290e-04
1.851276447678422768e-02
4.296454444544997066e-03
6.905320825387976230e-04
1.095050669670865305e-02
1.540502252395561716e-03
1.363934329250295792e-05
2.265202405560061988e-05
2.397653111851280594e-06
2.769864445136557731e-07
8.738993114119906729e-06
4.457878701719360237e-02
8.473617282474329437e-01
1.100385642799200786e-01
4.099702625567068492e-02
7.100378762210160510e-02
6.240384773922664774e-01
3.812776675588479963e-02
1.896707531842068209e-02
1.889185517493499944e+00
3.185402623081046852e-02
2.023459426010729888e-05
1.109124651850828348e-05
2.321557945751821691e-05
1.753012530098621059e-05
3.151330639000583605e-05
1.595894132541390655e-05
8.630485022168459481e-07
1.956401511294283913e-06
7.050849710583216709e-04
1.251814301889485857e-02
1.101161776727321503e-02
5.538378396280210954e-03
7.468050788303273735e-03
2.169419784207606838e-01
2.290601166700823380e-02
1.426636935219624406e-03
2.292932648781102409e-02
1.720746038084405632e-03
4.010031986790585322e-06
1.522120460043185023e-06
1.030548239085962887e-05
5.170613321941938532e-05
1.466939062748041792e-03
1.524368592938442346e-02
2.367578644426460014e-04
6.568520214509895768e-06
1.649236172305979038e-05
2.175827346476102335e-04
5.327228023487263348e-02
7.944758422329561975e-01
1.684945901931721723e-01
7.533378116132529723e-01
2.528997654376579154e-02
1.650738437276905952e-05
4.844801930675185829e-06
8.411186585335248838e-06
4.133959387357539271e-06
7.920554817488916654e-06
3.811238742613239831e-05
1.420367211132484396e-04
2.124036205476712014e-02
9.309946795681486309e-01
1.729700343019838563e-02
8.248463588368644753e-04
1.189604324853154715e-03
6.972731050956144927e-04
5.982229674403804001e-03
2.662607897557403916e-02
6.574591086355678973e-03
3.770307433571954553e-02
6.790753906896956904e-03
8.718680914306362569e-06
8.103743480787946239e-07
4.457261756879456787e-06
2.320784559219432478e-05
6.279553237993605889e-05
1.247373934065127245e-04
2.383087839533392120e-04
1.620621891182726830e-03
1.319750680919472632e-02
2.520037904573872549e-03
2.576355568256421050e-02
9.483045362396925748e-01
1.807307283757443594e-02
3.566517649974162551e-05
1.060535930582897315e-06
3.528038556699266073e-07
5.175576866237591670e-06
3.142809741698705914e-05
9.234045985685167775e-06
9.112955900731021985e-06
4.815171149168817063e-05
1.690713863189712192e-04
2.490346224625149913e-04
2.699391062068227606e-04
3.552105749261438112e-04
