1.617497377841999300e-03
2.008857730613401671e+00
6.901355522900261441e+00
2.207218590795644531e+00
8.421765448041623747e-01
9.709775267751862005e-02
5.367612020824586751e-03
8.689283616031235691e-05
1.580936266059746462e-04
2.653368057904484942e-04
9.579043367189938221e-06
2.308725769369670383e-06
3.996337426366509664e-06
8.311588997893425758e-06
1.594465201297562524e-05
3.583253706721471467e-05
4.539321632473923329e-05
1.902275218356245368e-05
3.579601169674072499e-03
2.046780177569438752e+00
8.973340166304662802e+00
6.915008261455270144e+00
8.531733274313743065e-01
2.935601586576245259e-01
1.508289337820607257e+00
3.673188100564726000e-01
8.271996031679628159e-01
1.084430550258951964e+00
1.512704940755986438e-02
5.722857688874735199e-05
5.774693872724837181e-07
2.924219005210599184e-07
7.380486488712088748e-06
1.273374160773233996e-03
1.527837405927653242e-02
7.627011627207113233e-04
1.029346374106499332e-02
8.967794953684165016e-01
1.090130653167114216e+00
1.341662656316149060e-01
7.078381549496859165e-04
1.721549432817312542e-04
7.991349970506669842e-02
1.114575484986445986e+00
6.938739739759625103e-01
1.087275339409660369e+00
8.864829534116672738e-01
9.706457903054252837e-03
7.265096963306386435e-06
3.396354944398867110e-07
8.700147989838958446e-06
1.452105891231232800e-02
9.417130887230756864e-01
1.605487387512451875e-02
3.508978747747710375e-04
4.444638604270649551e-02
1.943074311559744860e+00
8.869719834616283105e-01
6.380450971967959210e-04
1.425068432751001568e-05
6.292389429213345216e-03
7.886177810846703995e-01
3.608105868822978346e-01
1.833149563176028340e-01
8.532527497459762023e-01
1.133624707389884412e+00
1.419783542032145192e-02
2.547810151714364530e-05
3.436929113584579488e-06
2.599311931986443948e-04
1.350836383876539461e-02
1.705742079714903841e-03
8.806837772530591514e-07
4.005810186416883505e-05
1.436232182758500481e-02
4.046037057405010157e-02
1.036915300923099117e-04
1.090999830437355332e-06
5.269884350887521122e-05
6.463597584080281455e-02
1.797287653476023817e+00
5.755599008501178782e-01
2.723602351876819871e-01
2.823800508490955874e+00
9.041383507435853950e-01
3.436529181270493315e-04
3.715778183718977782e-07
3.853367074699635259e-07
9.029269774295868543e-06
3.293887529534513767e-05
1.375044303474793415e-07
1.448064692798076122e-06
4.603046172485583665e-05
1.264462480356291809e-05
9.323985723437310714e-08
4.236329062437664395e-09
1.300749500580364036e-07
9.717877383783029427e-04
2.348018477057184639e-01
1.480873404800728821e-01
1.423655339264024156e-01
8.965130058143319092e-01
1.229628778898804953e+00
1.065810321327033232e-02
7.636552960514961632e-06
2.441358797361774517e-07
7.965579872620148033e-07
1.084183813006314645e-05
2.132904439630129889e-06
2.070086727535032226e-04
3.526313553579806231e-03
5.399858203134174956e-05
3.851478098632548698e-07
1.203791447066913290e-07
5.486356963953789118e-06
2.344860065332911303e-02
6.854697587642162304e-01
2.001138652144814623e-01
4.623724228739619080e-01
3.104446393463760612e-01
7.341187148148227148e-01
1.952347901875880032e+00
2.967643338283439472e-02
7.070478305458618572e-05
4.922377109120687323e-06
1.804879327960273993e-05
2.520787514372938327e-05
2.133150871335034657e-02
9.412087366228805152e-01
2.357703268947120706e-02
2.912420693474364938e-03
7.670859251610162750e-03
6.767996927836222865e-03
2.533787593860502285e-02
3.045357637742912918e-02
4.302134969005319554e-02
2.235346371000493382e-01
5.642563107471240853e-03
1.002655485975624625e-03
1.151630679382580486e-01
9.326609178764274644e-01
5.503072104050734520e-03
1.661680793805022787e-05
1.198742776589598173e-05
1.546174654311042142e-05
9.924165416469758402e-04
4.461658829335726252e-03
5.110191252983335925e-04
1.240843969708087940e-02
9.257611275009549612e-01
1.158683808554851827e-02
1.498681873533464928e-05
7.343800279082433831e-06
4.024344421374508214e-03
8.147536509761883483e-01
3.965630917188859954e-03
1.209733895371977170e-05
1.748603092044427902e-03
9.918881138048407653e-01
1.953931971695944958e-02
1.185305253673126032e-05
4.656669433051532004e-06
1.407369357858627325e-06
1.681620796775292190e-06
7.054839763054364925e-08
3.931222203667300567e-09
5.117841861086818827e-06
2.398638661729290619e-02
9.438649842343768215e-04
3.182254665073739286e-07
1.279559400663331140e-07
1.695146669968976315e-04
5.459274294869652377e-02
1.925407240686931830e-03
3.437470390744944544e-05
4.494782461383939852e-03
9.589350007082546590e-01
1.036846766698315374e-02
9.282571920368882493e-06
5.651555173105876727e-06
2.404136997456419302e-07
1.675337992999524964e-06
2.489435422224096912e-08
5.107816461360481527e-10
3.926796525314689076e-06
2.472981832207225492e-02
8.278224659514242306e-04
5.775782934821013118e-07
5.257306653822267940e-08
4.328681744210754615e-07
2.896042401022949364e-06
1.965399565545380236e-06
4.864500058880028025e-06
5.523825062372631801e-04
8.692788593465526625e-03
2.202974132761568624e-04
4.959745366679503122e-06
1.396309717322923930e-05
3.140007236545362477e-07
6.976854516146945712e-03
9.220354738372535039e-03
1.728203783244797241e-04
9.638898783453381247e-02
8.597272600264201925e-01
7.341783726725181064e-04
2.539470193884266160e-06
1.056607150235604829e-06
1.119338049562187076e-06
1.698560783877606197e-07
5.687114280205560936e-08
4.529061337314513826e-07
3.065357444066703710e-05
2.171774776413533197e-04
1.863911424573501949e-05
2.868150501191445362e-06
1.803365777526693783e-05
4.897299737084474911e-07
1.084400875013398657e+00
4.270681875613939127e+01
3.780594143893336034e-01
1.509742120522929776e+00
3.134308399378266663e-01
3.344826114904581905e-03
7.434773981943175632e-04
7.251298511792160506e-03
1.351698683197241103e-02
5.015391366775323666e-05
4.842018992995870446e-07
2.275240623256115996e-06
7.216698544956453350e-04
2.737358208478127622e-02
1.026073517052472194e-03
1.060857093746954200e-05
1.242982232951308680e-05
2.569955910150611780e-07
3.272036980391909884e-03
2.914079819350013506e-02
1.165723996963375590e-03
9.233397927066558028e-03
1.931730652636234891e-01
6.358870584748114174e-01
2.049045704293153691e-01
8.928226612316654265e-01
9.907953409147499668e-01
5.834722910924095354e-04
4.545423533587422701e-06
6.184428920359573607e-05
1.939605892473064003e-02
9.078543271899663925e-01
2.345265741327300438e-02
3.121588662685569299e-05
7.178122053805012695e-06
4.920344475343300130e-07
2.316912792064355475e-06
3.776106675461358000e-06
4.437093235833733563e-05
2.540946689823760790e-02
9.246167266698943621e-01
7.919896934318061688e-02
4.463349365201734224e-04
1.180466745458526746e-03
1.024570363085162625e-02
2.784764915982979798e-04
2.357285971901223218e-04
8.112875509134689564e-03
1.436574677387700630e-02
1.268930933151102974e-02
1.304554134430506744e-03
1.573568080780248866e-05
5.823028671077895175e-06
5.832170251956682648e-06
5.969493353688153819e-07
1.026116084423367517e-06
1.065314407547980754e-03
9.068466596924922296e-01
2.621886171894562134e-02
1.201030383989872151e-06
1.038413568511381529e-08
4.630203747281373634e-06
1.055105393373985748e-02
2.916925572105625794e-02
8.575060755919129696e-02
8.328191544116274603e-01
1.033110857347565026e-01
9.202191576648520790e-03
1.048594109568819861e-03
3.315437280078970423e-05
1.236113615252686039e-05
5.321558625594974908e-05
3.184717685498405481e-06
7.017313778364285506e-06
1.547587961544018113e-02
1.110086496666929490e+00
9.666338528212642639e-05
4.261405472380668459e-10
3.015458567594961395e-10
2.630751083273215031e-05
1.029051622701619761e+00
8.327540878167364324e-01
1.129006641339345973e-02
3.975208990589797903e-02
9.697047492966752724e-01
9.154910648814320595e-01
1.397229003160542146e-02
1.018728614852198338e-04
2.739359584452435187e-05
1.663356361914571937e-04
1.336856951904056639e-05
1.689352328065566605e-05
1.219689560250778078e-02
8.221070339224103574e-01
2.055498549320774093e-04
1.460291294758932075e-09
5.957785561232275806e-10
2.314601572899240017e-05
9.413478427685320060e-01
1.728270902101083084e-01
4.062261399000660834e-05
2.643231779062655217e-04
1.060762918577296654e+00
1.029344247990487293e+00
8.678443908138411354e-04
1.173173260490277783e-05
2.335875336960622700e-05
1.701955849492008046e-04
1.195159017562447048e-05
1.485555558574340169e-06
5.462815570736431249e-05
9.819592483721267806e-02
1.356041787712694846e-01
1.205459345053096718e-05
8.816679463488278413e-09
7.183109861084169428e-07
6.013013086600463991e-02
8.861265722176233650e-01
7.453339023857521008e-04
1.365096700901404945e-03
8.833287651492532921e-01
2.931047824711312255e-02
6.140193910377416099e-06
9.666251725122084765e-07
2.239947180319489794e-05
5.645926287318616630e-05
6.679614225267976451e-06
1.244602958891204813e-07
4.740305774622016385e-08
1.850297810889067361e-04
1.651306962566455594e+00
4.551199795320189090e-02
6.169290556664828114e-07
2.864596075659838710e-08
2.877118616183840186e-04
8.749976931344849440e-01
1.098523915511185889e-01
1.249411089056421363e-02
2.468403121847536838e-02
2.762305087135704306e-04
9.882174649404324676e-07
1.538332603023613747e-06
5.189812603154378629e-05
1.422999238369253596e-05
2.414456542388335761e-05
2.080487958122617728e-06
3.275013658099913125e-08
4.421302817635181404e-06
3.938922994836008273e-01
9.646219881110237315e-01
3.474563574136466272e-05
6.156210021610487678e-08
2.021831029758035353e-05
2.149990947745714642e-01
8.573935951844982029e-01
1.199173784347366475e-02
2.459870722436092354e-04
1.041719601577558532e-05
2.443277124392133051e-06
1.146159124785691168e-05
1.296087586967390294e-04
2.386510224854546561e-05
9.349666149726987069e-04
2.868821127787479514e-03
5.724680820616689513e-05
2.090810620211066336e-04
6.722759957768359440e-01
9.586720717970937944e-01
6.923866764809336830e-04
2.533768999844774334e-05
5.535905395441818866e-03
8.196068332259589528e-01
4.844605383857703701e-02
2.270847848446469377e-04
1.510664529650716808e-05
9.899477916395017817e-06
1.619232737386123181e-05
4.599777343682479247e-05
1.502855454278940138e-04
8.489766052965915877e-04
5.882288200916403753e-02
8.714721931110493980e-01
8.794850877531915079e-02
1.032983266896696228e-02
1.469811384195632287e-01
1.094905669519071756e-01
1.388431280158337715e-02
2.019142006008755111e-02
9.567542761019033337e-01
1.268167128345277783e-01
7.862168615868955063e-06
1.099973672985183228e-07
1.715566435626227168e-06
2.823139792200788959e-05
5.313824123832196699e-05
5.094422144205367788e-05
7.944488215579024993e-05
2.552342977244736674e-02
8.143370220420664829e-01
7.396713803589213043e+00
5.503240314954042312e+00
4.650173831986650907e-01
4.711428762218300426e-01
3.970022122541991827e-01
5.256484037702744416e-01
3.258878624417615999e-01
8.175267605342692034e-01
1.138082220361100010e-02
2.687053492357490604e-07
1.826094498749713811e-08
2.893818761283756368e-06
8.584298337722933304e-05
8.006553787709919719e-05
3.752336493374647014e-05
4.551313645842292651e-05
1.749548119436019830e-02
1.006898052306968161e+00
4.939563050683890566e+00
5.053461382800396251e+00
2.003493375812229971e+00
9.714986129791283176e-01
6.156333945947997655e-02
8.325816499751838642e-03
1.974043454561964436e-03
8.713475898208949966e-03
4.943651113903409569e-03
1.302768929451329025e-05
2.445158661448019627e-06
5.828571012329641704e-05
3.028756971742745585e-04
1.406720759598513622e-04
5.792446600763567451e-05
6.597653272390920890e-05
