6.894786498933916396e-05
2.349299178849622712e-05
6.432403583915903927e-06
4.651475804179291634e-06
9.176688023595265130e-06
1.543212990651394220e-05
1.878716921316083240e-05
2.640369051374885244e-05
3.802287085223842150e-05
4.523001746571473904e-05
4.561085167162229006e-05
4.085892109715581766e-05
3.517670172812118433e-05
3.335984047262367775e-05
3.619913305468110706e-05
4.181166193821807503e-05
4.913667958343612726e-05
6.020137263056754443e-05
2.215208640385331451e-05
2.057273733355726402e-06
3.511485684978798895e-07
1.504852938034776998e-06
3.173513765917421430e-05
6.532908329796716768e-05
2.286005542558510609e-05
1.708913329185789969e-05
2.737496432380286349e-05
3.777633027883680358e-05
3.718863680699281568e-05
3.039118740546023750e-05
2.460764565162876292e-05
2.256409389415004995e-05
2.360715570926876446e-05
2.661422058662196613e-05
3.226942186478453235e-05
4.382211481939099609e-05
6.348303057044062899e-06
3.658384660261329712e-07
2.807420874667599522e-07
4.328996054199075289e-05
8.072704134096803097e-03
3.375693262204260831e-03
6.632473464941240026e-05
1.273607056503462138e-05
1.974729651810026761e-05
3.372346255847669897e-05
3.631734371458225251e-05
3.060845309438598740e-05
2.538322846968876924e-05
2.261126833985690370e-05
2.130448462641190178e-05
2.128681601249294111e-05
2.456580376059209933e-05
3.520566297615296595e-05
5.124449384951589007e-06
1.736080837063447252e-06
4.675406236716873458e-05
5.128402745939002194e-02
9.312865840776289872e-01
8.111197537106876881e-03
2.278729096721548124e-05
3.784064806096035677e-06
8.308050409775148774e-06
2.014760027751812758e-05
3.022621833562282045e-05
3.457783254355439189e-05
3.498937554571893919e-05
3.232172924855304164e-05
2.759346540482347996e-05
2.360088260221492005e-05
2.421965818565409049e-05
3.378096343951712192e-05
1.064752183669577587e-05
3.730706309518653303e-05
8.586691502224064881e-03
9.302297324413456581e-01
5.116087491713453006e-02
2.833822110257405339e-05
4.029339696270855100e-07
5.899665152021971860e-07
3.163766523266951645e-06
8.398250859784717008e-06
1.399758983932421681e-05
2.405919364976377058e-05
3.781564574133091365e-05
4.532834529818181559e-05
4.164566710377162908e-05
3.308261123096333070e-05
2.953088412597858515e-05
3.688909470329502973e-05
1.864885912732388331e-05
7.914584976636159484e-05
3.787945104757835246e-03
9.435667002899080294e-03
3.612814767015104723e-05
8.155969001305412523e-08
4.739365898720857288e-08
1.589367865822803128e-06
2.306523778622804192e-05
1.577737565882187472e-05
4.943006829393728907e-06
5.851373951091087862e-06
1.387852239835684007e-05
2.811555494021013217e-05
4.074974229401734214e-05
4.113657205784485428e-05
3.698025324990956341e-05
4.188185293998314277e-05
2.373405072610675632e-05
3.039437188050889439e-05
8.663532594005360625e-05
3.402196707657596981e-05
6.718949751339493246e-07
4.278121950741562114e-08
5.243897779714497896e-07
3.656354245370229458e-04
1.426564780011054662e-02
5.434693646384610105e-04
5.080490620331935443e-06
1.260290686807681191e-06
1.674916025068918888e-06
3.659478416381804251e-06
1.176319877821877326e-05
2.680980767101148908e-05
3.718295714285831561e-05
4.727235539957414055e-05
2.578975955493929305e-05
1.587280829929085208e-05
8.827331138766677729e-06
2.217241055579453634e-06
2.721920213115256186e-07
1.124891837793228914e-07
4.511662146295556951e-06
1.474961270857901366e-02
9.450422617171480022e-01
1.210280127677528308e-02
7.581575163617812127e-05
1.013915494296269834e-05
1.137207967545165109e-06
4.242791321155284774e-07
1.627832411295864211e-06
7.955781440014434854e-06
2.274285170461583076e-05
4.729821956624348278e-05
1.294087141353763173e-05
7.199179316877058117e-06
2.202410819509349968e-06
5.214957967406433867e-07
1.304393091398985855e-07
3.331779948430381269e-08
2.687314600684307864e-07
1.737683203164772073e-04
6.892650538953502652e-03
2.748967213831000379e-03
8.552332706221469488e-03
1.285644754292165903e-02
1.232606400641047541e-04
4.136282129979198434e-06
3.004725620616656059e-06
3.128021903107482865e-06
7.512528449651706975e-06
3.222230594404003096e-05
2.435538685918254287e-06
4.979382544181236589e-06
3.506553194300715604e-06
3.535983026142650249e-06
4.601284065449194702e-06
1.002598988070044992e-07
6.867450927423972326e-09
9.915981563991295677e-08
7.446636013660098571e-07
1.166578251487476911e-05
2.245921988071792122e-02
8.936006345657936389e-01
5.043886709038852140e-02
8.570168600397064934e-03
5.448880041239146342e-04
5.493721246338683380e-06
2.107291997669231636e-06
1.560855362334398342e-05
5.860220543037026463e-07
9.734124374549538768e-05
6.272570806908511244e-04
2.153754166419772839e-03
4.148032004009372803e-02
2.503455608550825533e-04
4.446078170961544170e-07
3.091801572378798927e-07
4.343458826967943420e-08
1.233695309854505862e-07
3.043017994538970024e-04
1.830346146798270471e-02
5.189965528152431368e-02
8.939885691771991549e-01
3.158242981889423234e-02
1.187505685364638789e-05
1.083483706536016063e-06
1.003368578341863582e-05
3.275694947551086224e-07
2.412043787172080123e-02
9.575815883913672000e-01
9.190046307614911647e-02
7.557167364053208880e-01
8.187640581321541100e-02
7.283836498138769946e-03
1.255466443862567408e-02
4.047992217815765816e-05
4.340397192392393055e-06
6.118545923175967719e-04
9.017795616526025869e-04
5.821403202250898055e-04
1.491666809015368238e-02
2.058192615611801474e-03
5.632457101524696245e-06
1.452465230074786170e-06
1.308630259520079992e-05
4.920290305446325181e-08
5.205762032867367051e-02
4.277911584174341897e+01
2.650258863633226381e-01
7.348253086387420557e-03
1.428646713827759485e-03
3.457441562975691746e-02
1.844756421935564994e+00
5.567659433944002756e-02
6.565688592747130625e-02
9.398324959203135931e-01
5.084402385009902450e-03
2.889823713159445434e-05
3.586951833713231515e-05
1.749664345221135672e-05
2.496836631539717077e-06
3.978470608467513275e-06
2.464761708510122484e-05
1.595969097870921210e-09
2.868476356117430885e-05
1.093554386571206294e+00
1.822650628888530022e+00
2.290787447971461433e-03
5.319206495931641574e-06
1.133913936622413129e-04
2.679590967931619674e-02
4.327997734674828012e-02
8.648015764501881808e-01
1.045179489201954359e+00
1.565593468423277269e-03
4.373704111012146294e-05
3.504285246513895934e-05
1.067199358838938495e-05
4.964067703758483156e-06
1.197986631135459736e-05
4.029890220926323028e-05
8.727458395484427113e-10
6.339480661633445710e-09
3.569623275293327182e-05
2.865528531112870869e-02
2.658235145199193059e-03
1.572273757912554245e-05
5.871456997239197194e-04
8.111193356363113893e-02
1.864928145321203407e-02
8.313430524970530713e-03
1.338460952091943780e-03
3.492712571693748361e-04
4.678441856796339803e-03
3.234371805874366144e-03
7.475823149443029225e-05
1.309899314187379227e-05
2.299548961599502445e-05
5.052419858187073430e-05
3.401064252603562175e-08
1.380280080737750455e-09
3.441667424178938469e-08
1.236550607945260916e-04
7.280624058587148451e-03
4.631285168805453732e-03
8.236845271377604694e-02
6.469626262860428412e-01
7.718095533397871522e-02
1.432610657381656015e-02
4.691914440278136152e-03
7.275618728241059485e-02
9.200116037609529229e-01
7.212808977878076497e-03
2.166923820603500436e-05
7.810407473889084012e-06
2.501778829183664703e-05
5.373051910557376839e-05
1.969075286827625993e-06
4.468574258867649423e-08
2.917295767486220418e-07
2.485848562635515138e-03
1.064041038014040597e+00
8.045260733184660396e-01
1.920697144540936541e-01
4.775931168797635518e-02
2.716064796786195612e-01
7.062713090386166792e-01
1.334413561304994555e-01
8.390579882652485777e-01
8.627168307381762047e-02
1.365112879585846620e-05
2.396663055867446110e-07
2.030589048314551787e-06
2.291884686865274903e-05
5.416424084463606253e-05
7.757770176555271488e-06
3.708644435580432492e-07
6.315740157922646123e-06
3.192697509503280434e-02
8.002353870031385652e-01
3.744256386333840170e-01
5.456823489682932626e-01
2.939024541254589562e-01
1.589888478780095982e+00
2.156010703205097356e-01
2.174243318639454848e-03
2.392942831257622097e-03
4.554769295575785489e-05
3.884518568141613293e-08
3.179440599391511092e-08
2.129459173975639365e-06
2.882213963075029386e-05
5.448425544463028739e-05
2.575883645293984432e-06
2.188271770389833529e-07
8.214621343268018280e-06
4.599465840859693136e-03
1.337126182161212876e-03
2.681897725872214150e-04
1.096320331984151387e-02
2.920594560575724002e-02
3.419703099014492764e-02
1.768679887539378187e-02
4.817535480474009930e-03
1.096760966214856180e-03
3.752512634915188556e-06
4.504604234128298667e-08
2.811754697399345336e-07
9.974672488856947171e-06
4.505306432851856292e-05
5.299937778514347857e-05
2.910825902161532343e-07
1.405168971129578625e-07
1.159316690690720896e-04
6.138369174198560901e-02
6.935108238030891596e-04
5.663411936563104912e-06
3.054475020017856043e-05
1.558641559869339177e-05
1.963212912288033067e-05
7.484377947729591377e-03
8.934324580096135726e-01
2.586019890401086707e-02
1.023502241449343951e-05
5.480956017782927512e-07
4.650426033474964694e-06
3.822382765423102866e-05
5.694975294228649489e-05
4.795285923531524030e-05
1.082606719190000065e-07
6.205155002857353766e-07
3.852573945651394192e-03
8.444262781199834977e-01
7.360730150256239099e-03
2.241534416634960523e-04
7.474710949115682826e-04
3.932122277876615651e-05
6.975427125954720679e-06
1.536855728471984723e-03
3.839934096841104982e-02
3.162230706167525420e-04
1.515832480798500538e-06
1.609983436468884502e-06
1.807193423986900237e-05
5.703140643388219237e-05
4.959162297126740670e-05
3.918111667074731906e-05
1.349116766604119748e-06
1.692010163916074809e-04
9.602788239364169753e-02
7.958749417145982719e-02
4.016662722484264959e-03
7.126275101069012852e-02
9.273913733740004606e-01
1.207743435988586737e-02
1.428565457918417724e-03
1.679912458242620657e-02
1.416227290929385988e-03
2.128286932166618206e-06
2.395497843056259069e-07
2.628592345938763430e-06
2.701169307729500406e-05
4.745021203224018271e-05
3.479189247586597563e-05
2.977694618137664083e-05
1.088846619468908756e-05
1.500399107549038775e-02
7.994363437936009564e-01
1.008494656934291051e-02
3.160208273593977189e-03
9.184291744398950241e-01
1.038376017739578439e+00
4.786023876644423213e-03
1.613195450095792835e-02
9.266013302616773473e-01
1.223923321722245050e-02
5.740487468012897977e-06
8.434260422992940808e-07
6.873862762310117156e-06
3.220075015628152422e-05
3.777087965919646287e-05
2.733544319977150445e-05
2.564700262856173959e-05
2.582260451982429931e-06
2.989412819879759889e-03
1.348026869080803380e-01
1.877593460483825217e-03
5.035911853120931007e-04
1.178246271304602029e-02
8.066079535718704294e-04
6.740747121757579324e-06
1.292678102353322716e-04
1.984455632205221753e-02
2.366475367580712225e-03
1.644025562153305034e-05
5.084925127332536239e-06
1.828196020108972407e-05
4.056913458229080457e-05
3.929962197066165096e-05
3.054845291114365404e-05
3.044796853428450323e-05
8.685401020573636744e-06
1.725942735118620938e-02
1.907737847904767081e+00
1.816949406987240084e-02
9.693319047923256771e-05
2.871641980485063568e-05
2.461749584061739759e-06
1.901152983241080792e-07
9.893442886580943412e-07
1.876464882701228459e-05
2.186831538125951407e-05
9.031938223922642638e-06
1.410913180177082687e-05
3.671641979495992816e-05
5.496578963423804178e-05
5.220806661450596344e-05
4.557471261215547678e-05
4.698759940559026928e-05
