4.621816174446214716e-05
4.027533476492823114e-05
2.856200182924091655e-05
1.407675993421718452e-05
5.465798928443789112e-06
3.279237374406962622e-06
5.101999634444830120e-06
1.324587138853803328e-05
2.475406936251953985e-05
2.502857266319598903e-05
1.788455897977138549e-05
1.309470697184412270e-05
1.242241530989492611e-05
1.517510604509868653e-05
1.898292349652864393e-05
2.022856966930520434e-05
2.011464881744808215e-05
2.265364753649781556e-05
3.024315639074030845e-05
1.956449339662724973e-05
9.274360699599845374e-06
2.729455007817043988e-06
6.295317244496585111e-07
2.793152729745963117e-07
5.185592387934386792e-07
2.681108713924612901e-06
1.108451126174884278e-05
1.809139308299211721e-05
1.504632404886098806e-05
1.112430446986817866e-05
1.015391220836151845e-05
1.164471622772814274e-05
1.426896667488410600e-05
1.609974648220877927e-05
1.700124380829904207e-05
1.961250931084603170e-05
1.020243656297542133e-05
3.697836142233978040e-06
1.603603924002898156e-06
1.518218852656847491e-06
3.695160576971555189e-06
6.341538504638221636e-06
3.595013110909986349e-06
2.849628001975732863e-06
6.431208589746500372e-06
1.408101139574732477e-05
1.607398180382411978e-05
1.330380238097338671e-05
1.148380921480489542e-05
1.122220981184713291e-05
1.212643488072342115e-05
1.394918058981729531e-05
1.624027053550664568e-05
1.978067461010636722e-05
2.171180005985860650e-06
6.470181665757964247e-07
4.838057908499283876e-07
4.832471679328485487e-06
1.285339880517867746e-03
4.367442498030379289e-02
2.038270428541439760e-03
1.622704453232280171e-05
4.139260205225074307e-06
9.520434327665609552e-06
1.755564922904921416e-05
1.796210706381318661e-05
1.478080296373158475e-05
1.210761480748869984e-05
1.115213612775060142e-05
1.251271131378371589e-05
1.593059672471019389e-05
2.099698209577152149e-05
1.769807926209524966e-06
4.920738652674451026e-06
1.012868638682703329e-05
2.906682431068462072e-05
8.052763178369977751e-03
8.558916838676946526e-01
9.292960891397875067e-03
4.980555613717972270e-06
5.804254473880966970e-07
2.896721252898092679e-06
1.258962108344702593e-05
1.997216928727181038e-05
1.799058652381870191e-05
1.359005666583645557e-05
1.110990742765730696e-05
1.155717253670357900e-05
1.473843070482728246e-05
2.036795252042777725e-05
1.146157755071844632e-05
3.150677895054086134e-03
2.853872144335109495e-02
9.158346836452826642e-04
3.116513072570939718e-03
1.614017403908549475e-01
1.445713735042818658e-03
4.718464942207423123e-07
8.042022251281823025e-08
7.929865211541612554e-07
5.679820151052552636e-06
1.439498721904370578e-05
1.832478733014468325e-05
1.580064326618752716e-05
1.260089139350358601e-05
1.163622730969050670e-05
1.318862433598413974e-05
1.782582838735856623e-05
1.203208329644297275e-05
2.048276844459665305e-02
8.828775155321820778e-01
1.433429206097472548e-02
1.378332430325665027e-02
8.342924386340928589e-01
1.554993527208825208e-02
1.220962833885419636e-05
2.789802582959485256e-06
5.637681208621140963e-06
5.406397851070863158e-06
7.719387696677967281e-06
1.447408704429349104e-05
1.807197874623334881e-05
1.594568896269154485e-05
1.315491863427117048e-05
1.253087084183542453e-05
1.577533649094025526e-05
4.363879242813378562e-07
8.667212807377006761e-05
5.030200602482576278e-02
4.336604394985494465e-02
9.603554210181870429e-03
3.171637263183609695e-02
8.533579928389600777e-03
3.692408690247012647e-03
1.758816424023610173e-02
1.731386406815442784e-03
1.654880891747252062e-05
3.631372501564119031e-06
8.549179109855799478e-06
1.752966578853195283e-05
1.911708272796829166e-05
1.539242875632804985e-05
1.315843939715972814e-05
1.559648437172423926e-05
1.563689810831461961e-08
4.820706628666492715e-07
1.346238700601473832e-02
9.532337707812307270e-01
5.555362769977900336e-03
7.537432064343548227e-05
8.616680925333376588e-05
9.975994713101113062e-03
9.256392401987790786e-01
1.363386485164688744e-02
6.555198548248191416e-06
7.702040426619849409e-07
3.648364806358014255e-06
1.213669587575458074e-05
1.678523454664300176e-05
1.553553122972375688e-05
1.411904307334874265e-05
1.703073511254926757e-05
3.426217520898992089e-10
1.799577326189198564e-09
2.411607534382486414e-04
8.435057511462336066e-01
6.827508742192477109e-02
1.357620316214970795e-03
1.871766994940324378e-04
9.733290300630131594e-04
2.704388084851749516e-02
2.443444234158697660e-04
1.269896204296866840e-07
1.110945614243233773e-07
2.511636684300199804e-06
7.735341928725679303e-06
9.434463285507460571e-06
1.173218943103909097e-05
1.394597512535644782e-05
1.873271994562577275e-05
3.355554103340154949e-11
3.654871098763893298e-10
2.968718040420029511e-05
2.633382574838877832e-01
1.992309134087250078e+00
9.180433990928645871e-01
1.530552147541903649e-02
1.411247592445356034e-03
1.995422196949288990e-02
1.946295782005520627e-04
7.709569319497432102e-08
6.227872682715756733e-07
3.445061709820954504e-05
1.329031048392971401e-05
4.388800886059367113e-06
7.137019178858957823e-06
1.308112052961864347e-05
2.011370990897778620e-05
4.485681816885725796e-09
2.427505534302608798e-05
1.583706911496006453e-01
1.432974163941797663e+00
1.188616658789240832e+00
8.912917368986579270e-01
7.635170244576770793e-02
2.030336832787140583e-02
8.693700254453984311e-01
5.025584773017316431e-02
6.716578860993055672e-05
1.266062292431597257e-03
8.333101001715985737e-03
4.742069005595935107e-05
2.192268737854243051e-06
4.727934178746375125e-06
1.369134497152807874e-05
2.246371220421280895e-05
2.214767088899239397e-06
1.051904422668238137e+00
1.606329187006849963e+02
2.850761363750428767e+00
5.328224024370074030e-01
5.154208249962715094e-01
5.320017765222766482e-01
3.006808956849853498e-01
9.869498484844738684e-01
8.631072275850548703e-01
1.997377502871116317e-01
8.434766965160573893e-01
2.663449224661858933e-02
1.182057870544399868e-05
8.622899583361477587e-07
4.443295502580183978e-06
1.689533634020738410e-05
2.544724472271901015e-05
5.452691676782917625e-07
1.338794411716834505e-02
2.066092887704472858e+00
1.638194651427966164e+00
2.974398797196121436e+00
8.653067465483784693e-01
1.188576090819857933e+00
8.068348705533956444e-01
4.671465854684098834e-02
7.681669242157232458e-02
8.564042492041398225e-01
8.596748005692056438e-02
3.408357763695896142e-05
1.527347117995117599e-07
4.093325067501930052e-07
6.531877705507764913e-06
2.148246988086730048e-05
2.595510344154344193e-05
1.487882693407525022e-08
1.810155765166923930e-06
2.460881364378829025e-03
2.282445586348328115e-01
7.189276786721551793e-02
6.069547229161303221e-04
1.018073269247156019e-03
9.127201875408276835e-03
6.423483878878048260e-04
5.580018826103585235e-04
5.741888339460205284e-03
9.346491928050168138e-05
8.054177069855275044e-08
2.644065791753286745e-08
9.320124098735322103e-07
1.367156361878505772e-05
2.458353400736612617e-05
2.337532657652210041e-05
6.170796794018111925e-08
1.504279379248879659e-06
7.609707099659126714e-03
8.122030643391066063e-01
3.030952163429349432e-03
9.658602422030887740e-07
7.642555195993050726e-07
2.089745491474585397e-05
1.313449761762393074e-05
1.107497470477163980e-05
3.767776641081243698e-05
3.315323709405391423e-06
1.411757599856764041e-07
3.849587718721412432e-07
6.743483851965348916e-06
2.554601507356730520e-05
2.359830507495648766e-05
2.003279479618864529e-05
9.739769072390442323e-07
7.827272470606362812e-06
3.239545899024559149e-03
5.417360565243856813e-02
3.861338103477200082e-04
9.830682733186944091e-07
5.862027952014116987e-07
4.052465333289549830e-06
4.735355872928963506e-06
4.298594155512374350e-06
7.946907876947448146e-06
5.456876752004525440e-06
3.503363971933760284e-06
8.523690734423562925e-06
2.432298024193333088e-05
2.704919504633835511e-05
1.872118197757694438e-05
1.723926309594937307e-05
2.478918841893959151e-06
1.814349162703666237e-06
3.062010988974795286e-06
2.028974336448536605e-06
6.001039540185884855e-07
7.440744873868508419e-07
4.279595548308406407e-06
1.412533626559320665e-05
1.197532820713917500e-05
8.651070780188524492e-06
1.077732311418492415e-05
1.448208746606478263e-05
1.871155644644860845e-05
2.511948930019338477e-05
2.578552866225647296e-05
1.868162982882170517e-05
1.418182796102435516e-05
1.576599125001722413e-05
1.032737095361141335e-05
1.271382951817287251e-05
1.816606374335535097e-06
3.139399817360387173e-08
8.595887270738229556e-09
1.941978012580232780e-07
7.786715555875433237e-06
3.391889547764817862e-05
2.646833564574691528e-05
1.591407608967419736e-05
1.471346245536788557e-05
1.789476046118193908e-05
2.100651846306230618e-05
2.089152134844597189e-05
1.727388837641052308e-05
1.347866291173237607e-05
1.273404280915479626e-05
1.649377229028477546e-05
7.196442600216102783e-05
2.898410356295183597e-03
3.750099373939619514e-03
1.030404107775370323e-05
6.788349977651539971e-08
1.760434276761268421e-07
5.087007669800113605e-06
2.890373876697731862e-05
2.838661675514860954e-05
1.765275042625010781e-05
1.426981594348745822e-05
1.480399972025650772e-05
1.556671406523765379e-05
1.498012173550788150e-05
1.341599437692296849e-05
1.242332944305357769e-05
1.385100351424917917e-05
1.924106993289764579e-05
3.374380524848116125e-05
9.029829998464520766e-03
9.356903419800897126e-01
4.985646919044069147e-02
4.553891383839798936e-05
1.712079728131584697e-06
4.253125747906502600e-06
1.589194331277121570e-05
1.977546327673359151e-05
1.481032651502033730e-05
1.235005208671077729e-05
1.246515144568948698e-05
1.322629148181939915e-05
1.346662708197083723e-05
1.301617191461600171e-05
1.298653751530328599e-05
1.525326877548346190e-05
2.140864149237392910e-05
1.104787942070870275e-06
3.708440802826407535e-05
4.859240725102757785e-02
9.315735389813021294e-01
8.838817928554558445e-03
3.164012057626274177e-05
6.054005570118056549e-06
1.012480672711329529e-05
1.409845066018385438e-05
1.313459895973910965e-05
1.208700726243283208e-05
1.247701364163578205e-05
1.361036938971482548e-05
1.435164130608361789e-05
1.401673720778936436e-05
1.361645837412324581e-05
1.524752575746401509e-05
2.069078105249484305e-05
2.016786831615651063e-07
2.271607772890546421e-07
4.885439277601012482e-05
9.082847433040476537e-03
2.938949941848794430e-03
4.450960342658227863e-05
7.052482465976424059e-06
9.136374370160030235e-06
1.346961035679359581e-05
1.413955125690424950e-05
1.335576068515831776e-05
1.338676250045795621e-05
1.448125751635248958e-05
1.559080369458743846e-05
1.538924768227309945e-05
1.442690705514946126e-05
1.497780766199094949e-05
1.914617801573769215e-05
9.932304819569710526e-07
2.588107616211074297e-07
1.656307904613536463e-06
3.525801683912958503e-05
5.163781474204993596e-05
1.239655879315797159e-05
7.567949233032238257e-06
1.181203703822572204e-05
1.687345713058710948e-05
1.706786431212450688e-05
1.485365589849896898e-05
1.378745414638415657e-05
1.472823162479736063e-05
1.653424218154464265e-05
1.719032014590387658e-05
1.646599174800815154e-05
1.660549293214719555e-05
2.011876165456678151e-05
9.463288913532350472e-06
3.465464893956684034e-06
3.468835016395625906e-06
7.299645843525114604e-06
1.002016454351320628e-05
9.678640265540963328e-06
1.269066803281033564e-05
1.960442895589106508e-05
2.405634736088921289e-05
2.192727065484052833e-05
1.764014321226096274e-05
1.565536443933818249e-05
1.672435497764437350e-05
1.934188956797199848e-05
2.110895158119298825e-05
2.134198107020758757e-05
2.193611094245519552e-05
2.544042997572157930e-05
