4.348522493749032436e-02
8.467124391309067688e-01
1.773786770910915633e-01
8.749683421024986307e-01
4.093117387336778906e-02
9.594513774857363266e-05
6.760183664611288216e-04
1.402035337744786912e-02
3.957225048727200096e-04
1.627390094653651998e-05
9.370728056656585256e-06
1.413514473448581643e-06
5.008021477529145543e-07
1.766164409882022700e-06
1.213614999861992991e-05
8.348463225992773789e-05
2.918925692868784647e-04
4.432523506468374029e-04
8.154658284334613159e-05
4.184870258686252537e-02
9.872809451548985038e-01
9.945722161568222308e-01
2.631146211108689563e-03
4.748572010313045560e-05
1.412842863678598522e-02
9.323585753583111257e-01
2.134386012248863304e-02
6.195141455503746196e-03
1.566184437780063915e-02
3.115943488135211430e-04
5.926661227063603284e-06
7.053205552404068700e-07
2.649151498299859837e-07
2.194562384572771776e-06
5.383420045442060658e-05
3.060058894837616923e-04
4.812388772341863563e-06
7.916648439427789383e-03
9.429626613850287109e-01
2.931590809986544047e-02
7.890871114861895994e-06
5.305243374385285689e-07
1.470403043048446707e-04
9.447907962577765939e-03
2.997856760825276610e-03
3.306271041585326365e-02
8.706989430152373144e-01
8.199014322668653210e-02
1.005092034559518926e-02
1.509238755629893169e-04
2.055605567504056265e-07
1.097610758350063699e-07
7.239447326899031061e-06
1.918283548307711365e-04
4.348282902212553987e-06
6.192674243154862356e-04
9.451710046541243401e-03
4.954737296547728043e-05
1.981620094604624932e-08
1.549379790033067553e-09
5.571231846298778377e-08
9.260709074587726306e-06
5.290532193643645550e-05
5.902461807057916929e-04
1.536466513305323120e-02
2.766469431922568070e-02
7.659962985193445872e-01
1.241917961845346724e-01
7.349197550935927028e-06
7.696308090538009520e-08
1.324644503019899727e-06
7.105045712071556712e-05
4.414707958125818824e-06
7.981135573516366926e-05
2.969796034547616420e-04
1.372414872485903980e-06
2.593775032656495189e-09
1.500024165237657469e-09
1.192983824507052750e-07
1.167424938527121303e-04
1.894487081052908780e-03
2.802078538735230853e-03
2.662888095005625996e-02
4.721651605139771252e-02
1.336612812642706816e+00
7.594554651699803038e-01
4.320597248738613388e-04
2.065325794375059540e-06
9.115101816189271422e-07
1.170451714864207244e-05
1.164263501191214286e-05
9.866337216944557134e-04
1.353368216458486831e-02
4.724763341990798624e-05
2.909556415029988918e-07
1.220539601119437976e-05
3.659039277714221626e-03
1.995936686871767618e-01
5.878912257877521030e-01
5.479231387848888524e-01
1.375893223412328448e+00
2.651438346257187217e-01
4.128940666682547334e-01
2.834816741912088989e-01
9.164541961704324169e-02
2.764214650728320701e-03
2.761363051298648837e-06
8.466495401069641676e-07
4.072164503737354968e-05
1.664878692989254019e-02
9.433864701266964081e-01
7.575970173942166673e-03
3.638779063494916870e-04
1.090698913823348049e-01
7.329472067136831859e-01
4.780497789146042481e-02
6.794976858156154265e-02
8.074585897725771177e-01
1.330550650842444727e+00
1.480980875818758424e-01
2.071876756812698894e-01
1.647110461144721816e-01
1.556037690365146942e+00
6.577380835733283304e-02
6.515046920756511635e-07
2.556214170016858408e-08
3.270178085982747258e-05
1.204871214580029463e-03
1.382913829671901344e-02
8.901576460678991935e-04
1.901319621985303595e-03
8.909992901734929971e-01
2.292672435935404485e-01
2.620986612601142619e-03
1.031236623591238327e-02
1.759029997073198459e-01
4.144879019253265851e-01
2.247809192871912387e-01
3.921067436369294890e-01
7.103298654427279979e-02
2.954542183577946179e-01
9.124165879066727450e-03
6.463355778334900276e-08
3.666714196557651218e-09
1.568561098432816708e-05
1.164258925112051945e-05
3.654132487335881691e-06
4.477329766746948781e-07
1.942576305711091699e-05
9.704374166266728496e-02
7.266360259149313716e-01
2.704582307164601906e-01
5.380430372161306707e-01
3.311328061964252667e-01
1.857937513334702584e-01
1.015048419567439880e-01
3.042096381464429733e-01
1.550048212849540474e-01
6.498497943319071490e-01
3.630171122852859228e-02
9.513829770013602150e-07
2.998766323732300012e-08
1.263334189853940495e-05
2.844952757174997765e-06
7.912263945378081582e-08
3.232161415029449211e-09
9.902797747499674166e-08
2.649935309990529846e-04
1.406242403543713805e-02
1.774071190694146913e-02
1.965825260488142726e-02
1.114962491318915311e-01
4.642267972482680416e-01
1.723065287963204961e-01
4.926054809330637219e-01
1.318961147220745200e-01
4.325519366092586693e-02
1.206081122385717352e-02
5.776846053353662584e-05
3.591452747581714753e-06
1.023959460414417738e-05
3.891075132746631149e-05
1.190202731508753939e-06
2.010120921495059108e-08
2.487870128021775302e-07
1.784982595249406657e-05
8.990066346988138696e-05
1.014674849329720462e-05
7.091219323983276793e-07
7.675563849165472252e-05
1.110678419187106913e-01
3.555249677055285495e-01
3.683342978721176192e-02
4.259717743072128347e-04
1.418511420376057652e-04
3.593236816906438414e-03
1.148882794217577323e-02
1.604959895817584812e-03
4.665014152026550143e-06
7.245889737973064751e-03
5.737193192778706867e-03
8.097475866940629719e-05
9.567892113764406466e-04
1.590735957988331090e-02
2.633885894995498939e-02
3.123586288812383108e-04
4.007225689137439939e-08
5.682060990253216143e-08
2.874788787733242434e-03
1.579138997913708264e+00
2.989469180134008558e-02
3.145212739725320047e-04
8.461656544514480072e-03
1.031765040381868781e+00
9.272138387357649059e-01
1.646230623104421101e-02
3.424513830984736550e-07
6.069409272206938849e-02
1.673631784821226987e+01
4.407941505384891934e-01
5.304256512760592290e-01
2.307988568379920391e+00
1.752014619431269793e+00
2.285613315078353913e-02
1.618660457184871538e-07
1.449919859384884757e-10
6.884964286269376999e-07
1.995913742160407844e-01
1.138249392283318784e+00
6.460354121227629420e-02
8.392790813097740221e-01
2.018999120232110034e+00
1.391166590432119446e-02
8.032366710229537059e-05
7.478227439649771630e-09
2.019979428969664620e-04
2.111006642398626898e+00
7.028348301162489209e-01
3.260100964120727918e-01
8.443453623632073413e-01
1.542356661058887357e-01
2.424606462670044274e-02
5.616733215748040040e-06
7.466487766866664265e-11
1.471709152413936383e-09
1.387260676645542734e-03
5.790732599891399435e-01
3.683923983620415038e-02
3.640511392621481601e-02
8.574072789342795931e-02
5.443789932462760094e-04
1.773766311562992247e-06
3.321894634941168083e-09
2.216991534011352737e-07
7.136979455986734808e-04
6.927341812615345727e-03
5.665289801995660596e-02
7.684652237644314932e-01
1.612277140986733137e-01
8.338664774252516620e-01
5.273254212982231987e-02
2.936209366542516803e-06
3.678324484459972227e-06
1.525602177539379933e-02
4.197809965124972287e-01
5.469097269766998864e-02
5.688393794622002841e-02
8.238238405928844932e-01
2.977374313384571411e-02
2.336552688170391969e-05
1.149314988674562667e-07
4.243632418439513623e-07
4.343779948988574766e-04
2.223951084844409329e-02
3.812471673033315800e-02
1.091170500833700541e-02
9.050795842779741328e-04
5.540093522666631604e-02
8.977858309964876771e-01
2.998109660905937807e-02
8.478934775995827788e-02
7.583402395875875612e-01
7.841566117372561484e-01
6.846516206434489771e-01
7.814901015561276365e-02
2.298421084619013677e-02
3.176716424818953454e-03
5.287432214808247041e-05
6.507744110688683200e-06
2.502309254585158123e-05
2.251539908126038922e-02
9.010037486986870459e-01
8.542907677535490144e-03
1.270419715790064464e-06
7.160517673173879771e-09
1.649561354561113638e-06
6.756774699696157030e-03
1.406251394432527779e-01
6.589974159252601771e-01
4.491512095579497932e-01
1.936659713194236743e-01
2.655956939453408827e-01
1.408408572273562405e-03
2.625413792437979078e-06
1.256894603469690776e-06
6.260612193141564097e-06
3.586853295634631476e-05
2.615868119918649806e-05
9.944652435397679287e-04
2.724307761648540188e-02
1.109649105239156677e-03
1.085442544837446626e-07
3.854502271802984960e-10
1.734882634139527827e-07
8.019315181630881292e-03
9.002177457200153388e-01
1.353636299452040115e+00
1.507014830996985744e+00
8.769608400051142061e-01
6.874840358655237571e-01
2.929340244017728662e-03
7.659868725933028259e-07
1.840113644535809181e-07
5.744717830052201704e-06
3.723884774344174127e-05
2.151118661412041157e-06
1.990944903859370204e-06
3.293127230863348480e-04
2.934546497348605384e-02
6.292023864824141440e-04
9.689695272436044468e-06
4.130201572691077298e-04
8.295556518180022265e-02
7.151146926189998476e-01
1.110211365530334948e+00
2.071337811601541734e+00
1.313782008014307889e+00
1.204842128186926375e+00
2.409766526439080861e-02
1.304414650671770807e-05
1.543731818775121700e-06
2.360398518139059315e-05
1.669211812920281933e-05
4.658759364672486937e-07
1.800781552283390517e-07
1.770724892602042785e-04
9.889164146033494474e-01
8.554242961682357871e-01
2.178041195322908408e-01
7.765194020164152278e-01
1.289537229877389113e-01
1.990222232499838373e-01
9.386070546484417410e-01
8.814031498132786080e-01
8.920862329419050329e-01
6.984337774333539972e-01
7.818473549136230674e-03
1.213150025946533873e-05
3.597627017495294192e-06
4.888731658801819251e-05
8.054066463513892874e-06
1.348635744872295657e-06
1.641328123148219875e-06
2.924053392132771267e-04
1.989382232361081373e-02
5.832194093272059961e-03
4.517185435067869181e-02
8.169885827747762619e-01
1.755021603021587606e-01
6.525629498976367460e-01
1.597373229157530161e-01
5.013508426646520050e-03
4.703000535049193381e-02
2.635604730027547582e-01
1.548928327492729530e-03
3.891530875641792851e-06
3.018857956256799179e-06
5.144708891502591293e-05
6.218094241144183037e-05
6.244772289247332462e-04
3.885231131233602385e-03
3.651279063613758341e-02
2.339249646232075940e-03
2.441570777038241832e-05
1.127047142685145328e-03
1.059596450181736899e-01
3.943153066977821142e-02
1.955741144242555130e-02
1.130072000735292609e-04
2.327610223300822782e-06
2.030413269345515952e-03
8.012068269804324405e-01
1.156417928879134582e-02
1.675724021955663420e-05
6.003627919219786999e-06
5.797038157041550490e-05
6.966206360860436111e-03
1.004164485440475652e+00
1.018593714006377660e+00
8.704001389718878379e-01
1.083121465419515338e-02
1.050575859029060060e-04
1.208416032812324736e-02
8.615210684735221669e-01
1.318149735725164008e-02
5.757253065595037829e-05
4.050830541651299059e-07
1.946450265316002023e-07
2.428617842392696933e-04
5.780903440536540316e-02
3.292325784997443376e-03
2.739000457861411647e-05
1.344912407557219351e-05
8.139182403337000260e-05
3.853061554473669048e-02
1.872753528252368183e+00
9.073675859603752558e-02
6.482968707162141409e-02
1.240304999562680255e-02
2.930215962765817385e-04
2.946333332728030222e-03
4.224677959616732897e-02
8.515636170815421742e-04
6.159148724736216648e-06
6.794929699040352224e-07
8.029592739431643524e-07
5.310218015474142170e-06
1.322987904155564922e-05
5.429302504623063489e-06
4.358020426008878401e-06
1.965476960507832346e-05
1.292073559804009708e-04
1.182169831275792183e-03
1.618829493575094092e-02
1.976175548467552778e-02
9.244367818440636375e-01
1.002535127766118084e+00
1.517453043058868524e-03
2.655460763861461283e-05
1.816724556973220314e-05
1.009132938663239726e-05
7.858396469044338589e-06
1.457921418499080567e-05
1.361429898594283773e-05
3.531280778437416195e-06
8.875184801183206436e-07
1.106409685179013625e-06
6.867800806619500714e-06
5.526946321875209512e-05
2.379693157378642507e-04
