1.935053711419157385e-02
2.874567730736713678e+00
4.180031294079425308e+00
2.773635866830235663e+00
1.437977922422214450e-01
1.089211691415768664e-05
5.468487143935543046e-09
1.296790969499939679e-07
1.053004903541728161e-03
3.014084102315298108e-02
3.656892914114729569e-04
5.096230674264451843e-06
4.253649215875596315e-06
2.367804312475094497e-05
8.888439167709734270e-05
1.384477255528262184e-04
1.836105503351899480e-04
3.382351964995257876e-04
2.841502068756411126e-06
1.038580982583275636e-01
2.871526343876305010e+00
2.850058878763466752e-01
7.507301656739989726e-01
3.872257997813879742e-03
7.242809666931959431e-08
1.677187937505343859e-07
9.316193272798636502e-03
9.132039905752854514e-01
1.822589390213613311e-02
1.873464747295251320e-04
1.378426297205450428e-05
1.612936269378516585e-05
6.142320963515805331e-05
7.046986055534644358e-05
7.415653428555901835e-05
1.842153335283890135e-04
4.162979076167003433e-08
1.179603160233818650e-02
8.161962756111496020e-01
4.229399236641795574e-03
5.671031131995216829e-02
9.173810191764955602e-02
1.097278672104458507e-05
4.203464451141022066e-06
2.126077155153949672e-03
6.855267160907072346e-03
1.356138462664900797e-02
2.008882275705468207e-02
2.676113963140242511e-04
5.773047861866042221e-05
1.591208655337907518e-04
3.512756709687692879e-05
1.669925066485441665e-05
8.249219866258209442e-05
1.189582520506187284e-07
2.840585993322241373e-03
1.573208478207372141e-01
1.471186841088086743e-03
2.274084446826838898e-02
8.246943607715760960e-01
2.057696822952193028e-02
2.139666774759345705e-02
4.828914803927374100e-02
3.781214390227176283e-03
7.021380200524908466e-02
8.517714759419608983e-01
1.047796392678743312e-02
2.871255687137064770e-03
1.466560407566690032e-03
1.016837039151912508e-05
1.542320155444276605e-06
2.375361281350107302e-05
5.390487705992645610e-06
1.348209648913006008e-02
8.565237783692707385e-01
1.419923929189731426e-02
2.906647269877006643e-03
1.924328513963109374e-02
1.063799092050318335e-01
9.980533569375367176e-01
6.113468812417002241e-01
2.085895419491871627e-01
9.767301174846401146e-01
2.865281529376902281e+00
1.408084481717189584e+00
8.135445569609642824e-01
2.426121357081502047e-02
2.642840506169266175e-05
1.372228978811005299e-06
1.486413094971279098e-05
3.444013262514233632e-05
3.218308168735403707e-03
4.040549029354869454e-02
5.838421673494511351e-04
3.910211078297477136e-06
5.589990723927231898e-06
2.902972415905127803e-03
7.308303362145502913e-01
9.149937230373077490e-01
4.405285358187922551e-01
8.646322561331296064e-02
1.416031550219756796e-01
3.579504978421268913e+00
1.943160753230116722e+00
1.450261876935023397e-01
3.294165082082735081e-03
4.350425508095597329e-05
2.727950464267784572e-05
2.365491332350759342e-05
1.976018509216815537e-05
7.695425025988901312e-06
2.029544242354450714e-07
4.538219408957720300e-09
6.157297397463883913e-09
9.517544547955776580e-06
1.435365255788673688e-01
2.255577973828414517e+00
3.123428090282019953e-01
5.492610545624996427e-02
9.748965701245128346e-02
9.695569149762158778e-01
6.697644110042451082e-01
5.150220053390544006e-01
2.511846371409535636e-02
3.512422965624395049e-05
5.863247802928379884e-06
4.830675719803431635e-05
3.575877044608050317e-06
1.158234730867845733e-07
3.872866489600389836e-09
1.089757918080510025e-09
3.618191953469733668e-09
4.078651722641727100e-07
3.322840246414037694e-03
3.304552262068372048e-01
1.633261401544512104e-01
5.966941861941658098e-01
1.055673303139828656e+00
9.184741096369247737e-01
2.305644734906715065e+00
3.478707757651203991e+00
6.253337515129090730e-03
6.225725568419770636e-07
2.078325053457960490e-07
8.523377166255586396e-05
7.186065423436753209e-06
5.712523484845786328e-07
2.276424759844923362e-07
2.251068915138001077e-06
1.062131238586792479e-04
1.927406510832703175e-03
1.000454052108234598e-01
6.295158934512797844e-01
6.636323180242363617e-02
4.146894175891550904e-02
1.029382460295633350e-01
2.182553895589708082e-01
5.030107774672185617e-01
2.619050412548680207e+00
2.082159251079622811e-02
1.103285993698475648e-06
1.184141144956074286e-07
1.157714329769222023e-05
2.818381225156272879e-06
7.222084613595390304e-06
4.827735186521650329e-04
9.596695151224375608e-02
1.968045225727616865e+00
8.639066430515155437e-01
7.076312809595776410e-02
3.523175562009420170e-02
4.589227220833688725e-02
1.790990114508583808e-02
4.568134140956209288e-02
3.678559376687705051e-01
1.694222812104325196e-02
1.290866553341446683e-02
2.223275130053532778e-02
6.127704661369107306e-05
1.890593909735915548e-06
7.935239200064945788e-07
3.009984286199992043e-06
4.028029139104397137e-05
3.465252761884868825e-03
7.132073312797722053e-01
1.212455413697504980e+00
7.303605715084345376e-03
6.974815857129230059e-06
1.039870048342290176e-05
5.907981748214551770e-02
7.702338409649552853e-01
1.386202348339299617e-01
4.738701489610713802e-01
5.995023941842397841e-03
1.116242094121729653e-03
5.134439412617963772e-02
4.817242463528192617e-03
6.204387739963452989e-05
6.975794852513818176e-07
1.409410362728452572e-03
4.584213325741875317e-02
1.878728524494270927e-02
2.849669784489416435e-01
8.189063558308362634e-01
8.106058464386924067e-03
2.792459171459918736e-06
6.414067632605693389e-07
7.553792428301886290e-03
9.573396297653361531e-01
1.937962461543608073e-01
3.362749509742753440e-01
6.365141392034233403e-02
1.256248253149174487e-01
7.912666116799984550e-01
5.074217480071319293e-03
3.227788534784487815e-05
4.597458499526152346e-07
6.547167049808383377e-02
3.073292990258677548e+01
1.202168015531281720e+00
6.396279560104493056e-01
3.165137133034793493e+00
9.658898439823292437e-01
5.620753885772114111e-04
6.193765944309673569e-07
2.281489540742694087e-05
2.887854422138734500e-02
9.279979932675450627e-01
4.484832558665953761e-01
5.743324554372341434e-02
6.982019599087944117e-01
2.794280564539340372e-01
8.113456460591502611e-05
1.296095319689256364e-06
1.387923692921503074e-08
4.712782338806045633e-05
6.998579496976810310e-02
1.949759230076063624e-02
2.740261885629347981e-03
8.465348921654847203e-02
1.947315757476748788e+00
7.459133405038132110e-03
3.425225300469551573e-06
5.282882513056066221e-06
4.950097563526200187e-03
1.930054130206714680e+00
7.188527515763396547e-01
4.736661397853573346e-02
1.186669121069714006e+00
8.269368257787358401e-01
3.821427092020391919e-04
5.979707868900210374e-06
4.174270207194893029e-09
1.727451469756750467e-07
8.216731558091634009e-04
4.486477400691681224e-03
7.868389466623811794e-04
7.332605783642176522e-02
1.857957584491499947e+00
8.715876486809140400e-02
1.200107486676453734e-02
1.091752022377464118e-02
3.246421640129069225e-02
1.041648767896629080e-01
1.507627352868716637e-02
1.087468694640219766e-02
8.772659452639546274e-01
1.062005180493875933e+00
2.621434528641957210e-03
6.505973297251647794e-05
7.761052373232374471e-08
1.814388309622293497e-06
2.794241303332332255e-02
8.346691228470275448e-01
1.647484589589072179e-01
7.949960261267136064e-01
1.291021960592174112e-01
2.874732904629662134e-02
8.502766950975345628e-01
1.075849503283772268e+00
7.144282052367885161e-01
2.266375099651970759e-01
2.408537205403389701e-03
1.536180650865848468e-03
1.628015590313683023e-02
1.413935111360020225e-03
2.106520160728979447e-05
1.432811998109179258e-05
1.274759850504156657e-06
1.297105437599199372e-05
8.912365967204845946e-03
3.151378184193550508e-02
3.728634868558827059e-03
2.264241894333606474e-03
6.403778596217753985e-05
2.148638454505283449e-05
7.451991176534944689e-04
7.952445285505690964e-03
4.565665946766704897e-01
1.377375325287953478e+00
5.379022488865758955e-02
7.415763051859625143e-02
1.413721740783265880e-02
2.007766765533355071e-05
6.151755540937210184e-07
3.310014085127286420e-06
9.434974493711819376e-06
1.514608446244927319e-04
4.896126244148724452e-03
2.720933408416199004e-04
2.805814518481735411e-06
4.667426191384349901e-06
1.744281356427569119e-05
8.250684344375879773e-06
1.333770408342711456e-05
1.812170716929387701e-03
6.127261921464816075e-01
6.030245769882353057e-01
1.743844435557685701e-01
6.532405548177521171e-01
1.660663053687846946e-02
4.647920869871010799e-05
4.982278578649728202e-06
5.541140350959402268e-06
3.037715042163009502e-05
1.018306870111611133e-02
9.731810288001487841e-01
5.071052149480555910e-03
1.507293136084794390e-06
7.471584740351395729e-06
1.839176067972282669e-02
3.387662846351415652e-02
2.398254468193884974e-03
7.291444899435378657e-02
1.081312743854435876e+00
5.839323780392642327e-01
7.515985159997667919e-01
3.990525522446059514e-01
1.179268553827191729e-02
4.226826742594476730e-03
1.145289315128570663e-03
1.751065869778312972e-05
1.038978105568511288e-05
8.348918018264714705e-03
9.805836859437044861e-01
2.895827895488146432e-03
1.876182275688516134e-07
4.331300367696752674e-07
1.573795488731363421e-02
7.113232075088030681e-01
1.905179892716844237e-01
7.862820476444682960e-01
1.964555327251805428e-01
2.240750617586045601e-01
1.261933759102285446e+00
5.030461461963223746e-01
1.855179803722620258e-01
8.454357358496872310e-01
4.496836208965727250e-02
2.466723862490806786e-05
1.241551402940144527e-05
9.410206710112169540e-04
1.038862055254723311e-03
1.959446544041053248e-06
5.431159800456994569e-09
3.717542493731519457e-08
7.740272320741923770e-04
2.463794385359089345e-01
1.857829949527540769e-01
5.569549418966759369e-01
3.812710999703019521e-01
1.298212453898527130e+00
1.312770638568830472e+00
4.657404911952969101e-02
9.021259838153153007e-03
1.821278924192433132e-02
1.424657979642146230e-03
8.886732496949254693e-06
1.835629342311644822e-03
3.138158500640357562e-02
1.941157189398666722e-04
5.971161460473597148e-07
3.364409817257630854e-06
7.397145614131639358e-04
1.793773271860686080e-01
1.450948876698271883e+00
9.668947570653553536e-02
1.699154924442981274e-01
9.854295138134273602e-01
2.274395737315269006e+00
8.104502975973744139e-01
5.923824335279066072e-03
3.649242620988787380e-05
7.585392666971525310e-06
7.028410103038619863e-06
6.241432364879689619e-06
2.905965182910539082e-02
8.766113572638900564e-01
3.116504885293023067e-02
2.526401381788230538e-03
1.143188167826689750e-01
1.712491476951761626e+00
1.625615733391868323e-01
8.271817899039837774e-02
2.163594951947011569e-01
1.781713321006405559e+00
8.964880445786806984e-01
2.388365537374728675e-02
1.072701267540678884e-02
2.651430881394482332e-03
3.172878700457995929e-05
2.348030241318857628e-06
4.494412199809282812e-06
2.610425043477234886e-05
3.504196784208499140e-04
2.112008802718726153e-02
1.116993344426684631e+00
2.802942225940125986e+00
1.212902241440400181e-01
1.013595952087078178e-03
3.839876279236119052e-05
3.270836463268598886e-03
7.810473363135309599e-01
1.700018713103697843e-01
6.317947911167457646e-04
8.658358055624137042e-06
2.495985947546937076e-05
2.561989604605130044e-04
1.101785473360320623e-04
2.929757528566608014e-05
4.183326738902362624e-05
1.426003473417625808e-04
1.592386612965369553e-05
1.053684699744594560e-03
1.964658229395399580e+00
3.023169655297654579e+00
1.875773685878196319e-04
9.361761039225737091e-08
5.974627639470083735e-07
2.929076802126181957e-03
2.727681712508920123e-02
4.902369152190613513e-06
5.283829661805995506e-09
1.428334079709673736e-08
1.418095688505485389e-06
5.608844300145125289e-05
1.785856239489274494e-04
1.851733600592378611e-04
2.341633307558160066e-04
4.107255451412200023e-04
