1.588588815943921631e-04
1.037842965799368855e+00
2.861655866266533010e+00
1.857161708730290517e-01
8.314773423708926581e-01
6.449239295969882990e-02
3.244649696236503403e-03
4.486100371068849069e-03
3.252308800268487524e-03
8.915874471831640447e-03
2.511125670039936197e-04
1.087030832319334241e-07
1.357830621697920314e-08
3.439344824139030096e-07
8.755760258029562010e-06
4.430391311564743103e-05
7.020906788493315334e-05
6.864296586312523579e-05
1.434503127649355195e-05
4.481998604847278224e-03
5.196843027435924661e-03
3.877175401413859249e-04
1.054468449522531857e-03
1.917946692721970081e-03
5.352281114344104029e-02
8.280470591822964854e-01
1.804306828935288709e-01
8.368049623674179704e-01
6.300955408861759477e-02
3.929904592426637777e-06
9.611945037268638362e-09
1.524205717063399320e-08
3.898374249347074498e-07
8.278332200535760965e-06
3.860559947046806462e-05
5.635419092594751302e-05
4.635182359268308869e-06
2.794859582677555295e-05
1.456401139079180285e-05
1.972368900648212086e-06
1.678170357400882929e-06
9.259508065543702783e-06
1.575392160052429104e-03
9.505537407112745960e-03
6.338525685362923334e-04
1.753619825847923738e-02
9.784789926088797163e-01
1.733089596643249200e-02
3.993000736996507003e-06
1.280361438221352195e-08
1.838366695439027757e-08
7.773019619833846833e-07
1.371543673281179368e-05
4.033135069475079040e-05
9.002524883292990754e-06
7.255872649899690076e-06
2.779895460005021105e-06
6.433388949277168593e-07
4.439752516257780028e-07
3.632232387114505293e-06
1.173946381893207743e-04
2.565495354538798635e-05
2.192334905845057716e-07
3.308125651254680060e-06
2.786981323777121614e-02
2.929959727756937582e+00
2.521127101245768110e-02
6.134934311635976019e-06
1.514833053353218168e-07
6.124638324072432207e-07
7.272712367068101789e-06
2.985333554701351483e-05
2.365919418144630458e-05
1.283852090286489581e-05
4.785689451823834132e-06
1.692205646937591587e-06
4.622529165245843712e-06
4.305570009040782221e-04
1.392714474444965884e-02
2.197731511977103151e-04
8.134574816100924216e-08
1.297807337778074162e-08
6.418460777153129960e-06
2.455284933016199309e-02
9.610158392251475501e-01
6.064296039576096142e-02
1.862354302235009844e-04
4.890277825096296560e-06
5.183612157582535649e-06
2.021156198554546150e-05
3.833275550740180919e-05
2.356945439814351977e-05
9.737678974802961107e-06
4.217698145842048816e-06
2.817341572776963562e-05
1.353647779452411652e-02
9.445376627510447820e-01
1.086489594903966224e-02
1.639566534597259750e-06
7.864184407650614357e-09
1.003749468385248618e-08
3.664141028986183477e-06
3.629355475530611497e-02
1.845378413437303688e+00
5.109780612309985232e-03
3.646428946606320276e-06
1.048070619230216365e-06
8.368795859826768255e-06
4.570466680816596294e-05
3.536329545319093838e-05
1.890053128136625366e-05
7.730985410266003481e-06
1.655630553074706669e-05
7.998477429033033423e-04
1.511290345561041443e-02
1.156460851690530815e-03
5.556297417479205407e-06
9.370617575765007839e-08
1.339316694994779068e-08
3.039407686543363801e-07
3.469875023013810778e-03
1.183687456579716635e+00
4.541727382798739499e-03
1.239079456804653706e-06
2.802723174015634394e-07
3.946047847748979169e-06
4.057230027370348197e-05
3.300731331605981443e-05
2.321393570625919243e-05
1.114591185213328115e-05
6.268969861642955047e-06
1.098676833629194336e-05
2.540763948915198656e-05
1.686433527988100682e-05
5.690530147725815087e-06
1.665435567712341714e-06
4.030785925999608031e-07
1.625795675349162910e-06
1.602699436369886153e-03
7.170058107620650434e-01
5.153410607802738630e-02
4.587014838987427427e-05
2.168984622766691258e-06
6.334022622669187313e-06
1.545305833249847164e-05
7.400869962141461104e-06
5.175379194899098527e-06
4.806276547150967307e-06
4.116971299236942114e-06
3.575610221203762492e-06
4.343641806169499382e-06
7.351648327240748491e-06
1.238693595032963739e-05
9.828833000676111953e-06
2.875329431810911181e-06
3.143759890592136017e-06
3.403805124044305083e-04
2.859783984313852279e-01
9.265360883399322844e-01
4.572898765359697214e-03
3.451915627790548530e-05
1.339217379521846948e-05
1.807607098064781695e-06
4.769244373179294359e-07
3.290950738609951967e-07
4.950639769412934314e-07
1.311787270813427410e-06
4.276954291765053056e-06
1.155229487278977559e-05
2.339058403545429758e-05
2.896098044217410697e-05
1.662100545762463638e-05
8.031904632098007632e-06
2.584114554719701474e-05
2.957660857099759198e-03
8.185228774184980516e-01
1.014359717823207774e+00
2.484271020591696452e-03
1.210326519697964546e-05
5.783279907013904286e-06
3.031837049061134773e-07
5.787711386216557831e-07
1.766527544525355365e-06
6.897683694756811843e-07
3.766596445555469583e-07
2.063994721408099489e-06
1.771164243064182644e-05
4.373371008713754384e-05
2.571105086008828480e-05
7.392046223813967512e-06
7.997118772683008370e-06
1.164068350279557403e-04
3.597087526165251674e-03
3.820790455036770367e-02
1.933289936766801470e-02
9.594873222598071885e-05
7.332171413179836351e-07
8.305004689140095718e-07
5.456774221769438778e-07
3.100880670673028592e-04
3.211048181598662871e-02
3.457875073780930595e-04
7.547376803902899607e-07
7.250423444566506212e-07
1.172575040420307246e-05
3.383481533350520058e-05
7.315211897339451976e-06
7.450834938372512161e-07
3.018855983975300107e-06
5.431361209013557114e-04
3.460497930722547088e-03
2.733250470879498156e-03
1.996232219222957363e-02
1.023232233142268299e-03
1.137075932230683734e-06
2.503966550980662533e-07
1.586957651147324248e-06
3.236208383432699620e-02
2.788235197244909713e+01
3.280353255009747782e-02
2.103084331467847475e-06
4.865080363805967346e-07
7.787815804674055634e-06
1.575935411835425803e-05
8.100661731157994505e-07
1.804951548491811406e-08
4.670779277624960103e-07
1.736798732386430830e-02
9.487189811085386948e-01
1.242775587132654708e-01
8.314267467985567706e-01
3.929581390336155805e-02
4.016213994741485361e-06
1.568640727035396540e-07
5.965443938815643837e-07
3.257879137664738533e-04
3.160396522724513019e-02
3.348022183053102276e-04
7.699692636013923655e-07
6.854606590010412747e-07
6.986730452993348029e-06
7.271128278421403994e-06
1.818759862753934488e-07
1.714729781146873082e-09
7.806022447900837218e-08
2.180855889921086768e-02
1.868682686671428783e+00
3.517731408399429882e-02
3.239336226822431275e-02
1.566877125181914254e-03
7.397048380591931637e-07
1.008537526361613270e-07
3.071230983796295011e-07
5.301569243834961152e-07
1.502649382477563959e-06
6.337069691379915582e-07
4.081055023166407764e-07
1.773720960464576891e-06
6.818556699675817918e-06
9.864791444598491316e-06
2.931614252359888679e-06
2.785376345812928225e-07
1.131483898920870251e-05
6.532898286352743777e-02
5.906356558884955088e-02
9.608066342192650260e-04
4.361359465816900226e-03
3.548347262910125184e-04
3.857891886873064966e-07
1.202966741242082666e-07
1.518683401520842246e-06
3.537125723045488646e-07
2.509287502327556041e-07
5.310696149816808841e-07
2.198171032769129137e-06
5.187915508820212338e-06
5.416981217273733863e-06
3.877147660698176431e-05
1.769556844201239333e-03
6.469123254056480948e-03
4.163223375578908175e-02
8.281311047650252721e-01
3.308861503074765620e-02
1.092204060907319037e-02
9.432527951372423614e-01
2.101246767563035717e-02
2.566390096553750513e-06
2.788503298983892045e-07
1.135950986552128264e-05
5.058886401501140346e-06
4.509955844061177310e-06
8.869070074264659678e-06
1.695734036108196020e-05
8.622548147202847751e-06
2.150565253987109597e-06
2.286044718582077077e-05
2.706943576807691737e-02
8.917569870250998676e-01
7.152061350657587524e-02
3.106575077863111666e-03
4.827661326258130881e-04
1.821228098356401578e-02
1.957675994907982719e+00
1.162025409736744050e-02
2.616999565308326880e-06
5.570148161375587688e-07
2.977893877207241292e-05
2.537827984873560188e-05
2.968312111662469482e-05
4.008794402454261011e-05
3.364783468320129789e-05
6.799921152922957985e-06
4.145703146374879679e-07
4.805777146089898473e-07
6.050408062660422599e-04
9.990518390658373882e-01
8.653431564546638921e-02
7.059537068931059760e-05
7.295065531481400765e-05
1.993781182224842186e-02
3.112228965467483607e-02
4.931425307086041948e-05
4.758451262270909798e-07
1.195198164865734924e-06
3.582511363566977930e-05
3.337528527744361347e-05
3.613549879127597459e-05
3.488635433580925389e-05
1.966704663589349079e-05
4.099261611622890720e-06
2.257665942660772377e-07
2.498176938673568663e-08
2.290695325609200310e-06
6.024338474467230004e-02
7.896094364890308137e-01
8.127563033996606720e-03
5.276506334986611618e-02
9.108643661850300832e-01
2.289377350414704190e-03
1.327801682683857746e-06
3.750158058332170013e-07
4.495838454242935143e-06
3.281851465439316148e-05
2.610076720217341080e-05
2.181829712779124675e-05
1.402147371248835416e-05
6.205552214639628475e-06
4.374400766760657207e-06
4.580733345800963012e-06
8.383612654475211562e-07
4.453230492579736936e-07
1.074688731348366031e-04
2.700054444718004779e-02
1.860866462287582013e-01
1.840571986251510861e+00
7.668930263847427431e-02
8.675598731305740935e-06
1.074376365841134857e-07
8.948389745763116037e-07
1.771176372699181492e-05
2.725234755742352111e-05
1.785844199100981240e-05
1.127850059415953858e-05
4.354176654960643758e-06
1.522726461619833939e-06
8.140733206281121985e-06
1.393974388376536958e-03
7.030559166214633664e-03
7.428268188047091540e-05
3.625290535959989612e-05
1.356660236594675953e-02
8.740676567163661037e-01
5.142518194308137724e-02
6.497120268865418915e-06
7.282678563147878542e-09
2.539878781700558585e-08
2.691328590931163773e-06
4.411644688783511638e-05
1.856884749657519923e-05
1.131866339327283294e-05
7.816685218889578150e-06
2.323667860217167569e-06
6.028856648945258347e-07
8.868029637768392172e-06
1.894383936447664729e-02
9.395745220304617673e-01
1.503188952051449229e-02
4.940906044342502877e-03
1.000103511462073991e+00
1.023680452819462960e+00
1.277775627738675802e-04
1.237002781118102501e-08
2.082090564755956209e-09
1.502351736403934502e-07
1.134368310943973625e-05
6.806159846333900958e-05
9.202773925601684317e-06
8.668938107444236995e-06
2.348598397949606115e-05
1.593002986393354250e-05
3.874297463484472477e-06
2.205684714707340760e-05
2.187055604069730250e-03
1.108611169254511246e-02
1.687458329407968754e-03
1.420562519181658989e-02
9.526590677862608603e-01
1.896161974224842145e-02
1.546453540902953597e-06
1.340210933521373043e-08
8.236983438379082271e-08
3.548754168431181687e-06
3.546141569786618979e-05
6.907776780839287726e-05
4.548820016199539942e-06
1.416390189459091255e-05
6.915636570695303693e-04
4.236855205637288756e-03
1.913521543830334340e-03
2.777110795893818467e-03
1.213679240868099397e-03
3.333201612630599128e-05
6.885109588074860769e-06
2.597658575044830198e-04
6.229966119743325474e-03
1.869619652573353255e-04
8.332553275931135140e-07
3.536616431861312378e-07
3.712443218255803198e-06
2.706103714446491334e-05
5.423448817172032879e-05
5.782568743936473325e-05
4.427484760824243685e-06
4.327912587092644440e-05
2.109544213581548977e-02
9.350446194642528797e-01
1.069021301427044879e+00
9.366704198391305747e-01
1.864508478472100272e-02
1.738317864715544495e-05
1.035139111220916934e-06
1.013762639183061306e-05
7.567976659752836802e-05
2.152561649372423922e-05
4.287559248011999722e-06
7.419356610654135173e-06
2.925419221924922000e-05
5.671770879582406879e-05
5.779006745434177517e-05
5.294006310118065748e-05
