1.517103703445236258e-04
9.530291584004963454e-05
9.948542803391083311e-05
1.503180198519879257e-04
2.370329836926894553e-04
2.894648628233996066e-04
2.718194944027498266e-04
2.375810578654433949e-04
2.210607869875198849e-04
1.969836977444452779e-04
1.446017222099860763e-04
1.047820016330355857e-04
9.968405583540124702e-05
1.194601176932110235e-04
1.391922139133655416e-04
1.405372672407082272e-04
1.482344097518121422e-04
2.116942368712815237e-04
3.603642030911527623e-05
1.327358384668264621e-05
5.854918876459945580e-06
6.252081402879935004e-06
2.244106123016376231e-05
8.334030889834209764e-05
1.246175916736861906e-04
9.918485461558525392e-05
9.514137303713227404e-05
1.211467123156639408e-04
1.169819564761518586e-04
8.419322598162831954e-05
6.731711587463583399e-05
6.505355395483855888e-05
6.446667530885983287e-05
6.497766115730514453e-05
8.318183621368124099e-05
1.558331534659964724e-04
4.228980911275792803e-05
3.675352472880700095e-05
2.931371488356992115e-06
3.039371415495371478e-07
1.285770255387787807e-06
1.796172576151786924e-05
2.737125698559689154e-05
6.246224072363292945e-06
4.682761619994228726e-06
2.433495815064819277e-05
9.385633576010494453e-05
1.150868695212830487e-04
8.724864657627677447e-05
6.272351040219692280e-05
4.719530181145359393e-05
4.424843489871275272e-05
6.514624556719910569e-05
1.473494267066627220e-04
5.165784816255118922e-04
1.796680137653519985e-02
1.401397767745360531e-03
5.894494535300132820e-06
4.031165430185893878e-06
4.124433781881782106e-05
1.791640080165278452e-05
1.977364360052951583e-07
5.027279573920807547e-08
1.970011887129439564e-06
4.926729867432228177e-05
1.324955561739392851e-04
1.391941240820014376e-04
1.000223907675694787e-04
6.110577546590572782e-05
4.680433839723647588e-05
6.313924808946748727e-05
1.429949392611489672e-04
4.331829153342148589e-03
9.338572557811485320e-01
2.024108327383786321e+00
2.870592845788684511e-02
3.093422921989398208e-03
4.144143029289657811e-03
1.785173207338756982e-03
6.275837200538994554e-06
4.288703379525903054e-07
9.108341261304254407e-06
4.694893849867180053e-05
5.737015813724716772e-05
1.164988204590410877e-04
1.623123353326975233e-04
1.066544393519467635e-04
6.289474617922777917e-05
6.377126153017696004e-05
1.249436037222934569e-04
4.671477799895148303e-02
7.939356186027494988e-02
7.707900135203349379e-01
2.190756848013432290e+00
7.541934598092950859e-01
1.632980557365588115e-01
8.525432686445587604e-01
1.263005407831926663e-01
1.235778413741276185e-02
3.387690859022281318e-03
2.912905140997502359e-05
2.669564458154176787e-06
1.888065924944504149e-05
1.302926481440278201e-04
1.534933298542937431e-04
8.240308374787693672e-05
6.406798772772802624e-05
1.066641186851705720e-04
8.366926570081228975e-01
1.436805382372851603e-01
1.363805970464100903e-01
9.062237079207815516e-01
2.083888607146655136e+00
1.910888503134615390e-01
7.509651233100141932e-01
1.095056422173695809e+00
7.830432697646046991e-01
2.369432177680806315e-02
2.711500349508429087e-06
5.555099089389017699e-08
1.291059420800825588e-06
4.494904034886663551e-05
1.378493139011529288e-04
9.569023423795328001e-05
6.894471438592904343e-05
1.022149970662882646e-04
9.498461242062426757e-02
1.875767448715008223e+00
1.737757566642179174e+00
3.785271709975559506e-01
4.559157211677149490e-01
1.355277319821311388e-01
1.216921679565532016e-01
3.773340807526223695e-02
1.656361018835650623e-01
5.222258624176855796e-02
3.447538614516950094e-05
6.452776918991183336e-07
1.645870141483152029e-06
1.742407406802105567e-05
7.983509544333037373e-05
9.496161286563362320e-05
8.038659541457414360e-05
1.131282306410976834e-04
2.893273003572027074e-02
1.363137097698813582e-01
9.667079990555983438e-01
1.031860413289205525e+00
2.657786860515926608e-01
1.390297456726712066e-01
5.326336384712536676e-01
1.427512155281236428e-01
8.302128242266547664e-01
1.810214845699108954e+00
8.459355954893085783e-02
2.678910134391004026e-03
4.774208461730405375e-05
1.210777355140033977e-05
3.416737047860236566e-05
7.101278763640508939e-05
8.816125805359254451e-05
1.346907943115973174e-04
8.806893362720826790e-01
2.423648504047110509e-03
8.309984887162931086e-03
9.601370023225903605e-01
6.012853791221938193e-01
1.319792324798538530e-01
1.142026346672759374e+00
3.397166345173850965e-01
6.207304419095196479e-01
1.627287817487340416e+00
6.564193265614092221e-01
3.682794639723930424e-02
1.737273503290851710e-04
1.319205500830345943e-05
1.875013142951879988e-05
4.054467979431894360e-05
7.850689664956264635e-05
1.559120479243679186e-04
3.095751620919326083e-02
6.055914806846186783e-04
1.192191856682925117e-03
4.462582941981371037e-02
2.034375454950041462e-01
1.979246071656907413e-01
4.058869501498650889e-01
2.925059131875570179e-02
7.445911887545901553e-02
6.747072208007388605e-01
1.847837991247307798e-01
1.533355113259685619e-02
1.512937105495767943e-03
2.364597659121416321e-04
3.717309972779414957e-05
2.432948609547348445e-05
6.261086347459454509e-05
1.765122205752911932e-04
1.245311839948244669e-04
1.134237526059494044e-01
2.829171320214733054e+00
3.618652924836565643e-01
4.031529591947720093e-01
1.204604447922601462e+00
3.896285655158864270e-01
1.185378038623953988e-02
5.447315098268031008e-02
1.060816504498051982e+00
9.043493807034013177e-01
1.070472026103578944e+00
9.530555136299206920e-01
1.690091677698262601e-02
6.417666326626966940e-05
1.279437592466064607e-05
5.419092440011198647e-05
2.202939531772032770e-04
6.249690945771882976e-05
1.941333294897772399e+00
1.698856550989920891e+02
2.804524094431343872e+00
4.378769510108694862e-01
8.133858120194161767e-01
1.391865974447891841e+00
3.989810966226591260e-01
4.978842155689867655e-01
1.384010551026844338e+00
8.549124648188968223e-01
1.992199891320596938e+00
1.944793850896893606e+00
5.513025593465838495e-03
6.787690183428290248e-06
3.342164787375240478e-06
4.647163893062889345e-05
2.891796860335247785e-04
1.453509388235941244e-04
2.252332740318004414e-02
2.218486865234044370e+00
1.171544046524844340e+00
6.049168036394454440e-01
3.957787456305304485e-01
1.428196203924468888e+00
6.927592206169447264e-01
3.695118092676917265e-01
1.690699167113210333e+00
9.205504257383523292e-02
1.833744868106543593e-02
9.914188102341070508e-02
1.026612376352361916e-03
1.280467733087528374e-06
1.198778653780310709e-06
3.795279466729231579e-05
3.270341113412866948e-04
1.163809538647496075e-02
1.316757400507462435e-02
7.108476963101129087e-01
1.032560998954186182e+00
1.005574520738012900e+00
7.205825584613229084e-01
7.013967275302120941e-01
2.135502897037920220e-02
1.749985091981642177e-02
1.999445359816402368e+00
5.909927260397303261e-02
8.100097418080770204e-03
8.518775324596765675e-01
2.537898222683286284e-02
6.912209557944075303e-06
1.785299457590603167e-06
3.727288646572616697e-05
3.014698092497991805e-04
8.881942668699157606e-01
2.356138107119773728e-01
8.800289969112050636e-01
1.547713369621165624e-01
1.255935098895494539e-01
1.845167728658095030e-01
2.543160613484861110e-01
1.331346020142925440e-02
3.735256359617054184e-02
8.922751919928638697e-01
1.646583487644266838e-03
1.469915442519863767e-04
3.467417028227818415e-02
6.812977078169674301e-03
1.344696053465328046e-05
4.559275626506470654e-06
4.664937120412418123e-05
2.469005618283102044e-04
3.542474541348939604e-02
8.863416069736214098e-01
2.083879352397306928e+00
1.458586356623329250e-01
3.017276863761537697e-01
4.068007867187545812e-01
3.945658236391801355e-01
1.602128196395778692e-01
9.328962234105832030e-01
8.273560878746202829e-02
7.077715575041561022e-07
9.055636633278523378e-09
1.636393002990049313e-06
1.722968021484320604e-05
7.008035025303801884e-06
1.308265356450722601e-05
6.519289175267798915e-05
1.975765777637711860e-04
1.631077198435920442e-05
7.580915474784835628e-02
6.824605073532298283e-01
7.949010918739760068e-02
5.067630997828284078e-01
7.321220242428035929e-01
3.314946243093069289e-01
1.045565038995041884e-01
7.943932739411070365e-01
6.906305269142216929e-02
4.289147673035854242e-07
9.679062783888308311e-10
4.714482324894381977e-08
4.198604960777412889e-06
2.402148913605573125e-05
4.766579125206203189e-05
8.454694864664460973e-05
1.637459405126116645e-04
2.612177521453352616e-05
7.509372897108791689e-02
2.103181164812764348e-01
6.918130411638290234e-02
3.991573396558477094e-01
4.189109282127835288e-01
6.042542750358518289e-01
5.528670236505692226e-02
1.045882563714383012e-01
9.458718020079917022e-01
7.197608730079281623e-04
3.811199966892169973e-07
9.116341807407610043e-07
3.682250006069206745e-05
1.494798726263759129e-04
1.084418469098547873e-04
8.685653895244235020e-05
1.410730440374580565e-04
4.186298179508363658e-03
8.850455636862670783e-01
6.743106801054065125e-01
2.453067988737327454e-01
6.940202663258041027e-02
4.443077796663655321e-03
1.669756209826034343e-02
6.413034631324534066e-03
9.886535511796863684e-03
9.444115197621061331e-01
2.860628859199032883e-02
1.792581373107683638e-05
7.691102352714382503e-06
1.052243443032715157e-04
2.328487929960367463e-04
1.089165589236255476e-04
7.370355399118819195e-05
1.246097708859525107e-04
2.298277137216111024e-04
4.619304778556170693e-02
3.999982151345072290e-01
6.201975747039475406e-01
1.233529631523090225e-01
3.954439081620206168e-04
2.024976429246716337e-05
1.540754893078890585e-05
1.563814990447657497e-04
9.507996788942783828e-03
1.458056254628759593e-03
1.430570468834321198e-05
1.185294006417414586e-05
8.775782537944325245e-05
1.427465433037133707e-04
7.647227407359919273e-05
6.264243794226337380e-05
1.165470695787238799e-04
9.025887703221320628e-06
2.506918284043302414e-02
6.514501293240954061e-01
3.589973886530495317e-01
1.776711958915056400e+00
3.197663259923912843e-02
1.047503253683965269e-05
5.992468699423632170e-07
6.797234201887427722e-06
1.049862505130877866e-04
5.337142805588952277e-05
1.124048540409797142e-05
2.035161937332720540e-05
6.995465057766659647e-05
8.524651636460617396e-05
5.903295001862018840e-05
6.042919464096485176e-05
1.177807995962823614e-04
1.559058377339458921e-05
2.242361926161976979e-02
2.460546061678372393e-02
3.317200072870240407e-04
6.840096266097165506e-03
1.396506684983040217e-02
2.883786854518603066e-05
1.386038127983512055e-06
7.052122069926208619e-06
3.446911813484328902e-05
3.321682916603125414e-05
2.604889905363909103e-05
4.115595098534232147e-05
6.737176816600933351e-05
6.751553552053925612e-05
5.600941028392985541e-05
6.433683356340935266e-05
1.228512888207604868e-04
1.110118734477545988e-05
1.363678781632807039e-04
1.638908214200259631e-05
2.813706956946683075e-07
3.557866108516483996e-06
6.883593548046316795e-05
1.759698788284647827e-05
9.973562665584656114e-06
3.543180032114285374e-05
7.927332779524728337e-05
7.734257014968009170e-05
6.813837749473958640e-05
7.483069832022240780e-05
8.244200716633090465e-05
7.484592200292599870e-05
6.567990830240631674e-05
7.734153035477340751e-05
1.405124754553466963e-04
2.125344447110460322e-05
1.272326364218252273e-05
2.831810377094385293e-06
7.122293290381188321e-07
3.308529152855306383e-06
2.565463331184381613e-05
4.703082366209028952e-05
8.402801402992135158e-05
1.727160292761965431e-04
2.179884351992136490e-04
1.904773665327670683e-04
1.614320589702241662e-04
1.521058817639658065e-04
1.445574021633642069e-04
1.235022961077222154e-04
1.089129137427876141e-04
1.282408258911859038e-04
2.143941431814068291e-04
