2.177949766563673159e-02
8.857304943797300600e-01
1.181658341134807388e+00
8.883937940088599827e-01
2.164798222822857457e-02
5.706111741859334338e-05
6.943690507060354149e-06
2.345686798059102416e-05
7.011751617432705589e-05
8.630472442732176530e-05
7.653032878155056960e-05
7.397451559147815597e-05
8.585899155171317662e-05
9.818791828751333129e-05
9.372135560910911439e-05
8.089115131189155968e-05
7.661843041813436552e-05
9.368789693285933687e-05
1.550431621829297441e-05
7.196288025641199571e-02
3.837432363320164797e+00
6.619032085984499769e-02
4.160239382582375133e-05
4.356682970280481189e-07
8.084464615392150761e-07
1.043751693633619335e-05
4.251485450317993856e-05
7.029480780142967160e-05
8.128010287353698094e-05
6.941025143393603713e-05
5.585011052104803134e-05
5.005993490375983259e-05
4.891949980585471366e-05
5.125893740573291457e-05
6.007586363082172680e-05
8.541692436257194250e-05
3.414764091009549003e-08
2.621234948833437882e-04
1.914222801864091245e-02
2.026579535909077293e-04
2.032950332369487302e-06
5.510372472329936792e-07
2.869136045186339600e-06
2.129726599034691492e-05
2.714410952284238389e-05
3.643315827388940507e-05
6.154822381773558627e-05
4.141917641237292084e-05
1.659673919673986141e-05
1.038527643917227982e-05
1.308994825926771288e-05
2.599652793779218339e-05
5.724870724156451857e-05
1.124252711736418726e-04
2.015770114884406880e-08
5.684224614220640369e-04
5.680545751371777335e-02
3.846458898504236373e-03
2.339670635210321700e-03
1.479922799632790373e-03
1.212522174809633297e-03
5.035545497648379531e-04
2.075069414865314177e-05
6.653673833216348074e-06
1.137881225383684112e-05
5.127824532000146434e-06
1.548200141129113485e-06
1.443847307765797220e-06
2.582338446385989263e-06
7.333949724275210059e-06
3.465992822413182953e-05
1.332318627259885071e-04
1.068497006263109885e-07
1.428359168976005115e-02
1.744952229250819720e+00
2.326819489491185333e-01
7.406156559085554925e-01
1.173829830966024668e+00
9.130054345889595524e-01
2.629111110862604808e-02
1.628020777609549263e-05
7.692850662892594459e-07
1.330531589543473422e-06
8.453484568599417229e-07
1.642598916767754306e-06
1.584103212083412933e-05
1.235561467787465777e-05
2.974580601108026037e-06
8.535322711293592791e-06
8.165136089637161981e-05
1.909958242490597356e-05
1.161422385179614603e-01
5.850369792497422256e-02
2.241734887131665709e-04
5.894990155395379199e-04
3.634157341538665764e-02
9.440784422542650711e-01
1.919263974520369828e-02
2.016978262421862266e-06
1.068768439016737963e-07
1.684083803517149938e-06
1.177194558281318749e-05
3.623521939247350242e-04
3.688512557978164408e-02
2.280101306203917346e-03
2.467550370165932122e-06
8.202331159130249173e-07
2.009751679750389070e-05
1.075022909347433074e-02
8.372684347538990046e-01
7.050123504784871391e-04
1.949966271710411571e-08
5.074259107247970285e-09
2.623139612127842303e-06
1.129104156670366916e-03
6.875217686069963734e-05
2.262576556621340915e-08
1.371934043690779600e-08
2.817280054466448139e-05
6.997585777604907291e-03
5.134545605873740148e-02
8.381760036428979044e-01
2.441901057417217996e-02
2.579598047695945193e-06
1.304767358101985045e-07
4.251646472989003397e-06
1.418139181500259602e-03
6.451277009262848527e-02
4.103714959676003004e-04
8.593898411768038608e-09
6.724410481227301744e-11
1.402769288146058753e-08
3.942265895154598070e-05
1.686260788301441145e-05
3.289334454964314629e-08
8.897166631436713667e-08
1.355305602769725200e-03
9.082213296832275518e-01
7.884481371955226470e-02
4.281923088236005981e-02
5.165977428620504436e-02
9.225260189284801855e-05
7.091394905136464028e-07
3.522040046106431502e-06
1.455364383120614003e-05
7.143058229776734838e-03
5.660185666160418017e-02
3.159946730502485607e-05
7.806795610140376741e-09
1.835068859336580636e-07
5.066773556205530528e-03
2.928661786292988470e-02
4.772679826056690547e-04
1.532604063191922092e-03
1.518625271163496215e-01
8.841003081761834581e-01
1.789871004018988090e-02
1.629763966259199434e-02
8.810661054633955880e-01
2.226829006804372305e-02
2.616985856963275722e-05
9.469989843514667877e-06
1.943027607044959740e-05
3.700539014248872133e-03
7.432669525216257789e-01
6.726971622672169027e-02
1.236528490907156942e-05
6.783517199848758950e-06
3.711999472562658997e-02
7.833514762351131422e-01
2.108288962704169267e-01
6.939650640487469158e-01
7.226535005067863393e-02
1.284451153237115527e-03
2.395733160933924595e-04
1.423538177529966439e-03
2.757001083074095762e-02
2.428805005516362567e-03
2.334071753180800776e-05
1.352710005075202001e-05
9.544530630427225902e-04
9.308612580306602213e-03
3.561305556364319780e-01
9.000409949400853815e-01
1.552344900862774992e-03
2.635302524132405227e-05
9.314337656161266604e-04
3.921964063091071956e-02
1.198114323428550454e-01
4.197914778565500771e-02
1.367938748370603952e-04
2.282697923309055597e-06
1.996070799452054256e-05
5.041809135396049259e-05
5.474475000948575049e-06
1.050600991045690697e-06
1.099360666837071892e-06
6.556521134931331824e-06
1.687544964572203557e-02
8.887419606508387693e-01
6.821541668845364725e+00
2.910451866522179465e+00
5.882762443137342506e-02
3.362551733484313299e-03
3.444765395794708879e-03
7.854676362323152750e-02
7.040704282630403377e-01
1.152366787981683044e-01
1.646481934914080817e-03
3.005050712928506482e-04
1.136816559937603964e-02
1.409979647768134061e-03
1.027073077249055999e-06
1.691587244286740217e-07
6.522873205276683255e-07
2.381893251659295920e-06
3.387665983258975099e-04
1.041553381990097504e+00
3.720378286274984703e+01
4.968831898296341087e+00
2.158413409116165749e+00
8.343985563353294443e-01
1.587797204671249907e-02
4.057439180725619723e-03
1.308222749244071850e-02
1.639649060183440143e-01
6.841808129466167010e-01
2.779513691359258298e-01
1.773050927449377090e+00
7.089081625867232894e-02
2.132655919303754280e-04
2.688136645986936401e-04
7.298491042233458534e-05
2.327764134364031144e-06
2.323132399988369862e-06
3.567624782760539515e-02
9.751443503019560310e+00
3.131388558711310388e+00
1.788388286309936737e+00
1.251348019183146643e-01
9.852878792669505364e-04
5.702617834148854205e-05
8.476604228186686868e-06
9.791425337055955714e-05
2.466544361712219840e-03
3.689015809299432940e-03
2.346115467020016415e-02
4.711376762548609085e-03
7.126031016449845511e-03
9.804581426823122392e-01
2.556725584282231942e-02
6.673895428000476559e-06
4.649875339653442671e-07
3.371483841789155731e-04
4.397579871798708295e-02
3.417397483015728599e-02
5.234334520867541148e-03
6.996578293738261404e-04
6.000014198579166694e-03
2.037372739503729921e-02
1.228857173282345858e-04
5.549951124568659339e-06
7.343389621876360837e-06
2.104789314188299486e-04
7.778707348449704143e-03
8.874320199513163797e-04
5.296315168565907984e-03
9.084554526027447396e-01
9.447299336662258115e-03
3.307710049554373359e-06
3.992373274640200127e-07
7.102554066220897307e-06
1.276558785755108451e-03
1.213239447877203191e-02
6.695509579314159240e-04
1.217072235242467113e-04
3.594326281773121967e-02
8.090078162145315499e-01
3.316383289878264973e-02
4.043014267159555919e-03
2.551075869371260182e-03
1.198123181489142430e-01
8.474637343995599092e-01
3.594837768015005097e-02
9.302090386056262317e-02
6.372266440430836287e-02
4.102142572973959403e-05
3.230924109526575560e-07
1.225378531685971641e-06
1.041798427490768427e-05
1.122386765745699184e-02
9.271218965355916275e-01
1.273073856574821056e-02
8.132469896535287767e-05
6.938363788783475077e-04
2.724538227359957557e-02
3.453890176425114533e-01
6.560124148599331129e-01
2.005009649929873072e-01
7.178651895471385158e-01
1.129481925284146343e-01
5.766477256824506514e-02
1.747156479712365984e+00
1.360190815480051725e-02
1.117085585221327782e-06
1.585445152632015475e-07
5.059978596548769472e-06
1.461879398151296208e-05
1.092856546733084275e-03
2.156970451969344310e-02
9.803200272606841809e-04
1.161060243541353154e-05
2.900480918112649151e-05
7.505528872909565836e-03
7.092694700326920287e-01
1.023057874264837741e-01
2.509325081664476667e-02
1.636880360211244445e-01
9.758856932079762111e-03
2.504206139042972415e-02
1.302443327651370275e-01
3.197514246991703309e-05
3.332113376646772324e-08
3.015902131996502394e-07
6.273084436223051556e-05
3.060183379713594319e-05
3.859346646011450676e-06
1.189833776630162595e-06
9.971726544232412612e-07
7.521128008396430302e-07
2.169888424566580878e-06
3.856596860776131800e-04
1.120905121942278176e-01
6.756978268124881615e-02
7.467321011764523064e-02
6.082628316872890073e-01
1.438592416197169432e-01
7.832599858929898407e-01
3.235150350694874360e-02
3.708365455585754712e-07
8.795168660443491401e-09
1.355554678371494795e-06
4.308661471781013649e-03
6.786944422070737351e-03
2.194326580923999196e-05
8.950487813341551159e-08
7.659540233058170716e-08
2.943745973286303683e-07
2.385135109054760602e-07
6.453337988206323523e-06
2.565138166429074829e-02
7.840260437599917420e-01
8.948508163829722861e-02
4.844764220660428833e-02
2.549159360500432014e-01
1.943092599632997519e+00
6.266493419383078328e-03
3.802734812481603555e-07
1.310552066624931190e-07
1.586077292648267503e-05
7.981746609057880151e-03
9.307261192820383000e-01
5.590622738815101411e-02
4.838222433739736470e-05
1.724395977519817000e-06
1.532005370963517664e-06
5.345349999031907401e-07
1.680935750978252702e-06
1.252654545271716414e-03
4.374436216350537088e-02
2.884479553434585609e-03
8.723336398354385873e-03
7.344940302638455210e-01
8.399104198820642186e-02
1.680984762610617319e-05
1.392029462234031880e-07
1.787555833876462709e-06
9.943735226738244974e-05
3.208204909803523029e-05
5.747031309053338144e-02
9.205757532619774919e-01
1.018255419016507804e-02
5.616122985465935366e-05
7.939098745485829233e-06
2.350529593116197963e-06
1.058487882256754312e-06
2.461158883948926892e-05
2.963472981408437137e-03
1.368595030045404760e-02
3.934116955867880683e-02
4.780849765358887588e-02
9.528722939419310512e-05
7.074953524984821218e-08
7.717024886829841925e-08
7.466075484743854996e-06
1.822118301139925671e-04
9.252607234345981961e-07
3.366167172335075885e-04
9.779367162234115646e-03
4.625833049000853923e-03
1.958919690999959555e-04
1.324368423132127537e-05
3.206323077969231716e-06
1.167884496874879529e-06
1.393872738239468905e-05
1.896010618369969522e-02
9.053856005376599292e-01
1.376800803163481107e-02
1.672643881504413501e-05
1.230584064685835560e-07
4.070155002056715599e-08
8.129341105593525475e-07
3.112230100942932110e-05
1.955548957164020556e-04
6.980910162553663511e-05
2.907346944209045474e-03
1.887323999136276314e-03
7.268712743740431310e-03
4.790007736901386037e-03
6.947235255006599234e-05
3.839826963113588536e-06
1.757782319531779410e-06
1.002573056780543942e-05
2.079410592009403591e-03
2.756974855970943314e-02
1.709030133212121618e-04
3.856965743023992648e-07
1.420555109930600850e-07
1.592682861869763917e-06
2.192944809485894713e-05
1.014591119177116896e-04
1.939073732349964831e-04
4.618949793198457582e-02
1.875155809233772786e+00
1.367741048262567927e-01
8.975163646288720765e-01
1.021551393680498299e+00
1.518911551922713437e-03
1.179274488883486528e-05
3.921504533853088269e-06
4.171595493455602573e-06
1.271272695551436659e-05
2.224836627547313486e-05
4.547368104441151057e-06
1.706265636863736374e-06
8.113888495121141618e-06
6.611778926548611502e-05
1.653432718072582659e-04
1.870904292935288930e-04
2.076276980103207903e-04
