1.304408995591368743e-04
1.075691649139803865e-05
6.372469417866990415e-07
2.199725429852615907e-07
5.763791681968228520e-07
2.046967372168652162e-06
7.900600591015739915e-06
4.186282074134383167e-05
1.303170872528154796e-04
1.606135529093477164e-04
1.127552908018754189e-04
7.077029638649656468e-05
5.817058058091762498e-05
6.951399628156127461e-05
8.946432696817193449e-05
9.442946614524942131e-05
9.639360150779993229e-05
1.334777350394370681e-04
4.301212635895727802e-06
1.430001419368945720e-07
9.875524514284457116e-09
7.950209242625656798e-08
1.017361705152937654e-05
1.750473889511682833e-05
2.677035213809886841e-06
4.589625741204125788e-06
2.695009461737299939e-05
7.375328536580136611e-05
7.953189974186553361e-05
5.228485497468067582e-05
3.693109632742535480e-05
3.721966983404068221e-05
4.439769129153549847e-05
5.020431447403364875e-05
6.010776168927620572e-05
9.842784317624925098e-05
3.475025126170310119e-07
7.340832105223314071e-07
1.142058131511116932e-06
7.597173278849848194e-05
5.637375315517249158e-02
6.081648294388685566e-03
6.937370306450634578e-06
7.637408462754067609e-07
2.088314976011720065e-06
1.241207990004447904e-05
4.826450110822315794e-05
6.064234870193559867e-05
4.215871584047988814e-05
3.163652780675195149e-05
2.882499583397337190e-05
3.082464098909386984e-05
4.271048989815139275e-05
8.516754996716265102e-05
4.289005272930679884e-07
2.079551404300823952e-03
5.604252581915322023e-02
6.401864198845090559e-02
7.185148814892693414e-01
2.604930397395203295e-02
8.964134996245113978e-05
3.139083681039443923e-06
2.780074477478850303e-07
7.105762427012257816e-07
1.446098650367580351e-05
6.923768551122649320e-05
6.621198795016853959e-05
4.042481979409839394e-05
2.655228487451755646e-05
2.299770806714782228e-05
3.225426995753555336e-05
7.497493234896183327e-05
4.819561980051582746e-06
5.972763490417118404e-02
6.574693024989319845e-01
1.492869578185800905e-01
2.652081063690815421e-01
5.636743820646550329e-02
1.974111051602811528e-02
1.027226712061855883e-03
1.444241419302469410e-06
1.918989919997874352e-07
4.183197920492803030e-06
5.724757449374202314e-05
1.009885817625967309e-04
6.815098551545909216e-05
3.788273608234768338e-05
2.596166324942047728e-05
3.180806455501313396e-05
7.370945515634269173e-05
2.071293635853657580e-03
9.893650188859547112e-02
6.286167865285316458e-02
2.686454180128026170e-01
1.200320118915784828e+00
4.013772533351443461e-01
5.286046059329267965e-01
1.545655526949693825e-01
3.412639116002350384e-04
2.374858154497328565e-06
2.689189846463301431e-06
2.116254742679547164e-05
7.170190274182857955e-05
8.752504096109249554e-05
6.042645654577510304e-05
3.899861058393525438e-05
4.107131201006702090e-05
8.416506619340858794e-05
3.200715908250682112e-02
1.625297165736773852e+00
2.423100825035843009e+00
3.385321046267655731e+00
9.881927349408751171e-01
4.330978782434434238e-01
7.566272986692790248e-01
7.334829103782856130e-01
1.698600011747368466e-02
3.196950563081178172e-05
1.047863401700152845e-06
1.342360344243541654e-06
7.238699307452108033e-06
3.150771611503751002e-05
5.356595403976790814e-05
4.718188593761436127e-05
4.868816301947337345e-05
9.034984182619654560e-05
1.474001359943837551e-04
2.082149705195945610e-01
4.842362047674246384e+00
2.929036389600043311e+00
8.925258572638897769e-01
8.603590793959480232e-01
5.860739751249088858e-01
8.115648949671504242e-02
3.765653115060174812e-03
9.380185682128599188e-05
1.740606328061637728e-06
1.464598380632234628e-07
3.102204451657757901e-07
3.750218788077044924e-06
2.261901388976098929e-05
3.801146493358564869e-05
4.432911417275493148e-05
7.945842283049195734e-05
1.758118781570669486e-04
8.888099553476422332e-02
7.178117046106460286e-01
1.697772532774885157e+00
2.501354472854916189e+00
5.675497612257696112e-01
1.837189224169876733e-01
1.290884408756709859e-02
4.628019423254838872e-03
2.651816518519489047e-02
2.217034754624172717e-03
1.233353477627473820e-05
1.296838761554340623e-06
2.767242287256680345e-06
1.290343388253864167e-05
3.019201077938902378e-05
3.996826230639045604e-05
6.882043761115393327e-05
4.724258969883002313e-03
7.142838918676873705e-01
3.335810357013016869e+00
8.526968261176254060e+00
4.119529890889103818e+00
6.995307554095984148e-01
7.290099965875717070e-01
3.854492830690006006e-02
2.250869115991042252e-02
8.978657827912395195e-01
9.928147474014714646e-01
5.587008683856230229e-02
1.137817919718302987e-03
3.736934200736854599e-05
1.772481177906247351e-05
3.302984893172235546e-05
4.843866351247265271e-05
7.644484633577828983e-05
3.308233652271003536e-04
2.590714758560308528e-01
2.988097732345916135e+00
2.750100674206269691e+00
2.498174224089634077e+00
1.171278601915328288e+00
8.346821069672147320e-02
2.377144639367891673e-04
6.443236237931924243e-05
1.656065694458215293e-03
7.598162800570118502e-02
8.272371772168095605e-01
1.677688548415153316e-02
4.814892511651761925e-05
1.131295101855840131e-05
3.458921820357663041e-05
7.222330482477890598e-05
1.088406245663922650e-04
2.530777178293402833e-04
8.946315554429662420e-01
1.154059703327026831e+01
6.122457957469428891e+00
9.806800645111092507e+00
3.003261194043130189e+00
3.400977712785664686e-02
1.215440999665761687e-04
7.808113882102292783e-05
1.599967082623887865e-03
1.032706025235892860e-01
1.142772592976119411e-01
9.217782189773710629e-05
5.947509339331163745e-07
1.716554350121928069e-06
2.157045385537295325e-05
8.234006630041622158e-05
1.484420034207998976e-04
6.287643885599753998e-03
7.040326228772665118e+00
5.147402594561531686e+01
2.272329818664444900e+01
1.416880008976090899e+01
6.366216267729768674e+00
2.332084153847207464e+00
6.584258609109511218e-01
4.583900261351850358e-01
1.421593577304569145e+00
1.466313145565746767e+00
6.573034443100164367e-04
4.647219349819941439e-08
2.028070826213283564e-08
8.217035814949007834e-07
9.279094120882864637e-06
4.117396313178827192e-05
1.303539398190444094e-04
7.515343470484121130e-03
1.949645765402395980e+00
2.176000003569170360e+01
6.158613548340584387e+00
3.732807240028500395e+00
3.872880879202403204e+00
1.485419029764427412e+00
1.359401371726707941e+00
4.420652851385714621e-01
1.618454477817910853e+00
6.279196814129389681e-01
4.880775516557927520e-06
3.323013427822619776e-09
5.606670181164540993e-07
2.004262399284890655e-05
5.769277884062709028e-06
8.118478684660114414e-06
6.059779984109196831e-05
1.170073398670150240e-05
2.323178255875016016e-03
1.882190862891401917e+00
5.218737714256851845e+00
3.287070873669132087e+00
1.621863962066421028e+00
1.577506170604201508e-01
1.734899737517131835e-01
1.785111625556342133e-02
1.148752764482270372e-01
1.418004743475596907e+00
1.385602352225691802e-04
2.404578177341700457e-06
4.628382885654279411e-03
6.846359925745967509e-03
8.054360620357153347e-06
1.510431524754508762e-06
2.323019514386172538e-05
4.469007049895402296e-07
2.870207331495442478e-04
7.116930545385899975e-01
4.788885552760106634e+00
5.617096356423274983e+00
8.606461507598897054e-01
1.362005664575691444e-01
5.839118650683697842e-01
1.583043697734235269e-02
9.854950548979113378e-03
1.330636567794953651e+00
1.603198182021093321e-01
2.324053852859147423e-02
8.893749689253894752e-01
3.571957831395637661e-02
7.411446103383954047e-06
9.092805575447844954e-07
1.804436553697419282e-05
8.671760836374673535e-06
2.998956761610910640e-02
2.930693075330788488e+00
1.750841706217064475e+00
1.944049538346278583e+00
1.475669854399787040e-01
5.958791155065994161e-02
2.251371011956980472e-01
1.887414390436250797e-02
2.245852479978014196e-02
7.879211232424849776e-01
1.699071476450405127e+00
1.063129582938001499e-01
6.755109609556968729e-03
1.563042431047976177e-04
2.463586617276738009e-06
2.520509088556945110e-06
3.764134216495624766e-05
5.512657833979779526e-06
1.286715591040426578e-02
1.854446333310155293e+00
2.530639235806968923e+00
8.675995965824019329e-01
1.253998975376849623e-01
7.825932878925040415e-01
8.495111441371197003e-01
1.876859894922642269e-01
1.648870032811337039e+00
4.741721008069983978e-01
9.710457589953617671e-03
1.070941678058087736e-04
1.837857977751497307e-06
7.585138508500587312e-07
2.159194240267034629e-06
1.450931286139331139e-05
9.869700854795218897e-05
5.877701721746883437e-06
6.684677609442345528e-03
1.390794267325230038e+00
2.603766998988695791e-01
4.285569115585583129e-03
3.526451509996412614e-03
7.990882522912186314e-02
9.743346108828786212e-03
3.738765091843079813e-03
1.076145070344224797e+00
7.827722094406373010e-01
1.290723569239039716e-03
5.235335210370568565e-06
3.781663405318391915e-07
1.025436678537425063e-06
1.030830705578703159e-05
5.445643279567867132e-05
1.506841581443605044e-04
4.601057756911558594e-06
1.528683220722441274e-03
2.624681658704979270e-01
1.624735711660848028e-02
3.371170099404363369e-04
1.944314037256056251e-03
1.177985723895569456e-03
7.937541136748531865e-07
9.888100653664482333e-08
2.687295448196209448e-04
4.593973171506926523e-02
3.475013779216772156e-03
4.927755917931528096e-05
8.179807476109030536e-06
1.559250443299549515e-05
4.532655218146217497e-05
7.936983667578791557e-05
1.288933888301529312e-04
1.785048684894785969e-06
5.507672947994678983e-04
9.777547612944915700e-01
8.130957170155083125e-01
1.005660043656590868e-01
8.874818742651018333e-01
1.824603038956743375e-02
3.056275231730242992e-07
2.094582007479139040e-09
1.584189709133596581e-07
3.002480474650260324e-05
1.002586722642658765e-04
4.727943436565420934e-05
4.004532585905610831e-05
5.954475306935795554e-05
6.580372928243987773e-05
6.108173808925490989e-05
8.893761232621065667e-05
1.842969505306360251e-05
7.594679553605903320e-03
1.959438789113843837e+00
8.016652613694311147e-02
1.464295873430346501e-03
1.622700908137353348e-02
5.943232129346290304e-03
6.115681022488197321e-06
1.073800913502891901e-07
2.455886078852156508e-07
2.071773637529502940e-06
9.000698116482046038e-06
2.252780393580818303e-05
4.506187744901592624e-05
6.072225156679358639e-05
5.071878940418385757e-05
4.402141307762506790e-05
7.072403670868209673e-05
9.354842881944142865e-05
2.523840034871513080e-03
2.311359127346757081e-03
2.278443506806664758e-06
2.627736156137168822e-08
8.520402905364430035e-07
2.666121737917288392e-05
1.745696790906001001e-05
8.733223926472151683e-06
1.131905784057610536e-05
1.729377793383212074e-05
2.612507117066678708e-05
3.827948485485183511e-05
4.710307946188166097e-05
4.565250137774191848e-05
3.907390707170164853e-05
4.148623569704321768e-05
7.484502856445190294e-05
7.692683085540773702e-05
1.200185431422573409e-04
1.454285218496542560e-05
1.006630280803859564e-07
1.298991313365888202e-08
2.725472861082414838e-07
9.942737891039988451e-06
4.891670641747929897e-05
8.257650314480169125e-05
9.214451698558656038e-05
8.269454211721954180e-05
7.498591278003722453e-05
6.702756353455614421e-05
5.369581892712472121e-05
4.340863687373594710e-05
4.256496612256223551e-05
5.591763442945340320e-05
1.037524616097016674e-04
1.076496804331283924e-04
8.485479191518915671e-05
3.207953324412744539e-05
6.534342133922536307e-06
4.781351272915056394e-06
1.895320715052009513e-05
8.564413712958943072e-05
1.816363819645060249e-04
2.047887205454827818e-04
1.608269701117640677e-04
1.231748757873265133e-04
1.121979591620086850e-04
1.038578380306096608e-04
8.365257614861960846e-05
6.985459040547415646e-05
7.609803688939183912e-05
1.070399818370968846e-04
1.784811311037789842e-04
