3.555039387160524415e-04
3.061332863416028616e+00
5.833042362396015257e+00
1.987912479301382762e-01
1.812067023017042811e+00
8.101876837398497289e-02
7.902198041693169568e-04
1.253883191104400614e-02
8.279971371995532153e-03
1.563425197883711127e-05
1.355867099480869064e-06
1.182557981502897113e-05
1.357875350617703584e-05
3.929130093109269790e-06
1.278499915914922815e-05
1.061613259184602588e-04
2.513898714372353352e-04
3.106959017316495743e-04
1.553067270674306417e-04
9.674363269380619190e-01
2.055953547241619717e+00
8.290808788689445555e-03
3.659604186854963255e-03
1.779205698277558454e-03
5.385176253882115183e-03
9.431430666050882872e-01
1.967595087818520661e+00
5.178468129244000878e-02
6.972989221097290399e-03
6.708544965678177492e-03
5.240224176869011981e-04
6.693437010924234436e-06
2.518977758048772939e-06
2.091261765683245465e-05
1.186559503532539999e-04
2.562931818890863060e-04
1.753131831249052749e-05
3.821198197087376930e-02
9.238714775175772553e-01
5.663159033996895651e-03
1.939394701273558015e-05
1.797535583851454624e-06
3.746508240871577794e-05
4.275920274487705897e-03
7.325125213974405247e-02
8.084355320859152316e-01
1.166749937971455875e+00
7.671297155464621431e-01
1.174694540593868020e-01
2.073475510217656019e-04
1.087467223068049960e-06
1.914506841879234372e-06
3.763131395501993315e-05
2.941332957265213664e-04
9.931252139006873485e-07
6.824347287829388555e-05
3.532170657173104838e-03
1.719661065485503454e-03
1.588131022076168941e-05
6.230859608755035367e-07
3.185423049735015312e-05
3.688232621533674409e-03
3.181565859844694144e-02
2.694599188710071203e-01
5.499275019869034331e-01
1.578902464030485397e+00
1.696623657741229252e+00
2.590874833133581610e-03
7.550434368610488941e-07
1.868646986095426063e-07
8.203921131835372716e-06
2.850170534858220933e-04
7.177695552185202347e-07
3.885133451881667893e-06
7.176638335840577402e-05
3.776046211711544046e-03
9.935617672439198828e-03
2.030943040055779771e-03
6.489965667133533456e-02
1.870915329662214521e+00
1.071606709241938571e+00
4.404498076165260789e-01
8.314882242623991004e-01
2.207171248387685747e+00
2.265247631022794472e+00
1.081231452576015967e-01
8.742824434532720575e-05
8.172196432243899170e-07
4.765032779339880138e-06
2.226576483852995723e-04
1.456840942224680911e-05
1.088259155635136347e-03
1.399498116491702457e-02
1.315550498351983899e-01
7.055753730776967991e-01
3.122522923759893931e-01
6.300840449197457893e-01
1.372866754681988821e+00
1.672322664588921981e+00
8.778183306036884126e-01
9.196730582172342183e-01
7.932048244356693090e-01
8.791043396757225459e-01
2.775342712102678355e+00
2.475755005177536494e-02
1.483253257021873108e-05
4.916430599549793616e-06
1.351527105653169364e-04
3.605762611896363236e-05
3.753732071037119838e-02
8.148485829796124902e-01
6.652254876324187327e-02
5.064870465283825320e-03
1.440621654812328494e-03
1.362129593748119148e-03
9.567501696521004892e-03
1.027328710146534707e+00
2.451167899742284995e+00
7.160464619224878868e-01
4.850364528696652355e-01
9.273005692497542085e-02
8.201759589862407662e-02
8.327511041109111889e-03
2.262814265743587328e-05
2.620973566213475611e-06
4.055484277052641911e-05
1.387721970403996534e-06
2.271851101058944278e-04
7.363810713477751679e-02
6.234337298638448904e-02
6.508835666535152300e-04
1.211240338528137350e-05
2.041898437360613724e-06
6.932996479121660172e-06
1.556014252143001885e-03
1.751038853173962628e-01
2.886895829976096728e+00
1.068779152710229940e+00
5.091855514112497531e-03
4.670980227655754415e-03
3.556469729601945129e-02
1.974121588104496268e-04
9.531532131562788926e-07
3.968838515716186760e-06
1.931548779358443405e-07
1.474741284446838343e-06
4.847480333863543947e-03
8.502024860741389523e-01
1.800400289833496356e-02
1.250412560196308776e-05
7.762217390444270701e-08
5.114847990261596192e-09
3.397217362943513986e-08
1.704611566156557536e-04
8.415421588620893845e-01
4.624245716869183204e-02
3.283693070470785719e-05
2.767263770022590236e-03
1.849442017850470243e+00
3.772466591573288980e-03
6.548446619333754356e-07
7.864918225897814067e-07
5.689699303269652555e-07
1.687008737078278908e-06
9.695738839718873832e-04
6.183119213970657280e-02
1.087297538659678800e-03
8.104735806908317010e-07
1.918743917338572789e-08
9.048977549882273129e-09
4.737542712084120054e-08
6.358023886903056449e-05
1.387378085738535383e-01
1.450129906300863872e-03
3.322202698339483688e-07
6.993817733432560282e-05
1.086910142376376509e+00
1.056728643417381569e-01
5.106983145712868744e-05
9.722402018922469478e-06
8.029246021637056975e-07
7.415591039011241471e-05
2.052709568582457983e-02
2.572992512856774050e-02
6.569935917139609809e-05
9.329348817740060555e-08
1.311845785273938390e-07
5.411252285557839251e-05
7.794105904421947881e-03
7.682838749067862072e-02
8.007462697197191837e-01
2.220605865598479500e-02
5.536621327877985680e-06
4.474162215227436439e-05
9.734946321170057093e-01
2.826308420494710649e+00
2.839434093333943060e-03
8.528178184313751247e-05
4.692242982068225121e-08
2.637094828685003414e-03
3.936740098523948905e+00
9.066474227619457649e-01
5.944791425035580133e-03
2.918607479669986141e-05
1.947162941330849101e-04
8.760244814858199336e-02
7.996283857988137900e-01
5.236673526644404497e-02
8.600843078452843904e-02
9.885306189402288668e-01
1.732637559964127216e-02
7.333132004597861173e-03
2.006251574410136573e+00
1.300299824706073470e-01
1.756056694493644702e-05
2.018282068902178156e-06
4.054724403572273351e-09
4.422766747817379052e-02
3.402491995471483222e+01
2.213574176582625341e+00
1.841357663298619496e+00
2.522409654706782578e-01
7.074984052939741197e-01
1.891023447870884278e-01
1.094080295442088695e-04
8.659938228479906056e-07
1.097184101003523542e-04
9.834033378959641247e-01
9.273691588468396807e-01
1.018753065618939607e-01
8.730548190288001109e-01
3.088887819351866532e-03
2.202453458805016595e-07
1.459007559103027502e-07
4.814149505363355353e-09
8.700614920671355390e-02
1.257451242802489055e+01
3.711384094602820372e-01
1.466321325662349961e+00
3.398081985698417351e-01
8.449936426492637986e-01
1.369290867636722628e-02
5.040613281310529128e-08
5.309535731865429028e-10
1.041488454895352518e-06
5.504432700637594891e-03
2.315199136431436884e-03
3.749736363776314885e-04
1.278787891655827451e-02
1.630282933048806879e-03
3.089936014998646167e-06
2.411449447928389419e-06
2.170556833751053293e-09
1.495814145848123930e-04
1.012356646549965739e-01
1.572587194629784801e-01
3.263884146914786122e-02
1.761839641421232929e-04
1.142752996929791024e-03
1.155551058637517472e-03
4.490856701248705196e-08
3.836134450635400586e-10
7.946876578878699427e-08
7.812680230782611258e-06
4.183992476542109882e-06
2.525020690399579844e-05
3.428804207460806053e-03
2.395570962585032160e-03
6.406281236014980886e-05
5.314743506734816001e-05
1.569976171350621838e-09
6.651279213818827163e-08
3.590025024258653732e-04
6.710608044734680533e-01
9.369676868823545446e-02
3.921029317468218897e-05
2.665147994435849836e-04
1.175143837915689979e-02
1.261494602103006722e-05
2.417969461799588735e-08
3.652415322057609314e-07
1.378389586233360635e-05
2.103235027059998459e-04
8.919599192890181882e-02
9.820740453024929817e-01
5.635621475643789492e-03
6.198737908721874341e-05
8.782919491976762531e-05
4.239233176100032331e-07
3.331221131934462279e-07
1.099248891180004022e-04
1.275408172058865253e+00
8.979677409888113804e-01
3.905613070965425213e-04
1.470160868424748215e-03
9.484997332490046063e-01
6.153693013220767893e-02
1.485364277512203515e-04
8.396204960227458955e-04
8.908594900772183120e-03
1.659717855551706006e-02
1.780017363872171909e+00
9.757319829335071582e-01
2.535382841053585804e-04
4.202303916302050043e-06
3.343609468465061926e-05
3.457212433238364326e-03
1.211875876119497021e-02
3.573320767620502547e-02
1.807874171407528374e+00
6.395963920730837748e-02
1.029765967255126591e-05
2.660547431653823529e-05
7.224560029043033960e-02
7.789643841800862889e-01
1.454546939533113981e-01
8.965615993430013919e-01
1.017771832919674768e+00
3.095819881530226941e-02
2.058497462232260766e-01
1.265420579089882869e-01
6.601379994031825649e-05
2.318878088519088123e-06
3.236857957847246716e-05
2.066328943561595091e-02
8.544958537649872676e-01
6.190151590756101663e-02
5.276840572615834613e-03
2.057416632894030242e-05
1.615867439066618933e-07
1.806231409055448293e-05
9.426569297953204737e-03
1.497377892797269738e-01
8.807761870613219912e-01
1.216222777059405402e+00
6.763297999511511671e-01
2.449209312459947885e-01
3.653427149443036814e+00
1.878880194047962915e+00
7.241298818617283948e-04
1.202482161867915092e-05
7.520499055376399309e-05
1.847722560369584929e-03
1.142767223221539535e-01
1.840910876282805776e-04
3.078306869915658033e-07
1.864452125444059301e-08
1.358706597941839557e-06
8.025716010120374777e-02
1.752407555170358844e+00
2.595286961072318377e-01
6.551882737941197021e-01
1.721256785189590188e-01
1.589578175579407504e-01
8.343714501116883397e-01
3.266311020603299031e+00
8.947354829960607603e-02
3.346023436562395526e-05
2.963734009554212507e-06
5.652468950458000780e-05
2.848955678193953664e-02
1.898275422499233978e+00
9.603250779081764837e-04
1.379853652218288779e-06
2.563047786178525727e-07
6.101798286052955160e-05
9.664706115848258339e-01
1.033126073404230905e+00
1.537256752189154405e-02
1.616904299693932776e-02
3.530650654894156026e-02
7.113071565017322628e-01
3.216730024795290799e+00
7.422485857439160561e-01
4.352162640609864332e-03
4.089811606473021488e-06
1.323801163608624532e-06
4.244132066144810076e-05
2.000184222744431570e-02
9.064608281021879765e-01
6.709406961656767809e-02
1.886746055151096446e-02
1.368142011921025507e-03
5.819339941629654653e-04
2.596396255857083731e-03
5.068582368964505945e-04
7.159003755618934331e-04
8.695115793821334843e-03
6.495396869362832226e-02
2.065873357355752837e+00
1.027946520078749204e+00
4.475964269142456570e-02
2.172894695778928263e-03
3.900074981495695628e-05
1.317624229586153495e-05
9.255302175823652215e-05
5.553801397890807678e-04
2.749365663039465141e-02
2.055251014032205559e-01
6.799535793118705040e-01
8.914001830733347953e-02
2.200643077216209512e-02
6.418318543325826934e-04
2.662539195055007663e-05
5.437634709507188462e-03
1.854526342746269263e+00
3.144165835143986509e+00
8.043042480232978075e-01
3.436667452484022927e-03
2.214282938303915787e-05
1.836696574396721803e-05
3.851875534318226105e-05
6.553772000114908055e-05
1.839965031892093125e-04
1.787610081928834790e-02
9.795529876810528114e-01
1.797469071685582342e+00
2.281326790807044480e-01
8.894664736319224385e-02
8.204141971459865124e-01
3.712818529037905518e-02
1.515544964987238950e-03
7.448409700582034332e-02
2.015312727237549950e+00
1.895101536088478200e+00
1.588509754111387673e-01
1.247218999780070497e-04
3.346185616238563713e-07
7.200359754811865447e-07
1.707023598105269946e-05
1.067733690396755435e-04
2.591293133117775964e-04
1.002765090531076764e+00
4.941166454114263473e+00
5.206663013445052890e+00
4.747058963964522427e+00
2.121901747263043703e+00
9.032456784970744890e-01
1.525640571842216686e-01
8.925138749319341258e-01
1.967117306225016238e+00
3.391434403110690776e-02
4.981514899986871220e-02
9.013224221031010952e-01
1.447892128821219419e-02
2.200085777284933121e-05
6.985950596359836162e-06
5.427703642224887261e-05
2.310743420752428372e-04
4.320116331603313423e-04
