1.060539911480255521e-03
5.081048119644879790e+00
4.864244462046383610e+00
7.431411797510324713e-02
1.124310886214658023e+00
2.728783827861568589e+00
1.665005804438500769e-01
9.229425168201604857e-01
2.311193115325805431e-02
2.149168785567539028e-06
2.493870516998116675e-07
2.997112783681525210e-05
5.427950703403977822e-04
2.315033105409031687e-04
1.372044680791873448e-04
2.177788563479778408e-04
2.869451209945869468e-04
4.070687883226564068e-04
2.195043158755063950e-02
3.874705574912726380e+00
9.097880396234426570e+00
5.024611655493639972e+00
2.794101576779608465e+00
2.210304921660983246e-01
1.248686261084843707e-01
3.799480326327872248e+00
2.094659847239518591e+00
1.597613180556716611e-02
1.263191456073182138e-03
7.308947287818934151e-03
3.589363241313544596e-03
4.691842876537178611e-05
1.338640040866767548e-05
6.247726068629291048e-05
1.593283887036164436e-04
2.516314863785449056e-04
1.014971160455529434e-03
3.908858599701665361e-03
8.511402722844045587e-02
7.757918032276212017e-01
2.801654036655317759e-01
7.712465233058716230e-01
9.250468603625430219e-01
3.901129617258179000e-02
1.100941991456002578e-01
4.753178172003721613e+00
3.164948317383228904e+00
8.732357638897190188e-01
7.755276264280851727e-03
4.144945912041556716e-06
9.903756382347907674e-07
2.211783564786507183e-05
1.513097605185967994e-04
2.766685602467324574e-04
1.056705845746475417e-04
8.143544839846132265e-04
5.536744278743647302e-02
9.766030432446469456e-03
1.242993338058283532e-04
1.114478513815860515e-02
3.602590172898702953e-02
6.732525880549821142e-06
4.673743540321533499e-06
1.438267591623704905e-02
1.024584505481319407e+00
6.018637428537886080e+00
8.271939253926272051e-02
8.805260966531966619e-06
5.597870661588337221e-07
1.390025625939527763e-05
1.728367486051613367e-04
3.916831861335209604e-04
1.360070694798234524e-04
7.983134040702118128e-03
8.756526497133014786e-01
3.365909842380243946e-03
1.071945023362159960e-06
3.341000057621403745e-04
7.989062626025941749e-02
3.799422264507527777e-05
5.397254850299680353e-07
5.672122665790165007e-05
1.037000912560397808e-02
1.930853777786836645e+00
8.983180570827342670e-01
2.249064550967394050e-04
1.716115801926570405e-06
8.986597936676641039e-06
1.373959440790873483e-04
5.194708256978880587e-04
5.549591557088065971e-06
7.281694954906622267e-05
8.158584229641978325e-02
4.480337924601571209e-02
3.914702276062259986e-05
9.225153944558415250e-04
7.814763871312863097e-01
1.263331106356823524e-02
2.962162620341843603e-04
2.175005392760714831e-03
3.011810182088746173e-03
4.000825659667568007e-02
1.093860349946006005e+00
1.729870604679312196e-02
1.884480869818295104e-05
3.987493641135552012e-06
4.685120913594613943e-05
4.888940383915942912e-04
1.032406079704323151e-07
7.824147563507454083e-08
4.652749715989676804e-04
8.266633897094185501e-01
1.043208033133231905e-01
2.755101039730188661e-02
1.824551306485222013e-01
1.217830990509273514e-02
2.334753132325138522e-02
9.537912320193284721e-01
1.853166008322961952e-02
3.805340927481096636e-03
2.896652427586385858e+00
4.020351973848915073e+00
4.200114126027904493e-04
9.580746849722797384e-07
4.988595014601208628e-06
2.228552726466160249e-04
7.245567028227339793e-07
1.111999055048008098e-06
2.484878907213224726e-04
1.164963954925637007e-01
8.356336758486702099e-01
1.033182904024012139e+00
8.220492862265481593e-01
1.683968442218559264e-02
1.994372998859534826e-02
9.397161915684719702e-01
1.345435754858121530e-02
1.856320711860958914e-04
4.996115385295868405e-02
1.909932260354342493e+00
1.939673492109398201e-03
8.933582068457876013e-07
9.113053274039146638e-07
6.254324723919919360e-05
5.084105885682363364e-05
1.052760049079211682e-02
7.974442848870748335e-02
1.190893290909874822e-02
1.406069964134439888e-02
4.733228069855382331e-02
2.230950224747646829e-02
3.765912830685123284e-04
1.838817096468386850e-04
3.253548691684179234e-02
2.978041247174925341e-02
7.893653614900089221e-05
9.117809058848666331e-05
5.063921451813075542e-02
1.110827321235178106e-01
1.495705137031063856e-04
2.387729502600065775e-06
1.825279942395785884e-05
2.149674182831730537e-06
1.236657058937917775e-02
5.881611310806036386e-01
7.214337213950264283e-02
6.053499820275377169e-02
3.453177065743534297e-03
8.307247878038763711e-06
6.876876987064088812e-08
2.643694656611930144e-07
3.236695441836823575e-03
9.296075822363842889e-01
2.744798435106437541e-03
1.803631972278306055e-05
6.323474430833329885e-03
1.748474547766189602e+00
1.098164563385165687e-02
9.194406904158754370e-06
7.331069954223430409e-06
5.859605663376477699e-08
1.312425780812714275e-03
6.645345331329652883e-01
9.795193229470876561e-01
1.715868163648769817e+00
1.607960990255280151e-02
9.223484813075721932e-06
1.643461425206670899e-08
5.423188129382889254e-09
2.186880624679157998e-05
2.032975159875940324e-02
2.088403363503197067e-04
8.088759333010661531e-07
1.223063468720631409e-04
2.025013005495868712e-01
5.201331622100571067e-02
1.746627350757011705e-04
3.322604706025773270e-05
3.892065130434123767e-06
1.126793957112501993e-01
1.087718722499832325e+01
3.269662080559184059e+00
1.179716507578829399e+00
6.452523072523563830e-02
1.878425634427750499e-02
2.280675041207835666e-04
4.895437810393184546e-07
2.212617904840426874e-06
3.142008451521734858e-05
3.236680997407387549e-07
3.710211247769865624e-08
1.474212631305577719e-04
8.853145457509717930e-01
9.191962735072634061e-01
6.810120335147528889e-03
3.649507561520213216e-04
1.621314587430732965e-04
2.875118674435252153e+00
3.923401097746030075e+01
6.844040870068623938e+00
3.631220009867947240e+00
2.285298791416393305e-01
6.348015203330269474e-01
1.142601425192880660e+00
2.245677517804024054e-02
2.899439976577380344e-03
1.459582423588211665e-03
7.522320838511001800e-06
2.674795259822848096e-06
2.636174704372364411e-02
4.011814609743014515e+00
2.386445366552167324e-02
7.639689336494125984e-05
3.689009373135894508e-05
9.450029444513411046e-06
1.100500652799120127e+00
1.769715051067242229e+01
3.066630880250075242e-01
9.180347631162797395e-01
2.352120324938959672e-01
1.330999225197110510e-02
1.295276667255592928e-01
6.738397701155729447e-01
1.941222428458999338e-01
8.129674425715746056e-01
1.434918330561940625e-01
1.017272817521292297e-02
8.799681486909790573e-01
2.150438752842470880e+00
6.269486695314186982e-04
1.097718870773325559e-06
2.986269380009978465e-06
6.117770333668356759e-08
2.587974013023537981e-02
9.947037103491213061e-01
9.276077719341997187e-04
1.398875355034586744e-02
7.689968995383716921e-01
1.179399659601094476e-02
1.426895296721427189e-02
1.351630245571540934e-01
1.103187141044770052e-02
6.279910682046134507e-02
7.937154082009235667e-01
7.322209548906845333e-02
5.406840967651327379e-02
6.865514566171274646e-01
8.483442861604692520e-02
2.809196169228875837e-04
3.468106738879804199e-05
3.636119500897018787e-08
7.831319303786875644e-03
2.063024977907024660e+00
3.289183758013416569e-03
3.289980489074252092e-03
6.470031830312722443e-02
3.361857410505510006e-03
1.533404220066118470e-02
7.835804736415925564e-01
9.995822145245047974e-02
1.305963582068572944e-02
4.133601558047746843e-02
3.201909388820690927e-02
8.403722587215771422e-03
3.948730987769422662e-01
1.832867363777668013e+00
2.107068888293805401e-03
1.579029800360086050e-05
9.599334651237069547e-08
1.336616634692448227e-03
6.762868021222964154e-01
8.176259542606553743e-02
3.301797028875783774e-02
1.433561924039785957e-03
7.382427313878774778e-06
1.425512337081584957e-04
9.848207526266940237e-02
9.734117179245210805e-01
6.964001184833844560e-01
5.364102059177657811e-01
4.223548855201501029e-01
1.992354119639613563e-01
1.558202242324369546e+00
1.463149571155837603e-01
4.998156667419331598e-06
2.666662018384560057e-08
2.747525762992584990e-06
1.867722817423609835e-02
1.637407056753227508e+00
7.617177288380442279e-01
1.937221528028997497e+00
1.055088862775388318e-02
7.004137326479765045e-06
1.206461767816635367e-04
2.610381937294666693e-02
5.347150473006156285e-02
1.233325198688841051e-01
6.082688315803084222e-01
1.371348853548061131e+00
1.182868057430430664e+00
1.011593866031041289e+00
8.486115844429255317e-02
1.502339139641819006e-05
1.953097514555344679e-08
6.760326145808565546e-06
2.687798957938705366e-02
1.900728492553906523e+00
6.443503150869878127e-01
8.422787690058585186e-01
3.343978228766902872e-02
3.939277948576934700e-04
7.150385950041093959e-03
7.965906435191144608e-01
1.139439934928703213e-01
3.690008375149676778e-03
1.012177351482050972e-02
1.047521605789545784e+00
5.462072191867423321e+00
3.325542738342037175e-01
7.191921117752733128e-01
4.511360059668248490e-02
9.969074411576644371e-06
2.011385451493375492e-07
8.001189442817692584e-05
1.349061814583780716e-01
4.582901058451696596e-01
4.781086628080578188e-02
3.874974893194246123e-02
3.455559846271749613e-02
1.205890559329049483e-02
1.592457188439336258e-01
7.443829120367762009e-01
1.263588055119735376e-01
6.102755670591979154e-02
9.967024655733417449e-01
3.174626378299421514e+00
2.757918561504052804e-02
1.698365092376103586e-02
1.329494438011052417e-02
3.548367302440761343e-05
1.351782643476071431e-06
4.226732565645773465e-04
9.960281174530491999e-01
1.304319279303151946e+00
1.399003582985379121e-02
5.360596154415782355e-02
7.465236535845835020e-01
7.694777156075707780e-02
5.586682783087575099e-02
1.127191038927931460e-01
8.594115480598222279e-01
3.809416940905290705e+00
1.176664705351253781e+00
8.054243715600594156e-01
1.146405685390948677e-02
8.587355809435546117e-05
9.912486583774087842e-06
1.746780122059891841e-06
2.939482989720830711e-05
8.120306983140382351e-03
8.891193845151894593e-01
7.660947119534978755e-01
6.296823022949871174e-02
2.009046033303157550e-02
3.123268274694324456e-02
1.371970687453993587e-01
6.366804977020639189e-01
7.624914895483843325e-02
2.633058603792735042e-01
9.438693956459055512e-01
1.755795448126062572e-02
1.252570109049275064e-02
6.811091605644765262e-03
1.221098926176459958e-04
1.052145105926778142e-05
4.634622453052593635e-06
2.932218412479282944e-06
1.288864030115111385e-03
6.903949859666937139e-02
3.617703038175434926e-01
6.947331886798319145e-01
4.433377233439829423e-02
1.788575431554547193e-02
5.932837459797466600e-02
5.038709628382976452e-02
6.998311366312306991e-02
1.724042926838971646e+00
7.483582456445023179e-02
9.647806510519326366e-06
2.632002986667946454e-06
1.357156448425240070e-04
3.359134763557722857e-03
1.326840403819391084e-02
9.869215847237110522e-04
4.790988026098260197e-07
1.366658821343348651e-02
3.940709612375469906e+00
3.758293436623815431e+00
2.149393060487567286e+00
1.954097922241482821e-01
1.693589985124523967e+00
2.061337848573549181e+00
2.137746674787444935e-03
6.211965445611965578e-04
5.223494201240672097e-02
1.158937924049121800e-03
1.840675728849319410e-07
4.877628503071322376e-08
1.035410178251767562e-05
1.768252406328782098e-02
9.331199886588439352e-01
1.987749687704495200e-02
8.970139055286306029e-07
6.406246229848380769e-02
4.822971222797652224e+00
1.378375266598024451e+00
2.666059765281979299e+00
7.172630780820150875e-02
1.143161368348106777e-01
1.936440856951195499e+00
4.525866584576584972e-03
1.475875870878696876e-05
1.919688359410681461e-05
6.068472133192571278e-06
4.615066158190418544e-07
6.595872715798410553e-07
1.333493944712219091e-05
1.384113967069573693e-03
1.832490153146873468e-02
1.296668901478188274e-03
