2.738424114349078103e-03
9.776347027695706515e-01
1.968091661130420444e+00
6.755159637163756815e-03
1.621871499818153760e-05
1.273261665878698545e-06
7.057304891371223437e-06
1.405943677143107638e-03
2.185185184769591893e-02
4.348082585856961110e-04
3.744079353220651906e-06
1.709484457915713290e-06
7.363283732632148465e-06
3.371306479032342297e-05
7.722522765729790016e-05
7.780563281966424219e-05
5.215981227411159931e-05
4.364795523184249567e-05
1.820933417532261209e-03
6.736835690895429107e-02
4.527814467506960892e-03
6.679704533395439029e-06
1.449164539501326338e-07
1.622306727322604262e-07
9.719391375528617393e-06
2.004718111805316519e-02
9.194459899445912576e-01
1.331624541031610660e-02
3.798574230577660978e-05
1.389841097277687171e-06
5.154718600230718739e-07
2.146186513722173495e-06
1.966556835859727598e-05
5.491695161107702100e-05
4.852479458124873008e-05
3.935479443024752762e-05
8.863460828658914145e-03
8.796785055441282974e-01
6.012525670613033668e-02
3.081788337570751698e-05
2.298917889985644979e-07
1.533477161353222813e-07
2.976343265574786308e-06
4.768134171964993288e-04
1.353710958179923755e-02
2.956238506947164030e-02
1.114617060440387629e-02
5.506146073203160775e-05
1.181988268954303478e-07
6.443901385153126761e-08
1.787236529031393440e-06
2.496686132117761049e-05
5.331364019446759066e-05
5.369384419834686379e-05
1.066231793950100627e-04
7.113002636817621072e-02
9.284431203294570834e-01
6.589515561136616122e-03
1.019688783424982248e-05
9.643957697026411841e-07
4.242783839518247568e-06
3.262427821349056674e-05
1.492052671527178812e-04
1.148728172336903157e-02
9.097527390195772057e-01
2.566888668112511651e-02
6.851239812725747720e-06
1.056433980751562569e-07
3.461751026068365989e-07
6.708612880116171153e-06
4.642637566077920265e-05
8.533460420538043661e-05
2.041758631556318161e-07
2.574042577427252583e-05
7.565223900037156175e-03
3.396067472145359711e-03
2.564845342825074228e-05
5.981296259565431656e-06
2.116012485303338274e-04
2.565535420451760945e-03
3.485741750105230416e-04
2.972962412609364753e-04
3.386570818231261076e-02
9.877902984086762705e-01
5.177609835265509219e-02
3.172103092627792653e-05
2.634725280625459994e-07
7.881359178255991762e-07
1.750921641771848442e-05
9.436351634658890323e-05
2.489021853112283304e-07
1.003423794334075849e-06
3.180103755844272738e-05
4.523178438580164630e-05
4.170759771998280655e-06
1.171432818733307674e-05
1.062633905430185322e-02
9.736116159541302606e-01
5.860964536973699637e-03
2.953331933463702960e-06
5.789718638481184887e-06
2.134682831542487891e-02
1.854781358698556870e+00
2.932005045049474682e-03
3.932917343177007637e-07
8.408098275613851453e-08
2.931591425078767012e-06
5.218594650402617977e-05
7.051615817845402041e-06
3.148753023745340484e-06
4.849479030766980988e-06
3.866248481523581065e-06
1.186854299638890000e-06
7.055876050671192945e-06
7.491499328709533972e-03
9.834827885841567197e-01
5.670270990229827647e-03
2.701272997085330483e-07
7.779010637204221306e-09
6.517402768328290002e-06
7.742284556917972127e-02
9.327643549908791465e-02
2.256730924242220291e-05
1.221112010432668551e-07
6.720264999448038118e-07
1.898145821941335084e-05
6.476091233711015115e-06
7.429861669533457730e-07
8.521527080631288828e-07
2.670933105779733892e-06
1.973571276118286066e-06
3.114736845977339801e-06
1.448157264351501402e-04
3.085611707239984715e-03
1.475244821369620606e-04
2.149341514632490448e-07
5.918507688157108922e-09
1.775657161807958660e-07
2.349457026571124315e-03
8.257553190396803577e-01
5.173243364622839846e-03
2.397290730749026943e-06
7.049552569975240509e-07
1.021351090862706261e-05
9.355461425712219374e-08
6.655826156526934150e-09
2.154975286820969152e-07
3.944205617974940993e-05
5.666422222717143670e-05
6.173784666487046635e-06
3.142181349090363341e-06
2.958525581846282550e-06
7.453214479426867510e-07
2.916272603776100257e-07
8.361994075495742491e-07
3.157069576933923688e-06
9.924913799513188019e-05
4.195154569006417228e-02
7.265883779255530306e-02
2.242251997899759742e-04
6.071827979288209733e-06
1.258761628952899038e-05
6.840618237903498244e-09
7.010447361235580927e-09
2.254592502503812668e-05
1.815214298045231961e-02
5.243561361431730780e-03
7.635993979148728505e-05
8.270927268240106632e-07
1.264554591966497867e-08
2.679875701160913587e-09
1.775565609321251873e-07
5.980236396376544103e-04
1.024192021332370924e-02
2.171125115953661481e-03
9.600975024044966499e-02
1.874208108199405975e+00
6.513297036750988894e-03
1.205136761747145778e-05
5.563565759902152309e-06
3.391245801662622173e-07
2.767923639557507865e-05
1.377879355659935301e-01
8.165200228108197011e-01
2.190839865347340640e-02
3.466995565211942847e-03
2.377863614830698328e-05
1.050110634135315599e-08
5.717885017526004878e-10
4.615352154802483008e-07
2.630936254589049533e-02
8.740745907978522133e-01
9.478607174795813939e-02
8.320340285001419645e-01
1.064291643295884215e+00
2.350092330348477654e-04
1.518089092218584368e-07
1.795609401070068068e-07
1.851735743918727533e-04
4.034315490194845949e-02
7.669312122675617793e+00
1.266850613694441297e+00
9.182912043186286510e-02
8.675548328423493549e-01
7.220895482654250686e-02
6.325166934928024768e-05
3.137350340580069002e-06
5.435004159680178809e-04
6.161547600574675265e-02
4.364401857658507106e-03
6.413392898176233439e-04
2.950276889905672703e-02
5.566899185224939706e-02
4.684033498859194530e-05
4.161754146765179877e-08
1.959412524964078294e-08
1.060139075837279905e-02
8.986788515103550923e-01
1.552247477631917683e+01
2.514811565854089270e+00
2.042876564838314035e-01
7.711954803356447785e-01
1.267824188692473930e+00
6.440269444781648867e-01
3.420111355421793786e-01
7.427352659109472954e-01
2.674999698663267644e-02
4.453925236442749349e-05
2.040977402262860092e-04
1.009805861644970382e-01
8.137898643879371008e-01
6.345546550957731347e-02
9.009634651037531049e-05
2.878660091256008756e-07
9.764982163724320735e-03
1.007246879563330699e+00
7.691516547083454114e+00
1.727195682880338645e-01
1.400300576158640105e-04
5.453471850869378229e-06
9.589398509773144007e-05
6.737709537452496456e-02
8.747845696426883588e-01
1.072959227131124738e-01
9.899380251337920687e-04
9.641764454217269470e-05
2.187028622216777990e-02
7.976969693908407821e-01
2.599211115787580240e-01
8.345417691633699731e-01
3.545268202204159003e-02
1.164575830196065034e-05
2.543022188279769373e-05
1.079064044093701151e-03
1.300095648803772097e-01
2.251351176150588260e-02
6.666644443077280119e-07
1.535713355892902096e-10
1.056373586690059330e-09
5.502452847445208133e-06
1.086799714261868673e-03
3.548291037611814129e-03
2.507414806440965999e-03
1.253534814183472103e-03
1.217646115610910608e-02
1.340320728821459140e-02
1.092743264552134509e-03
5.365260337391494251e-03
2.236630794146773817e-03
9.034976572171514889e-06
1.125927322754023883e-07
6.901868772714570283e-07
5.805345590649060861e-03
8.531180991550567638e-01
1.183779691404780011e-04
8.927530161774997010e-10
1.275865757136198452e-10
2.936927470399972236e-08
1.528679568243034961e-05
1.725565737739409578e-02
9.393984485815242147e-01
1.970862464270993486e-02
7.451152700743721245e-04
5.914024527831945183e-03
2.167521282681628483e-02
1.979352726885877638e-03
1.213782151458593755e-05
3.504654764876001159e-07
8.591721605482736108e-08
3.999855638872514170e-08
1.196980339284694139e-04
1.027019541900557220e+00
1.072270864282544034e-01
1.016067153736318524e-05
6.946006065329300097e-08
1.125594961317234915e-07
5.384347812363055752e-06
1.093532042669714474e-02
9.904868825038499747e-01
6.531477348800757317e-03
8.095516792393372355e-05
8.249289366080497440e-03
8.904874953264478865e-01
1.170679685047867034e-02
1.702210025245234493e-06
3.795235433834122437e-08
2.283958330051285782e-07
1.192571089353630072e-08
1.294815138463819296e-06
2.255185186678590817e-02
8.331639859201016574e-01
6.606727277768871878e-03
2.443890304292212299e-05
2.041444018909588724e-06
3.653012996900123418e-06
1.566418779911394612e-04
2.104664365185183756e-03
2.045177886321353244e-04
2.502128765251428552e-05
3.802247944562580739e-04
4.389606515489596211e-02
5.801371277272861227e-02
8.819838543363863056e-05
3.016645289444467424e-07
2.610197173938588555e-07
5.158064398682363103e-08
1.510549400199530457e-05
4.984956898305152595e-02
9.056109624283717463e-02
3.587086130506796739e-04
5.852622458378653826e-06
1.309305452768737016e-06
1.125978764217132176e-06
5.406681022578968433e-06
4.439648160864703941e-05
4.189351197216453575e-04
6.419732559501996859e-03
1.293543796225632946e-02
4.662549589294920360e-02
8.557312286389535672e-01
2.700240056868040764e-02
1.709140476057943985e-05
6.294295195724593767e-07
5.866675638367902005e-06
1.717763345534688638e-02
8.494700740261894589e-01
1.777988579742497159e-03
1.321784672685227289e-06
1.733282393661944144e-07
1.008956592813112615e-07
1.439357853650836016e-07
2.798296831771575867e-06
7.107145203738327141e-05
3.468443682009737621e-03
9.897542937045958888e-01
1.912597649095165053e+00
4.660911616165442500e-02
2.198142045996449162e-02
3.070593225616587412e-03
2.700690032223693443e-05
9.187683150391181208e-06
1.974874941407836395e-03
1.045874034639153294e+00
7.385167045403184805e-02
1.300250363456148954e-05
7.332733604106323216e-07
1.998119241903886435e-06
2.387039788765723916e-07
2.735382939426788503e-07
8.143373238289982772e-05
3.380297139083849028e-03
4.034839689582454640e-03
1.646758222300473071e-02
6.868776700236564094e-03
4.157668582416765556e-05
2.935873477498060406e-06
3.921820683224218983e-06
4.990128991168294127e-06
2.971168439507454557e-05
1.306130815695272229e-02
8.743346464620450620e-01
3.010421246124227439e-03
3.418931319277963811e-06
1.096979551142893112e-04
6.926681776361737555e-03
1.695506240493212257e-04
1.272483292694185600e-04
6.426341598655417597e-02
8.882369622772268158e-01
7.053930977645157807e-02
1.085192684231660928e-03
8.289450633916729323e-06
1.458885933702160217e-07
7.771137585067950079e-08
6.567016106199794274e-07
6.794082754094134800e-06
1.699522939988075879e-06
1.260497298784616098e-04
6.531850651573704869e-02
3.121913906299543170e-02
5.543964891468561263e-04
1.909654709136792555e-02
9.221511938898896421e-01
3.323731803008195262e-02
2.902571594709692226e-02
8.509274648079765413e-01
1.188854187434371434e+00
8.533900238501990199e-01
2.063670363241350628e-02
1.469023070287859103e-05
3.056582475346718057e-07
6.515735663784743013e-07
5.875951419223591502e-06
3.327567537985283544e-05
1.914847605031914102e-07
1.915310492156083662e-06
9.436766742156189880e-03
8.989243052401212353e-01
2.419206877415059839e-02
4.229133474924276492e-03
9.706314802653387072e-03
2.154471334791971740e-03
3.609647424016143493e-03
4.671998487502885405e-03
1.031049443236968207e-03
8.368309043182932047e-03
7.809196462659067327e-03
5.211881187402400098e-05
3.334800473014104527e-06
8.588032702633164773e-06
3.846939339445390129e-05
9.037890227747280970e-05
7.997794690068931657e-07
1.662420596096930345e-06
6.180269998087579552e-04
2.620927500946576214e-02
6.938402757615501348e-04
1.383181027977424654e-05
8.844203296515776205e-06
1.164008635407032830e-05
3.006274646745130875e-05
1.497599326803250149e-05
2.841267410905978346e-06
1.751535795895437934e-05
8.586499025126060562e-05
2.380851671664850966e-05
1.359484036280534657e-05
3.521809113034518010e-05
8.474844872688789112e-05
1.258764531855489281e-04
