5.576557014134344951e-03
1.931108378183344687e+00
5.198640836723585679e+00
1.724769350521848876e+00
1.250130584633879771e-01
2.616199673395195523e-05
4.375360947081376804e-08
1.012907005055920212e-07
5.298458401343403617e-06
5.814787614369777280e-06
9.425644406372682456e-09
2.282288293380038724e-10
1.578302870191043053e-08
7.762681936448127790e-06
1.848950727647754580e-04
2.800297921643955476e-04
1.835959235476652030e-04
1.920759836738617594e-04
6.764552508145921422e-06
1.033347225284156207e-01
3.580602516934153101e+00
6.874944317836942931e-01
5.826896754947482604e-01
1.134689572802778518e-01
1.413477153237742596e-02
2.525461678062021140e-03
1.337731871958216731e-02
4.194077732112622831e-02
8.095615947446008139e-06
6.291375321417953088e-10
6.760064673387510205e-10
1.605870980006555162e-07
1.261632299133009370e-05
7.501712634992403013e-05
1.071538845623616810e-04
1.458968340734640096e-04
7.841278846842727290e-08
3.578974453424410172e-04
1.579450398904829189e-01
5.922199410518067531e-01
1.221756896520734548e-01
8.064782492659805513e-02
7.908069355496840647e-01
5.449741076834422465e-02
2.324026202953574649e-02
1.662487816687322040e+00
1.972751696768908769e-01
1.078463282989339743e-04
1.216687103797783114e-06
7.308232372833041105e-07
2.330572002796651057e-06
1.337646717971585742e-05
6.228282986190728497e-05
1.721179868647391303e-04
2.385860073466433223e-05
2.419733455002012062e-03
1.147462214601500941e-02
1.286168955568937899e-01
5.756543430077999679e-02
1.051511538131246273e-02
6.782704242186669841e-02
1.244713148935497511e-02
1.247224250753242551e-02
5.703547970164636327e-01
2.577873108344018949e+00
9.782583087013689838e-01
5.662429720395729948e-02
3.412097621305044091e-04
2.159838465875548033e-06
9.090972223741590058e-07
1.153570729400334147e-05
1.185074901526144960e-04
3.368813546607143938e-02
8.887355909425700418e-01
1.670584303539952506e-02
3.797067445567410549e-02
7.137422194181407553e-01
1.172262120565465526e+00
8.206217342797568204e-01
1.381124149511905874e-01
7.830380982373891241e-01
1.421702807377341449e+00
4.831362867032949482e-01
1.078904433477858804e+00
8.435448956170616963e-01
1.239475603805669478e-02
3.051765253570438364e-06
5.782700148550073261e-08
9.957319650801749152e-07
2.707700076714682897e-05
2.670089535879787215e-03
2.736910637555637488e-02
7.481503810476931252e-04
1.130455426121801518e-03
6.303784361716566198e-02
1.058942044503968116e+00
8.238381663761161766e-01
2.021122880308891812e-01
1.992684229263515849e+00
1.691809094141793368e+00
1.474528881239803413e+00
9.821834533451841986e-01
9.515475002851139785e-02
4.670054782396602239e-02
1.036700751135967273e-04
6.465371009679233753e-07
2.428258008320415028e-06
6.928736810597682282e-06
7.363369420720428751e-06
1.119126354071362207e-05
2.566829839468568191e-05
1.892215084561456838e-03
6.201047990141272254e-02
2.789907725411989656e-02
1.846140501498162029e-03
5.816813603798337388e-03
8.180869060850413099e-01
5.598633549080828109e-01
1.331579728982929200e+00
1.961976337662432179e+00
9.725286620432230245e-02
7.370488418375701345e-01
9.239728323449818148e-02
4.693362197887688408e-03
1.236676355913099478e-03
7.799760404824313188e-06
2.051722554839193715e-06
3.680519060195152113e-07
4.059921788096170137e-06
8.012324607358392234e-03
7.743863383587270555e-01
4.297972237652315959e-03
1.027877497155177008e-06
6.555626207075360791e-06
1.085783639279005591e-01
2.668210100394968753e-01
9.873920926281308519e-02
1.424616282299457026e+00
6.310345117879656573e-01
6.809473448675464891e-01
3.063975555714846255e-01
7.596003411436250685e-01
6.521328282304919566e-02
6.071440412132976194e-06
4.940350909894514933e-06
1.364875563960772401e-07
1.089579590018785856e-07
1.063514294572333779e-04
2.421399644579613764e-01
1.389656790237786890e-02
4.574628674953488832e-07
3.389681406963211160e-07
4.251949036306136576e-02
1.604996519697699631e+00
1.371120890740164244e-01
2.320248404126455277e+00
5.464833854276351932e-01
3.603707131604855316e-03
1.758085008988861898e-03
2.251135398867860210e-02
6.947333848702460287e-04
2.912552581891139551e-07
1.289506752132283372e-05
1.739864777972856179e-06
1.589836919590581223e-06
2.729344728549312218e-04
7.910654022804440855e-01
9.770911473573971051e-01
1.091547952560621937e-04
1.750884892985334240e-06
1.851010405986450559e-03
9.677045197456587977e-02
5.938206825778812731e-02
2.590321868087595014e+00
5.769722650742072911e-01
1.931347445154449685e-03
4.397706277174629960e-03
2.802832574793484837e-03
1.080930953411475524e-06
6.627526811356892416e-09
6.131332296117879700e-05
6.726946010416726433e-04
2.094549633386600523e-02
9.093636300401215788e-02
7.246409856167131125e-02
7.542840959477989556e-03
2.631197573931692586e-05
4.150481362634758076e-07
8.053581921176158524e-06
1.086681785083584446e-03
1.229168299114908637e-02
2.309524905331633016e-01
3.665308560640245794e-01
1.268795806989050090e-01
8.781758279657477795e-01
2.540040722313627319e-02
8.810484131304684634e-07
1.019178332213432579e-08
4.267607772072938436e-04
3.903518806416921699e-02
4.819201606613720656e+00
9.147762461152966207e-01
8.682976916067837491e-04
4.076861798834902168e-06
1.123441173762832472e-07
1.326071871153430416e-08
8.250182873515899216e-07
6.365414846769221376e-03
7.940758901938433922e-01
2.713586068132549101e-01
1.211905117655288078e-01
3.387232855586881919e-01
7.125539496126405137e-01
1.449230472600577246e-01
5.438002583013112120e-04
4.301038788115507848e-06
3.235205295369152426e-03
9.223551400800710232e-01
3.342413685040730087e+01
4.886749223343381132e+00
1.055092998133157350e-01
9.604154125484071648e-04
4.198798870130830447e-07
2.394874714163747735e-09
2.409669638255937107e-07
6.337813508727347875e-03
2.160621920572483035e+00
2.508076347132925932e+00
2.314613986992479333e+00
2.174142483013790095e+00
7.853893453449392048e-01
6.483621566062210961e-01
2.530891580779634498e-02
9.552326449521785553e-05
5.079200133491264127e-04
1.044416687796260401e+00
1.647372919353839293e+01
1.169157158872472957e+00
2.883630486016229177e+00
9.409587248649661229e-01
1.187655334837164233e-04
2.528322864625608302e-07
1.675493912696332139e-05
1.023088385798142513e-02
2.701131197255893582e-02
1.572830174687664395e-01
2.016727670135334272e+00
4.372990385066524155e-01
4.527044294134131008e-01
1.542471459079430562e-01
8.721159098096571856e-05
3.814853510448522810e-07
5.706229861021037230e-06
2.451827291354122251e-02
4.054643766089720547e-01
1.206427743766849041e-03
6.336558025079962577e-04
3.367184619671380330e-02
6.842688219904245750e-02
2.397467539175584736e-02
7.033342956686243486e-02
7.669264152695334236e-01
6.975171049641089305e-02
6.529491965676359477e-02
6.413467626712661129e-01
2.439326911292078945e-02
1.433250280331752058e-01
1.208580412276240718e-01
2.352303919217167219e-06
5.984623783096846593e-09
1.326119462663838117e-06
4.585257463153579426e-03
6.091439490858115979e-01
5.416798464885861373e-04
3.707872955229133788e-06
8.397960822338006821e-04
9.509026090416224930e-01
8.469889807642896340e-01
1.547226686643481640e-02
2.436998361295461268e-01
7.701182952897295264e-01
1.613941579311058139e-01
1.914340030468502318e+00
3.852537697357512614e-01
7.319419225850775090e-01
8.101014082143781492e-01
3.665163825455670135e-05
2.514844477173196029e-08
1.063054309152180501e-07
2.540343910211491899e-05
2.149307506112993482e-01
9.663589075591669242e-02
1.534604711210849938e-03
1.747775946700369856e-02
6.499029816340068377e-02
5.635454704379449327e-04
1.484117822308615149e-05
1.183254147254979814e-02
1.895839636706076581e+00
2.058547733958002168e-01
8.970076154406715352e-01
6.702250421039757100e-01
1.319566395367655909e-01
2.542435885056716915e-01
7.608275005365427134e-04
3.677760027149172790e-07
1.479430534299939235e-08
6.945780833972547705e-08
2.594869276845611188e-03
6.699783117284603406e-01
2.283853786392379126e-01
6.334924679564616357e-01
2.499643973543989317e-01
2.316465019222212988e-03
3.661259604662012233e-04
5.184004140596690929e-02
2.752119158906038976e+00
1.196665166838644989e+00
8.859551094680878647e-01
3.084972732080761837e-01
7.371916724157329126e-02
6.805710506588391606e-01
4.354312065345775085e-02
1.297570349900023315e-05
2.549938034248073653e-07
4.213100488638627978e-08
4.940070034939848478e-05
9.304939262222079732e-02
1.316700654067167187e-01
8.438294709777781344e-02
8.685856347139351286e-01
7.578543754364600593e-01
2.416086222722310939e-01
1.553035620298276243e+00
2.012348500422707520e+00
8.760916530298655802e-01
1.777786241642151266e+00
1.342523370420299011e+00
1.355983527510961351e-01
5.170490988450553160e-02
2.364070187872782669e-03
9.792961159410735924e-06
9.037038376080523526e-06
1.506547099541700664e-07
4.283455353350933248e-06
4.532015431897334912e-02
7.108159873588459909e-01
5.909318942118019918e-02
1.948166856535211156e-01
4.930415514437532648e-02
9.287980379422152918e-03
1.134159750107787801e+00
4.285719688503842661e+00
9.031725402288193205e-01
2.564244310819502992e+00
1.244198980903650886e+00
6.557780721803675716e-02
7.840299603917574378e-04
2.686020830610155690e-06
3.029974831655959752e-07
2.924370853207092978e-05
3.693857591305067294e-07
1.175918921051726569e-06
1.638267699039895522e-03
5.425829472859022146e-02
8.788056031493528264e-02
7.560933872879690432e-01
1.011074066588979123e-02
3.205634728195312628e-05
1.090980405552864369e-03
1.737304136571551916e-01
1.744516486208282924e+00
1.838071221303836156e+00
2.367155661247232201e-01
7.319380542720703708e-01
3.513988283406669494e-02
3.918911235098682797e-06
1.940884053631899639e-07
6.433955162407982229e-06
3.604257833592309159e-07
1.338878040497046311e-06
1.980801451776234909e-05
8.147454234218545646e-06
1.864997001726754989e-05
4.402682766297439342e-03
3.074193277298611221e-02
1.091289665434603314e-03
4.670130387509415924e-04
2.754647324692443416e-02
1.334439640164929164e-01
1.123460976725575806e-03
7.974775198110084951e-05
1.965435911348660525e-02
2.388778786842659513e-02
9.271742741335000290e-06
7.577347528956728901e-07
4.991175623593206760e-07
6.687997180344134558e-07
1.000324601145634410e-04
9.898946330033659303e-04
8.203067570435072716e-06
1.186982064326184395e-07
1.337920378138777571e-05
1.843798763143311148e-01
1.732199488408554755e+00
2.073610990347902472e-01
1.757956430590424723e+00
3.687909795893529880e-02
3.885217759688283649e-07
7.062654131033846106e-09
1.827497763220815889e-06
2.002099507911444927e-05
1.890358128004665332e-06
3.529610576774110488e-06
6.943312371734283927e-07
5.177730243410124999e-05
6.199711187262623574e-02
8.942143842259984154e-01
4.999566168796464732e-02
4.794591201856556492e-04
1.824074256928811307e-03
8.518929460957507249e-01
1.033011978242837497e-01
9.841752517277745863e-04
2.795057147769170955e-02
4.291464002061371082e-03
3.069775498511880305e-07
9.540910255770055816e-09
2.654436487041945766e-07
3.114226325110330982e-06
6.894431196348398720e-06
3.857563953594775487e-05
4.409235630908765318e-05
3.250432395444897982e-02
1.872931851473668141e+00
1.163925897420358568e+00
2.912016100767294446e+00
9.823704443900314054e-01
4.979425754100666457e-02
4.996468117444427884e-03
2.920488655178979610e-06
1.068127127369296846e-08
9.558634874086953367e-07
3.735081484747253012e-05
5.713878501819531784e-06
3.243518129079224221e-06
1.886279283255822467e-05
7.430451080366486767e-05
1.583012147242092394e-04
3.627090657947110012e-04
