3.586547927958317353e-05
3.082234079412727012e-05
3.282017333904505664e-05
3.627547222073544296e-05
3.695280474431133111e-05
3.411648288385995620e-05
3.117117392417737091e-05
3.106825867632748405e-05
3.285967580264139868e-05
3.462094405208721319e-05
3.756247903895943709e-05
4.327450019912230819e-05
4.608395914238695918e-05
3.873262550108637283e-05
2.901492064676308981e-05
2.564651733171227369e-05
3.011585920254771095e-05
4.341179048245727748e-05
3.963366206685772243e-05
3.527527377269010250e-05
3.712744713842397573e-05
3.901099181607315281e-05
3.764228778140049923e-05
3.242261854503682058e-05
2.707592137734850935e-05
2.505637156410087327e-05
2.573577674200743426e-05
2.686812971290961056e-05
2.754741599286349024e-05
2.830609472289584072e-05
2.782321755662033687e-05
2.398517136425569322e-05
1.967237856130777657e-05
1.904999137722450788e-05
2.408332514714250667e-05
3.715662701018716005e-05
5.482980841685250966e-05
3.616720692420129235e-05
2.342148397721093315e-05
2.126241974897593101e-05
2.747007482696919517e-05
2.970135945258967110e-05
2.484401268612116057e-05
2.307075598524629446e-05
2.492001536618663725e-05
2.610107818599240564e-05
2.460415164121645341e-05
2.232970294600267170e-05
2.094056132682151395e-05
1.988914987430454154e-05
1.903469501874568162e-05
2.009500243536262786e-05
2.532284613623100929e-05
3.777760821717635167e-05
4.160676081263787345e-05
7.123962668996301749e-06
9.598045921838665401e-07
9.471783301687096590e-07
6.648359615291235646e-06
2.144054769984308099e-05
1.811762213424611390e-05
1.700462481843116076e-05
2.299431323040143193e-05
2.740264411675418242e-05
2.558391671248342163e-05
2.201613075296476096e-05
2.047780148031478129e-05
2.102315862926400949e-05
2.209027652993578078e-05
2.351113345742401517e-05
2.765240864078021278e-05
3.866420281260394502e-05
1.623225541618496029e-05
4.528497396077031938e-07
1.050865960448003735e-08
3.218916597148356171e-08
5.320684939262557600e-06
4.521661899359339721e-05
1.207503937412645387e-05
6.879189672828259250e-06
1.402033558240879668e-05
2.514734690316100082e-05
2.776446213211767252e-05
2.434042353242267214e-05
2.188587044221011594e-05
2.234359559555976855e-05
2.383763188898436653e-05
2.473421724602005304e-05
2.750462540220589982e-05
3.740135476498312713e-05
1.676984226387389875e-05
1.286281397987524624e-06
1.453998830981063908e-07
3.971993142894034113e-06
1.738627309074551076e-03
1.439193922257979690e-03
1.392786476518325480e-05
2.022483206039856684e-06
5.221997194894308318e-06
1.701890407524990042e-05
2.797414147962201078e-05
2.694570667098249050e-05
2.238793810592169724e-05
2.126316262579168128e-05
2.249183570244807161e-05
2.345152910269669027e-05
2.601852143708501219e-05
3.587767009191470454e-05
5.492364945061634866e-05
3.464186199478428200e-04
3.988319165329435624e-03
1.260882095147322079e-01
9.189952758901299701e-01
2.200814894993222137e-02
5.666831753193417082e-05
2.786629815887170427e-06
2.660028653445449983e-06
9.043246036486153505e-06
2.503989628573768749e-05
2.997079458876100543e-05
2.298729224840472500e-05
1.962722456723958725e-05
2.025645714270495049e-05
2.144145948901307177e-05
2.430461933780719819e-05
3.466516329995500054e-05
5.965447608598359232e-05
7.952688173167412125e-03
9.292997202550673519e-01
7.760859085955177372e-01
2.945653221642316466e-02
6.005426672858654551e-03
3.331514352881288256e-03
1.557153920656241162e-04
6.080321963969286259e-06
5.596329624447235082e-06
2.157388604780333295e-05
3.454011781458838498e-05
2.530241820157039161e-05
1.934314222957268418e-05
1.908172423426479967e-05
2.016225126365750169e-05
2.319092258135468216e-05
3.400052345198148040e-05
2.773625309837337869e-05
4.752868432737834652e-03
2.132271597932978047e+00
3.432318633420062826e-01
7.706523726302762787e-04
6.968548438980520093e-03
9.669161858029685641e-01
1.763978718686071492e-02
1.747805683440244347e-05
3.915234750306162883e-06
1.839324862877277710e-05
3.692211947450275663e-05
2.700314346287790155e-05
1.964795600525894489e-05
1.910429541729681812e-05
2.041730519920398424e-05
2.366438650071370627e-05
3.452325521809116896e-05
5.660444518271055592e-05
1.124025426506108927e-03
6.960647337679990443e-01
6.165328335461501830e-01
1.059231297650651627e-03
1.146655500946656449e-02
9.686544187932688565e-01
1.942292419142817436e-03
1.200281527947669546e-06
1.021511818423187160e-06
1.227316296866424324e-05
3.065959317134931832e-05
2.410325969185086122e-05
1.910934229379029290e-05
1.972581121424027054e-05
2.178847317675422688e-05
2.520288118090604113e-05
3.554329404064117539e-05
2.641084010511877099e-03
1.941540824798010725e-02
5.416997599020169085e-01
2.558751095114859542e-01
2.034797684201135499e-03
9.171217308199999113e-03
1.525730835861901537e-02
2.055468892687942663e-06
5.813794021451281105e-09
1.525855580674555850e-07
1.039224236572185889e-05
2.676231638798433595e-05
1.970738167927933422e-05
1.839240776252378174e-05
2.109820537993608745e-05
2.363889123201670043e-05
2.683734663308539508e-05
3.671035857282576155e-05
7.747794842981683278e-03
2.818495459758123101e+00
2.856089484957779945e+01
9.430344019781484732e+00
1.534213699954783960e+00
1.665811523803056415e+00
1.181655329882026623e-01
3.647498177620876708e-06
7.604349895850037015e-09
8.645771792325012937e-07
8.847417715729681467e-05
6.046237132348405063e-05
1.976783383532515381e-05
1.880712859641455134e-05
2.341754301711550514e-05
2.547030641441882357e-05
2.793603805819113516e-05
3.771103459692966948e-05
3.870396879983250236e-04
6.233531735750393210e+00
9.845751554532236582e+01
2.161999212202074006e+01
1.119616917735790906e+01
5.362083438441609395e+00
2.890620515092454212e+00
3.889680396053125152e-03
2.797822146766260095e-05
1.356754085928166872e-03
5.652685325519989611e-03
1.560030142925030166e-04
1.805104727481207994e-05
1.932446936529640558e-05
2.600969690390563796e-05
2.640615655562715650e-05
2.740344807828961601e-05
3.668373741645986622e-05
1.407139959805538555e-04
1.899164084959464427e+00
5.510986397916250468e+01
1.211599661510503623e+01
2.104839450736482043e+00
4.204926933917884635e-01
6.055282749299099043e-01
7.444927368743922691e-02
1.076298630854142929e-01
9.103408583427260448e-01
6.599002617897850587e-03
1.536822695252042554e-05
5.779244670859526809e-06
1.824178740817057766e-05
2.971485318869055198e-05
2.683739591772749057e-05
2.534955713453966849e-05
3.359205835209739811e-05
7.903979266690656276e-06
1.194148457545409631e-02
1.981577211474386147e+00
7.582316420828478343e+00
5.095772899389158006e+00
1.434801199756649437e+00
3.960142009578010991e-01
8.214688322820533350e-02
7.603696076992678687e-01
1.104012552838295469e-01
8.204170806730650119e-06
9.519146384831529612e-08
1.300813011175487839e-06
1.996327362125561577e-05
3.681676416338790990e-05
2.757297059835143606e-05
2.332158025356579671e-05
3.116304703661876730e-05
9.698076498411779595e-07
1.107070731243374462e-02
4.236495732171198902e+00
3.370588751082594481e+00
9.512188124276463874e-01
4.608177119687932310e-01
5.698511911956216647e-01
1.128720759007799529e-01
1.105835053776316017e-02
3.157408538066626820e-05
1.751797886552808176e-08
1.593992927685451511e-08
1.898008297085407606e-06
3.383471058481330249e-05
4.512494767666700232e-05
2.757188315733401476e-05
2.256086162913564205e-05
3.182141548984234602e-05
8.103142748292494910e-07
5.244587739022046891e-02
9.321662340994551599e+00
1.945342295753212047e+00
7.175538357190970329e-01
6.819795621466955005e-02
2.173130727332747009e-02
2.755007419591098267e-03
2.165544828644338897e-05
2.143787989025827694e-07
3.307091921994028007e-08
4.001335736413845322e-07
1.457126814825770788e-05
6.044837446908869375e-05
4.523950562648381606e-05
2.587450790946919609e-05
2.352006810223552941e-05
3.615783795897266350e-05
8.653648513269689938e-07
5.042266827900343876e-03
7.143954478077572112e-01
1.288216678690554007e+00
9.591160662516208246e-01
4.217731585110494515e-03
3.107466339104594799e-05
5.903103191984794916e-06
1.105914548345992116e-06
6.582823033928683652e-07
2.304221026849836347e-06
1.656352361975203325e-05
5.911845038696125206e-05
6.119021596856551583e-05
3.505762060099290448e-05
2.357356806021804205e-05
2.590855475973853682e-05
4.248533789435063275e-05
8.776783597546582187e-07
1.683409217040681349e-04
1.162792432643181550e-01
1.810269067432359158e+00
5.687620334237415698e-02
1.728737271520339896e-05
2.004146031596981898e-07
5.474085461537673132e-07
3.357263568825789791e-06
1.306294225005887605e-05
3.809861440768703354e-05
6.282578930199131568e-05
5.687514670272278476e-05
3.734526640572896812e-05
2.546366061969558792e-05
2.309373172493797967e-05
2.994855195298636654e-05
4.886539514427587516e-05
3.228609436256228230e-07
9.066911463973816982e-07
3.442545345632498405e-04
2.257784788477236113e-02
5.177403963218011555e-04
7.212590752391448973e-07
1.780221991340269346e-07
2.545256343511472942e-06
2.391840266413890992e-05
5.634149543812218345e-05
6.193805256718668982e-05
4.618920467197550875e-05
3.116383726565838820e-05
2.404768788465256165e-05
2.275573523671799934e-05
2.597737713075740451e-05
3.517818796821028623e-05
5.323994578611133044e-05
7.993276131641767118e-07
1.316517929908604981e-07
1.355715320326244993e-06
3.123574374950556769e-05
1.191106464806767101e-05
1.275754558773521329e-06
2.425798597424208522e-06
1.843122704209127402e-05
5.228390723707933990e-05
5.318576314488422706e-05
3.739037374179584575e-05
2.575600539268255572e-05
2.104994489653218070e-05
2.188711579888132335e-05
2.568696058041495850e-05
3.007352739585753075e-05
3.677565707904719832e-05
5.083830064548642863e-05
1.148521941315826024e-05
1.912408796552114958e-06
1.613550027140190079e-06
4.499439937682095295e-06
6.665902110919470594e-06
7.957928915987226679e-06
1.875160268221533224e-05
4.131115861358384015e-05
4.503603580215863539e-05
3.239655715087713710e-05
2.295820377010184869e-05
1.900881220646807510e-05
1.965788505782070100e-05
2.435286574446474459e-05
2.949608294351921343e-05
3.074334918506900277e-05
3.271152726464084896e-05
4.349630018768079566e-05
6.228988322094478503e-05
2.571827289100965525e-05
1.468232473081779140e-05
1.516979919352297841e-05
1.970951037607527188e-05
2.682352924427968151e-05
3.692609637504138905e-05
4.110004975253581398e-05
3.377077008891356675e-05
2.483772378696201503e-05
2.029438029594246161e-05
1.989882520926592878e-05
2.277204803733718806e-05
2.756536570584974596e-05
3.009141276841723503e-05
2.839293720451188863e-05
2.912042820852274696e-05
3.971492513547112573e-05
8.689772425296679505e-05
5.742911264504602992e-05
4.083994339402325334e-05
3.675630400384662398e-05
3.756532554523885477e-05
3.789875877666364095e-05
3.758461403847550693e-05
3.619431474772184261e-05
3.190615635775113056e-05
2.695023435014846645e-05
2.503322138124129665e-05
2.697711673794851391e-05
3.057340174824469786e-05
3.220496500298189994e-05
3.057716824755684601e-05
2.858770450824828119e-05
3.143901413620606920e-05
4.409492578890074945e-05
7.912211454107416812e-05
6.087999599471809458e-05
5.053917784898237254e-05
4.742947596972920901e-05
4.607134528069200435e-05
4.311187631998369480e-05
4.069654939017440379e-05
4.019322588959567020e-05
3.917948501592492973e-05
3.707637608893841607e-05
3.729584174094543341e-05
4.154769988206775385e-05
4.523504696032048915e-05
4.267738012925226514e-05
3.760104335499971317e-05
3.663286816614195373e-05
4.280054074246127571e-05
5.761733668538670416e-05
