1.182404546743691407e-06
3.166160155147675634e-05
4.248723386728781720e-02
8.018588419046329685e-01
3.337680033623108833e-01
7.151222172499985819e-01
4.914042380497730261e-02
9.467701598226473114e-02
9.683246945795562777e-01
8.619656117972794573e-03
5.909035611761624278e-05
1.185922649082645942e-05
8.274501260742858115e-06
1.734076571136052843e-05
5.053730122964185097e-05
7.472335037450360338e-05
6.940401820066405421e-05
7.376824278012226175e-05
2.688437597152702838e-03
3.109869425695212589e-02
8.012415335870648470e-02
9.177655530067693190e-01
1.015465495972814658e+00
8.219038351728968905e-01
5.386930489731710514e-01
4.817884870674309372e-01
6.314064000293434509e-02
2.238203724404637645e-03
1.456708026300965880e-03
2.338913081607524097e-04
6.252575608388333794e-06
3.450024663959775785e-06
1.805765736263250157e-05
5.270462524080129428e-05
6.399336299688295436e-05
7.230799814466968417e-05
4.686863167358190640e-02
7.414909440554987574e-01
8.281723408837209088e-02
1.041971759266608455e+00
9.833756653105812928e-01
2.187889534583072060e-01
1.324611433148591200e+00
5.944289150898437457e-01
1.463515164188995341e-02
3.287014267237858833e-02
9.622048403055735166e-01
2.022991002575182107e-02
8.819731140615142759e-06
8.592100697536257152e-07
6.119413167787097983e-06
3.270340964487486050e-05
6.124478738188839360e-05
8.768150790149183604e-05
3.270324652660929875e-03
1.717660032094223965e-01
5.759258405376052603e-02
8.681446013347728918e-01
9.325134178934788576e-01
7.180731171226256704e-02
2.957190631386559243e-01
1.703857360857534031e+00
8.576017872592945901e-01
9.871777449305119134e-01
9.603231175988146129e-01
3.301752103757650721e-03
1.539829933943365277e-06
2.924709211517680053e-07
2.727143705730433085e-06
1.154103513408319038e-05
2.857818530096660082e-05
7.569467581155355309e-05
1.373003161759417216e-02
8.333645260031045110e-01
1.904912634652970033e-02
4.265924368708502029e-03
1.462195742486045169e-01
7.848660393142048441e-01
3.486226690719140819e-02
8.363231361132645106e-03
9.517624377534764091e-02
1.036058619150538734e-01
5.957648685856867243e-03
1.158848438381529484e-04
2.160585309921960294e-06
3.190980564834836769e-06
1.145702242065230025e-05
3.201544144612668471e-06
3.954262139820496646e-06
3.124815151782501632e-05
5.556111922627371066e-03
4.258273777569118734e-02
6.887149295373211312e-05
9.340341667254599275e-07
1.068036690792857017e-03
9.995698654871637556e-01
6.670546192034424240e-03
2.187721543554170371e-04
1.063575595664607853e-01
8.037679836058886362e-01
5.551436083167447799e-02
2.435538383211658178e-02
4.439580718198141845e-03
9.545325483029623581e-03
1.759736878573222880e-03
2.303969332120801737e-06
3.711750426992145610e-07
9.281896706317837819e-06
1.536099107757836818e-05
1.100892099231565581e-05
2.334010100545437303e-07
3.672203527714552498e-08
1.304853430455598355e-05
3.152183590142305057e-03
3.287348421550755073e-04
9.668776290045560072e-04
9.087041792111998362e-01
8.958438579954337566e-01
2.665647160822102735e-01
1.575592694822274042e+00
2.885974190500881775e-01
8.024411432187007476e-01
6.001281915162103020e-02
4.020636805196304637e-06
1.504185157580408396e-07
5.915536311114538815e-06
8.023319233219711987e-07
2.342470872356805030e-07
1.225290515780948228e-07
2.075398450512576275e-07
1.735975499706217256e-06
4.767395598203741705e-06
8.581280323521986797e-06
1.653074995663362775e-03
1.006986615984213629e-01
1.622465233583532049e-02
7.588956624958036190e-02
7.825889164170489465e-02
3.104030357168647983e-04
1.214338340881941300e-03
2.612621233876513075e-03
4.701690483791823884e-06
4.966881021417782605e-07
1.207707577556595847e-05
2.934478186259125047e-07
1.435904517427356353e-07
3.216852316032395298e-07
3.942652171776775056e-07
1.554755229283724311e-07
5.878534481172851850e-08
1.912237098574402036e-06
1.693300038242254169e-02
8.709638948030161698e-01
1.392681728303862276e-01
7.155381829461062715e-01
1.498655101885069431e-02
1.518979032174696042e-06
1.306686575179470638e-06
2.168095795906265004e-05
4.634913238076122252e-06
3.575835667362924423e-06
3.431506457037516224e-05
6.417238964070566940e-08
7.566871745192078509e-07
1.435157937077702850e-05
1.292997574231485461e-06
1.051016594879839470e-08
2.772788021166417893e-09
8.244411397951464007e-07
2.995830529891535185e-02
9.542340736736645290e-01
2.793332199686981293e-02
7.780185398380924655e-02
8.182479527894276350e-02
4.525655477961568391e-04
2.683064266449511955e-05
1.698121688959105695e-05
8.994934913167864108e-06
1.492178964260297514e-05
6.415505110690431054e-05
3.866743923415678405e-07
3.148443170807486979e-04
5.178109260692938948e-02
2.880675689797817249e-04
4.958669356988905823e-08
1.188708728249465847e-08
3.408209115928809283e-06
1.532519382052693283e-03
8.954889250823726320e-04
1.718330231994218008e-05
6.819258129684317238e-04
9.115983143997830052e-01
9.708539852182971330e-01
5.001347627836704238e-03
6.973126215768445004e-05
1.874418277166446718e-05
3.313695891675202227e-05
9.034358717066251357e-05
1.627137978112477151e-04
9.795553087458515329e-02
5.698712167946488272e+00
8.737173713180225454e-02
5.124352130198591668e-05
4.369145617855689631e-05
4.373161498021665115e-03
2.604442042845004236e-03
8.769407691997454461e-06
3.451598380140664078e-07
2.903890257289928846e-05
2.057489729571873593e-02
2.384771779161399749e-02
2.723717456424122737e-04
1.624817882606706361e-05
1.750664199764492073e-05
5.066384629367931308e-05
1.221621700369192917e-04
9.516209637624669510e-03
8.229787395891809965e-01
1.749729550341583817e+01
3.844106671971799560e+00
1.936926904363452454e-02
2.229105184445005425e-02
9.399649095271433996e-01
2.066189653483456110e-02
5.062198483432099567e-06
1.370837854865158720e-07
5.792550331979907172e-07
2.473314138573865178e-06
9.041886273937053554e-07
3.098768899954987750e-07
7.766134587011149133e-07
5.409336185924604544e-06
3.024359168135705509e-05
9.995508703710809901e-05
2.124406802329772514e-04
8.405192877919948069e-02
2.559548940135801232e+01
5.012195628201278730e+00
2.048489651585703487e-03
2.257419283174224233e-04
5.810773377188246762e-03
7.158925317612954611e-04
2.155207960096819464e-06
1.711939778963045496e-07
8.377903895792118443e-08
1.257160012497007791e-08
3.233582162289484996e-09
1.161242888110369195e-08
1.536774167723215780e-07
9.706180689797422296e-07
4.291955810833779582e-06
2.606025305595036825e-05
4.149948864273373613e-07
9.114685126408320417e-04
4.276425596557176689e+00
1.088687271111298038e+00
1.806244755488830656e-04
1.077141331083008732e-06
1.317826399753628774e-06
1.151155012451975038e-06
9.304072673568484330e-07
5.831298040618720360e-06
3.503652701627660163e-06
3.743419412430103799e-08
3.302346260610502060e-09
8.152034012009800299e-08
5.780007917985244538e-06
5.571359251061504992e-06
1.150028274309788822e-06
3.669953379292379665e-06
1.939907569632953345e-07
3.560311338515979710e-04
7.644690550303552268e-01
1.840453226392594566e+00
5.855097864095223231e-02
1.346589587203081493e-04
2.430906079540271513e-07
3.015482056840948280e-08
2.179361962906288538e-06
4.136765093702739725e-03
1.872716787077559689e-02
4.847387919257964168e-05
1.194353521498907076e-06
7.680302620137044922e-05
3.756887656893502514e-02
4.224433631293258648e-03
4.575331167185692631e-06
1.096983389409848146e-06
1.433953798763901599e-06
1.986878956869867277e-03
1.690100447730539801e-01
1.961843235921977013e-01
8.522345949825786970e-01
2.356595033184432850e-02
1.870343458064763506e-06
1.552625749975603852e-08
1.863885543258785746e-06
2.306765844824988296e-02
8.771896498811092568e-01
6.900243866469862875e-02
9.160458935077752871e-03
2.842214271211748744e-02
8.321269429604544188e-01
3.958228303243192109e-02
1.104101056295615602e-05
8.871620311359894126e-07
7.143029615486326943e-06
3.387603860092681940e-02
7.879406020952713918e-01
1.452373872043194805e-02
9.187653931441891117e-03
7.075410507318068490e-03
3.054712763290038036e-05
1.725862170828098592e-07
5.636632438637571538e-07
3.697282101042263834e-04
1.667565613995659196e-02
7.721858892582125766e-02
7.158885854736777299e-01
2.513883220778421745e-01
1.757046146394524236e-02
2.726761731984117922e-04
2.075349446999705409e-06
1.285150428966639671e-06
6.529694125397397473e-06
5.604820415740980645e-03
4.881268445661658684e-02
2.247396295896447185e-04
4.888673451472284724e-05
4.072519836238901181e-03
1.653804815656993721e-02
9.726211536920724801e-05
3.790661325187986018e-06
6.647306128582559925e-04
4.168664656422558373e-02
1.732983749884676669e-02
1.368518302143422183e-01
8.149901800912027205e-01
1.279988871617155494e-02
2.428697610549573850e-05
1.233162599396590001e-06
3.991460758603627844e-06
7.922890200696021385e-06
5.222067837237192575e-05
7.301100368782535546e-06
9.373268076958664721e-08
1.107719019571406160e-06
8.599303700192843791e-03
9.399177903013116175e-01
4.811347218817070906e-03
4.556298195387284362e-05
1.902509440800227367e-02
1.824078115908773112e+00
5.233260235777185097e-03
3.779175855371279193e-04
2.067129351937850579e-02
8.741476939310531893e-03
4.336783917225568480e-05
4.731709285682293149e-06
1.691895540793354958e-05
4.177143654627913966e-04
1.573667730365325892e-03
5.794080271339264902e-06
3.145610386688107688e-08
3.101727720809543331e-06
4.514766890208050422e-03
1.556465352991451452e-02
5.549987657993224075e-04
4.181310582758577437e-04
7.113292336510088076e-02
8.201433561696834518e-02
1.665089327261796840e-05
2.274584031415555410e-07
9.802116596334382550e-06
8.236341250354184699e-05
1.937832863027714190e-05
1.319079421374755576e-05
4.212824038444574776e-05
4.684385397239540852e-03
9.773371402710560041e-01
2.314862467637962898e-02
1.478366300454266502e-04
5.093717231601606159e-03
1.392703551406785679e-02
4.816832579456116638e-05
1.609598760629476309e-05
1.021468687069132519e-02
8.814472552703602748e-01
4.137178281292407805e-03
4.048130618610192838e-07
2.250898371251229759e-08
4.480863436523316311e-07
5.877757333051636815e-06
1.221706119454760165e-05
2.300932060012090999e-05
5.604476482443995343e-05
2.144352286826324441e-05
3.818287289696221248e-02
8.015720645806762024e-01
2.508737753557043759e-01
7.892659361915603800e-01
2.822184864531373030e-02
3.187023231776341094e-06
3.348456627483834644e-07
3.654835123602471082e-04
3.470574080265999284e-02
5.214088253758171780e-04
1.475758922593155343e-06
5.373593912006158393e-07
3.478680651709945374e-06
1.402821913279698108e-05
2.388086110834533986e-05
3.333109446566251595e-05
5.329582940210074129e-05
4.476994328623646899e-08
3.065417080737933695e-05
1.584911894425016510e-01
7.937814814453206802e-01
1.407493622841639591e-01
1.660025315039606597e-02
2.110313874968621387e-05
4.927804175371382143e-08
1.346486943125457660e-07
3.816472025675225299e-06
7.352485875252488684e-06
6.057684403531751933e-06
1.457436657868569716e-05
3.728241661719362441e-05
4.958954448350322888e-05
4.641899278340680911e-05
4.284901766478908125e-05
5.264497751506077780e-05
5.152905768598224851e-07
2.076660921563316248e-04
9.551264988224508201e-01
9.956095941430256335e-01
7.977163632729848686e-02
8.780680294065816849e-01
3.419105403790136111e-02
2.280816230580186276e-06
2.278699185341053089e-08
9.996071753569873147e-08
1.701003923742610131e-06
1.787810445844177835e-05
7.517613181301491644e-05
1.113539867754388153e-04
9.605918509292152253e-05
7.669999378598700665e-05
6.566972753280601058e-05
7.332044325978103524e-05
