2.471518889747386359e-04
1.269941528243620629e-04
9.186254495567277353e-05
6.958500093159379683e-05
4.527924848250504381e-05
3.424308112936845895e-05
3.823243363056722693e-05
5.317700475304016787e-05
6.540290905972317656e-05
1.011301273952216258e-04
2.280077610584223789e-04
3.509190603149457926e-04
2.552259042321963723e-04
1.316923602238492699e-04
7.571985936274589261e-05
6.366019423296041444e-05
8.906561604933005394e-05
1.794088974210622815e-04
2.703591088377206670e-05
8.016767238703095797e-06
1.145675892418291064e-05
1.181001877971973665e-05
4.216639508236088576e-06
2.509510309537217821e-06
3.908269098283169732e-06
5.103006997743997284e-06
1.559902160289183069e-06
9.936290426028814209e-07
8.143894434379471607e-06
8.177924062512907926e-05
1.570772927006637424e-04
1.003284811301013551e-04
5.410038435861958493e-05
4.066147115637844776e-05
5.299650941770855624e-05
1.100741012286487308e-04
7.719285220578990327e-07
3.986514491361106788e-07
1.161572323664070464e-05
3.245210956340774448e-05
5.050581952738499379e-06
6.134439253270748220e-06
3.289219908728088429e-05
3.313061636512374476e-05
2.764049875853286169e-07
3.725581765381011979e-09
3.297076404735604584e-08
3.223570275905071007e-06
4.259963359730503706e-05
8.155022216279195072e-05
6.376560853154004233e-05
4.337175334236841517e-05
4.477632199245199494e-05
8.250424677638167276e-05
8.154158040890074971e-08
9.914807919017390389e-07
2.913384939217751515e-03
1.085017967237469558e-02
7.275472776042909463e-04
3.031947257481193165e-03
1.802138481836914816e-02
2.172242574342110946e-02
6.282202345791916282e-05
2.035794977187174305e-08
4.957378831760850448e-09
8.166288086961601978e-08
1.835868060552712971e-06
2.033878701302877306e-05
5.446987041460985744e-05
4.892456198170175579e-05
4.329489726022394715e-05
7.081964578663423819e-05
5.150871334107860627e-07
2.185528291966165658e-04
2.103099772358870467e+00
1.782515925858319417e+00
2.172694521758191388e-01
7.702848522161976907e-01
2.222142696248639582e-01
6.114203905564825625e-01
2.143051058628298033e-01
7.024229377541631311e-04
3.035263005063566783e-06
6.251974142717497452e-08
6.969773369031262576e-08
1.801617410760373943e-06
2.310786497984526475e-05
4.527649640801040558e-05
4.522608912536665003e-05
7.012709157172573513e-05
1.798886050102551138e-05
1.170593980226648442e-02
4.876109082014772333e+00
1.982187668545599024e+00
2.284437874404411151e+00
1.698626452863553737e+00
7.511018720730130993e-02
5.465020572178256320e-01
2.567274795046396552e+00
9.791777435021751241e-01
2.342495234957253647e-02
2.278864901165933535e-05
6.602676547090565036e-07
1.827097843935574737e-06
1.415870240461268466e-05
4.190580900378713762e-05
5.557780107846374963e-05
8.608281025897549475e-05
1.450767870478631664e-05
3.866911208841836405e-03
1.122149331905850200e+00
2.226650899204013712e+00
3.406084855836862157e+00
4.249226625789152556e-01
4.823258220762156878e-02
9.969554177067178058e-01
1.846588677395594624e+00
2.929525386266640830e+00
2.919018378543141612e+00
8.541209181261588679e-02
1.260145046970436496e-03
4.236079523529913475e-05
1.745096966755985707e-05
4.015777064570456753e-05
7.724248037533373943e-05
1.276880375013670439e-04
5.357378229416364612e-07
1.732628928935525344e-04
6.406452002136543422e-01
4.027566572512262688e+00
3.424551342551479749e+00
6.892466640217839169e-01
8.054185867165537804e-02
7.581127349301325369e-01
1.463995659842846520e+00
1.755900244389917875e+00
2.306089806671622444e+00
7.238616050322151940e-01
1.680384366011300479e-02
4.579690048298029587e-05
4.872686546176588644e-06
2.171523726357629688e-05
9.554464910330653774e-05
1.999089524702622723e-04
2.609755244712676419e-06
2.711329309726665492e-03
1.824776339491884558e+00
1.174827012902761370e+00
2.362132804470840952e+00
2.603534810154283896e+00
1.920894706625758119e-01
3.584749273766761335e-01
2.675555772907676766e-01
3.132265692947600044e-01
7.798467614902553358e-01
2.743156646843738500e-01
2.701666711792620641e-03
3.009299911401453305e-06
3.204476705880558588e-07
4.336462564549106946e-06
6.969614372794759858e-05
2.723671345539501517e-04
1.342795266790980185e-05
2.352474994893612864e-02
4.786551185169789946e+00
3.308537510979821850e+00
8.494869684781068742e+00
3.334430241141252971e+00
2.635600912156725317e-01
8.261296361849781444e-01
5.847832777271589899e-01
2.938453931218773518e-01
1.284187357837789367e+00
1.652905696894314769e+00
3.195848464020242807e-02
1.344181320874242803e-05
8.460338015316778529e-08
2.997793478667626891e-07
1.357639291002847900e-05
1.934110547834214198e-04
2.147971103718706675e-07
3.847401617851841597e-04
1.130025117776231269e+00
4.951866266920136539e+00
3.011594869228200633e+00
1.849148983868678542e+00
7.208660413656740040e-01
1.240534441412064037e+00
1.356537912869097307e+00
4.629391992587774118e-01
1.011008154151878946e+00
3.220393569202353756e+00
1.006416547106750325e+00
1.394657775823605330e-03
2.705044407991126466e-07
2.262719718240056917e-08
6.506452386315545983e-07
3.943734640887357299e-05
1.136910559427931286e-07
2.880077149681319840e-03
9.221964689409377414e+00
2.419610110833747996e+00
5.638323275350225483e-01
2.237924030165979072e+00
1.686704466478199604e+00
5.449917638426081679e-01
6.942096814225394708e-01
1.592218381803424121e+00
2.243921054482712840e+00
1.176915365093869292e+00
1.733861745142613930e+00
7.985142733505158630e-02
3.778643608695785223e-05
1.400134033511554322e-07
1.036865928632733974e-07
3.586684724808377292e-06
1.697541269325004044e-07
3.681511984453377656e-02
5.826096883569069718e+01
8.271350615042678101e+00
6.969727312685765952e+00
7.764759014854416996e+00
2.528166382953660474e+00
3.193135688855318399e+00
2.797308261306507671e+00
2.864950150307361998e+00
2.942771454402414388e+00
1.795703671858296602e+00
5.430230815655435528e+00
1.785422001081261589e+00
7.354990362159881390e-02
2.861967551467531345e-04
6.575462602527307498e-07
6.714503770731544620e-07
2.385352177526556673e-07
2.544373277188062207e-02
1.989625671381964978e+01
4.619634957623932614e+00
3.923565913459999166e+00
1.351481695954674267e+00
5.272417769230741680e-01
2.567197778040567702e+00
2.217617109530490627e+00
1.195151046654675309e+00
2.158634945472143851e+00
2.179492884001981157e+00
2.352159771148282452e+00
4.273763227848220714e-01
7.480303220400738029e-01
5.678912212094191364e-02
1.131789503204910448e-05
6.196878535256654238e-07
3.396758315947243204e-06
1.397345128212094251e-02
1.870237731477422338e+00
1.522848969412865294e+00
3.080222577471661616e+00
2.824456221090866581e+00
1.111578080106340627e+00
1.037445241961942211e+00
1.230252310292349938e+00
2.446297092078135726e+00
3.099216666024353195e+00
4.445369166961287144e-01
1.370139468893320500e-01
1.319280942902590660e-02
1.221445629275685375e-02
5.231591267200031911e-03
1.676086275918014021e-05
1.940560045976558167e-06
7.349805379045174438e-06
4.474533776457510965e-04
4.346007926205865818e-02
7.644733787103243916e-01
2.550017882137444847e+00
2.266496570681243217e+00
1.849052250552950971e+00
9.120312176860386755e-01
7.280410082675501382e-01
1.551401272620487548e+00
2.805293921187729467e+00
1.810664167571238714e+00
7.384624273946556183e-01
8.293541346609549850e-03
1.505337623460117338e-04
4.623890824585486772e-05
9.627169975140680263e-06
1.100434644501670906e-05
2.230487786016353098e-05
5.293551703286469281e-04
6.963186415680663877e-02
1.028772723361421892e+00
1.545295080923880571e+00
1.065752831857050831e+00
7.286127286224934885e-01
5.817457390040017273e-01
7.829103670013681793e-01
1.023717724770600856e+00
8.020271081929717383e-01
1.276658038618535329e+00
1.474379234904359959e-01
1.270423966835216776e-04
1.463636052330288396e-06
3.119368272784517513e-06
1.524310850342794544e-05
5.756258213348989969e-05
7.544092207224229981e-05
5.998810142530411338e-03
8.565925885685381491e-01
1.122891839289593241e+00
1.264586276746381133e+00
1.874864326277441151e+00
3.437791998961338136e-01
2.614866877225971442e-01
5.086262488455826070e-01
1.491236882979365408e+00
1.590328997475552120e+00
5.779533866235964101e-01
3.886858383673294504e-03
1.373663293737144836e-06
1.392938490835791609e-07
2.860957030257095665e-06
4.274573836574529313e-05
1.555003641084167420e-04
4.332318644519710918e-06
1.412331983666720140e-04
1.129585061341876057e-01
7.807413904241329305e-01
1.135309879525909116e+00
1.662094498863625924e+00
2.709965754130678750e-01
8.602799627659532544e-02
1.528965743709152086e-02
1.181560207857804551e-01
2.747687149238847937e+00
1.608247513680789442e-01
1.099204438337481737e-04
4.041073971852634342e-07
5.877885811763633625e-07
1.368010989266246912e-05
9.408418420548372754e-05
2.008761525777050607e-04
2.561740180382329106e-07
4.324414370911673187e-07
2.565831780542663786e-04
1.124430232339985319e-02
1.471900594806968901e-02
7.311815487523083690e-02
9.349075724773906471e-01
8.636785372722572962e-01
5.028877166485703869e-03
2.099414341715757221e-03
1.725389955113361060e-02
1.413481866479750053e-04
2.255358565037135489e-07
1.329103451602635283e-07
3.792099495094848681e-06
5.077407072542829310e-05
1.173156535884306887e-04
1.652359763697474075e-04
1.324943972299310805e-06
3.058833928555596104e-07
3.215584867929527628e-06
7.444769027767708150e-06
1.592392381025644758e-06
1.506476814035976560e-05
5.891606501102417126e-03
4.827089450607383730e-02
4.965749109526417220e-04
3.314240803317537851e-05
3.006377431172793560e-05
8.068507101673978343e-07
5.023117536011603880e-08
5.146183476972165069e-07
1.806270921379158717e-05
8.103004796674902340e-05
9.360367785814386135e-05
1.187957860405998005e-04
3.157690858069643494e-05
7.375584132113655503e-06
4.577582283225155137e-06
8.701636146253884447e-07
5.718818895681198006e-08
6.402011616369548051e-08
1.319920477876954717e-06
6.282226848229021352e-06
2.298984837837837008e-06
2.208409708660913511e-06
4.850858911202190293e-06
2.389041381431562430e-06
2.003227338438461103e-06
1.125762698728102369e-05
5.410774691172629089e-05
7.294151704056294351e-05
6.531234582672402914e-05
9.289465282574769253e-05
1.468411370640276207e-04
6.365370514287609159e-05
3.299406004051770618e-05
1.018669591992788091e-05
1.762375953713914698e-06
5.323121029130755057e-07
3.750739479173804170e-07
3.845882175547818797e-07
8.229798438828312474e-07
4.494594935163673946e-06
1.895942364082432092e-05
2.878774914760900587e-05
3.554214592881523482e-05
5.550600824488233643e-05
6.652594620098139459e-05
5.599972789176023647e-05
5.503967621768239397e-05
9.147347527817358459e-05
1.945645589482524179e-04
1.143324166943760823e-04
9.209952610032067053e-05
7.998436143266489644e-05
5.515515150882371236e-05
2.923083162504067154e-05
1.389263233619351163e-05
9.382043212844123144e-06
1.470068511388488115e-05
3.915838166436486003e-05
7.873560462031643022e-05
9.141532262704632635e-05
8.444849377169515062e-05
7.695223466676607193e-05
6.695306018501241761e-05
5.970390410209779427e-05
6.923018145469814980e-05
1.213464322650946225e-04
2.506319843224492526e-04
1.673784165748798251e-04
1.605904202183584340e-04
1.986383225135770743e-04
2.432836502721337014e-04
2.437945321319484268e-04
1.967480675586377281e-04
1.563679806444182377e-04
1.536552317274802949e-04
1.748537078176165451e-04
1.821689021331724940e-04
1.619174011530336986e-04
1.371298448247712238e-04
1.205275198437899694e-04
1.098117043884763624e-04
1.081957870275125682e-04
1.312279809840120762e-04
2.104879684723292481e-04
