1.529732756768659521e-04
2.721538742185328525e-05
1.766034070595668548e-06
4.161385414589298830e-07
5.248861546705015064e-06
3.508949958859709030e-05
1.838182130057154617e-06
1.057107396005027086e-06
3.889812280117902160e-05
4.928853883329434874e-05
6.218096088849048056e-06
1.012399082535847455e-05
5.894524555140132077e-05
1.138948171381301273e-04
8.369585482723347104e-05
5.837469812364352352e-05
6.232372058971088612e-05
1.010404731802972805e-04
2.354544277315238711e-05
6.409278315072979503e-06
3.373215838058570439e-06
3.616921644073139388e-06
1.333364641299722604e-04
2.699316075876337113e-03
5.812844158914229711e-05
4.006445993977300260e-05
1.323344203433503112e-02
3.490008322791849412e-03
6.738494076761979880e-06
2.398594296165659587e-06
2.928723457900497961e-05
1.078346125595668569e-04
8.634638759175680201e-05
5.390172012039039267e-05
5.372304016788919756e-05
8.932717554077388637e-05
8.295165671734902610e-07
2.176476134968992427e-06
7.173699707969339798e-04
2.255273485967060690e-02
7.712356216247416574e-02
8.492763697905143516e-01
1.054576260400459375e-01
2.704001176381639476e-02
8.943637177663201765e-01
3.484402267172941048e-02
1.083430432059553465e-05
1.622672934044612815e-06
2.257187324748467298e-05
1.137366754763013271e-04
1.112565088851539933e-04
7.791097938698242050e-05
8.083864362542299200e-05
1.285123591514657888e-04
4.359774275669390708e-08
9.984415936034494002e-07
1.949157004788884540e-02
8.468607446730205268e-01
2.592497245239882078e-02
9.648975287764366415e-02
8.487682971681730359e-01
6.174224515442910260e-02
7.843558072557309593e-03
3.810043626043512757e-04
4.047527501903102632e-06
1.434477290386092210e-06
8.506429870080051101e-06
2.772553532594757158e-05
3.547562982882062314e-05
4.882840121959237440e-05
9.548591500518082049e-05
1.961584092641842434e-04
2.974603745186651122e-07
5.337185755098478685e-05
7.861367769503105341e-02
3.185021096772753385e-02
6.116141520338304739e-05
9.244014496254892535e-05
9.911381908797619114e-03
1.507153872402764187e-03
1.236179267981969430e-05
4.439401105053052525e-06
3.167840990981422573e-06
1.296507102386381202e-06
1.672174706309028531e-06
2.108203341073389199e-06
1.589203567582028828e-06
3.618729645167902300e-06
2.814703685561072982e-05
1.682786095181884752e-04
3.501963481919083090e-05
2.543469444953925379e-02
8.394556922344382777e-01
6.913565823537817789e-02
1.909949058268638590e-03
4.343881894171632311e-04
5.596304852319789261e-03
8.326627355911329562e-03
3.040037977482973352e-04
2.870007881119691147e-04
1.733564504329241393e-04
1.341899019112472335e-05
1.706963905577273875e-05
1.640026756364902427e-05
7.105592776477667548e-07
1.759979064645652406e-07
2.467648809134127474e-06
6.668659065984050105e-05
5.131953957145711590e-05
2.715076396617204218e-03
1.244934550085370628e-02
7.509934058283873615e-02
8.419903226318234957e-01
5.546234971323351498e-02
3.865644269317729254e-02
8.549788263663539167e-01
1.140434821881742611e+00
9.178831525835723371e-01
2.814681602451300432e-02
4.664356573498877547e-04
5.979625607908027433e-03
3.947379089946104896e-02
1.428774669788149048e-04
5.456245386066384145e-07
1.068462963052449579e-06
3.142034427194299911e-05
1.181099809574746301e-05
6.069882483146325650e-05
1.504154630099823397e-04
1.904484507137785450e-03
2.211186051765526295e-02
8.012084505239083039e-04
2.883667997085675116e-04
3.058503298651762611e-02
9.702424027743794532e-01
9.787536224893877979e-01
4.674654703311450187e-03
4.550577876180590198e-05
2.942905328044571975e-03
8.109115525790028256e-01
7.578934507757618955e-02
1.592561320970967240e-04
1.420657960954036689e-05
4.750302148183255057e-05
3.450108634604312935e-05
3.059820447975376400e-03
4.031080313176485519e-02
3.952746710421673783e-03
4.298664316501135278e-05
3.931048459789995079e-07
1.722636846833173390e-07
1.151202402437014405e-05
1.996590607971067497e-03
7.493574298407664272e-03
4.262205942874594078e-05
6.500896571238014816e-07
8.602056495988767595e-05
2.601095156399437225e-01
8.746139823247748302e-01
6.351138268103241960e-03
1.184049694828939481e-04
7.349645993574341048e-05
9.830970622654381158e-06
9.680131402753366920e-03
8.315976989544906495e-01
4.268751109063565786e-03
7.102764326235570211e-07
9.463810525573322996e-09
1.835250801788851955e-08
1.494924219187063997e-06
1.706252366356149309e-03
6.106468892733449977e-02
3.550474420018758458e-04
4.174364130080298205e-06
1.125629002999878510e-03
8.007689192201540296e-01
7.162829164906601986e-02
1.241005413512260886e-04
9.044580264714509733e-06
2.549196201418086155e-05
9.756834313966057778e-07
1.193346247130341225e-03
2.249632016621200548e-01
1.251351593021466507e-03
7.586125147380692811e-08
3.135004813996694100e-09
1.767547217660865519e-07
4.421300090147963391e-05
1.555630553638218290e-02
8.306397584052984673e-01
8.863728675812513128e-03
3.697749064655872302e-05
2.736338483948995513e-03
4.836664658982377935e-02
4.619910823309942649e-05
1.029551341908568989e-07
2.254580865318696964e-07
5.985223621143754113e-06
1.997122606743008109e-05
3.212539121831587546e-02
4.710463444543668388e+00
4.945361778931509772e-02
5.337672896990232643e-07
1.316700612627317201e-08
3.581811609474217227e-05
1.363531977482515360e-02
1.355226715875005108e-02
1.098097809793288360e-01
5.980479179703485082e-02
1.182339862506728932e-03
1.461402139680407185e-02
1.776629068233795752e-02
1.172489067330063456e-05
3.177054802986173553e-07
1.214868603970247588e-06
5.327330336782657325e-06
4.581892675878299244e-03
9.821388011426961384e-01
1.221408506414803874e+01
9.277001162972270398e-01
6.499715048640782793e-05
4.871825811229349650e-06
2.740535760962247575e-02
9.107560260714113731e-01
9.205615991608471008e-03
3.229161747332717769e-02
7.560627938836371742e-01
1.444087779304265295e-01
8.936126335796584774e-01
9.721913598289460001e-01
1.427305356180914690e-02
5.040818190053907369e-03
7.315966485053367182e-04
1.352076365719470321e-05
3.735381320461729493e-02
8.681001508372242492e-01
3.065742057888637628e+00
2.942225710947815820e+00
3.910457039147935410e-02
6.676477320662788095e-02
9.789989982637639088e-01
1.020050094917793887e-02
3.087918129685759950e-05
6.393002304139998185e-04
5.668820951139614400e-02
7.828814833073629090e-03
4.319970764637889697e-03
9.489781262532444653e-03
4.406758543443573678e-02
9.172088863665140979e-01
2.719978931477476033e-02
1.981524628610452642e-05
2.944317540480329985e-04
2.432999775501865775e-03
8.502814220490895192e-02
7.390780574106952105e-01
2.482888410859902528e-01
1.668351391759544056e+00
1.202903606276184978e-01
2.744906293446906898e-05
9.921335860396285050e-07
2.480913062069746325e-04
4.045769145013655699e-02
4.465034356858576755e-04
5.677465211779308820e-07
1.788333189730340607e-07
2.755072835869109765e-05
1.023883843968570462e-02
2.042052059983749234e-03
1.148097098074012218e-05
3.700169093712496948e-08
2.100430973665564507e-07
5.620693717458861375e-04
1.259304138618797531e-01
5.599946485083765607e-02
2.653131187725434395e-02
5.168640441859368925e-03
2.142052896346863678e-03
3.729920473914046745e-03
4.071656166452881226e-02
8.387839815543604027e-01
4.147708132209554019e-03
1.200562641463087467e-07
2.128150623940515773e-09
1.406465484748008811e-07
2.837503369144639710e-05
4.973269248421481787e-05
1.137421274776763468e-05
1.437533797461787832e-10
1.139311351665097496e-08
9.155279104662530270e-04
8.468252190484502062e-01
8.836764910900057890e-01
9.468190038648761908e-02
2.804948956233141097e-02
9.082825557748968048e-01
9.826720168623794827e-01
1.713763169851069412e-02
7.318665991802403292e-02
7.082741308760698296e-02
3.316051063554857593e-05
9.180789704804095015e-08
3.005874894188826382e-07
7.565539412031644363e-06
2.439213729601053833e-05
3.156950433376196313e-05
1.719767030009356190e-09
8.859943577736171234e-06
6.085851937105921095e-02
9.948940433623786050e-02
1.226867865072625990e-01
8.066903228702390072e-01
7.810733513524825700e-02
1.527736030341282289e-02
1.352142292048677530e-03
3.157891001758772860e-05
2.201218741402042201e-03
8.703355180019054504e-01
1.963660395255390628e-02
1.939488887962038854e-05
4.817883548812956917e-06
2.406927038872815424e-05
5.721745620369139175e-05
8.074958370317753052e-05
1.649472305458452029e-05
9.636144032999417741e-02
7.447921761852125400e-01
5.630705320811359204e-04
2.770804781647712975e-05
3.884435958131368400e-03
5.276029056037783577e-03
4.758029353460545112e-05
4.730825946199170033e-06
1.086751400792045484e-05
8.195933655440074692e-04
3.528933942740135332e-02
2.669059623184092105e-03
2.988149807466064812e-05
1.520560559090750676e-05
5.224636670186598306e-05
8.852055105886997579e-05
1.034518306749321017e-04
2.133483493944918902e-02
8.529345844119442521e-01
2.655615176268706912e-01
2.901049081182387364e-03
2.375183573702809153e-05
2.959094327282102139e-04
1.343618341212678147e-02
4.015544593383342260e-04
1.354408425648506709e-04
1.068854372676305946e-02
2.147501312741595045e-02
3.911544182292871967e-04
8.764502809591322201e-06
3.713325976260371873e-06
1.550403803532029125e-05
5.784396059036958507e-05
7.993398334042462611e-05
9.078142422466906221e-05
4.826419160301508374e-03
1.356697604092790355e-03
4.409782795271227455e-03
7.693803144218809287e-01
1.204677805379173738e-01
3.620337224432664675e-02
9.006454533575205534e-01
1.585889281037401385e-02
2.226997189044178840e-03
9.446068112403396277e-01
9.792156860627739823e-01
5.761820622665923342e-04
4.337716295933804187e-06
4.743383786304982289e-06
2.370942272542694157e-05
5.662433889498358732e-05
6.634201640142025702e-05
8.069333563473794681e-05
1.368471516650359644e-05
3.985208133237761559e-07
5.966225084468542717e-06
1.473695179100254493e-01
8.298092049894697508e-01
9.642129226705072054e-02
1.912434710421761608e+00
1.266125619104553346e-01
1.381036699133352322e-03
1.156436045523024855e-02
1.510425386846059141e-02
2.043602930325840665e-04
1.487278698139784569e-05
2.055169435781781863e-05
4.580552308017653724e-05
5.891300553671137858e-05
6.151920429234412782e-05
8.029867547763252340e-05
3.989038209029331327e-06
6.854417575716006990e-07
6.193275309659074395e-06
1.466456195503602553e-02
1.545378914020451369e-02
3.343831153287772358e-04
3.816448559859019624e-02
8.808629908730073454e-01
7.363194968437923593e-03
8.491446132185913841e-05
1.575617628543156781e-05
9.571517185757347134e-06
1.832601289843083182e-05
4.761275550052466662e-05
6.612103963453060151e-05
5.942117838143344349e-05
5.826980054267148063e-05
7.947382664118141245e-05
4.873624744200856008e-04
4.897633209501585545e-03
1.458752836747277855e-02
8.947231826610889671e-01
5.280851792099795078e-02
2.753718971188987504e-05
1.597344361505888429e-04
2.806906109801692722e-02
3.456522372809810433e-03
2.068199176262714564e-05
2.826322378934822423e-06
6.917189941479601344e-06
3.223767836140715716e-05
7.503013244754925745e-05
7.603166634381419643e-05
5.868512738408058349e-05
5.659230779992995605e-05
7.998888180989349055e-05
3.898462539200625576e-02
8.959892913027326378e-01
9.766814941778832748e-02
9.953566220373218920e-01
9.731486605584126481e-01
8.667918752525930609e-04
2.024801866275619214e-05
6.177527828775366463e-05
5.722778648421014127e-05
1.545991908226896215e-05
1.456987208476184769e-05
3.852073387429093059e-05
8.961282995103120829e-05
1.167587682916651872e-04
9.681052395647329076e-05
7.502559821979171747e-05
7.511465682199386113e-05
1.058570673887151590e-04
