1.422184484492683334e-04
9.649891550065478802e-05
7.499230451810554531e-05
7.258646290386638780e-05
8.709313422570379506e-05
1.201018003241502755e-04
1.508209194244496023e-04
1.437300745730869984e-04
1.088956069579663700e-04
7.377535264969066280e-05
5.040806244729628541e-05
4.058650489573023280e-05
4.099925946977721884e-05
4.571880366647854528e-05
4.780378024793820890e-05
4.725724993039250840e-05
5.372144890503060264e-05
8.006884379596626512e-05
1.000850011453190028e-04
5.067347458586512121e-05
2.714088500979307164e-05
1.771121507284100671e-05
1.732392187184210797e-05
2.730577350089987378e-05
4.649086988940236289e-05
5.987064062585965981e-05
6.105393495692299844e-05
5.273381725984751563e-05
4.042647811560206369e-05
3.285939778785405965e-05
3.170659031544309091e-05
3.330933908577037641e-05
3.344577155760501962e-05
3.232257771170915256e-05
3.606999508160764500e-05
5.510520044731732241e-05
4.225996063004390507e-05
1.133052467326154282e-05
3.729659952821001128e-06
1.996508377650934302e-06
1.581393177766735003e-06
1.520315319566911592e-06
1.640628662042386810e-06
2.354767877057784307e-06
5.309919894104754401e-06
1.405683833815323989e-05
2.634446301772498135e-05
3.172533946426802764e-05
3.262648387738595644e-05
3.387181760868945959e-05
3.366383315374896662e-05
3.150147331626448693e-05
3.265355160236459495e-05
4.668525500573686806e-05
7.682952171327278495e-06
1.511128639444242568e-06
1.398754536770134100e-06
5.609786881810474380e-06
7.967128711016893214e-06
8.668652248766050568e-07
7.650326371125951622e-08
4.888792872924282272e-08
1.542790395500182871e-07
1.280880343879070532e-06
1.019234401526100380e-05
2.454198315452862852e-05
2.705429159081125225e-05
3.126122599041129829e-05
3.633847818666741765e-05
3.496336843232700253e-05
3.343285339190310454e-05
4.396474762184994766e-05
1.450292853706195004e-06
1.626210993150817343e-06
4.313922687053433009e-05
6.339317495995637486e-03
2.711724848904430510e-02
2.507327415338700448e-04
3.902274617869450979e-06
2.381799020130021726e-06
1.477573865171664362e-06
2.585192773384620486e-06
2.314868789958784702e-05
3.657380061222184690e-05
1.557443658429976248e-05
1.707519255469047955e-05
3.105414411541395660e-05
3.706609278775591348e-05
3.508950491456090849e-05
4.395019107802062506e-05
1.537500473647542519e-06
1.176790308847843771e-04
2.549529227070621712e-02
9.741238124306672574e-01
9.289905640696159983e-01
1.040502114336244038e-02
5.440690409491505571e-03
6.573235093778852234e-02
5.165843151098648174e-03
7.817367248166542850e-04
3.693182969844038561e-03
4.938769884775103198e-04
9.917904043735602268e-06
5.592496418143284682e-06
2.062992727290389287e-05
3.828817420582168035e-05
3.815021251752809690e-05
4.558589555121087786e-05
4.830822066823353061e-06
1.698211093222052465e-02
9.437895672742401265e-01
7.501844341261758309e-02
2.588906054441217786e-03
2.633786077878791463e-04
1.522645433766492765e-02
7.404399284126779168e-01
1.886436524183498012e-02
2.091007095430475610e-02
9.686645442350727553e-01
1.403419981228661018e-02
8.428598666643961139e-06
1.890918147557932181e-06
1.325848633162797483e-05
3.887304382654012652e-05
4.137706060956286732e-05
4.686989822401920592e-05
4.250765785935460542e-06
2.875333528719490120e-02
9.040834548020582062e-01
3.308657931464464852e-02
1.781628815420654988e-03
9.351640849324802584e-04
1.196650283499224310e-01
2.931133832791242844e-01
5.164356537151474280e-04
2.636035610158836331e-03
9.651996772178611517e-01
1.669327702703665359e-02
6.817279059634450856e-06
1.449839037158013909e-06
1.147793712597779931e-05
3.734910699562856839e-05
4.137779266590013559e-05
4.633882194532925225e-05
2.056103314229693788e-06
5.711707398372591754e-03
9.977674326109267078e-01
1.225877178053136562e+00
6.913457534654036118e-01
2.267755315174534436e-01
1.534273766279000917e+00
8.048101825035984813e-01
1.055584810959162055e-03
2.876070620423098740e-04
6.520095071723497858e-03
6.020436071725792726e-04
6.114358837478589639e-06
3.330855104272830090e-06
1.536425804824169395e-05
3.460656068864010248e-05
3.766196939972851700e-05
4.436373846379222018e-05
9.344167188441987533e-07
3.013372587363943780e-03
9.939106599076460435e-01
7.840033103784506130e-01
2.043442592662731094e+00
2.203384700889352121e+00
3.390936769444565235e-01
1.829716830945840866e-01
7.926266192974739874e-03
1.532479657456459069e-04
5.958843478107345479e-05
2.924921174865168777e-05
1.029002447407711748e-05
1.228229766059787281e-05
2.391064436976601058e-05
3.089316006583561026e-05
3.221547341643985515e-05
4.246077061902709694e-05
5.225039452450813372e-08
1.040541499968058352e-03
9.845817630367257323e-01
1.632007974049294874e-01
3.789017824153622649e-01
3.077521644856909599e+00
1.128386554838365585e+00
6.893075654281953790e-01
1.833381677009911920e-02
4.626461137019491029e-05
5.734269185932046061e-06
1.276650327631470419e-05
2.584331649960232025e-05
3.294983410498999185e-05
3.140107695606306307e-05
2.670312523759822395e-05
2.775074117363523943e-05
4.287159672844313084e-05
9.144604637176902910e-09
1.493372003724008704e-03
6.052188001694093877e+00
1.683994058654892489e+00
8.160146815602524750e-01
8.044320526195919419e-01
9.714016700857154296e-01
1.809260431505557432e-01
1.059657428182954325e-04
3.527620023212942610e-07
8.071551422402661789e-07
1.213524841741755851e-05
4.435556950975428156e-05
4.927870120083651512e-05
3.373303486129339415e-05
2.394856309903735055e-05
2.603680186553108689e-05
4.596160579281397955e-05
1.634742698936422960e-06
1.183663882139619483e-01
3.667121404347812330e+01
5.796797542470557119e+00
5.377564656331208504e+00
3.057952713336599793e+00
5.049261125694722852e-01
2.709320444658828292e-03
2.778816926196131713e-07
1.233294064129432153e-08
4.540207792256628702e-07
1.048849363768173122e-05
3.328677223413829529e-05
4.221965625536851886e-05
3.155250312755436770e-05
2.303723855741510740e-05
2.651769879079069454e-05
4.866414462394086837e-05
1.247719685830274081e-03
9.088011712357894067e-01
8.182215064052805076e+00
1.420579335542815347e+00
1.724256658216557270e+00
1.566336346314279426e+00
6.632748536510000292e-01
1.679061038815614360e-02
8.867866043568102460e-06
1.223834806647089005e-06
1.382290762876603158e-05
1.469150814064088986e-05
1.128679566021140249e-05
2.213514539882186567e-05
2.841523470164682131e-05
2.515413977659887150e-05
2.917047278103214480e-05
4.980786725177201667e-05
9.230981196593987265e-04
6.278343173593715389e-03
1.917257951226478824e-02
9.848987655127494634e-02
6.451107027277614980e-01
2.853560330856377281e-01
5.338643192692476003e-01
8.067837249861717908e-01
1.036497683875907058e-02
5.651726260924791467e-03
5.192426636254718168e-03
3.554059249679263115e-05
2.906804685239173527e-06
1.085095832520785455e-05
3.155451337493334014e-05
3.371978822034764806e-05
3.395349191869154984e-05
4.915516860972032176e-05
8.932304389835692604e-05
2.713363047588156392e-03
2.180084180887171749e-02
1.226613495558783601e-01
3.128318573740778596e+00
1.803987947851489082e+00
4.888982463268573553e-01
9.283946341944484537e-01
3.529136435429045537e-01
8.057619597800138589e-01
4.480957468072194194e-02
1.625937699123911718e-05
1.030451392178317362e-06
9.959319331614220451e-06
4.878895002192723659e-05
4.863242287559446349e-05
3.710646401578309296e-05
4.515579860730575715e-05
1.742687284133370389e-05
3.194458979571244278e-02
3.835813156204050944e+00
8.730220204173563259e-01
9.217035837847161739e-01
2.014107426370578935e+00
8.116843793049779432e-01
9.394543429428245940e-01
7.250803716904733465e-01
5.356443519121795865e-02
8.329141903084536760e-05
3.047749234701173806e-07
6.681861227026635576e-07
1.917258522207410776e-05
7.588895237267849806e-05
5.446824236589016213e-05
3.469599507640031271e-05
4.108649332783423049e-05
2.092320492539750698e-07
1.848306625818052083e-04
1.059363993169159857e+00
1.296424995874399855e+00
2.830388380722433442e-02
1.775041578382919455e-02
2.513959684138881295e-02
7.755462118980425978e-02
2.561344874556938933e-01
1.342707212721357514e-03
2.360985259322616402e-07
2.652263995419807946e-08
1.428507053353401444e-06
4.455423826126307576e-05
8.064363577857069335e-05
4.201510372186282135e-05
2.928011879428988647e-05
4.154723267606569802e-05
1.251447940332984968e-08
5.378233487693541526e-07
2.410713191959639248e-02
1.559809893743923981e+00
3.518038249037407084e-02
1.750930878139361074e-02
1.148398218610739013e-02
9.302616768385495519e-03
6.591068384381536527e-01
5.700376315571975550e-02
5.908011754684489956e-06
3.340234113376756745e-07
8.162293576061991975e-06
7.616186254089752977e-05
6.359111581380293273e-05
2.946412168489174102e-05
2.632850810032560343e-05
4.792403215187735589e-05
2.173574005761780693e-07
3.577516529165759455e-06
1.982203923836543466e-02
3.122472834121070018e-01
2.524907743533126581e-02
9.238636793530368152e-01
1.954539826884250431e+00
4.149254981602586850e-02
1.242410331654635991e+00
9.333763358122653120e-01
1.488577032315729779e-04
2.588554982213356636e-06
1.827232506182513091e-05
7.919612254434060653e-05
5.101862335807716382e-05
2.513536302934678670e-05
2.727104702165352877e-05
5.751915763309683847e-05
1.537851380585280147e-05
7.378106774468891522e-04
9.616286972683960599e-01
8.019660543647190165e-01
4.526849663240396088e-03
1.006159566817972500e-01
1.872566377860513942e+00
1.392835942510391722e-01
7.515851906205633925e-01
7.885732343201594385e-02
1.240926654074238128e-05
6.416156099651922474e-07
1.004427961606798824e-05
6.101899415883947056e-05
4.683780822994644918e-05
2.572634337701270696e-05
2.968018094754075478e-05
6.424609663593160527e-05
2.030076981066696566e-05
1.711773324852418712e-04
3.589333142820703287e-02
3.847633272098674451e-02
1.052188684836778855e-04
6.262293401603534276e-05
1.424578716232961307e-03
5.362840012135322923e-03
2.985826867558590003e-02
8.131849114121378168e-04
6.921848075007394767e-07
2.831388105206072057e-07
8.152882250947573317e-06
5.297458667470655494e-05
4.511042094691849677e-05
2.675064746369774430e-05
3.097911285601632364e-05
6.560422633256200351e-05
4.933961268235639700e-06
7.190882894719571260e-07
1.762272105559475614e-06
3.841889858360666484e-06
6.720667425110950705e-07
6.147010495469287626e-07
4.300626352165111966e-06
2.008773770860270710e-05
6.205190331828194339e-05
1.070612513356188892e-05
7.220700678774121922e-07
1.620805551767539462e-06
1.898594359449716699e-05
5.505855955310400647e-05
4.069583829802924876e-05
2.604917113095107874e-05
3.150652178590761227e-05
6.517119116647662703e-05
1.309520987292629641e-05
7.607150261031460155e-07
1.750961089955525410e-07
2.833618346103863941e-07
7.641467655971324342e-07
2.275600258008910950e-06
4.638337938983930729e-06
4.730764001357134342e-06
5.461390384983864959e-06
5.578601887938050033e-06
6.638858349294552826e-06
1.849001615821360599e-05
5.056622727633657520e-05
5.863542633097669656e-05
3.734537681931065421e-05
2.696204858047083680e-05
3.520308710283872369e-05
6.977660562636537299e-05
9.338155424017342886e-05
2.686057484860980801e-05
1.083234837932803286e-05
1.241291365613355398e-05
2.695068196829228393e-05
5.148711675066780540e-05
5.290540703827401975e-05
3.378644214311654398e-05
2.798104862168229132e-05
3.728680092586427434e-05
5.913463190073581130e-05
8.672655394797286965e-05
9.430307279741908860e-05
7.169574128263977411e-05
4.703061222345263401e-05
3.911457662013373990e-05
5.178876967633384289e-05
9.031355026896944278e-05
