4.095086752037979124e-05
4.542330020887560340e-05
7.169898501057334094e-05
6.772249926349030457e-05
6.945034573383867399e-05
1.215125634004290777e-04
1.966800964677045595e-04
2.002859153977128148e-04
1.523655293294389054e-04
1.071740195322153913e-04
7.921750206221948669e-05
6.824594764520610247e-05
7.072711820971939979e-05
7.810676837300666042e-05
8.026598988414050879e-05
8.012041407686338592e-05
9.146102448508237523e-05
1.373269551705656407e-04
2.078376373075380458e-06
1.993702017788772071e-05
1.499688535282929361e-04
2.687572691072666916e-05
4.234782854793047669e-06
1.032350670239646424e-05
5.300190144872114610e-05
1.128261370025964762e-04
1.165524395685908277e-04
8.864914258128789282e-05
6.431759751530709030e-05
5.253003141311848520e-05
5.044870478112189967e-05
5.041693704905946010e-05
4.751572598061978544e-05
4.652598414254026051e-05
5.605376774161512803e-05
9.400013483898915761e-05
4.080897703225860223e-08
5.486254699412537983e-05
8.211822653871041211e-03
5.090223751826469464e-05
1.410519351580145394e-07
1.748626203210002813e-07
2.343786126956117002e-06
1.647234635428527312e-05
4.800163196422183536e-05
6.968509402309397882e-05
6.764694562013329941e-05
5.851533083549204952e-05
5.217201874909953031e-05
4.701010745729542747e-05
4.194470039142031333e-05
4.146197239810068137e-05
5.179839792841873283e-05
8.927158052947357957e-05
4.051665575024222501e-08
2.041572312669078740e-03
9.768248955175158343e-01
1.580068156903742397e-03
7.010683065096957892e-07
7.106490752778309430e-08
1.370334201371877277e-07
8.457759846703482644e-07
5.364854642165620859e-06
1.954072631347231320e-05
3.989084494801044999e-05
4.893819632957430681e-05
4.751884755726438380e-05
4.519764523514191505e-05
4.354952493967102913e-05
4.539258831295173521e-05
5.744155390165658464e-05
9.749617289283043998e-05
6.573359048460746077e-05
1.592509690659962562e-01
1.771836704367338200e+00
1.576733985415694483e-01
4.606544274561768029e-03
4.837096709264858364e-05
3.635721525991598417e-06
1.775268346607461030e-06
8.738065470361705652e-07
1.941521757721441259e-06
1.236578712401548178e-05
3.015271703277092884e-05
3.181919801530473652e-05
3.538484254844351511e-05
4.294838129063874077e-05
4.869713886727001004e-05
5.939104307705251234e-05
9.730330573986694959e-05
2.118451703583809284e-02
7.173350853022543161e-01
2.800553214856995043e-01
9.003438805243840770e-01
8.311336740444391635e-01
4.044079482392228669e-02
3.297506426514233008e-02
1.477509784741489352e-03
1.760899432650752970e-06
7.101557523123990886e-07
2.522132845022546059e-05
8.048822655585483868e-05
3.165992804725590865e-05
2.541529296008801888e-05
3.925807463939572051e-05
5.026413816871735132e-05
5.707628087804003805e-05
8.758784776790165592e-05
3.792500944624959606e-04
1.240926916915439659e-01
1.126491996433896414e+00
1.823814366842616996e+00
2.249838142270720320e-01
5.198735578621045683e-02
8.577545220147910765e-01
2.507774336771183624e-02
8.731715218688495183e-06
2.635256111969311012e-05
5.324193696828915384e-03
2.656874003488728445e-03
6.619144483728123132e-05
1.942291076697352152e-05
3.465980516745430397e-05
5.255577767914419300e-05
5.811556942873468947e-05
8.309145138890403233e-05
2.573888992100487672e-06
6.370912376813096627e-03
1.437736020767474754e+00
4.398225666061253314e+00
7.839049283878678498e-01
1.916101363935115293e-02
1.301561359408106916e-03
1.065205160031492836e-04
1.394222868920971770e-04
4.500955604572565855e-02
9.488227244466077570e-01
9.471861922001053452e-03
3.978765799482101391e-05
1.160589132839332908e-05
2.983105176312092938e-05
5.483903790247253012e-05
6.375308219575798294e-05
8.899339342033547352e-05
2.095173375990505419e-04
5.038163502480263317e-02
6.447031465856259969e-01
7.764496291567651864e-01
1.821992538621796776e+00
1.767700389319318000e-01
3.120792488505968586e-04
1.362824589280041269e-04
7.777571943740645144e-02
1.886543532303586179e+00
3.424253139754502434e-02
7.283050258217932990e-05
3.373740458732525105e-06
6.048203115393835101e-06
2.673887548622584030e-05
5.384771794124085557e-05
6.610342087678294266e-05
9.579687202205351346e-05
1.119841383606048901e-02
8.577988658379976927e-01
2.298607776971341998e+00
1.940795062365509027e-01
2.973583145682593409e-01
2.735794033020654936e+00
6.651116384572793028e-02
1.845226662069577098e-02
8.508792771574966718e-01
9.377580352815666209e-02
2.067373121088419952e-04
7.207149966137910710e-06
3.516763090536523042e-06
8.227478797289516346e-06
2.676983905544650137e-05
4.618752643229562011e-05
5.734642553178175711e-05
9.078129063743390281e-05
1.670309459865709019e-04
4.336846560300079007e-02
4.021231743165349037e+00
1.326516776084804672e+00
3.337828161674896710e-01
7.809426779452397493e-01
1.777978347653664734e-02
8.658438800793969835e-04
1.095345811873948104e-02
4.115180914422066766e-02
1.465385111922293607e-02
1.728578744614477428e-03
9.749958048424541153e-05
2.418081518679037029e-05
2.785885925757865660e-05
3.597094081909146574e-05
4.426879199051413582e-05
7.820004488455404407e-05
9.697656907846275343e-05
9.175495989735626967e-02
2.974531535027655238e+01
1.499853813875633435e+01
1.146972234339261210e+00
5.512614667726235540e-01
2.311901159933061473e-02
6.420101972241828818e-04
9.047955034120544818e-03
1.041826081226594258e+00
8.052829816638942262e-01
1.436728435391393735e-02
3.671130333852556265e-04
6.272487479728389213e-05
3.922786716778785596e-05
3.453114179312568774e-05
3.885989577206891535e-05
7.222589901543931647e-05
1.071772696486108286e-03
8.642472378185519499e-01
8.420008534167790515e+01
3.002350659620901396e+01
5.070627921567135488e+00
6.319979221745135156e+00
8.772683481385740167e-01
1.654217676487884994e-02
3.611349261103025121e-02
8.232231627608176394e-01
2.874493408877372147e-01
1.377969516328113146e-02
1.439786902731746100e-03
2.430883793501436652e-04
7.771300166265423279e-05
4.646856785533048267e-05
4.569426813048434101e-05
8.034130676781433905e-05
3.983358096418412555e-05
8.740376690030789153e-02
2.806188017720096894e+01
1.067364434491611647e+01
2.950933619957195830e+00
1.762589087503722451e+00
3.983621065823669122e-02
1.191444825123882468e-03
2.041082031808486887e-03
4.761441864864775220e-02
1.925966260701517330e+00
8.794405601267014649e-01
3.154250057928042941e-03
5.984045789236046509e-05
3.701977968234393499e-05
5.303508305826150446e-05
6.417096121266003487e-05
1.024629905528612615e-04
2.579421125749359583e-08
4.883209919334045423e-04
3.507884529180810507e+00
1.930306601925714460e+00
6.242159509294904485e-01
4.078951008904995734e-01
1.195635569312644177e-02
6.083295943251990252e-03
1.206900138097623948e-02
2.295877037632890888e-02
1.892558928942112528e+00
1.344309847442899941e-01
5.187401219360665740e-06
1.491071126194880767e-07
3.416253215704684426e-06
4.380749651787000726e-05
8.580021129154117372e-05
1.241399250173632154e-04
1.034130225645541981e-09
1.604966596819147422e-04
2.792741103955961979e+00
2.473425288249280651e+00
1.050418139969786058e+00
1.549145212480938782e-01
9.260611143360002878e-03
8.900370927130325793e-02
6.912260660574106597e-01
3.413451591159993859e-01
9.086235591793828670e-01
2.177842865970898868e-03
4.722058369866170557e-08
1.109077096093084980e-08
1.915759930953231034e-06
5.034494809634549597e-05
9.744710933891669524e-05
1.231927880245024722e-04
2.868659323507098236e-08
3.787591187591156025e-03
2.051857644934286906e+00
7.857789936231815986e-01
5.717615171814621755e-01
6.501374298828463405e-02
1.021601790551072454e-02
1.839886521016396298e-02
9.982861940259370181e-02
7.755573442964550646e-01
1.011214664470249547e+00
2.316695063379832758e-03
1.030614406829577170e-06
5.034374465302973778e-07
1.431196114727954218e-05
8.426410783483497923e-05
9.277131640037521610e-05
1.048179625619215770e-04
6.654888620488521916e-05
2.032012360136718210e-01
2.405780724619919209e+00
1.071827043889934217e+00
6.953927879041613691e-01
5.123273913349813968e-01
5.767811718784219277e-01
8.885116500455715605e-02
8.113024707165111815e-02
8.039920632594625693e-02
2.156732869011908620e-03
4.143991198870329329e-05
8.247955220702072826e-06
2.108781885244486183e-05
8.487556030155839464e-05
1.074140240768716120e-04
7.732650084217319300e-05
8.806356382141239652e-05
1.621623040041559466e-02
1.651769944152340797e+00
2.003921127141443659e+00
1.267573572036207574e+00
6.479499022939878561e-01
5.123502435632731888e-01
1.911845141051657926e-01
9.249317824220107398e-02
1.736409864393410718e+00
4.745369999939706707e-02
3.043005953644319136e-06
1.683402236594338360e-07
4.053840633487654188e-06
6.178747514478358141e-05
1.246903402964274577e-04
8.887735406326991003e-05
6.352805086826770651e-05
8.173844221989238720e-05
7.612187816764906002e-04
1.859506792776980388e-01
1.171433343094119284e+00
1.719359156092364893e+00
5.327735054408540005e-01
1.838139338299504266e-01
3.268735025266126387e-02
8.765063626778138092e-03
5.082702070500350056e-02
1.051154766453657376e-03
3.905475409088743296e-07
1.533857475476702517e-07
7.646188471286506305e-06
8.078002581544745878e-05
9.709929159777741829e-05
6.409496415218133788e-05
5.673351925217492905e-05
8.652404994140921698e-05
1.416540556352263887e-04
3.719109755391772354e-02
3.892096046779145446e-01
1.622549402568154164e+00
1.501452866469429881e-01
6.764094108406427941e-02
8.046184273567070777e-01
3.191834547273369321e-02
6.377642802906896937e-05
1.205512297910953197e-06
3.648796219898999006e-07
2.842607266294757722e-06
4.172890651729783647e-05
1.015554366951036750e-04
7.174475736090227382e-05
4.940676539680280302e-05
5.447356895820325566e-05
9.697231348275476171e-05
3.321798206977611551e-02
7.867231103792095004e-01
4.036196041145093810e-02
8.128148729765234323e-03
1.953289347504424522e-04
1.122133498902047182e-04
3.314321450708319211e-02
6.335191191933980427e-03
2.726469593323054754e-06
1.936684375047744431e-07
2.027574491388137366e-06
3.187804549326881537e-05
1.104072910355616055e-04
9.880815671906465294e-05
5.715803279943941088e-05
4.336828976217262555e-05
5.482378790634511438e-05
1.067939228862917531e-04
9.679203166167426112e-03
4.656362835125416044e-02
3.150078876833882361e-04
1.127660021543945191e-05
5.476105676369080647e-07
2.329882535099359757e-07
1.126624804862316260e-05
2.605999683382751752e-05
2.111199650092221142e-06
2.409023022220986249e-06
2.259365745861925630e-05
9.468797644251958302e-05
1.126757764680692180e-04
7.625879863251234993e-05
5.068830982181243806e-05
4.470174559021438288e-05
6.031048542589201848e-05
1.182488354769698711e-04
3.385853411226525978e-06
5.233069794481628269e-06
1.331025278914125208e-06
1.175512719393711805e-06
1.007130640871051028e-06
6.513090148056490319e-07
1.979435192604276082e-06
6.038658365146123290e-06
1.116929572114241587e-05
3.412013433184268575e-05
9.458398794957685531e-05
1.162251956078823962e-04
8.750410326336038132e-05
6.563516663185487083e-05
5.662232819150634809e-05
5.868283533176331255e-05
8.036354887038307934e-05
1.455004072671959735e-04
4.889570648297747529e-07
3.778151345056203913e-07
1.133637763224954921e-06
8.579084527190733225e-06
3.195634120874750543e-05
3.574664607751091444e-05
3.642678148932508196e-05
5.239619513143573335e-05
9.167601246371039666e-05
1.531331231281732243e-04
1.758836692599957262e-04
1.366592346529128983e-04
1.003438002011166838e-04
8.941266069445829418e-05
9.326732203081825783e-05
1.059595578120249842e-04
1.379678554624595124e-04
2.125978249498651712e-04
