4.053015909653214016e-06
1.289734823722845682e-02
1.947753543327768622e+00
4.283147199390652943e-02
3.851007829969577134e-02
8.773419204127076432e-01
4.176805257332612958e-02
1.258075383049915390e-02
9.960570622819481940e-03
7.603076488606875751e-06
1.202427014930415740e-07
1.961821433776246970e-06
2.231854010098001463e-05
8.044580877774352783e-05
2.861174926690590440e-04
3.239984046885258919e-04
1.580248757898936398e-04
1.401916587497640610e-04
2.779511500127629999e-07
3.046633608153523614e-03
3.055929367547319586e+00
8.503325645737752625e-01
1.536837426856826339e-01
4.984088751151023559e-03
8.055276371565106043e-05
6.897224717217648529e-03
1.836433876071263516e+00
1.329177841384791559e-01
7.610058129814946393e-03
1.482531788411693176e-03
1.623049520658903481e-05
1.828824954727548427e-06
1.687011560678827483e-05
1.201237844364131258e-04
1.230894880533657608e-04
1.161853075318656006e-04
2.127829513701852174e-05
6.546008582579684876e-02
8.509853601434087533e-01
2.617354625301161475e-01
6.933041285122519826e-01
7.958823409614604327e-02
1.200917631831759959e-02
1.389786163920766759e-01
9.889868812871114301e-01
9.810885733569908451e-01
8.460488313713115938e-01
2.365456047098733403e-02
1.792837939237584371e-06
4.683042124639038488e-09
1.102492863372130562e-07
1.789280782184424231e-05
1.272975252137723869e-04
1.890977728016912066e-04
6.882931851007221408e-03
9.386074486460297406e-01
2.066254356829270653e-02
2.982966833756575805e-04
4.044292498463671059e-03
9.806337240947925193e-02
1.862197476447569056e+00
1.790839866640124400e+00
1.148269868928250836e-01
4.493232873877171102e-02
7.409220352976642054e-02
3.813328820700664923e-02
1.427174071720540579e-05
2.648175347073874242e-09
8.134784226544656405e-09
3.000363482037138569e-06
1.074456212719343009e-04
3.514625168819049297e-04
2.979349041649844657e-03
1.699085595332451570e-02
2.965171095384668866e-04
4.070328026448512878e-05
2.442106169873626328e-03
4.070020641045699050e-02
6.457540236805120459e-02
7.391686900746827216e-02
2.117012533654805129e-01
4.514014588826829044e-01
5.053058681002656760e-01
2.598442333649896963e+00
1.492866511234603732e-01
7.641285230610625207e-05
9.882552883043996496e-07
1.969044581231441538e-06
3.175774096189640044e-05
2.995700304859591143e-04
6.307947216845538651e-05
4.781798366631283221e-05
2.527831819286987383e-05
9.608234112202021764e-04
9.896003015068097763e-01
1.885343009503578804e+00
1.343001133264233073e-02
9.867929420415109953e-03
7.054057068674502995e-01
2.581274611994124779e+00
4.219249732398559494e-01
3.370232661809806074e-01
2.832199965403859654e+00
1.028146109384465934e+00
3.812691044585680956e-04
4.779363617307752250e-07
1.352371053468102264e-06
7.465052316812393338e-05
2.242169547330693252e-05
6.093469261482038365e-06
4.469395393155807108e-06
9.266986623621603419e-05
1.849911773491255684e-02
3.198332784291862962e-02
5.911149849855744463e-04
1.015577734879832914e-03
9.632122380087022873e-02
7.709627000492650373e-01
2.476733008821141446e-01
1.516850635981849271e-02
6.798431899369472564e-02
1.886681987236469960e+00
2.477077264235031696e-03
1.722692398634034859e-07
1.540066829027116738e-07
2.374990076475192390e-05
5.219515372668446921e-05
1.453758420708187880e-05
2.308286624019241374e-06
4.459324958561950591e-07
6.007268531119119246e-07
1.099472379957667188e-06
7.202757995858566867e-07
3.079346696517386658e-06
1.296648574374066230e-04
1.647737669186620166e-02
1.963224315030165590e+00
7.832147353024754288e-01
8.739823572361750392e-02
2.037379362560520324e+00
1.496742441164410353e-01
2.076856642322228892e-05
1.520120285831938672e-06
3.959660854815284683e-05
8.044351157701285014e-05
1.407326443087561084e-04
3.169660944133390182e-05
3.695691575771089108e-07
2.631471713436429396e-08
5.918965775330872763e-08
1.615861439361172728e-07
1.431177693297501983e-07
1.522190749252625000e-07
8.281660346388695573e-06
4.780015237833580566e-02
1.021821255739306267e+00
6.162993609369135650e-02
8.865769010450487153e-01
1.711776684127559678e+00
1.130171711810259083e-03
1.135789829799993276e-05
4.924851714300503431e-05
3.086240984769959177e-05
1.737417909288934944e-03
6.510643721070195726e-03
4.396677144560430235e-05
1.118528332713415441e-06
2.856944654767552569e-06
4.468081112776171582e-06
6.999154303406376109e-07
1.446179101303163592e-07
4.718453886499641465e-06
4.062063770202523072e-02
1.012314072405164689e+00
1.075747426422000649e-02
3.241796600242331100e-02
4.530195582585359593e-01
1.642991627324151289e-03
5.835825207434223556e-06
1.338860474797255093e-05
6.238695800847346446e-06
6.359618414422001965e-03
9.460875923583085267e-01
3.294770715605312150e-02
1.100472784033935340e-03
1.835877393255524580e-03
3.467894066687303369e-04
8.214676499220097992e-06
3.217468027166548979e-06
3.438155696820715634e-04
9.478014575090758509e-01
1.847842661226271721e+00
1.109011155057847446e-03
1.220492880918759050e-03
4.217585647695673012e-01
7.556077985217040348e-03
2.559882886030556936e-06
1.844395403090828004e-06
3.375797050055331613e-05
5.045324088713159377e-02
1.996479331256399448e+01
6.055782388842423813e+00
9.451593382492936568e-01
1.004126115411921205e+00
1.430816410949062485e-02
2.080083201181905390e-05
2.468372191842406004e-06
6.076695766706983884e-05
2.415955352972549985e-02
2.394983588639056082e-01
1.354057344927125581e-03
6.797598100554114696e-04
5.953284348932470493e-01
2.235147172215850089e-02
8.461787051501290575e-07
2.296022104866914079e-07
3.254265621632040223e-03
1.943343419886886414e+00
6.607507182046407479e+01
1.982712985902047009e+01
7.172257052501675112e+00
1.914783303545341653e+00
4.101089779163328078e-03
5.565314987974254061e-06
2.534408983051083615e-06
4.591289396852351950e-05
2.588267406568824612e-03
6.732133471275494330e-01
1.044890213767700082e+00
1.103512417526818640e-01
2.260160966496564505e+00
2.495821021955078531e-02
3.244277000503903825e-07
6.139573089763894652e-08
4.021332760013340314e-03
2.988009969451053571e+00
4.797729390238843905e+01
9.147416255509577709e+00
1.864821788529559488e+00
4.149289632028179547e-02
2.087473960804779035e-05
2.972693562590124125e-07
1.669416970120429447e-05
9.560490740801856971e-03
6.821153551154640615e-02
3.873816881807484180e-01
6.380576988094088797e-01
1.353963506635824654e-01
1.576059056726694996e+00
1.900391018842546853e-02
3.486418319155224979e-07
6.640995259511651611e-08
4.134782399863013401e-05
4.045270798420277231e-02
3.939701558197238551e+00
1.985253889554837503e+00
9.812774639629170403e-01
6.461198358735038838e-02
3.169113468198665154e-05
1.335676740164309873e-07
3.658595408771195411e-06
1.283010910058556171e-02
5.386050789799510241e-01
1.767606159303192204e-01
1.476842474529424694e-02
1.846484312603430961e-02
1.429774520640823443e+00
3.277343546675106495e-02
1.727234342458412342e-06
3.602798511619972577e-07
2.671342299830042702e-06
1.585784985000435296e-04
4.489732763106902939e-03
3.804146226263851408e-03
5.088392381301034412e-02
8.998874913142257403e-01
7.559989496757233036e-03
3.158067441720791835e-06
1.496312393136534016e-06
1.689490974059960167e-03
7.201678251220083871e-01
1.362732515498016550e+00
2.366248661504280759e-01
1.581858439532548566e-01
2.159882640062500414e-01
1.188005735381254596e-03
1.608770822033559223e-06
2.139154003394647370e-06
3.096956209115736489e-06
1.715035720335637516e-06
8.004807000710897580e-07
4.410624365085585840e-07
4.456507079943593236e-05
1.517229401375074123e-02
3.887512963540429387e-03
1.489170577799847838e-05
7.870743129367262418e-06
7.238541860395074010e-03
2.198486251897041832e+00
1.848844555731386841e+00
6.027560653073066321e-01
6.098385861769344274e-01
1.483191905491877127e-01
9.181750116880449787e-04
1.008810697492582577e-05
1.712639115731893252e-05
2.889645874095009151e-06
1.727782979670199610e-07
1.165394206882768314e-08
1.064065739830944708e-08
2.413132464919749721e-06
3.058618287844169542e-04
1.762560342816607225e-04
5.988811908956043278e-06
1.095086262219282047e-06
3.483808670993366360e-04
5.758494139156641323e-01
1.367851538712830273e+00
3.130196274892990682e-01
6.102251807933291028e-01
5.632698510919729173e-01
6.272836803777374036e-03
4.875276244843429360e-05
3.462606032934215214e-05
6.591819685605672051e-06
8.075408466203540126e-06
1.926001835621139266e-06
9.859281811161292831e-07
2.607095814678359307e-04
2.247040123001144835e-02
1.078966574273748473e-02
6.961830864193165394e-04
2.523591715282384588e-05
8.366858793193317472e-04
7.165266190021652992e-01
2.301672736044622081e+00
7.572844285333603098e-01
1.442717689170496698e+00
4.579482066689262165e-01
9.529571832387718567e-04
4.373126093675741074e-06
6.663185033799853450e-06
5.052205505980766713e-05
1.607459272403934450e-02
4.691792074342644725e-02
1.288856873906542517e-03
1.471724967485833410e-02
8.112684163919926528e-01
1.207410119343904631e+00
7.081391007484609812e-01
2.322079521271849245e-01
9.480317722003989145e-01
3.027582302072153286e+00
9.675948570480303879e-01
2.272315393671805461e-01
2.835718534786487166e-01
7.045412286594070483e-01
9.285927012804773978e-03
1.755165927711311151e-05
7.200767301496323635e-06
8.862538540974348669e-06
1.299530823047666782e-02
7.309883022978287404e-01
8.476335500157597402e-02
1.050972465847548887e-01
9.763924001175147138e-01
2.051620954947967146e+00
1.080615533607212297e+00
9.373937084307025769e-01
8.587438291338610474e-01
1.665107162960613729e-01
8.901583172879310446e-01
7.976025307042785562e-01
1.866999777368064453e-02
3.098459024224808900e-02
1.611394632707886451e-02
1.467616152076361632e-04
2.534864138299027580e-05
9.900684044245833165e-07
8.387789646018685256e-04
3.527516611449032502e-01
9.283196151117328876e-01
7.934558630580869076e-01
1.191158450040067596e+00
7.965689288872274121e-01
3.251474136211495586e-02
2.163038987434705990e-02
6.749993341875720754e-02
6.213667610605984153e-03
2.952643812358227149e-02
5.059108367727342681e-02
1.589010788675634153e-04
1.594857332329282604e-05
3.627390336461375501e-05
2.024113146259322381e-05
3.198555892392404961e-05
6.810953251238822236e-06
1.717807838263074593e-02
1.626207899351855835e+00
1.343648741290485171e-01
7.699080978990897536e-03
4.111711112698402358e-03
6.639969670438516242e-03
5.069518591136879318e-03
8.440525487365770074e-02
8.574700101945627040e-01
3.636331301615031587e-03
2.385993064536569221e-05
5.374148487655708693e-06
5.544582024494214335e-07
3.183724686123972147e-07
1.618656415609887686e-06
8.513779217696101006e-06
5.291100361776781706e-05
9.894479695627684046e-06
1.157519948655012093e-02
1.659171771944602802e-01
3.140909620110234318e-03
1.562271462184208553e-04
4.665822978729480271e-05
3.293601345056872999e-04
4.212188040191532090e-02
8.978545420227287410e-01
7.281783203941157023e-02
4.467359019984370669e-05
2.284635846822377639e-07
1.736667031773044013e-07
8.497826726904682588e-07
4.577775917999262786e-06
1.779319817460999639e-05
5.071591329029848826e-05
1.597961264116962686e-04
2.339260174454924819e-05
1.567388803318358129e-02
1.897730013585506637e+00
3.050924356534936877e+00
9.247103936062545104e-01
2.578277592287605072e-02
2.298928395373557934e-02
9.352590407566331310e-01
4.911480274651792294e-02
6.644077620108372118e-06
3.589750378337911474e-08
1.048352875316707433e-07
3.476327685841941453e-06
5.917008254189882354e-05
2.419844416322684268e-04
3.168659678623767201e-04
3.028229236694511008e-04
4.009646035692105261e-04
