9.960996834248320582e-06
9.105538927100581548e-02
2.868070987542180816e+00
1.170798706704525349e+00
7.956312582089830610e-01
2.566127013077939556e-01
1.642112239017053943e+00
2.127956506305107021e-01
1.096003838568889799e-03
8.990824376552609585e-05
1.148070848604825940e-05
1.309909912059572151e-05
8.360505009996110936e-05
9.300658687787975937e-05
5.123249199300897557e-05
9.980762096906440565e-05
3.755360404897868068e-04
1.015998691759665120e-03
4.275348771624526423e-03
1.953092221931671535e+00
9.219670879619675796e-01
1.633634160003273050e-01
7.220009163706626598e-01
2.413192385610901380e-01
2.048735050138859315e-01
7.686381593310692706e-01
2.980392161608715451e+00
1.953173405060075307e+00
4.799229527000028334e-02
3.016113099318423665e-03
1.327868480236357685e-03
9.925364273388326676e-05
1.959673642936491856e-06
9.976622843495164740e-07
1.762645919600543915e-05
3.498636868318449325e-04
1.751726745015663310e-04
1.538918403633566905e-03
1.125698028729806184e-02
3.661640300488414046e-02
1.589662856053342677e-01
6.668449661493085490e-01
7.440022097529030987e-01
4.252619841893375829e-01
8.826166035518866471e-01
4.039129280066341643e+00
7.093571932598582208e+00
8.327328386916128533e-01
5.570751576417398016e-02
1.232773780031633628e-03
7.866179727866972958e-07
1.140337347387170823e-08
2.975964248855903796e-07
6.509695596535150400e-05
3.840250516169837688e-06
1.109207732935536773e-04
1.747320229061704588e-01
6.836061530016123156e-01
6.917009134374352275e-02
3.613906982640975318e-01
1.149632405712347927e+00
5.816627718402056502e-01
1.550099748731024463e-01
8.894990296711151323e-02
1.506757100259313198e+00
5.577248528030579244e+00
7.220594785575291663e-01
6.130945806096495948e-02
1.066205435965662172e-04
9.107778692635465252e-08
1.274766068056223774e-07
2.220934149503481261e-05
3.017177186969714203e-05
6.156633469011181352e-03
8.643015789468744270e-01
1.128683800379654822e-01
9.112541901944799794e-02
2.491499986195875316e+00
2.008403747358761038e+00
1.456988657433286427e+00
1.488194021803805667e+00
3.452467257632370057e-01
3.734124534633552761e-01
4.305871998684343893e+00
2.494459496083077710e+00
7.003641797450382844e-01
1.473914426918623288e-01
4.606999580832920249e-04
8.337406925725491792e-06
4.141437208123439445e-05
4.377900153413881207e-05
4.223402067329423519e-03
8.126639857352898483e-03
1.233849751451105521e-03
1.020363581833936273e-01
1.086392828662376520e+00
2.761190223733084870e-01
1.275365371609802789e+00
4.045895055339470581e+00
3.828414582284580092e+00
4.315550093057180514e-01
1.015649338466346085e+00
4.868171932380811029e+00
1.278974647945567478e+00
7.046948505832226761e-01
1.753858607281814225e-02
9.432558128289401358e-05
5.658687322754755918e-05
8.427431406763935399e-06
3.375736915819700732e-03
3.084948184577621447e-02
4.050041529855735040e-02
7.811264517753750969e-01
1.413964127908560846e-02
9.320034220172757674e-04
1.183926005430304268e-01
6.041375152073261701e-01
1.708918754396147488e+00
7.113952096169786632e-01
2.151564632446127667e-01
1.819831249684663144e+00
1.938702894239309860e+00
2.723139660348753432e-01
2.436645614174867518e-03
1.359027169991649226e-05
1.405051870122736520e-05
1.279439029643076899e-05
3.972024225696278027e-02
8.557857017590160265e-01
9.854955154842977294e-02
2.721497679720389154e-02
2.492597935935416911e-05
5.294194343552464090e-07
4.120735887668580720e-04
5.357720844199586469e-02
8.341039792464054470e-01
1.815281268839900930e+00
3.553268600296347057e-02
4.272928851613967335e-03
6.452413407279856961e-02
7.108033116078579239e-01
4.468222912460816099e-03
3.265032603953234654e-06
2.737954276091880657e-06
1.078782779242656525e-05
2.242626661843727560e-03
5.981932466462503740e-03
4.956177451515411192e-04
3.836297498803650200e-04
1.558698684648204978e-06
7.770736515347523262e-09
2.362730118930706289e-06
2.165692492798775622e-03
1.539739549551745815e-02
1.671654231513111655e-01
1.021869128861729314e-01
6.514596505105523915e-04
2.358840913220503627e-03
1.214626889840404900e+00
2.750282610186387949e-02
3.538539299930209066e-06
1.283481520906626331e-06
4.562158226594969495e-06
5.218626897918603619e-05
2.307473115199493272e-04
1.200474761514203461e-03
3.045776390433820036e-02
6.209136546982253844e-04
8.919552691919222523e-07
4.424459923540265718e-05
1.020330832908379094e-02
7.858256466817569504e-04
4.085298498915367581e-03
1.578181535937571711e+00
1.303732273342389780e-01
1.830941765423396705e-02
7.192235767505317234e-01
1.112501811112773763e-02
2.301976154503402105e-06
1.172968597055426389e-06
1.245721260835262651e-05
5.529561832756504708e-04
3.120576001288124374e-02
1.501840158348771159e-01
6.190643403924660504e-01
1.324325277485114971e-01
2.274908661444223143e-03
2.676552639057869568e-02
9.194111580712347465e-01
7.291474265844415971e-03
1.740684509971236835e-03
5.377756198336605120e-01
6.900641106348538445e-01
1.113875453149968248e-01
1.857654546797656847e-01
8.648623871482224307e-04
6.718715047615620785e-07
8.665504743079571577e-07
1.903226289637142932e-04
3.516307373054753521e-02
2.786271044687823384e+00
1.778406346169427277e+00
7.678261163086456120e-01
6.694996492845737279e-01
1.825424390126737656e-02
2.812461230523019551e-03
1.548728817764668565e-02
6.665995815047780215e-03
7.164378681424494848e-03
3.674562577928673912e-01
1.487437083805487559e+00
7.695249684201113105e-01
9.084710583023992703e-01
8.462357688159120178e-03
5.153549203691237914e-06
1.253219695617662884e-06
7.429392128727289185e-03
2.937260400566299889e+00
3.152023524785007780e+01
3.985650044345525611e+00
2.221748332885366217e+00
1.305122956773854703e+00
1.630877107183154691e-03
1.390898681927799948e-06
3.370027077107079993e-06
9.276702196627918760e-04
6.595742440256292805e-02
1.506952131161674924e+00
2.555257029961679471e+00
2.456774552506348075e-01
9.716420650485109167e-01
1.026969926924122145e+00
1.067813951471653124e-03
7.876122159598313035e-06
1.887673998159455999e-03
2.016270508931942373e+00
2.822105422879445058e+01
2.336569458622726803e+00
1.593045066183716107e+00
7.772661889327290297e-01
3.609311010933754149e-04
9.190422479695026363e-08
6.345409037228412507e-07
5.635843078671757232e-03
7.540109685310872889e-01
9.057213887864410395e-01
4.198037841041029478e-02
2.272759753957371697e-04
3.935207609414169763e-03
9.423339193405011471e-01
1.706040722787439956e-02
4.216979528090818077e-05
1.995741718157433586e-05
2.138164514879649022e-02
2.901149038448205708e+00
1.411224949984334565e+00
6.853828959609380433e-01
8.978844148182024698e-02
6.103026391962971143e-05
3.035894497598928914e-07
5.945173273208212585e-05
1.187291846991759964e-01
1.239734687286182246e-01
2.096372350103534177e-02
6.236651551789790682e-04
1.994703264296842825e-06
2.474684707238685989e-05
9.760737575228975796e-03
1.899104339604650157e-03
4.597051145114895823e-05
1.012574812630544831e-05
6.449219426671007512e-03
2.058419243115930719e+00
7.472048182833631591e-01
2.679850004679790870e-02
2.069353087780960356e-03
2.443834252053219964e-05
3.627546165293901440e-06
8.474410305215538536e-03
7.445953258968789346e-01
9.178148419960101972e-03
2.314428047241749720e-02
1.343737565300264815e-02
2.674146955176319774e-05
3.885887881923613273e-05
7.477677433237754547e-04
1.397152571524657436e-04
3.473115398463691412e-05
2.447303570334235691e-06
3.357741420218212248e-04
6.755811525129881145e-01
1.462328707308785392e+00
2.324176679154125666e-02
2.451488781775332595e-02
1.751054570841141522e-02
5.961743518421423228e-04
6.082080823914572804e-02
1.200473063956970954e+00
2.730215613564172111e-02
8.948398250436362389e-01
9.463085899289570557e-01
4.149145532011800849e-03
9.364729835299677105e-03
9.078042195278787641e-03
1.793891602291189402e-04
5.845261921360683744e-05
6.300466378481238248e-06
8.291967761116815754e-04
6.969849457186725328e-01
1.821550357995636304e-01
1.230716549562498778e-03
2.659909794962675780e-02
8.382796664490002048e-01
1.531873527298312047e-02
4.171566483237786754e-02
1.424315237809988810e+00
4.981075200479558873e-01
7.836907619653232793e-01
1.406826935401079282e-01
1.213993135185902628e-01
8.753918011396397691e-01
8.426952098174565406e-03
3.360551234495200092e-05
4.395282599971133948e-05
7.473329882343666194e-05
1.113330356500915122e-02
3.599839122173063843e-02
2.598191520957815400e-05
3.633297840836682426e-07
8.501051403041361273e-05
3.931291099516313892e-02
6.644315387260331385e-02
1.554992110443209341e-01
1.356468624112386889e+00
6.293308684744971515e-01
3.049577833301294824e-02
1.037598263027406098e-02
7.751830159970387601e-01
1.336076385222269292e-01
5.879183578394519051e-06
1.531806646089066533e-07
1.081018516765017269e-05
1.378077521717304421e-05
1.609878370612415023e-03
5.002994568790932080e-04
1.074264172062977196e-06
7.164775826497026834e-06
5.501696988847164238e-03
1.862142365392890353e-01
7.540143836016933721e-01
1.648379782291540252e+00
9.858819197113548594e-01
1.174850668642571233e-01
3.332537791785915998e-02
2.020855219012221426e-01
9.624152133656923569e-01
3.821259352645360965e-04
1.134903922537701992e-08
1.538716381381380705e-08
1.205946574098801664e-05
4.208138855255501152e-06
9.031392758377158880e-03
2.853449208158866796e-02
1.076898133202325867e-03
3.661172213036309464e-02
8.111896312142680143e-01
7.942618957219352849e-01
1.254757131444217855e+00
1.562546089014206219e+00
6.572959215785181275e-01
2.385624749073491646e-01
1.740126410468286977e+00
5.861125912374444802e+00
3.895104174600024644e-02
3.011160920525633258e-06
1.671157525005712720e-08
3.850984503771682233e-07
9.052335212643567634e-05
3.997537901133279367e-06
4.570746929982373585e-02
7.532492749594718040e-01
1.677000800402566050e-01
8.903809103390861734e-01
2.412110505415282491e-01
3.251914221240436720e-01
2.581433614140149491e+00
6.480151210688053220e-01
1.522862331963775184e-01
8.695478878199686124e-01
4.234871293365854328e+00
4.624540861597681296e-02
1.413548343617169365e-05
1.442892910938572056e-07
4.485493666638426497e-07
2.195237122894204581e-05
4.808906977565081020e-04
4.796651438948475713e-06
9.318407528664699596e-03
1.268154813852732377e-01
1.093869322586771969e-01
6.686098703870282378e-01
2.132558195784770849e-01
3.824631883055845671e-01
1.536960630595513022e+00
1.365702595704503253e-01
3.733563660155553993e-02
2.993541253723712270e+00
2.857424790571007289e+00
1.564482687267525782e-04
7.318849567876702227e-08
1.434967685012251125e-07
8.617431763419033117e-06
1.714084489395260261e-04
7.087204966231664500e-04
1.773979495814238168e-05
1.443339609951864097e-02
7.939441676876044518e-01
1.312269721363661101e-01
2.068575369942288536e-02
3.567934442422897312e-02
2.300531651642706565e-01
8.743635531781340786e-01
6.854252697937593952e-01
1.649257155027189226e-01
8.933550477667236978e-01
8.741901885721659049e-02
7.471663208994821900e-06
9.208351315549587274e-08
1.904459478296631898e-06
7.486489551698655436e-05
3.450995961459890973e-04
6.205665179345142002e-04
6.124219613985458938e-06
1.124277338727024860e-03
2.115741080104498462e+00
2.835548055868962969e+00
1.132389651607191988e-01
9.352840749203039650e-01
2.870140216754662799e+00
1.337138603328116293e-01
2.518645763305074267e-02
4.043633111469191986e-03
9.070184380916774050e-04
4.464230972099502993e-05
5.151188036286249412e-07
6.785258241622479110e-07
2.937893588156634156e-05
3.330148438795485629e-04
5.805963119704768589e-04
7.504014443823610282e-04
