1.023940574820966337e-04
1.843854633076242797e-02
1.145021922935070657e+00
1.744241136592706853e+00
1.161578115062121830e-01
4.488081006857480451e-05
4.511534894109061154e-08
1.307505357425924991e-07
1.239230483484510286e-05
2.489780597267130912e-05
7.855992271824055760e-06
2.602412632108963607e-05
1.284366624148662063e-04
1.963620705775657386e-04
2.266673326221722677e-04
2.556808317950472740e-04
3.094626866362196562e-04
6.367684049891150647e-04
1.146649810639027088e-04
9.770482139066080096e-01
7.652229310040587151e+00
5.733313976404726953e-01
7.662280909452771072e-01
5.623669548414381159e-03
1.198069471158778189e-05
2.042302143238903286e-04
5.754527234579608075e-02
1.961185831381629611e-03
6.067330027229180957e-06
2.418503983561466839e-05
2.270643914811731553e-04
1.054359129774653663e-04
5.812475849755245361e-05
8.017265765848728383e-05
1.341650865296546171e-04
3.489684100969136864e-04
7.442829496333362708e-07
4.095237625305177959e-02
2.283720563258240688e+00
5.319195892738890485e-01
1.011448982466368163e+00
7.771786373034675344e-02
8.220228224046320989e-03
5.006882410927679383e-02
7.688953108182469132e-01
8.156649978532912876e-03
8.533175327461048018e-05
2.721788217742080601e-03
5.112359144572146269e-03
7.060739550883432525e-05
1.013225994101053351e-05
2.581211239540238885e-05
9.692273585361249112e-05
3.533827022544317560e-04
4.203445973443840255e-06
1.313849902664970815e-01
2.500889904494663529e+00
7.357082978802501616e-01
7.211036477779346754e-01
2.985739010166363339e-01
6.555129848496933365e-01
1.708266237791336573e-01
1.593966646364800566e-01
7.843518075342678642e-02
9.428957568292475888e-02
9.152397010593555926e-01
9.917077769094671466e-03
6.719102799998636025e-06
7.814294173827291169e-07
4.907198212387494784e-06
5.703601251652229745e-05
4.023380749935691033e-04
3.836153515200290873e-04
7.652418450714496556e-01
1.435612422030492885e+00
2.452003457986978496e+00
5.942821573757032461e+00
1.189049397630950411e+00
1.677874473463681237e+00
3.953813068816330323e-01
4.848528080445049238e-01
1.024401150816859341e+00
7.955959115490072175e-01
8.129505759800186027e-02
3.390683073387239558e-04
1.074203334510035219e-05
3.142748876193801827e-06
3.350067365090357667e-06
2.589338448975241861e-05
3.455506839217392526e-04
5.083297766025037315e-03
3.501666118621829527e-01
3.979436965866545717e-01
2.890850150451840239e+00
6.543882219101080366e+00
2.273450876184075931e+00
2.027887640152761684e+00
9.350454280902149584e-01
1.147224072024116692e+00
3.317907217926260310e-01
1.393312914966297195e-02
1.644547430827881943e-04
2.336085484295611270e-04
3.362889794568278690e-02
4.980812401089188164e-03
1.671347254385751601e-05
1.041225065482547783e-05
2.060348158616601448e-04
2.831395675087895400e-02
5.792230548290548953e-01
1.627171320394443121e+00
5.126358870161633163e+00
2.475263192929621603e+00
3.707874592260824276e+00
2.012905342300226774e+00
8.902713075593879921e-01
2.011720627798661010e+00
5.494376054858791658e-01
6.253924795004156545e-02
8.287445375046507794e-04
2.119874714852851283e-03
8.806982355152658259e-01
2.205298241225576994e-02
4.655665314842758310e-06
1.795041386230074223e-06
9.343506106386464700e-05
6.012930383630240520e-04
1.346516035783267562e-01
1.972057997327879786e+00
2.931769843046723167e+00
1.463097809247589032e+00
6.566676371656513522e-01
1.314969049313325367e-01
3.149744800008872359e-01
1.787031873757643163e+00
6.237053881805787459e-01
1.649933520671009290e+00
2.040003664474497602e-01
4.862503821652063886e-03
7.019034084831180659e-03
2.704218741739320450e-04
8.838550875798289332e-07
9.331995485857113915e-07
6.076600395251252580e-05
5.274899006425318205e-06
4.424742863592400627e-02
2.788150423802395306e+00
2.452641450105436771e+00
2.251969855115784735e+00
3.354083023556332366e-01
1.612221768939421096e-01
4.560701772286657740e-01
1.049275595601403932e+00
7.000868260063782822e-01
2.343216818104529420e+00
2.575036516028149869e+00
9.522264597626174665e-02
7.812945865431819570e-02
6.253155175672366062e-02
3.526940813056722861e-04
8.849914324054949187e-06
4.634020730153161301e-05
3.440147593822722421e-07
1.857947429725171013e-03
7.607256774963329082e-01
1.224311057821326987e+00
8.765610968945630743e-01
6.731090018770389261e-01
2.834289049772656721e+00
1.319782749767999919e+00
5.896317894112801383e-01
1.419313202865562396e+00
1.353889904795520849e+00
2.838878684533432395e+00
6.766082938660005208e-01
8.830171678553327963e-01
3.855201037083326288e+00
7.956993209138433013e-03
5.383627613366757335e-06
7.522626553251807496e-06
1.043732810190860920e-07
9.925101667280453741e-05
4.402997293014794256e-01
6.151991244143053539e-01
1.228116554347792877e-01
4.053124565307610894e-01
1.043478810308408500e+00
6.667517940081527650e-01
5.976675838144381858e-01
1.270937590881999091e+00
1.189542151997681652e+00
3.560412772027746975e+00
7.140537502642113621e-01
8.042888014055131485e-02
1.088505196563453042e-01
9.418694072984373994e-04
2.124155285947119028e-06
4.410270709014754774e-06
3.868213315492773906e-07
8.943657584386400638e-04
1.759189321558645602e+01
7.092748052511634427e+00
5.658733512698255197e-01
1.681433589571605269e+00
1.396813051084901669e-01
8.553717276980539463e-02
4.612280255397265827e-01
7.853272466324001666e-01
1.456371336937926086e+00
3.131731930031445454e+00
2.256755900226889544e+00
1.025721830924539280e+00
1.860393091697445600e+00
1.179521318523148177e-01
4.558003346337493331e-04
1.041381351825828992e-04
6.206179051153036092e-07
2.624573460110025437e-03
2.933886792781247621e+01
1.193598325864521037e+01
1.382903709802710379e+00
4.275706434027470415e+00
6.320685649693011943e-01
5.052797788000282786e-01
1.860037543666877236e+00
2.135815058384421317e+00
3.614024919270022895e+00
3.581050559140595890e+00
2.509031752698990037e+00
9.123980156761880567e-01
3.110665376103851631e+00
7.250993075252164521e-01
1.105551443793359239e-03
6.931508728364798395e-05
3.049879582989157091e-06
1.940599302031440973e-02
2.177739837316327254e+01
4.969121737399879279e+00
6.833668811067276083e-01
9.408101781832419741e-01
1.034237826374584168e+00
8.365153681918926498e-01
5.834114468016272648e-01
2.155160346227485757e+00
3.368344895131192729e+00
2.243218177799854995e+00
2.512813461761901568e+00
1.989512980308228707e-01
9.951357302733389032e-01
3.610535240743684149e-01
5.530088297306919514e-05
2.120973895754063419e-06
1.070832722390781413e-05
2.535743168926933577e-02
5.950986104338136684e+00
2.306449789903878056e+00
1.015230918310863206e+00
1.131726398356523333e+00
1.162688891660792256e+00
7.271156726044946117e-01
2.619723155295597961e-01
1.194397157989070868e+00
1.904046010411733381e+00
9.563280646510304850e-01
2.114327742725193193e+00
1.521977325588766972e-01
1.519702258950253126e+00
1.774169951868195927e+00
1.151966829903109676e-04
1.589596857262010717e-06
3.098329110128993991e-07
1.917917354358622680e-05
2.981587473806734945e-02
8.588478037484693628e-01
8.853026522119998853e-01
8.669714094347367173e-01
8.687749132455314660e-01
2.273007535742365359e+00
1.334318566412162399e+00
3.700356625988846515e-01
1.417947878968793152e+00
2.574521459075412189e+00
1.495338022622041851e+00
1.177458853545210876e-01
5.699928844250594651e-01
1.286034649546920483e-01
1.228966134428319594e-05
7.257071853240102299e-07
1.209761909768278376e-09
4.679734461454430787e-09
3.193142628956126272e-04
1.894488096866286941e+00
3.330014956618824851e+00
1.258599712052950181e+00
6.326437467247810753e-01
1.527745443025162464e+00
9.852934390362630968e-01
1.885948258024055246e-01
3.144171734898008275e+00
1.911191553369606000e+00
6.786987975229706593e-02
1.058016493236904332e-01
2.248383612280340671e+00
1.530615544643464804e-02
5.390637890327502024e-07
1.900219740734078630e-07
9.149617196263073263e-10
2.543142135409375228e-08
2.802138605809163709e-03
2.331510043632211815e+00
2.276244210645326671e+00
2.937820422934199094e+00
1.338562160908150389e+00
4.716130993590395004e-01
7.265325813446463776e-01
4.223967960084359596e+00
7.634599061734626879e+00
3.139771615190763837e-02
8.145177664712143590e-04
2.049977616866633864e-02
5.091583340395616775e-01
2.357259811781322722e-03
6.602062075855537828e-07
8.039819881410098514e-07
1.374931197263745035e-06
7.446731621572682484e-04
2.218913467788553806e+00
8.133827187575011664e+00
2.425566271388963191e+00
4.618494921586164814e+00
1.947879536140958878e+00
2.558769696304770691e-01
6.821053756223940390e-01
8.385363702959955035e+00
4.357012420005946796e-01
5.154630414653823753e-03
4.372772162070556745e-02
8.937381060489258955e-01
7.208376745746211123e-01
1.072424938560997097e-02
5.059367326779175928e-05
3.385316667129297392e-05
5.167860778984695140e-03
1.079221459508879488e-01
2.228286293743817481e+00
8.545713252818579519e+00
4.025026139133117020e+00
1.534482650065937648e+00
2.934670671922383622e+00
3.928479010919047276e+00
4.117049080706595809e+00
4.861109505605906378e+00
3.837249236046216816e-01
3.530880397548351590e-01
2.605399167308268815e+00
2.523894256770514155e-01
2.099316687002699203e-02
4.576747168573221287e-03
4.466081719664967919e-04
3.220065346440015492e-04
9.834783059945636507e-01
1.850733257821526312e+00
2.104407184266941844e+00
9.299384299285991418e+00
8.832462715623707439e+00
2.922975089468915488e+00
3.779941323564118161e+00
4.193628153062801012e+00
6.785006726230471408e-01
2.667930788024265309e-01
4.718192678311059485e-01
1.676773606917271620e+00
2.320276340642274948e-01
5.101044860405801185e-03
3.774085524410951235e-04
2.550061885152269317e-05
1.281835417681936436e-05
1.228940781059124909e-04
3.471345734117691623e-02
1.006366652430030983e+00
4.125646652021461414e+00
3.137257388257461699e+00
3.775802064380061829e+00
3.487232880861351525e+00
5.865355252670640951e-01
4.007663732135937074e-01
5.224231778304606888e-02
1.187168716711321792e-02
1.776160963357048816e-01
8.397525229725689710e-01
1.933551595955690094e-01
7.184369276892367262e-01
5.882278728011153257e-02
1.372471483055694605e-05
9.633102357913910554e-07
3.880761135964465422e-05
9.157330098832499233e-07
2.351306510099005626e-04
6.218185277585280835e-01
3.295132926713109089e+00
2.072564334832157906e-01
8.097652375728421614e-02
7.527909494508425170e-02
9.595170706450564801e-02
8.456279998309727125e-03
6.528486173286328006e-03
9.009132006356064259e-01
9.867072349834807854e-01
1.491687486120162748e-02
4.674014731843154080e-02
9.610759545966037973e-03
7.533533783527414593e-06
1.380098297267199501e-06
6.002683270724148263e-05
2.601154852838202622e-07
1.276583328576778658e-04
2.741533931297979620e+00
2.158678299501328279e+00
1.519462940078437473e-03
5.652027831210483695e-03
7.918571230892784696e-01
3.714205374086291395e-02
3.614916886365886423e-05
6.757994415521929605e-05
2.740815852684531234e-02
7.213597777088317717e-03
6.015769397921120290e-06
9.022985019011317653e-07
1.999903760895808693e-06
1.548141232645043025e-06
9.648735624731503684e-06
2.388419089814563471e-04
1.224002863295690165e-04
4.110581374285993995e-03
5.089793292432752414e-02
8.792568958516529232e-05
9.467593352434038231e-08
2.943960316956538783e-05
5.706847149692806376e-02
7.395447084040996689e-04
3.373638429016611843e-07
4.675219296305476873e-07
3.408820023467313095e-05
2.169085356194494797e-05
3.756482169737375279e-07
1.195522674335152209e-07
9.943787953586657360e-07
1.485366840897216464e-05
1.751327243011758833e-04
1.073273157423238313e-03
