3.239403359821182299e-02
8.945940231295488321e-01
2.088053219337078145e-02
2.406098306977080478e-02
1.117145237481611764e+00
7.873436825781831017e-01
8.092783775773254584e-02
4.803656711606526380e-02
8.782686172456873053e-03
2.467143120537577624e-05
1.161497168288685672e-08
1.260820480299735164e-09
1.257234164725008328e-07
2.738784780938169662e-05
3.872583318642255240e-04
6.513011021892645006e-04
5.971226242657016927e-04
8.939725855457613312e-04
5.192414641698866069e-05
1.951451132966658397e-02
2.058781710403953802e-01
8.421732702018031036e-01
7.312441234739038842e-01
4.354979450503865257e-01
9.576969427997885642e-01
1.776649520767637824e+00
9.589139278813144651e-01
7.470944987371236357e-02
6.571400124199587383e-05
2.521866224412893546e-07
5.262632746767484282e-07
6.802758617833497813e-06
3.835819050557833415e-05
1.116608905159910783e-04
2.233434097413925954e-04
5.434645193798921890e-04
7.775511546055321761e-04
9.834225329456255937e-02
5.000305908231633678e-01
3.797496001844376523e-01
1.372939050198206667e-01
7.283304379290465036e-01
1.718259093343841304e+00
4.713766016431301109e-01
1.070588071233847527e-01
6.933435449850851029e-01
1.091872320355328441e+00
4.322410180782045031e-02
9.058536324958382313e-04
1.287458235636242708e-05
1.455067098446697992e-06
3.905734581236416758e-06
3.955664029638206912e-05
3.633513496554298654e-04
4.908496571837073219e-02
6.985119513971029814e-01
8.934728050455577053e-01
1.127081875251064957e+00
5.745923512044867065e-01
1.507769539754424626e+00
1.933342194899759336e+00
2.096158033426404277e+00
1.964574912967811116e-01
1.954289880014027370e-01
1.995586650853517385e+00
7.888393049368721544e-01
2.184355777303232521e-02
4.084143770989664567e-05
1.823868171409346375e-07
1.215588442825819438e-07
3.435941035834078733e-06
1.534583903694247263e-04
5.187669944817000466e-04
6.353481248348645527e-02
1.564976159224074514e+00
2.296427835107558213e+00
8.367949071501664671e-01
2.965892485241635512e+00
1.930544592895396594e+00
8.730007851087269177e-01
4.199525868989426591e-01
3.995767939678827596e-01
3.097926816549147477e-01
6.226077336193856088e-02
7.891727975592201239e-02
6.507660058178940145e-03
2.361743863124193154e-05
1.537914791989385410e-06
4.822358756987649394e-06
9.844518940311123363e-05
8.472868748656192340e-07
3.357981807848797306e-03
1.226313071318516634e+00
8.679551905568851922e-01
2.687003487881391428e-01
1.966029336921315762e+00
2.761563909297668040e+00
7.030790091114771378e-01
1.361147517801703843e+00
1.755421102269637323e+00
4.128380393315592145e-01
2.037972581552586482e-01
2.843536066321008526e+00
2.862326031687227434e+00
1.042374737761545267e-01
3.855356853020678719e-03
1.950655005740236281e-04
1.566212503488083243e-04
3.464259032466472540e-05
9.519881104697221208e-02
7.503713938078401258e-01
2.287437540321218266e-01
4.054673533385008688e-01
5.612868791982358330e-01
6.846483965937524285e-01
7.836077100287742736e-01
1.893953423332824570e+00
8.960494760498107780e-01
1.404434977174948973e-01
7.898865294659035419e-02
8.022190734649321531e-01
2.501819224760713389e+00
6.565038103318973084e-01
2.182045179715563776e-02
2.162722428730812576e-04
8.178102622574437669e-05
7.631478552215108409e-03
8.747375166022072213e-01
3.101915452044066296e-02
7.211523892630560678e-03
2.965012397424099388e-01
6.024465538534470310e-01
3.254387718200357771e-01
1.417067581516155417e-01
2.909212065151956517e-01
1.011884057004154958e+00
8.844163204073161033e-01
6.995687884977982995e-02
4.817637521296485453e-02
6.334181179564249975e-01
2.918712287082257384e-01
1.088424233038775939e-03
9.650097099165426282e-06
2.011164033947562824e-05
4.230941810590584779e-04
8.037839920416062212e-02
1.200824348133095465e-01
1.530114674238852723e-01
6.244813945922594867e-01
5.029619067787973741e-01
1.458742453874419365e+00
1.187110244847262575e+00
4.032739466977607878e-01
2.129289893315682858e-01
1.847741300740145531e+00
1.027422400083255249e+00
2.410099813356730847e-02
1.338859643049449266e-01
8.465713592233120588e-01
4.535268603590588386e-03
1.565102421091299151e-05
2.167006082897962414e-05
1.188035920957640163e-06
1.707349759202242238e-03
6.127949006795373466e-01
9.083334303090522255e-01
1.814605009021106469e-02
3.624288654155395032e-04
1.914273116085591199e-03
1.403392091307829326e-01
3.153040680624051850e-01
4.589520120060728431e-03
6.234887888482133766e-02
1.973290706124998684e+00
2.372342232333722080e-03
1.244216047191243238e-04
6.712114856381695520e-03
1.964018207927282263e-03
1.552717361156742595e-05
1.125828991281009902e-05
1.617612899614884640e-07
5.649117287179819796e-04
4.833309865521358550e-01
1.974312264987812815e-01
2.684584769291249902e-03
3.703035757912067418e-05
1.398969528760474386e-05
2.862457749909411587e-03
5.833110769700445841e-01
3.654782679645816879e-02
1.328926572810575080e-01
8.225938657672297039e-01
2.666142238811638712e-05
2.743113684743466547e-08
5.754814375741375428e-06
2.262805721441390951e-04
1.118774964746925439e-05
2.900514049873191066e-06
2.377046499457618522e-06
2.597812555035828100e-02
2.136026885309615864e+01
7.905974215035499242e+00
8.248826526873684895e-01
1.045943169669375367e-01
5.994997824889759970e-03
8.532718450482663225e-03
2.199758160556836706e-01
1.083325891841786098e-01
5.571336283955582447e-01
1.400284302729115415e+00
6.492281259064380653e-05
4.498632560998023305e-08
4.030266624568673431e-05
7.704018720318957236e-02
2.015434969065646280e-03
5.097442740463728651e-06
3.141725100071981894e-04
1.046370390718430299e+00
8.554929029427810860e+01
2.514497457733271446e+01
4.190225473054071337e+00
9.432920892033201943e-01
5.760029962480830434e-01
5.215438113943771103e-01
4.656499399718634913e-01
1.777756679046507138e-01
4.540349750752480373e-01
3.489267721206301687e+00
5.091317776231949616e-02
1.412901308200387727e-04
2.740305376324266625e-03
1.765185711974658567e+00
2.520186900921725717e-02
2.953511070421458076e-06
5.942177661025166771e-03
5.918988056355106941e+00
7.848012292302836101e+01
1.098903158857358520e+01
2.522480676088684870e+00
4.549821584075859904e-01
3.167526035312578925e-01
4.204745055655990660e-01
5.443322682538125346e-01
1.669595114101512179e+00
6.312603496921598278e-01
4.659770477709911929e-01
8.207735908082312015e-01
1.102241257904894578e-01
2.071675070932582977e-02
2.444367869189635056e-01
8.726010779505202763e-03
1.259745799893435313e-06
5.789758734937894307e-05
5.082906486033782895e-02
3.452666944849823061e+00
1.030750136119066296e+00
1.454930846957858792e+00
1.293317052088922114e+00
9.461592642280740317e-02
5.991713934466026334e-03
1.225913289476974338e-02
9.976728836151502744e-01
1.528322593968165943e+00
5.270848859186052504e-01
4.609461540475348063e-01
5.035789531601130298e-01
2.330973237708058032e-01
6.296522479122153015e-01
3.567127520096309568e-02
5.848841525713907725e-06
2.222102177748747620e-07
8.048067676011255982e-04
6.158813453085753009e-01
7.673126061079249549e-01
1.110622883465396615e+00
2.244919135032040214e-01
8.241744943644388477e-02
8.441196434486515632e-02
7.279913202184164212e-02
7.297776450873518783e-01
8.764449702718063451e-01
8.187907198629335026e-01
4.958774900449571671e-02
3.293645981869409295e-02
1.539496874428638862e-01
9.251120119520224450e-02
1.041621924206647017e-02
1.943077928225337336e-05
6.309322564517089100e-08
4.842846503454944877e-03
1.333185791678570098e+00
2.920247637866210666e-01
5.335978816280492198e-01
1.699852391054175807e-02
3.767930614254200172e-02
1.450092053631174993e+00
3.413847922394203649e-01
7.799322296039102875e-01
6.784019960226815860e-01
8.867882979725310033e-01
6.740202583685693527e-02
1.322438561488925024e-01
6.876278432305293897e-01
2.540490920803815944e-02
2.151006840207703510e-02
9.054622356034583994e-04
4.780211047075523192e-08
3.465012568309030344e-02
1.515932827023632745e+00
2.856478641760354029e-02
3.028511402850718182e-01
5.897128397901192642e-02
2.941970583180516727e-02
3.169340490742484362e-01
1.235067879562385951e-01
1.763989892773741852e+00
4.652274437170411225e+00
2.762323156604989727e+00
2.559581354026891353e-01
5.823393381904728994e-01
2.265806420654492559e+00
1.384535705922239068e-01
7.949037054983939532e-01
5.775427565258094836e-02
1.843755100736706271e-06
8.342388412039451751e-02
1.204897917560469711e+00
1.538512544195654030e-01
1.727071582982884212e+00
2.462583023886895983e+00
8.973677818227111525e-01
2.420025707651898728e+00
2.320898955537523456e+00
4.869120242877214011e+00
2.488274665816454512e+00
4.209125047779884721e-01
1.232308523223654834e-01
3.848257537261493555e-01
6.794068701713854574e-01
4.585186428004117687e-02
3.133226114186658806e-02
2.001151744051505796e-03
1.219497107550314256e-02
9.539382336036297261e-01
7.741956259437061671e-01
1.922724870748179660e+00
2.200595887332616130e+00
2.657835807853395682e+00
3.771028255464649259e+00
6.181305371758833545e+00
6.773682465179933665e+00
2.943318610600498708e+00
1.869667410768626414e+00
1.181020121610945273e+00
4.439963343619839797e+00
3.995877002817301182e+00
5.546425259038254008e-02
2.335565395143250047e-04
1.615828162225077806e-05
7.537869548265848425e-06
4.794743484166524849e-02
7.458387032065122435e-01
6.414243283281457764e-01
4.663750340793831661e+00
2.836144381976877238e+00
2.917782670073212348e+00
4.245633457448336756e+00
4.976908815104178707e+00
4.176438877078638257e+00
1.223190445606779475e+00
9.597077970598081320e-01
3.577439470967864743e+00
4.151802574528058898e+00
7.454629510034102569e-03
3.187457403614628850e-06
2.113423840483444096e-07
5.748183306884568240e-07
6.455745130089736256e-06
5.414689554471129745e-05
6.715798601576822291e-02
2.748235691846350193e+00
4.934828580514481366e+00
2.716127646170583887e+00
3.115104688639858121e+00
2.988666392992278098e+00
1.683193466995830834e+00
9.392446153880775750e-01
1.746291700445995909e+00
1.965256601465577457e+00
5.936229787780445299e+00
6.380829851210685633e-02
2.089641260272020641e-07
4.352638481518986942e-10
1.871397854324267915e-08
3.862824658332414664e-06
1.251698512940745741e-04
6.189433387437977686e-05
1.438553673205729411e-01
1.881656336007515806e+00
1.136356676795949205e+00
1.556718943798384158e+00
6.004564478471789979e-01
1.183933141040098391e+00
3.682959870374067912e-01
3.367096841822544984e-02
1.181915771728164755e+00
4.089436136113753228e+00
1.898422740139735332e+00
9.556661036589308988e-03
1.455746949659416624e-07
4.611474546103188326e-09
6.838003692911068908e-07
7.657058700712665686e-05
7.313064340203539798e-04
6.524586514208201814e-03
7.822036635070321875e-01
1.889517316637848443e-01
9.378028377033796603e-02
8.273882686224300897e-01
8.872492330227001178e-02
2.814757370401154146e-01
1.668421641354079332e+00
2.624791094757484289e-01
2.580633612395623278e+00
1.440412090513537580e-01
7.321194139330210399e-04
1.404125038101688462e-04
9.108972670409944163e-06
4.964641179324971238e-06
5.607100188280382801e-05
3.611922714169977437e-04
9.007707169095362492e-04
1.680712326286956822e-04
1.324211466353384103e-01
1.851536928145298466e+00
9.520172093823279225e-01
4.221762383516340478e+00
6.812047606531222987e-01
2.285274049109169148e-01
8.325400864443799342e-01
1.110401433077238126e-01
2.726978935707862969e-02
1.081157154026934561e-04
3.260973825024131137e-07
2.201609831555601522e-06
7.071785384058900596e-05
3.180690059506202931e-04
6.160575459467774106e-04
7.467605876826245281e-04
1.059875303751507940e-03
