4.826793197325063853e-05
1.852078076065621090e-03
3.673381805462433425e-02
3.364301169828932264e-03
8.393420057223269107e-05
4.277305860123570611e-05
5.709900270490443939e-05
2.836727447938534126e-05
1.557156590334135237e-05
1.478283424446152313e-05
1.046791405077460412e-05
7.475226482063825784e-06
1.533164587944755693e-05
8.949317165711444494e-05
3.678672196292507874e-04
3.958078563161780954e-04
2.308114511512545210e-04
2.329407400494239795e-04
3.898988866796405445e-05
1.473520277590568799e-02
8.796574969922400511e-01
9.791627288925927250e-03
1.822735761325247728e-05
5.120130205371074644e-06
1.569753057801011507e-05
7.929808390545517362e-05
2.286941853581435802e-03
2.724209775398313618e-02
4.049823031802197298e-03
3.050000446699329955e-05
6.066166271798555963e-07
7.954422056131201791e-07
1.616631967385374422e-05
1.116832586037193927e-04
1.602036653887055980e-04
2.176264509722725528e-04
1.321243717878416096e-05
2.965481267869795635e-03
1.093996106503340171e-01
8.886031404042428819e-04
1.867185658172326052e-06
7.946437751290723193e-07
3.409197956029742826e-06
4.324213789857131587e-05
9.558860068722519615e-03
9.248348135115130875e-01
9.961385549630682457e-01
5.220369767776242634e-03
5.205702196701828531e-07
5.791419677215130686e-09
1.088989416621141130e-07
5.360228247642566416e-06
4.725363645605689381e-05
1.976345543335009483e-04
2.912932539014930896e-05
7.625404380443457676e-03
8.905914177504683504e-01
3.492382546876848098e-02
5.640514062695855028e-05
3.435344775875063239e-06
2.308691888450542147e-06
6.873092173826694607e-06
3.371539604097308854e-04
2.061104254165567820e-02
1.001418187759805845e+00
2.040072575766283425e+00
5.420804707714008261e-04
1.486619120657175109e-07
6.162766408588131881e-08
4.097948070925739108e-07
4.906289134332575321e-06
8.276429554914614662e-05
4.149399458766975430e-05
3.409534835576416741e-03
1.040058935297340392e+00
9.631529786475280241e-01
4.792776523838109502e-03
7.955721716192537530e-05
5.800598469977066829e-05
5.508992243122451957e-04
8.734583990449925825e-03
3.147038781584292344e-02
1.835686831343593117e-01
3.594795116899962117e+00
1.195616098062758148e+00
9.239952318122439043e-03
1.260518465515081095e-04
5.614108380343100512e-06
3.052612926253393177e-06
3.070025654177512876e-05
1.933027852304005994e-05
3.865641160216113119e-05
1.075697823246762018e-03
5.422727269249490341e-03
4.635694877479261877e-04
6.229524456526422524e-05
2.595476561886964680e-03
9.565708098635737899e-01
2.194089549071706724e+00
4.937845192167642505e-01
1.944470592036703360e-01
1.968140574090002370e-01
3.011989476465448234e+00
2.681759660293274727e+00
1.296605235045271698e-01
2.405842185679832670e-03
3.823580366334399210e-05
2.547359313105048497e-05
2.853090929880345515e-05
4.406826608501718637e-06
5.474051426769700119e-06
1.012876239476914750e-05
1.871755435372472611e-06
7.123371441929487064e-07
2.891906118455896970e-04
1.072125130750930522e+00
1.587217918030319641e+00
9.627486098815835058e-01
2.259365716888876552e+00
3.860796351908728496e-01
2.513012684924105233e+00
3.747371474902584598e+00
6.480208698829913461e-01
2.832586791185323638e-02
8.292255210872829998e-05
1.283072471256424898e-05
2.889503329449231945e-05
4.539925985272539696e-06
8.320657245046623692e-06
2.412035940029157036e-05
1.514825341265422439e-06
1.914481828740953719e-08
1.645688591963785943e-07
5.723267728390299229e-04
1.190292435938463123e-01
1.645430247188465867e+00
1.080250804872887604e+00
8.560901809244225724e-02
1.011074981686969743e+00
7.594808004661254941e+00
2.209172761289425857e+00
9.427899600068196523e-03
5.598404346487214978e-06
2.074762920680046525e-06
2.860121693166661532e-06
1.860751578350814937e-06
1.111215146301724294e-04
1.683433740457918049e-02
1.792736597037862143e-03
1.604507349475364503e-07
7.404296480168631104e-10
2.965353989410428602e-08
6.207721205725331710e-05
1.587441300737706812e-02
5.663831847743679149e-02
3.149891438187757409e-02
2.871106874880567650e-02
2.156239848560393690e-01
2.852937879026773871e+00
8.449314834064679605e-03
8.845605227114291286e-07
5.536459321931002696e-07
4.548824380790844591e-07
5.498259694585426878e-06
1.526625714807073545e-03
9.298856474441822284e-01
1.028018979954741674e+00
6.118137729058649118e-05
4.410394940257769942e-09
3.345310384483323819e-10
4.058467248836325518e-08
4.052718998104178701e-04
1.159835633011405243e+00
2.711349355070257872e+00
3.665279808158893125e-03
2.508919490321555139e-03
1.996276092288742587e+00
2.317140559782798412e-02
6.305105384128621147e-07
2.920692113804693501e-07
1.857846210081685468e-06
1.485956751765397411e-03
1.288579177522016783e-01
9.751699957108774797e-01
1.935135588759440362e+00
2.468859184326914480e-02
7.096592250746171910e-05
5.564130951951507212e-07
1.216553571453535065e-06
1.861196091150783827e-03
8.083995550754687898e-01
2.108908820568993758e-01
2.989639797107856599e-04
9.564977045159753439e-04
1.950382969433912317e+00
2.222809672755879026e-02
4.156305395570256677e-07
1.877637637652779362e-07
5.201795589858538421e-05
8.951034728232569460e-02
8.366336002304114672e+00
4.718059758758266220e+00
2.550328063384013078e+00
3.347215649900525669e+00
2.771240502237140468e+00
1.234076641629966165e-01
1.361867457209120502e-02
1.005516294924424341e-02
7.418989683002334343e-03
1.113574010292971150e-02
4.588564499924791505e-03
1.193313335923139838e-02
9.811472125346976103e-01
1.028103086375214102e-02
4.476950682569149081e-07
1.903807035624256126e-07
2.703525000826258878e-02
8.817650442826817647e-01
4.490009272267217000e+01
2.192292363418071588e+01
5.513097939661009583e+00
6.813163957890719935e+00
2.909598596952809313e+00
1.126595590112139833e+00
7.250000548313375592e-01
1.233661309274600576e-01
1.046311483430141659e-01
1.003695412884871185e+00
7.509999805839171483e-01
2.101148743410463093e-01
1.927493558468156509e+00
2.429908051767918839e-02
1.356068840079390142e-06
2.891568254718209629e-07
9.394542989451845072e-01
1.124010658352469605e+00
3.803116139205954482e+01
1.718383024232204903e+01
6.516775458870751159e+00
3.167381262696532307e+00
6.133535032548099314e-02
4.782006728422864839e-02
8.440653653297394698e-02
6.028673786151435982e-02
5.886541375713318924e-01
1.971870614481408823e-01
3.959096230762955242e-03
9.898727356454209425e-03
9.174184215033808210e-01
2.685610191599147739e-02
3.448372478583513582e-06
5.981572162120498974e-07
3.198224886469057827e-03
4.118613372147489175e-03
2.695903378981117093e+00
3.005838598495463643e+00
4.111093628448995174e-01
6.479326491971733049e-01
2.451554939572911929e-01
7.087125913424781043e-01
4.795542993655949743e-02
4.692114940875778163e-03
2.522278426304241927e-01
2.356065730469128830e-02
4.095657092055379240e-05
1.340513463082610335e-04
1.075000821293754100e-02
2.023843071419339622e-03
1.009721179516350127e-05
2.912069740062585953e-06
1.206449788922151662e-05
2.211451185601120159e-04
1.639139924836642059e+00
5.753713707248448994e-01
6.325299506214790510e-04
4.670119594300440702e-04
9.041619306446278814e-03
5.052980639242835026e-02
9.874032471212388154e-04
4.811704561906287323e-04
8.399000214354396254e-01
8.165105106063751395e-01
1.869618876807662908e-03
1.652751735531039334e-03
1.440280248076515265e-02
9.983124329419444318e-03
6.253417838730992041e-04
4.718181493138077386e-05
8.020150562647740191e-07
6.897150541443746179e-05
1.017844232172196328e+00
6.439109791603194743e-01
1.014099436543993766e-04
8.030231754541107932e-06
5.532152215054552622e-05
7.466538231860307525e-06
4.215238550009856154e-08
6.544288106855091000e-07
4.652761603120777328e-02
1.218648514874157707e+00
8.320953670511403721e-02
9.023842929495786702e-01
5.101953625466218334e+00
9.044060941784582974e-01
2.114269673066967309e-02
2.659552733266918028e-04
3.360060367912454742e-07
1.130063129177324651e-04
3.360369708383911802e-01
1.045349125552528374e-01
2.621578565781727084e-04
3.635693726401693199e-04
1.994132200299621530e-03
9.355640637310245905e-06
2.037005641265790605e-08
1.282134999883616071e-06
6.226442743078190040e-02
7.039912015564473435e-01
7.805569787973827556e-02
1.889451833919477908e+00
1.995810697390622224e+00
1.842901868094248483e-02
4.744233086798408782e-04
6.584800306980051433e-05
7.470547447929822522e-07
4.475182951032279262e-03
4.308156629422874584e-01
4.035061117089785293e-03
9.041231161138544832e-04
1.115224085783268482e-01
8.819319875349721505e-01
1.931539326173869683e-02
1.507305746402551544e-03
7.574671599752007267e-02
4.932243031513870335e+00
9.787069852778070012e-02
3.060068875319295334e-03
1.102338777586832075e-01
1.156863705401748980e-02
5.785327017307478435e-06
7.536955963493416842e-07
9.040677624701388005e-06
7.113948140170217744e-07
3.006078397391104273e-02
6.019116789145745328e-01
6.167980387631091278e-03
3.681817743989646702e-02
8.139117496953597319e-01
1.032151967985966978e+00
1.197910243577442690e+00
8.303210879058491312e-01
8.986809001799193064e-01
1.027629897329529252e+00
4.954366701891622232e-02
2.791460040500492318e-02
1.835186652719832168e+00
2.889429778654531433e-02
1.566724904059648369e-06
2.067246257408741585e-07
1.110969325652783346e-05
9.790622363419875324e-07
3.691202644683085066e-02
2.206439292299591237e+00
2.667486967122108532e-01
7.084385658040924794e-01
2.548962915134052043e-01
1.320969122798617279e-01
1.510591733280606919e+00
4.241787151035998349e-01
4.772185461601199073e-03
1.795298672650523161e-02
8.347049784102814618e-01
1.091415502741200472e+00
9.995345684752410254e-01
1.162628573379921940e-02
7.876196743341919900e-06
2.060885041598983886e-06
4.679219544256324475e-05
6.390484687975448318e-07
1.389835823265156639e-03
5.558605580776059263e-01
1.017492306915627420e+00
9.583423069927106130e-01
1.082967292652124547e+00
6.865696111820718261e-01
5.465605549056253842e-01
5.217414134595328434e-01
3.805439493643099358e-02
1.227568596909976301e-01
9.704848253019117132e-01
4.827876188483249016e-03
4.888862473198153652e-05
1.708966531856206546e-05
7.490221873681982566e-06
1.699416197051183212e-05
1.327624258672235663e-04
1.975640768118859324e-06
5.582145306437844663e-04
6.460757591671975053e-01
8.804533541647663331e-01
7.309000115122155083e-02
9.961412194406309428e-01
9.508114415108813722e-01
4.117422020760960581e-03
4.043829539196217709e-03
1.276417043086140457e-01
1.813823763265619560e+00
6.184001056391658091e-02
3.351091413585681000e-06
4.468162229825775883e-08
7.324853010895384938e-07
1.418645078805624916e-05
6.506484894382921498e-05
1.906713792132933667e-04
9.511386509955098450e-06
4.956335278992507780e-04
1.893116546154953173e-01
6.505399173826389991e-02
5.201289510700752520e-04
3.553217131582534372e-03
6.803603582985378803e-03
6.450930121497688433e-06
3.905831549500830818e-07
6.818439779629480201e-05
1.755646873724536761e-02
1.211094036147503409e-03
7.184606270529853923e-07
1.633656158882614437e-07
5.806586476610299188e-06
7.354483126082993097e-05
1.432282463677066360e-04
2.097652205963776938e-04
7.490642925932115370e-05
2.750054371242867651e-03
9.427333305863155877e-01
9.564593890458310543e-01
3.504255559043278640e-03
3.551301199895210824e-04
1.616788862613557053e-04
1.347258580432181295e-06
3.597521650761746728e-08
4.155031948274396200e-07
4.469920280640972757e-05
6.018455314538993702e-05
6.424710567619811682e-06
1.189282055118174912e-05
1.106746639107908500e-04
2.846141809022997415e-04
2.656674556566288861e-04
3.016357135542842034e-04
