2.700299798430928419e-02
1.057425205063180274e+00
4.774058144830568118e+00
1.330786460845470254e+00
2.682642110381980860e+00
7.744524270709954306e-02
2.160212392463087272e-02
9.179055034404801638e-01
3.121892193804120391e-02
9.895086728541380747e-06
1.379796242693276596e-07
3.108968583944014058e-07
1.024583223093453445e-05
1.850426854858687052e-04
5.866229436208444080e-04
5.794197829677926685e-04
4.370337751358320142e-04
5.703025427750560905e-04
9.178493747468761121e-01
3.048667458622817517e+00
3.130745287003264377e+00
6.858258456706437522e-01
3.871410019895999421e-01
1.953765946007134276e-04
2.334170105249202023e-07
2.411928435163018756e-05
2.940852919143783356e-02
3.779442787777050755e-02
9.258200139702465591e-05
1.618263797702429067e-06
2.846761986729040371e-06
1.515914062271713327e-05
8.049022134859498104e-05
2.538762403999150828e-04
3.329063303212545077e-04
4.518364394993583497e-04
2.330844663099100600e-02
1.949841312867474308e+00
2.915985775758890508e+00
3.483142203149131588e-01
1.459512731041858746e+00
4.936561800835638156e-03
6.955524047415919732e-08
2.380638944497696703e-07
3.171558127132716870e-02
3.785215744858468678e+00
5.505793208874178862e-02
2.106955110719214812e-03
5.234642467216976116e-05
5.711143995253248107e-07
7.454339891453471906e-07
2.246069854690120956e-05
2.240278110729242785e-04
6.098953526071327833e-04
2.304296686712385255e-03
1.213448633923035702e+00
7.048148421669728769e-01
3.173143039564450124e-02
2.659607737261576177e-01
1.545954723590105828e-01
3.878685261986959513e-05
2.045047018238861422e-05
5.054979992297246871e-02
1.064516967404348508e-01
6.242598295453583718e-02
1.978531695039741356e+00
5.658521880218119436e-03
3.787634063904584373e-08
1.418904391257208285e-09
1.775535348167583552e-07
3.440185695716078940e-05
5.978920877493530727e-04
3.556245396007949588e-02
6.859469403167608448e-01
4.195372004846581460e-01
8.538137031094050755e-01
1.997504722485886175e+00
6.407768491594241222e-01
6.167556701027383965e-03
2.332031370923517630e-02
8.196515391918954840e-01
6.224883470167736840e-03
3.610735049760096984e-03
1.752945896840171214e+00
1.040482978712492512e-01
1.618609471784571467e-06
1.179610525738219184e-09
4.307921392266229554e-09
1.766698600854589925e-06
2.627077895774308260e-04
9.487136039294317980e-03
2.907413497790095960e-02
6.899858656532997792e-02
1.622230865661557164e+00
2.237622646550849304e+00
2.254500875137709914e-01
3.585336139562726732e-02
1.157699505408616991e+00
2.037917958487567738e+00
8.461017012001702947e-03
1.064886650321122258e-02
3.498831506761939103e-01
8.711864040662015141e-01
5.182983331320729220e-02
1.387909509333863161e-05
4.293931931636621420e-08
6.038683413505297464e-07
1.239476246314983373e-04
2.436018705774954565e-04
1.083767798781812806e-02
2.935804654980441603e-02
4.731144525895612796e-02
2.517018848910564377e-01
3.821236145540234941e-01
3.316841172425823436e-01
1.446750132227849539e+00
1.185641020354396835e-01
1.287169129253932370e-02
9.052647058735939778e-01
6.947132924347554361e-01
8.049163859175108293e-02
1.784671378065360248e+00
9.148601952823227912e-02
2.884031632934863884e-05
5.730034103213024471e-06
1.677278986086828277e-04
3.364774976295035195e-05
2.834052328629600714e-02
7.105622641114305305e-01
4.510290157981055592e-01
4.355275641650427909e-01
5.572949582904611621e-01
8.727036494101210184e-01
3.754740744688290777e-01
4.617054699314523947e-02
2.353761661994520013e-02
9.099217942673291093e-01
4.143393087608617797e-01
4.887748803074820972e-03
2.274509236247510557e-01
8.798187416830269836e-01
8.057356819082826848e-04
2.483432059452317110e-05
2.026261742466401957e-04
4.049547961906860323e-06
1.266888374990792192e-03
1.740640989580120312e-01
6.643977210021417834e-01
1.368468808658884484e-01
7.465489542000890155e-02
4.824589063700395197e-01
2.190551847670360597e-01
4.218254914185906035e-01
2.695479474904231010e-01
1.137698087687770837e-01
3.547932168053833379e-01
1.366562700018394694e-01
7.404484094517393977e-01
1.103662842166898833e-01
3.207056607953614764e-05
2.143330342827232320e-06
6.836610971439329386e-05
1.089941174608405810e-05
1.239107558038858971e-03
2.285736153488951775e-02
8.421753925058680923e-02
1.163995636161292979e-01
3.332748874932520838e-02
1.186536293212733517e-01
1.642203837198223382e-01
3.983667756389510650e-01
5.938680104060635179e-01
1.844180665501894689e-01
4.308652348895691264e-01
7.635650252674225369e-02
7.726356775893828549e-03
1.459609859878324147e-04
2.644209856720523063e-07
1.725817550141051776e-07
2.301293012380722117e-05
2.881443859553223667e-05
2.735171341410363652e-02
6.827287564885810012e-01
4.057861147905201804e-01
3.957517980294311122e-01
3.408506623590234347e-02
9.570195383589072402e-02
1.520486566655201877e+00
9.400046522337487942e-02
3.822960103695039781e-03
2.598047088772556523e-02
4.103138271118725311e-01
3.408033650846469149e-03
1.713298287751791803e-05
8.654091352426134486e-06
1.157352400996606731e-06
4.723385419461705382e-07
1.406864944481168506e-05
1.248165400267032035e-06
9.319889582135221576e-03
7.261473254035981206e+00
1.681597350733810003e+00
4.902334872019277201e-01
1.115149213777915510e-01
3.177477838180408493e-02
1.282458503733766575e-01
1.890348288319390309e-03
1.837153549127865254e-06
7.961497588983542707e-05
4.951109878366034556e-01
8.024849077882632853e-02
1.010044474584457109e-03
1.055188850818521672e-02
1.942951614024611591e-03
7.024339295819344872e-06
7.043987093914729835e-06
3.081988014562730495e-07
4.852598452709543965e-03
1.183963105273187644e+01
3.015379021937296233e+00
2.919614986533530576e+00
2.554560683254930797e+00
1.360791785698060516e-02
4.684701509561454112e-03
5.631232170161120341e-03
3.810980461320516861e-05
1.708457467721307950e-04
6.587077512529622147e-01
1.741030402822496548e+00
1.138706360384523358e-01
8.592689673291906693e-01
4.706899484998493255e-02
1.755466605070952490e-05
4.314333955279233689e-06
2.028854955832686261e-06
2.292529889495875314e-02
1.201814202897376127e+01
3.170496019060766724e+00
2.000166766205321967e+00
1.326551880373641579e+00
1.043402412042891414e-01
1.050636582589795781e-01
7.041456435645659928e-01
1.891475778077581493e-01
2.485847852924035276e-02
7.655555636162142408e-02
2.926659847176188989e-01
3.458163159367854539e-02
5.615903471874089496e-03
3.071116262485064428e-04
4.406565119247222316e-06
7.214970119824118252e-06
1.882508587985864799e-05
2.423478823410869440e-02
1.894742071715198373e+00
2.021231557591751660e+00
6.798704881021846447e-01
1.345776720672321736e-01
4.957058680585325616e-01
1.610899837784500743e-01
1.044563822291102659e-02
1.028640944035386917e-01
5.197931267421229684e-01
5.826009783655029528e-01
2.437436865011521903e+00
5.085885759648858806e-02
9.745200700987919653e-05
3.957183131091050004e-06
1.882769524781730715e-06
1.907747667896262942e-05
5.650999470549125788e-05
5.797292383793287195e-04
2.466324807410532303e-03
7.687142265466521962e-02
1.128165077888619416e+00
1.234248938856036953e-01
1.767431725241957463e-01
4.679617536553905971e-02
9.665920764195716844e-04
9.436213504651052436e-03
2.558408861623064912e-01
5.260918005845073298e-01
2.662333510134949899e-01
1.504717596212483584e-02
1.215199275000105076e-03
8.456464112539588125e-05
9.033016262551213119e-06
3.358560266897688213e-05
4.431634233937532699e-05
4.936383382359318935e-06
1.484241976544809186e-06
5.943448539632536403e-04
8.985250365365431424e-01
6.972790098029578720e-01
2.685602383450517716e-01
4.159175222752339862e-01
4.513530298033530674e-01
5.158115614797781356e-01
3.006672530622686579e-01
9.851410646166770813e-02
1.160297619394952406e-02
4.522715170498737419e-02
9.474335200572392424e-01
2.253913615875845558e-02
5.825364418603634100e-05
3.804118751565902363e-05
8.120538044652736242e-06
5.868724908483017958e-07
1.213747272008542780e-07
1.316149824577501947e-05
1.173995765063668220e-02
2.561964694199952985e-01
7.961999430292679980e-01
5.186334580196642063e-01
1.629556522428704524e+00
1.358236567028790143e+00
6.687324738753349651e-01
1.930162139066273541e+00
1.049010147639084289e+00
1.830324978849855455e+00
9.993580453640955596e-01
1.974967227702623465e-03
1.232288443859063256e-05
3.100620014646833554e-05
4.767515011706473566e-07
4.171120751418503907e-06
4.357488904519569100e-05
5.317079970398262126e-04
5.427375572045992948e-03
9.442476455207747532e-02
1.516043331379974379e+00
3.510448045850730336e-01
5.634572207389081377e-01
3.187719512979959036e-01
2.968587617465087702e-02
8.959331306495922631e-02
8.457751231336753106e-01
1.266788400065946618e+00
6.055944625032280877e-03
3.213070820742435623e-06
7.208552645971025189e-07
2.845367671060184783e-05
6.606388881787842049e-07
1.620747789398060230e-03
9.207018721932440641e-01
1.379002933073273152e+00
3.313830137203947479e-01
4.389206576455447761e-01
1.265725724756661119e+00
5.015531523782370549e-01
2.679276504788081326e+00
2.435280099042683055e+00
7.248852512547680760e-02
1.544701704588055668e-02
1.531050486402893984e-01
3.731305831464882594e+00
3.131216289953375753e-02
5.829627061367213204e-06
1.285591426223550045e-06
5.686362958480977646e-05
9.896469683672216465e-05
2.016819621921571715e-01
4.738733434517580001e+00
6.842027098775581573e-01
8.231404145179154197e-01
1.431483053542644157e+00
6.926853680206397357e-01
7.442679298226849705e-01
1.226623359728615137e+00
4.327391431307501812e-01
1.094460140547435456e+00
7.624666417300565158e-01
3.303201682871380329e-02
4.133301609507360197e-02
6.622367957262453864e-03
3.374882932783735697e-05
1.077854121351127048e-05
1.588343257550352283e-04
8.751515764649952156e-04
5.757839718824259156e-01
6.582367218040573453e-01
6.209738164857381976e-02
1.286713980995924045e+00
1.630850999111332467e+00
1.189063603737401387e-01
4.236764375613458200e-01
4.225213519600036771e-01
4.300154097134512715e-02
6.324226472372203034e-01
2.285763749255119492e+00
1.759625416751077779e-03
4.699194288401712440e-06
2.565389389421694908e-06
5.314692787338251071e-06
3.015101955407301448e-05
3.145904928741265032e-04
3.549078679540266395e-04
5.646001386531425137e-01
3.968722369503449698e+00
4.787794982492239448e-01
1.201534868158370406e+00
5.281210916764276231e-01
7.768435246683325079e-02
3.433448489337426746e-01
1.763972131102999663e+00
8.603402257591620250e-01
3.618974768949747567e-01
7.321097261301467984e-01
1.201339385172445380e-02
6.022760961535826595e-06
5.015426508982825773e-07
4.532549365569595396e-06
6.692389653763931693e-05
4.402175342063242673e-04
3.997552611118108945e-03
5.520172396473078669e-01
1.878959021483894043e+00
3.924226048833636682e-01
1.472699045301862908e-01
1.799946054951732100e-01
9.810543103864154402e-01
6.832024307064201718e-01
3.443275361411865521e-01
7.923246916519693928e-01
4.658477014506780256e-02
1.651510046180338157e-02
1.518936412887512792e-02
2.023162320974646392e-04
1.251398532855937219e-05
3.425217801324404821e-05
1.742574482623090895e-04
5.449678912901771222e-04
8.993476276920755672e-03
1.162562877211350099e+00
3.634470164224982813e+00
1.303783896253522867e+00
8.605067483758755964e-01
9.624838047620988268e-01
1.048088737772574053e+00
1.424493338780992435e-02
2.649688443355810810e-04
2.082011564163367863e-03
1.132809325434697882e-03
1.395665528444881638e-04
2.156819082010701864e-04
1.424187849951528962e-04
1.006255708074490704e-04
2.187526598772410744e-04
4.607874806283429429e-04
8.433215220552971701e-04
