2.272949398334095756e-06
2.720278725653076098e-07
1.257886009707794943e-06
4.575547966036489883e-05
9.182384351270828158e-05
1.265511753138585859e-05
6.286781822312821989e-06
1.602693958331053407e-05
2.263414759885176779e-05
1.741916823344789099e-05
2.754725940755708966e-05
7.375820589409571226e-05
1.197592797447385939e-04
9.078300515183119286e-05
5.212880801738061794e-05
3.877691291313480640e-05
4.474452937421048682e-05
6.948716888424241365e-05
7.953601389222548404e-07
2.650053559759064164e-07
1.897498521720790388e-05
2.594351551508692830e-03
5.026576598837896419e-04
5.350527234271397152e-06
5.593992277677965992e-06
8.006135631120225469e-05
3.322383280859948405e-05
1.100589898594676723e-06
5.329351742455065936e-07
5.406851634385929761e-06
4.376665716162946290e-05
6.638408361053935657e-05
4.040428858514954618e-05
2.705851872426022879e-05
3.011686623749353035e-05
5.090680621427150720e-05
8.825032363078682559e-06
8.616223804472551186e-05
5.726680792645248708e-02
9.585132075509943395e-01
3.468071839274639891e-03
2.147448059890051132e-05
2.750626279318248266e-04
1.489503346991436980e-02
7.889322042879936409e-04
2.778214032112919347e-07
5.579387776604052738e-09
9.421213715849841064e-08
6.855463895926799574e-06
4.588990473106192608e-05
4.364821841201641151e-05
2.793113652618027133e-05
2.750944568601735858e-05
4.502411906397359322e-05
4.841010134271652555e-05
2.423599853723291953e-03
1.913333616361481138e+00
4.008247130346101805e+00
7.818559882610046780e-03
1.044466171547056262e-03
7.468348392639030664e-02
8.580646443316995997e-01
5.027129839893108160e-02
2.720993275669517854e-05
2.200007840320855118e-08
1.532515377437636261e-08
1.202388409584863870e-06
2.977028082062585201e-05
5.546048837759515415e-05
3.731248080333570089e-05
3.159948204226305994e-05
4.590685636927950949e-05
5.192777758181185921e-06
5.247969179728590984e-05
5.783277915569651206e-02
1.018119811774491179e+00
1.446941570425482396e-02
1.002854520439382981e-02
7.936434436778906365e-01
1.343225593617822122e+00
7.526748916332685058e-01
1.334156447233006693e-01
5.729822483436909864e-05
1.827339470088259973e-07
9.425162381822082322e-07
2.028564140840132302e-05
5.369825663625270160e-05
4.658888626799025253e-05
4.087327625321186136e-05
5.396706532926620750e-05
9.860308271603362211e-07
2.683232008234104294e-06
6.281642155268438339e-03
9.211566066552053789e-01
6.378229130843998847e-03
4.594949375718702001e-04
1.463538548862635680e-01
1.702454161936981292e+00
1.322259051226865045e+00
2.700331130209161490e+00
9.465656015502567355e-03
1.631423351036874925e-05
7.206560779664639529e-06
1.057935055634797097e-05
1.423951981653583949e-05
2.869440325402602024e-05
4.904478552014607430e-05
7.283010428916282834e-05
3.717568878376640997e-06
4.700540486206835115e-06
9.214288337510507989e-04
1.888657300025570890e-02
6.064783323441996218e-05
2.160005997862460926e-06
3.322453500104685046e-03
9.806664401439549872e-01
9.903227025264836891e-01
1.126513707187080104e+00
1.197226603388246713e-01
8.087368583423428653e-03
2.470407860674074204e-04
1.590515936076553626e-06
5.100708858469596209e-07
5.831424965486297298e-06
4.422797845211512880e-05
1.005098302932263670e-04
1.395948743481813459e-05
2.867381654847882953e-06
3.768083584811554688e-06
3.690582530474305227e-06
2.004479680653563598e-07
1.002894669002673420e-07
2.289758759431861785e-05
3.084420981696723955e-03
4.028108705736782591e-02
7.739118461822108719e-01
1.986551996096181494e+00
8.546320601418859741e-01
4.892239569030958253e-03
1.348515936524689354e-06
8.750797593431767460e-08
1.640100106756153872e-06
3.409173009374089872e-05
1.206221731165244639e-04
9.544110735602899737e-06
3.323319332951992236e-07
2.239802208524430081e-08
1.105655291136330674e-08
2.128066619154291857e-08
9.551019383323324356e-08
3.971477171852735907e-07
7.159912174487236598e-07
4.274833677981689553e-05
9.591942485627689974e-02
2.189246712064658595e+00
9.730209172160088071e-01
1.695431885445249920e-01
5.919455487190751399e-04
2.334570051412974248e-06
2.012151972148333080e-06
2.348105694160825937e-05
1.093285426634720817e-04
4.391064157615251360e-06
3.310923077433334958e-07
1.930367594643787551e-07
6.142906921727167933e-07
1.622130139914569275e-06
1.884885725615483087e-06
2.827021260079453209e-07
1.960307335645744464e-08
7.804224343723502155e-07
1.408366613573498564e-02
6.655804083575609376e-01
1.896861872694823592e-01
6.250961786613244975e-01
1.711960861747407331e-02
5.438734973007716296e-06
5.013067943037022313e-07
7.072310043678112702e-06
6.878861916129053590e-05
5.203853843000751125e-06
2.229230762734745358e-05
4.819260363800243092e-03
5.325211620342611141e-02
2.380528812965803428e-03
7.356208995331158895e-05
1.439622926799307189e-06
2.475182708117787081e-08
2.399018543404443786e-07
1.022038596096546976e-03
9.228496972921088060e-02
1.189299256970011293e-01
2.695344917964762055e-01
1.930998651769202153e-03
3.229556149644979407e-07
4.407939137112662167e-08
1.702433953290388118e-06
3.950819756699057417e-05
2.353867652847901156e-06
4.493380156047796481e-04
7.037971117121389675e+00
8.797235106556934525e+00
4.292316771312643976e-03
1.474159955900515866e-04
4.310327111591249994e-06
3.811688893253936866e-08
2.954117765678689997e-07
5.924339619453846328e-04
1.163111184470247278e-01
6.034661342284961538e-01
1.796182277380004688e+00
6.988830334936124711e-02
3.567986328650666077e-05
6.816143520101326692e-07
2.942940136304798590e-06
3.598487128904295508e-05
2.495577844343073832e-07
2.294769731705787320e-04
1.789442350207420418e+01
5.321930131188009838e+00
3.319021640920556335e-03
3.404183941290768282e-03
2.190878766198808229e-04
9.951564454128824982e-07
3.453235068579536104e-06
2.354714057403158554e-03
7.479251844452478037e-01
1.616552485140762885e+00
1.064457303284847667e+00
8.952315591428150476e-01
1.410599593381912931e-02
7.026930458190558274e-05
1.652470200202607232e-05
5.075824401788787727e-05
8.827964994846509140e-07
9.271059633186901246e-04
1.027457600639283797e+01
7.280407671391849966e+00
4.532505587187199425e-01
1.646835943161816918e+00
1.433992033068169358e-01
4.409060428920389026e-03
3.328032519793487957e-04
5.819800470314152830e-04
1.906077452063574262e-01
1.399045947650140009e+00
7.262574982470158813e-02
5.387263729449298481e-03
2.622499728037185366e-04
1.742084727043865622e-05
1.624854707287271840e-05
6.074389127947562916e-05
5.447304530877277747e-05
1.149681106236649826e-02
7.088542274376943286e-01
6.431381638464607198e-01
6.493180631810704373e-01
1.439933576601495624e-01
6.083031232325747384e-02
8.490425502830909466e-01
3.374572246982546209e-02
1.251650418008839550e-03
3.440319787237922783e-02
2.000302761220185688e-01
7.648705935775050591e-02
7.873086109351378923e-04
9.696049807573669521e-07
1.871352472315177259e-07
3.593676525279953571e-06
5.358085599560980812e-05
5.504568744423814360e-05
1.831524547859995390e-03
9.879238787879857098e-02
7.930343870281346685e-01
4.570624401667820746e-02
1.401676914402946836e-05
3.375630353322881564e-06
1.203944199243353998e-03
4.089089357694104983e-03
4.218688874796066440e-02
7.538498489862128782e-01
2.247086633520811172e-01
1.717402838627833495e+00
5.953199524415918320e-02
1.478899983650895460e-06
4.328407353532908342e-08
1.877865207677377698e-06
5.358273377816484681e-05
2.347201188931044027e-06
1.250690296021646880e-05
7.239381808846726170e-03
9.641288634146409908e-01
1.175709172102379005e-02
5.556109776842690356e-07
2.876232724253143157e-08
2.044993599382937325e-06
1.625157224758248917e-04
1.052921375571002904e-01
9.016429556368787956e-01
1.328722943591749590e-02
3.258670257117700364e-02
6.902754811167326546e-03
2.224947644085783372e-06
1.627713207357145190e-07
4.495852652036925765e-06
7.292713236131263994e-05
9.239020591661858649e-07
4.711621906514212181e-07
4.186869920808756709e-05
1.764306433791402659e-02
6.511185065202959588e-02
1.160595484037783972e-03
4.261988039259021681e-05
4.638967624208243279e-04
4.148820810504789958e-02
8.853475707640868775e-01
1.669640611438223676e-01
1.347159725036014795e-04
2.675515475128630386e-06
1.371510343482500093e-06
4.266337778007927228e-07
1.236659632056716531e-06
1.874554722743728482e-05
1.012586198217819923e-04
3.480989673349029583e-06
6.851805840114140859e-07
4.832890411199098458e-06
1.851064892669580537e-03
9.430361815930322633e-01
9.364561976845454661e-01
1.177127068796655039e-02
3.638384309354968787e-02
8.412951515480772136e-01
1.107278632327544310e+00
8.268284550983265868e-01
1.845876670517237637e-03
3.387096583822607516e-07
3.812741048953795994e-08
4.855831349328816134e-07
8.821400630088139602e-06
5.189196910180083678e-05
1.088839646521118192e-04
1.147420162060999896e-05
6.851319536301484099e-06
2.691174093925224783e-05
4.159754399726139657e-04
1.853699105707504527e-02
3.025117433645015466e-02
1.233838979800451615e-03
7.029068399123556549e-03
8.316098805807355110e-02
6.895201003452691713e-02
1.012475814568901455e+00
3.706088272454306776e-02
2.761976822556814445e-06
1.193228549043609202e-07
2.245280416064702755e-06
3.002296532084958668e-05
7.038465971031349988e-05
8.971697604984066148e-05
1.656327117986840025e-05
1.269981122719221933e-04
3.353921053218453675e-03
2.274944090517314228e-03
2.038320978502939414e-03
1.492175459459875106e-02
5.025591586651257346e-03
2.170473159249836081e-02
8.161726460062311839e-01
1.097882171306132859e+00
8.969945791108429045e-01
8.329912891898256719e-03
3.764963235262394390e-06
5.947777956320396052e-07
7.750288336983011570e-06
4.353771291145498105e-05
5.795655904213493692e-05
6.387890539917735755e-05
1.226556543154239289e-05
1.059396148918471947e-03
1.007989116707631361e+00
9.363882077847227592e-01
1.168866155531574219e-01
8.387906607880668552e-01
4.545638639848886137e-02
1.806031631623281064e-03
7.206168479500500712e-02
9.346246191382016066e-01
5.075397887258970009e-02
1.118645991609276170e-04
1.427518749810947043e-06
2.093917730327104771e-06
1.710973582902571688e-05
4.213056063370060138e-05
4.186936115507381209e-05
4.688526759084254644e-05
6.238942609793464441e-06
4.426213357755302402e-04
1.018132823520363717e+00
1.948304438848164288e+00
3.353217525113028757e-02
1.446615965325201425e-02
1.712549590961778270e-04
5.865497776065567529e-07
6.455966820837032901e-06
4.387788641800038350e-04
9.740111755188617831e-05
2.255312305299693690e-06
1.020670001529108816e-06
6.141531066443914105e-06
2.821302002133582528e-05
3.958071205069950080e-05
3.567306889351026323e-05
4.244110830658444719e-05
5.535836517794105051e-06
3.323573290819561597e-05
3.749437142959808917e-03
4.291182874208967525e-03
4.945106966299078733e-05
5.363281259667829423e-06
5.861640025448383404e-07
3.953718713720004958e-08
2.161466640301633547e-07
6.053624633320956709e-06
6.867737585428069045e-06
2.271763677258131867e-06
4.292825597301052664e-06
1.915182405206483589e-05
4.234003962589231405e-05
4.457241937272875655e-05
4.133235911551733560e-05
5.119245753758577442e-05
1.455755204948962081e-05
1.244967577271562361e-05
5.150680510809337763e-05
4.011870344619561222e-05
3.266515750309371312e-06
1.002277255224424868e-06
1.131286930672434782e-06
1.336374498795713397e-06
4.472030251165132740e-06
2.052767252633494696e-05
2.699374291220348634e-05
2.165036534411720386e-05
3.118026797395739884e-05
5.459590413725223058e-05
6.767124468484243870e-05
6.433368644188672638e-05
6.331480925018237904e-05
7.732782444474963889e-05
