3.825393875022179129e-05
2.713581606326306503e-04
3.826639927274961194e-04
9.183660402491589277e-04
2.785910390135664175e-02
1.213824079985224152e-02
7.318795126048017899e-05
4.799458084092633590e-06
6.701077967536473722e-06
2.580726421508212378e-05
5.917458491359464326e-05
3.370752638503895832e-05
2.073689939690904631e-05
4.256967082427562968e-05
9.888654946913070555e-05
1.112306058433191200e-04
9.893669017396306789e-05
1.358138738226217460e-04
3.242489467724762441e-05
1.681263221536612174e-02
9.652928438688098689e-01
1.134286250158092813e+00
8.007716767593927587e-01
7.634609166272190127e-03
5.995703230927518129e-06
4.902374617103487518e-07
6.159072962481168923e-06
8.859158315193846290e-04
1.600163779008591247e-02
1.254060874199945056e-03
2.740311666341391984e-05
1.471587471658323743e-05
4.736550732437377935e-05
9.044647244190873582e-05
1.008710624515326101e-04
1.391634093460792591e-04
4.801063791285293527e-06
6.103944709759621771e-03
9.184816436358440583e-01
8.598669790011058689e-01
2.547997746204710423e-01
9.279785937215147534e-04
5.000021801420283114e-07
9.334853252985983956e-08
8.267855393464206603e-06
1.557080668830887818e-02
9.437287551322842694e-01
1.378690658520918474e-02
2.121962297388782975e-05
3.580502025966569096e-06
1.599615515967082460e-05
6.475691091252870331e-05
1.213470221975676387e-04
1.873286673074280712e-04
3.240199205853308076e-06
3.444834399827455783e-03
1.490865177136248831e-01
1.341225279776941393e-01
7.402895462558900519e-01
2.647595121678761668e-02
7.147061696133405684e-06
2.649963756318168405e-07
4.929292362461779071e-06
1.091448791151456918e-03
1.183782432694282898e-02
2.371398795665413802e-04
1.964214746551185192e-06
1.016990331817386939e-06
4.733733802529856906e-06
1.954703119002000275e-05
6.444120087479099173e-05
1.744483245180633081e-04
1.232067156439794393e-05
2.900068602882338933e-02
7.333860976580806046e-01
4.952550886950004422e-02
3.900738406506631256e-02
6.059323407148874650e-03
2.200379542194366622e-05
1.388720899255701501e-06
3.343800690782449471e-06
1.404523360797954728e-05
7.445839131343662971e-06
7.848586145349588017e-07
1.362727168508259550e-06
1.697357809021464951e-05
1.152450321162442025e-05
2.280918552138820237e-06
5.118752060589433468e-06
4.784178601387500441e-05
1.196964538252475365e-06
3.890822165829370904e-04
1.084262082137876088e-01
5.214522923814943201e-02
1.070420760234704711e-03
2.753768729386827586e-05
3.513559005027387925e-06
4.783270276388579513e-06
1.715060104435748320e-05
3.015217282093820249e-05
5.383552988700722129e-06
1.401886649370694687e-06
1.644425595383379132e-04
2.743319075241791236e-02
4.760674875386165686e-04
4.642196225739851690e-07
2.051397762637699283e-07
5.497863422039535260e-06
1.025350164107238705e-07
1.174482912138899210e-06
5.347726459680426231e-03
8.699069407422046485e-01
1.674279751372151001e-02
3.369967981739642433e-05
6.232999737607473899e-06
2.506773165832409174e-05
2.275000797152727946e-04
4.079608551413592930e-03
8.373602408737064115e-03
1.622813006044942835e-03
2.084521836092145461e-02
8.905471180386267394e-01
1.442356536313606739e-02
1.333757110530451481e-05
1.337316435745790803e-06
4.915106331059931766e-06
6.905872432761330549e-07
9.744669663738837004e-07
3.646718978368613953e-04
4.070455942295894691e-02
3.277521865338144710e-03
3.968516085157263189e-05
1.712303543478528234e-05
3.080764716606495792e-05
7.572713059207117575e-05
4.511141115634406326e-03
9.386759032493766641e-01
1.035010712950138911e+00
3.603277800632152111e-02
1.363224931831666722e-02
4.103361528064677910e-02
5.166660356500544365e-02
2.100634472856866171e-03
4.065517676238150890e-05
1.633119632706662034e-05
1.630319723733149827e-05
5.580642274729000831e-05
2.915032117148686020e-05
1.868825817394766223e-06
7.196505625643341022e-07
2.699740719451687275e-06
3.076331599252695812e-06
1.033388349043400391e-06
2.113936594878959747e-05
5.391794545919624537e-02
8.850470580074960569e-01
1.661620159414203563e-03
2.162643157993046023e-05
3.233710517704327207e-03
7.869002372609127383e-01
1.871712605792192480e-02
2.295094643692650944e-05
5.727700739037553009e-05
6.498972912908408152e-04
2.600752060798738451e-03
3.656432090904426281e-05
7.800044072360622277e-08
2.151158782900134134e-08
2.053099367451217642e-07
5.330617321428525496e-07
7.717653546113702391e-07
6.566568642138619137e-05
6.006943270011478458e-02
5.188339592724235116e-02
1.626786851264883216e-05
4.265085194269440983e-07
4.655755319489159332e-04
2.459451034274300896e-01
4.189237344243311109e-03
6.744528694534763747e-06
8.397685361627811316e-06
3.627864281116045548e-03
9.709540163079997122e-01
1.522891461015233108e-02
3.009738402957535942e-06
3.935450782391238725e-07
4.130409749134793417e-06
5.176641505643486501e-06
1.546503198365305968e-05
9.370193494814887600e-03
8.670460228889200760e-01
3.118311710054096596e-03
3.508394868058309604e-07
3.137211329344958319e-07
3.225902240264565731e-03
7.699217334668760904e-01
6.153898683029368835e-03
1.514417166823851762e-05
3.637989956411888226e-07
2.353929768272439854e-03
8.019135664552006659e+00
9.682060071180350613e-01
6.646045646468624023e-03
9.836011059078273930e-03
3.346953347214345897e-02
6.941643196418605501e-04
4.252965422105707419e-05
4.345298648025148341e-03
4.109383092163072099e-02
6.168994680328880435e-05
3.141249815527709214e-07
9.485579994809561406e-06
2.144422586186165228e-02
6.284820126632698067e-02
1.010371778658563632e-04
2.015564419315237307e-06
2.516988330254094126e-07
1.053504129004561446e-02
9.045284666597900980e+00
1.852044002539548817e+00
1.194502392740925067e+00
2.908711611528532526e+00
8.978521518168360860e-01
3.985319832269208599e-03
9.457199775193311623e-05
1.098224071676698853e-02
7.344009882752937368e-02
8.477606375493758426e-04
6.120585483047950815e-04
3.236730433953789732e-02
1.958904930426919488e+00
1.392084479918840323e-01
2.855134040201686140e-05
7.600221894066848158e-07
7.102061186227526566e-07
4.974035734721867635e-02
1.372487436171739539e+01
1.524579756180074686e+00
4.801369428640402948e-01
1.662430658037679365e-01
1.260612939519062947e-01
4.220493068740996043e-03
1.246696009303731930e-04
2.895025098336650310e-02
6.940291147333773614e-01
1.511554197470716399e-01
8.714732388579198297e-01
1.069209877292230049e+00
2.845934847710582360e+00
7.887645714334502456e-01
3.745153144613561666e-04
4.056473901315221745e-06
3.211953140425156403e-07
1.448034622472431192e-03
1.090156434101876126e+00
7.798043671794814280e-01
1.350502589046397306e-01
2.373509973863308364e-01
1.725177845676659771e+00
1.568303941414240718e-02
4.482020014593950937e-05
3.952215135595424887e-03
1.734146152044038491e-01
1.584483166539803201e-01
7.844431400196743009e-01
1.483654232802999184e-01
2.288610741139470717e-01
2.084373145457835419e-01
2.959152576880904858e-04
4.942923160927044402e-06
3.039971323913868146e-07
5.880521231391049175e-06
7.789042297571981523e-04
6.982066682209311925e-03
4.915223844702608369e-02
6.958179096317997914e-01
1.364838842972262989e-01
2.457593495417784049e-04
8.915173880180817044e-05
1.233007595092752567e-01
7.219303225989543993e-01
9.910923654373378702e-03
6.030666234430797322e-03
4.139101122322962761e-02
1.555548313653781989e+00
9.071419313868148704e-01
8.525998975560962869e-04
1.473154052889520790e-05
5.429713472809073624e-06
1.096699770997137594e-06
1.161124883717081512e-06
1.719998619781379736e-05
1.068647200498187497e-02
1.703370188004756647e-01
6.558979005069459330e-04
1.229068401856266637e-05
8.538377577160751906e-04
8.221021136474218061e-01
1.451402129764692850e-01
5.507144240502120176e-05
3.254813947927226252e-05
1.145919033000825614e-02
3.641546526396639560e-01
2.787469183507132464e-02
1.961993940042459060e-04
3.412024559129012125e-05
1.064210228944202901e-04
3.639599733956870294e-06
2.109605995247106331e-07
3.636450778571406095e-06
1.974782783848902379e-02
8.002007725345957612e-01
6.266999477732712598e-02
2.080234392537319218e-02
1.465843429113073033e-02
9.379726181987416145e-02
7.988704175545316422e-02
2.589307412272754566e-04
6.443164952285972006e-04
9.442403117184166028e-01
8.010150001729585689e-01
7.761076397289383899e-04
1.359744789456905783e-05
2.660874369469932584e-05
1.433151011532054738e-04
3.828769663615796600e-06
3.286308810065191013e-07
1.267127739958567584e-05
7.190222575980472104e-03
2.406434976580595214e-02
8.365300699266173257e-02
7.477997422367034241e-01
2.458958656877014565e-02
2.916621236823608090e-02
6.826976233479400413e-01
3.803662021317043979e-02
2.144803789313830950e-02
9.830176172765522358e-01
7.883953760434937730e-02
7.250556334851755876e-05
6.129634229709260614e-06
3.616929633443338347e-05
2.960512561483068654e-05
1.292017348345744780e-06
1.117546655781485555e-06
5.165589235604265642e-04
3.293626517926112607e-02
8.367862672859067942e-04
1.370731867451753690e-03
1.560862873811978413e-01
8.074760065314708080e-02
5.184486533337587938e-02
1.524000940554049721e-01
7.035006818050047739e-02
8.727081350245311300e-03
2.294742246722334734e-04
2.267425077718496866e-06
2.960700773143789700e-07
2.586583625256078533e-06
6.231494349186098675e-05
3.343050503009682706e-05
1.487017489436450214e-05
5.068072100541945392e-05
1.799072960757273909e-02
8.789027766256440888e-01
3.168794833179553599e-02
2.654469541689120221e-02
7.988760657274059929e-01
1.071250255621391201e+00
5.501656135380010859e-01
3.285242713078434518e-01
6.934428453005162529e-01
1.946400247704548753e-02
2.218381436518217521e-06
1.350764220427021008e-08
9.222028467113959334e-08
7.661950875407207986e-06
1.537975177238803189e-04
2.625348630912777322e-04
6.833693481823732881e-03
2.945606431029608105e-02
2.177676646277701064e-02
1.198562426032511417e-02
2.845850315992964463e-03
4.665001260086900151e-03
1.443655438577827986e-02
5.557147135961923445e-02
3.968321577901648411e-01
6.384966942762789754e-01
1.234718814165949752e+00
7.806141147667894353e-03
5.957947530749075702e-07
4.495827504600092631e-08
2.094205215911280995e-06
8.093426220803370894e-05
3.561240880130095128e-04
4.704691491723329312e-05
9.306509667196496971e-03
8.140843506149472164e-01
1.127212346813251526e-01
6.195388853504931034e-04
4.330397696123318701e-05
4.937076098865866760e-05
1.876135765250244378e-04
2.250144478291241090e-02
6.371174022306453910e-01
3.236997202108478078e-01
8.362767896464375905e-01
8.554215042092158314e-03
9.608135860419049670e-07
2.253950331692977473e-07
1.437900433461821435e-05
2.073512273316440563e-04
3.689424060249855844e-04
1.524797630746254106e-06
1.260154210281340338e-04
2.126419324644337749e-01
8.207402481438944575e-01
8.963877955734063374e-03
1.573960985910783901e-03
2.941507128290905566e-03
2.091692856909434066e-03
1.759298787889075968e-02
3.654146024405761223e-02
2.450490090459971765e-02
9.188904834499204144e-01
4.190813320635765338e-02
4.513312314195552845e-06
6.318200073531569155e-07
2.025041771465228038e-05
1.644085167422831882e-04
2.520712753829693368e-04
5.921238943605512846e-05
7.416124149089518142e-03
8.828535840134827950e-01
8.897584365465527334e-02
1.172346265827410106e-03
2.141023642617018857e-02
9.488832429564872939e-01
1.987630848192285457e-02
7.339622989326708845e-05
5.088500572123084502e-06
3.887933716987087207e-05
9.505075377679998369e-03
2.485998321549565734e-03
5.286376858805586378e-06
2.255314118972138019e-06
3.530184317724234115e-05
1.633877534102267835e-04
2.402575081791501687e-04
