3.539673557667481069e-02
8.610210562211146890e-01
1.193315264841484424e+00
7.718207922569101376e-01
1.961312669385329999e-01
8.450323160607180473e-01
1.065521165261453351e+00
1.660969126892842748e-02
4.239131360441708747e-05
6.302472051878904841e-07
1.201838950913718710e-06
8.879182531525045118e-06
1.255957484385286170e-05
1.972799139247447477e-05
6.043854303788840553e-05
1.431129053262260493e-04
2.347026701957392815e-04
3.898923604132353620e-04
1.462810829344341184e-04
4.255545169855528415e-02
9.901348266103974227e-01
2.732688216579683832e-02
3.564120971335711944e-05
6.880102771752356927e-05
2.716009872224402558e-02
1.903002114902015762e+00
1.004298143192720483e+00
6.150090861960122446e-02
1.766816830081584938e-02
7.432822896414221234e-04
5.947505161494832201e-06
1.636643361178675233e-06
7.687977992418599149e-06
2.907836806983324688e-05
7.530063787930430950e-05
2.106609488557416104e-04
4.223615376756876004e-06
2.974323076292566519e-03
9.279860018396262067e-01
5.771764951317443632e-03
9.870381273586802685e-08
6.699193503356764875e-09
8.065130568305616269e-06
5.383694378144929932e-02
9.850361464436864223e-01
9.334017069143403234e-01
1.851270055885689825e+00
3.119219198731579962e-02
5.045569155737966407e-05
1.866598411702012928e-05
7.322659070886784044e-05
5.178368002105875918e-05
4.888220636917834180e-05
1.503229316914482094e-04
1.160138492666981344e-07
7.255169524181256153e-06
3.320165601481999545e-02
2.565544690577250750e-02
5.071414903876938093e-06
7.001839680032452559e-08
9.302187254867041761e-06
2.053406564018624147e-02
1.772154066869823658e-02
9.547469165501467833e-03
1.325139887252576365e+00
9.211045263095942737e-01
1.774010675603674911e-02
2.263498934951807193e-02
1.105577063596001157e-02
2.589281051352885620e-04
4.657409237149161171e-05
1.272870239141550965e-04
1.261572845813145069e-08
1.195100036159815502e-07
4.884904680171926403e-03
9.075024469431075547e-01
5.153523609808067368e-02
2.183773440475935638e-03
8.086675706134173469e-03
8.618652905557228072e-01
4.770556488010840174e-02
4.882946232362842497e-03
6.277348358702986575e-01
1.926126255935944664e+00
1.160187578138950570e+00
7.960585167853279076e-01
5.455749575630244180e-03
2.827738019020477193e-05
1.463273273718956444e-05
9.658913206275483547e-05
4.878070038654656608e-07
1.760260934098912636e-05
1.169708720683284991e-01
8.759736344845491240e-01
2.304189396515994859e-01
5.754952287947014966e-01
4.760762235038819012e-01
7.783656496623799770e-01
8.674166179066404581e-02
5.511143602363031968e-02
2.512404729978797158e-01
2.012813984944098744e-01
4.785033319366283955e+00
1.296965156921100704e+00
2.336404742645305536e-04
1.891555968284029593e-06
6.932925764915688365e-06
9.399100626979253476e-05
3.979099805916854485e-05
3.992560289130643938e-03
8.614947766910474591e-01
2.274909151573282357e-02
7.290908956697308204e-04
9.192805651040789061e-02
8.220816270873475551e-01
4.424081946626489542e-02
1.728483836907808435e-02
8.657791649362348574e-01
7.223236092507119288e-01
4.085046734059678136e-02
1.944264785998517153e+00
3.727380567164221059e+00
5.249577183333901942e-03
6.314045086189157166e-05
5.155582057374707061e-05
1.804479165121169071e-04
7.344153572943136944e-06
1.182048827312423317e-04
7.592318197930296442e-02
6.936011742559917981e-02
7.068683113031694765e-04
2.379096399771084107e-03
1.456469461867662685e-02
1.653734780702594389e-03
9.402576971760175095e-03
1.187147259408619426e+00
9.395842481874695784e-02
8.719211572302926986e-04
2.244641379250702715e-02
3.395165195414526771e+00
9.720808361031253453e-01
5.498109751777867545e-03
2.108434153397034671e-04
2.327518444177975208e-04
5.729628024512126675e-07
1.396124466640099289e-06
7.390620856752424736e-03
1.789325048475689517e+00
1.403536741036632771e-02
3.682437250751638820e-05
7.718986219872788895e-06
5.227115775195138907e-05
2.278636169291911248e-02
7.532901763144250751e-01
4.670984144305220104e-02
2.901056787176252080e-03
1.008446274300812961e-02
1.549395770613210654e+00
1.937410139108735940e+00
1.635511448602959984e-03
2.080880923889574368e-05
8.060082711271967148e-05
5.308666785403334848e-06
2.723925955122702574e-05
3.460581823153215802e-02
1.171463132689574582e+00
1.947103128590235623e-03
4.393141569413480235e-07
5.219516225510437750e-08
7.499301537423558291e-06
6.171396143271488423e-03
3.136861932141617182e-02
1.286058792948589213e-01
8.099517034869956333e-01
1.173198002895173009e-01
1.330382510453823830e+00
2.243428709941116761e+00
3.199965967761707612e-04
1.012034283310819761e-06
1.164506874190253532e-05
6.319201357854440401e-05
2.271452111602286633e-03
9.136835150111751735e-01
8.947138932482414653e-01
3.028574416468495347e-04
1.833469302246350349e-07
1.871057546191652182e-07
2.196893437313821875e-04
3.927735727607239297e-02
3.777458616271887285e-03
1.347230880667078454e-02
8.901240358001424324e-01
1.145993193233099255e-01
6.384369965456749840e-01
2.626927998164998002e+00
1.378241962147670231e-04
4.004038232890322682e-08
4.964816777378830687e-07
3.572348624525882300e-05
3.032776038875985812e-03
2.085737376045460501e+00
1.036915023586064022e+00
4.865735180097007450e-04
4.620329448135564801e-06
2.827209778960985465e-05
1.531800633426060564e-02
8.830681733073758588e-01
7.772597885353998461e-03
7.387379598348858866e-04
6.894609933071606245e-02
7.384192757567861753e-02
8.954666800709736030e-02
5.307917794624272823e-01
2.587954868715462578e-04
3.123809499539380046e-08
1.029003353624198672e-07
3.138014911992547458e-05
6.350611311395348672e-03
1.193629611977510585e+01
5.003788128413519942e+00
5.406221406859259941e-03
2.181249696395106633e-03
1.625975316157150102e-02
1.999144262300100658e-02
2.755518318447278472e-02
3.223986013169629098e-04
1.864907290833960713e-05
1.292863329273442885e-02
5.845388444022888708e-01
4.217801056964286532e-01
5.148343127673138397e+00
1.473800124278797363e-01
2.092116611776034370e-05
1.921265722042101869e-06
2.902341859308527655e-05
3.365197819636216864e-03
5.014497098644168815e+00
1.957848301862354257e+00
5.944475095157786444e-03
4.552615119234495328e-02
8.436831465222659476e-01
8.640227510772881259e-02
3.031334662206203179e-02
2.489563622088026575e-04
2.646931650045117053e-06
1.449259674470891081e-03
4.968194644589837283e-01
3.688724713560946888e-01
1.907903144756759373e+00
7.421910568201586234e-01
1.143329035267022595e-03
2.697432466107777945e-05
3.451455532185482807e-06
2.258001431525657153e-05
7.951166626296347212e-03
8.043732532808682209e-03
1.636317149660387849e-04
2.701285597442396654e-03
3.229504075576537792e-02
2.610048825142603779e-02
8.135974886364145675e-01
3.754123799253109711e-02
5.132680806465885615e-05
1.826449937520217446e-03
4.116929445704308743e-01
8.129096388149531505e-01
1.100326848491857801e+00
3.318151933350381166e-01
4.045097941765794791e-03
1.214734704432881331e-04
7.047294599351346781e-07
1.799987724166357128e-06
1.883818991030532805e-03
1.790125604996634437e-02
2.112733960260953971e-03
1.668529061753722120e-02
2.827629627782717644e-03
1.852912524238692945e-04
1.317129758650660287e-01
9.852775153005918218e-01
1.497849674557572008e-02
5.575895366962003302e-02
4.672775339080472157e-01
2.292962780250366261e+00
6.700365582761654615e+00
6.696487962194704879e-01
9.692489236757089940e-03
3.635423073925245848e-04
1.452089255718899440e-06
9.344699786751724314e-06
3.964564322626214221e-02
8.539306726097060096e-01
1.389542323522150180e-01
8.524001293891251274e-01
1.451853216557631374e-02
3.498503156126079813e-05
9.278002650209097105e-03
8.042996016482619748e-01
2.505811715845943088e-01
5.730860171631488864e-01
7.090641708144955480e-02
9.106601222038981924e-02
2.850311514745911268e+00
1.246539720149843350e-01
1.843427895017264913e-04
1.729579094563013422e-05
1.003612136341401703e-05
2.443161106151255085e-05
4.138949283808541178e-03
1.261524895991027358e-02
3.368295980261213664e-03
3.127674971656814462e-02
1.230302024735261106e-03
4.355056606168648871e-06
2.668328813899017602e-04
2.044156204344577815e-02
1.200772931639884460e-02
8.087097924808069049e-02
6.705172799966785391e-02
8.704428250300215442e-02
2.842409345772934248e+00
2.836692423439873476e-02
2.721398507604025217e-06
4.846159947332807449e-07
7.031048679459891645e-05
2.301450400612232931e-05
4.343777412732797972e-05
8.335039210587544452e-05
9.173812214283904795e-04
2.681325378535765261e-02
1.660496120200267295e-03
9.851506000072324958e-06
8.380995825905233226e-05
1.432456581493592000e-02
2.966022630165619095e-02
9.366823604490794042e-02
1.634399988360166756e+00
3.184208671198688556e+00
9.968457698001355061e-01
2.056756277074211527e-03
1.305816884869867369e-06
9.948672231967871402e-07
1.580592891639772399e-04
2.728280736422574438e-05
1.031946050994261367e-05
6.929798350187410896e-05
1.485655621562202190e-02
9.172741770968647623e-01
9.738739090008349253e-01
6.962781583219060377e-02
3.581877141266232457e-03
2.087366749263362339e-02
6.317144324216545925e-01
1.266099569011059689e+00
3.126878549561348031e+00
1.877294152102621627e+00
2.826761193083212470e-02
8.246112267815261174e-05
3.636393273949382142e-06
1.650532469797438465e-05
3.052644245025248031e-05
1.431411098414866182e-05
6.903104443932185325e-06
1.531220140087572164e-05
2.522942551287806986e-04
2.126383097852262670e-03
1.229411783998506369e-01
1.818372075294858892e+00
1.311265918102270250e-02
2.311305316478304544e-03
4.471937793759622748e-01
1.589600533491579037e+00
3.730162823645142428e-02
2.005743709051560457e-03
2.298227247830826950e-04
2.453915430682750173e-05
2.075468600546391280e-05
1.364044645455095804e-04
7.857331448896328862e-07
1.107360921450839841e-05
3.003611313078135260e-05
7.533770155671718331e-06
4.097771400890469202e-06
1.836603418188864451e-06
2.766842705116519266e-05
2.686752333133935518e-03
8.746855914190783399e-03
1.028418569138828675e-01
4.558417286227958165e+00
2.336102838175269536e+00
2.304317495785395114e-03
4.997595388922874599e-06
3.093671214157955231e-06
1.668229880848492747e-05
7.926027096780607819e-05
3.327126003014271470e-04
1.685076687027834242e-07
3.689572763812534934e-04
1.488267235609126889e-02
3.074367012865678733e-03
1.242883921125313576e-03
1.910411856491889770e-04
1.311686851299862205e-04
2.561193444710535127e-03
1.770211518346165303e-01
1.656805919476346700e+00
4.509993703110785068e-01
6.968306017733972846e-01
2.584619798205172597e-02
1.194089350341086957e-05
1.313990368774268834e-06
1.558854948650373310e-05
1.242907027908532816e-04
3.611814231670576795e-04
1.727474083201283579e-05
1.041975091119395486e-01
2.759005498856110350e+00
2.224917730773039892e+00
8.524618444056613065e-01
2.898399555003411746e-02
3.020644191540474560e-02
8.773915274861635583e-01
1.026326228494915949e+00
2.882251731829320839e-03
1.185156908646519647e-05
1.119388492084931420e-03
2.296608093313968688e-02
9.839451682044456104e-05
5.180711580352330429e-06
2.890981516516639329e-05
1.566144947747524069e-04
3.499537901431825607e-04
3.105528114497215983e-02
8.447206426507096744e-01
2.587831322169936166e-01
7.853561483346184202e-01
9.842565086413833375e-02
1.359571240098862894e-04
2.083242179332026457e-04
2.517121186848678485e-02
5.291865088243963115e-03
2.258383100573331137e-06
2.640461379394602045e-08
3.859202986403666117e-06
3.142807751326541412e-04
5.873209685376532305e-05
2.379140528044466123e-05
9.725204818104682240e-05
2.869505192530624315e-04
4.848004748804234706e-04
