9.599679361475159656e-01
3.964742384394278479e-02
6.318049492317311111e-03
1.550687551554111830e-02
6.372096393877320353e-03
2.928600317570495895e-03
1.445885319799742642e-02
9.049216919711944307e-01
4.439046668744997537e-02
3.153988441267364782e-06
3.795106952424606084e-07
9.381894974533810851e-06
2.865252466782715172e-05
5.189012656277662946e-05
1.929513733814786384e-04
3.869100814369706861e-04
3.429187083969520455e-04
3.012827486090579828e-04
6.467954321618969715e-02
8.630503544533625337e-01
2.167452634659375210e+00
2.715964351896200668e+00
1.255145213493953138e+00
1.730178694538408557e+00
3.093953136462709863e-01
9.246984116419254551e-01
3.027736490987031903e+00
2.540968606524246498e-02
1.103811479285019773e-03
5.763904413061074770e-05
2.539230831519747044e-07
1.048696309959896003e-07
4.094587299036506619e-06
6.977448815930200276e-05
1.772250638987566047e-04
2.524574812746772142e-04
1.780979852929886358e-04
2.200055323405739928e-03
6.512514838069017459e-03
1.857545289312126022e-02
4.357641914216572182e-02
9.449904346335900041e-01
7.558301693379937403e-01
1.300574037773317426e-01
8.245069652241878710e-01
2.036745485629301022e+00
9.487218205849858865e-01
1.029221296263994976e-03
6.814406591558288905e-09
2.215204674810054674e-10
2.908071089181720807e-08
1.881491796850364538e-06
2.111973305340372040e-05
1.359196005778024667e-04
1.387626957925798453e-06
2.731418907714232887e-07
3.191347554576314620e-06
3.604013271208512774e-03
4.534497780229352487e-02
9.796084168153065819e-02
1.857736392660048752e-01
5.290771255448138005e-03
4.288253984776936763e-03
1.613186374956234459e-01
2.865226160578661752e+00
1.304383229675713241e-01
3.180476006159064184e-06
2.086667409028447040e-08
6.324419236474193148e-08
7.053797545733939392e-08
5.021649302795299596e-07
2.552260332588251633e-05
2.185576781270612822e-07
5.118529726411340131e-09
5.880513890462221488e-07
3.565671391506113064e-02
6.569324580104844991e-01
1.959186940890340067e-01
5.922440129040134060e-01
5.971108448604751234e-02
1.236768832219016095e-01
6.741178681884054669e-01
3.895375409465704486e-01
1.550245716353254588e+00
1.520366875587919886e-01
8.442517799189351926e-03
2.511918821539755741e-04
3.960814222421097637e-07
9.365317301106756126e-08
5.783245983961946097e-06
4.955597711182154534e-07
1.294255178867856116e-07
7.978051260107784813e-05
1.103354105863568885e-01
1.113509696918676961e-01
9.711309365450275510e-02
1.249686511714674653e-01
2.143789267382557873e-02
9.498846554831260613e-01
1.004131233502487675e+00
4.568213854363476455e-03
6.921273317174055084e-02
2.255972694656093847e+00
1.551703087779193746e+00
1.749756807647512569e-01
3.370468662656764583e-04
3.424868724088704327e-06
1.070691933398137880e-05
1.829042670705756080e-06
1.353637472281859816e-05
3.208089919514527100e-02
7.434152229240396093e-01
1.464810529380146387e-01
7.250831996714003358e-01
2.987598733996587458e-02
5.257505821441498878e-05
6.154140748257986605e-04
4.633242389037072612e-03
4.060752976539900422e-04
1.130999759063393457e-02
6.038081208639378694e-01
6.902192150779223878e-01
6.864878616831489033e-01
2.203184523539471543e-02
1.038026443237089906e-04
3.142409341323412764e-05
1.418134025149971944e-06
7.008876463816125343e-06
6.335751160150498475e-03
6.331532514699635128e-02
1.180473276827275972e-02
4.878627604822032005e-02
3.227103078057072354e-03
9.659064317179486738e-06
1.857107214493636921e-05
1.182399838442190669e-03
9.282623532037081321e-03
2.096079426094180770e-02
1.234914823467451878e-01
6.294657699949476326e-01
1.475490063107418592e-01
6.038130953779528506e-04
6.513233277718648236e-06
1.043277431466693773e-05
1.540412611557395758e-06
1.944423229796758846e-06
1.327846198666077660e-03
5.912075585804580508e-02
6.074572270111971073e-04
9.708517651533069240e-06
2.672161484929394252e-05
9.193619260983437865e-04
9.891816234681516731e-03
7.021709069062224973e-02
8.203745110125830742e-01
1.569445726709744748e-01
1.095299468169554612e-02
1.882818463642316892e-02
4.151047913604158195e-03
8.779951919129200027e-06
1.679232110822772984e-07
1.394098043657018382e-06
3.187504457366499919e-05
2.214147173490396442e-05
7.110836342019101995e-03
7.959460163883135264e-01
6.080555872534091277e-04
4.227640942185361778e-08
5.909428616146242309e-07
2.251631464777101299e-02
8.876742949097267132e-01
4.240141226605503161e-02
8.746452671695255365e-02
7.375279170371636939e-01
1.062943884391015642e-01
1.939250746516725174e-02
2.272236471469299066e-02
1.437167638662663598e-04
1.541893250730166152e-07
1.980770648244807228e-07
4.527925928103303764e-03
6.168126604322357251e-03
3.255276484272878051e-02
2.298968157021684666e-01
1.194509079729197485e-03
1.383629533354980982e-07
9.541785586321071202e-08
2.991619887865292079e-04
2.462393425595829632e-02
4.336390325118735616e-03
4.961272673763980449e-03
2.458653709691683009e-01
7.044579022479222630e-01
1.863604231680540957e-01
8.032260859567885714e-01
1.061421283985488316e-02
6.867574560344054986e-07
7.281349929953384097e-08
3.990284482682490523e-03
8.903483149442904532e-01
2.135967034687213051e+00
5.241838163221927971e-01
1.758930781224943563e-01
6.454908263998843706e-04
8.314531146612822919e-07
6.728644397515853706e-07
8.015110524197981612e-05
2.345643456106112634e-02
8.299550424223469669e-01
1.092496076279833028e+00
2.173265761691169778e-02
5.718086944283483049e-04
3.086441586832573344e-02
1.348504395663428501e-01
1.289851686134617338e-04
2.013044944316790765e-06
1.094359080227238040e-06
1.288776677570049600e-01
5.474021986736122614e+01
3.757031288428119176e+00
1.535969548822778474e+00
2.680026007726081516e-02
2.195423982248913066e-06
1.348150053568456250e-08
9.689355913403632892e-08
5.573374771101407226e-05
6.752877714319580060e-02
8.904285520483674610e-01
2.602670584147937990e-03
8.673004885251616694e-06
2.492653513197078206e-03
7.778232866584371408e-01
9.378958511971397308e-03
5.084167927670285564e-05
2.237882915486585675e-09
3.390092068216404137e-04
4.986899220043254921e+00
2.446759584670691101e+00
4.366229097383169666e-01
4.549988515162454832e-03
7.254138670617621292e-07
3.445516874652839478e-09
4.390707260259959420e-10
3.977788461517722504e-10
4.317017420668164475e-07
1.537734228191253195e-02
4.148569611275985253e-02
2.114053964634936451e-03
1.113345347439993333e-01
1.400147550450445977e-01
8.353120805971315903e-05
2.108721638856024372e-06
7.564094048374789088e-08
1.393964404712841126e-04
1.086825909085053637e-01
3.516509922701100410e-01
6.359971330597242734e-01
1.353519618985364777e-02
4.007232807690877806e-06
7.770866453805521681e-08
2.974199862972954499e-08
5.878062674642191747e-09
1.772521386557798768e-06
1.545040180423820075e-01
7.748579789237337589e-01
9.893861106985515907e-02
6.626080399572195079e-01
2.316204004145133982e-03
1.579593994921320550e-07
6.496367987536948043e-08
4.311817517452298175e-05
8.871144051005615608e-03
8.074895635720790166e-01
9.699603399031418993e-01
1.221550965725303750e-01
5.354337051108876274e-04
1.143235750439200136e-06
3.005725523491305177e-06
1.229930700963896258e-03
8.429482091141840897e-03
5.870301391750654130e-02
2.702753002212142874e+00
2.277755665491401627e-01
8.922290352426813509e-02
2.492307973535896615e-01
1.358190587326338231e-04
6.685559395347669836e-08
2.562686233195796934e-07
1.707959745134418261e-05
2.745067529559271991e-04
1.111818379378330113e-01
9.239766575619103861e-01
3.060596916335958564e-03
6.762255398437738606e-07
1.662829690819233268e-08
2.556664209704495189e-06
4.050849488035770940e-02
8.462731565704800785e-01
1.157621713954775228e-01
3.418576952866538010e-02
1.154534850283908155e-02
7.069267376278401960e-01
8.606489680835326395e-01
5.135728362239350489e-05
2.018463086159627284e-07
3.572316806893099956e-06
2.045347966415831729e-07
2.629406831069777532e-08
3.724181831343574468e-06
8.148945686706627863e-04
5.182439063501332016e-05
1.808431661647723863e-07
7.527927687407378979e-08
3.192310306178323545e-06
1.048685197066289874e-03
1.304283653220202066e-02
1.905896927967820967e-02
2.995525321715267197e-02
2.540852155896932557e-02
1.197591768662815026e+00
1.049446173575977470e-01
2.435887261063276432e-06
9.850388135996986321e-08
9.154573005712988076e-06
7.097198694759493282e-08
1.299615827471462661e-09
8.841838345735584124e-09
6.755357962788696856e-07
1.353623027707132793e-06
4.732753224744820178e-06
3.378547945151135390e-04
1.955612573124159478e-03
4.879849868233320648e-03
2.526803052477568506e-02
9.332112994105346004e-02
5.491917183872080388e-01
1.292255385447256488e+00
3.693310464895786183e+00
1.246622989101407210e-02
5.000283464518317199e-07
1.154725619234205358e-07
1.608896022724515872e-05
1.659549889515509786e-07
1.772252745230807051e-08
2.122742822504531662e-07
4.487154493058948400e-06
7.149388058519406731e-06
6.954036754961683692e-04
1.038159257893383591e+00
8.914969391302544066e-01
1.651633376578127421e-01
7.025424370957153997e-01
2.023263142329793651e-01
2.453416138129909940e-01
3.898188816749887042e+00
2.096549115938647567e+00
1.478701468190146825e-03
9.395391566252096462e-07
1.042740481978853062e-06
5.178900473275713630e-05
9.671509403120304914e-06
2.701579437525487327e-06
4.732008163963602465e-04
3.183764280536072883e-02
3.568146030366621882e-03
1.493433481973083059e-02
9.542959832453227209e-01
1.745514771033810156e-02
9.562300132786366244e-04
8.353801066419958010e-02
8.563726420138060291e-01
1.900622272744288521e+00
1.969962324417700250e+00
9.074168565275665330e-03
5.944589053402634366e-06
4.964136979321825755e-07
6.071819457577678799e-06
1.312057714962467313e-04
3.571318823635219464e-02
4.742040931587495288e-04
2.020674655955397719e-02
8.710604267655457367e-01
8.495629316066991357e-03
2.077606307610813195e-03
7.188579101121036520e-03
4.273401549383957024e-05
1.357864083283287373e-05
9.690169324486004251e-03
1.077525592789190467e+00
1.013215196195201839e+00
1.297773212051049618e-02
1.187969983195554197e-05
2.102148789960368300e-07
8.062631228360793990e-07
2.217539847446164871e-05
2.061560231926427215e-04
9.036971215115554568e-01
1.627674584936403745e-03
8.818055100666487289e-03
1.195798638114581175e-01
1.218781324963019328e-03
1.013519238273965714e-03
1.342777746314281762e-02
1.607805711630602014e-03
9.591774346163414733e-03
9.505639777156924541e-01
1.981682095405857158e+00
2.263466431956777034e-02
1.609762279739378418e-05
2.207906359615724028e-07
3.975207508110382255e-07
6.601277320401584786e-06
6.775436202318165771e-05
2.384388793762942183e-04
7.494989489642769898e-02
4.564545643712269833e-03
7.157855027572231077e-02
1.753706061431370644e+00
1.222902070740585906e-01
5.849555347618287660e-02
7.200245622153331748e-01
1.330111714717941762e+00
2.715678284882347970e+00
2.193849829082432201e+00
8.944829494319412877e-01
1.571183180543881189e-02
1.240625577507525750e-05
6.530257292118072424e-07
4.128333156588464629e-06
3.994915450620341096e-05
1.243759861760600585e-04
2.321827359720379997e-04
9.648669122757038696e-01
1.011912524411752168e+00
8.952304495685099450e-01
4.239729488021668935e+00
2.778940157971905744e+00
8.794564716938464699e-02
8.473492543808823496e-02
8.691645721127866375e-01
7.159845532954789427e-02
4.806634952379421153e-04
1.042787970153891998e-03
3.870461901787305807e-03
1.394086066431055591e-04
1.715423192100495523e-05
4.341320272043836941e-05
1.294219160586153631e-04
1.949735995246983100e-04
2.729676406494162657e-04
