5.344639825207240201e-03
3.123070791666132884e+00
4.782797486773206153e+00
1.063806027217242045e+00
6.400481385039699656e-02
8.368229800110084935e-05
1.503799258690238640e-06
1.388827716148903122e-04
3.658173492626251577e-02
5.148136790277793931e-03
2.361189116354789507e-05
1.381793402192621479e-06
2.403065911392465544e-06
3.141462910884919714e-05
2.571624637406126580e-04
4.254020454332616626e-04
3.554639491090852508e-04
4.714493954160266145e-04
2.725418294163358540e-02
1.671529722294895048e+00
4.880321371663501884e-01
1.923772873100058067e+00
7.751218647932903716e-01
2.789405974943705313e-04
5.866154117149561614e-06
1.833756482208976062e-03
8.700087038851588295e-01
1.000815794260864644e+00
2.780791928707740737e-02
5.515097924199695073e-05
4.256964979269278000e-07
1.015847602268084198e-06
2.909928513807270623e-05
1.741175283986285088e-04
2.338533103517639400e-04
3.321327891703840002e-04
1.428204172087002609e-03
2.686536581169021720e-01
5.785224178040380139e-01
1.903614573141251043e+00
4.040458391464123444e-01
5.560027031333065854e-03
1.646050417214753314e-02
1.580386933710503095e-01
2.508796722194105502e-02
8.885019371468338978e-02
3.899580667849611881e+00
2.576263408027211835e-02
1.763947445581966069e-06
1.225079697014070668e-07
2.635885537032108039e-06
5.423656247754488129e-05
2.040129328249441038e-04
4.007461557800884831e-04
2.858067630804652162e-03
8.357023182208158651e-01
1.279183335681763012e+00
1.227190762888933362e+00
4.373490344535143626e-01
8.210733459590725813e-02
1.878120007693025117e+00
6.997861914253306059e-01
1.702951176326426895e-04
1.734888195868422578e-04
9.683813108573606776e-01
2.036086847282825296e+00
9.523520091245154390e-04
2.748852451727710620e-06
1.112632395337111315e-06
8.550188918924813157e-06
9.057185773757779298e-05
4.333262207676672677e-04
1.348750788259652986e-02
2.027865929036523518e+00
1.865364230407325241e+00
1.802903391206363670e+00
5.095317114556993099e-01
6.699260519655692026e-03
3.731654677121470920e-02
4.670124168515858432e-01
1.897577120342939941e-03
1.094565428679620536e-04
1.632755263791128841e-02
1.965667333863594379e+00
2.008732674442715194e+00
7.981457687394170192e-03
5.813331782312125059e-06
5.555919253531726726e-07
7.062546436338140665e-06
1.713340294577498073e-04
2.166525339268665445e-04
4.626842060660451422e-03
1.824447658807578504e-02
1.592075975633414908e-01
4.823063771042050973e-01
1.016079268831123449e-02
1.091117872909761269e-02
2.448967866941919258e+00
1.953698573864052879e+00
4.395639132229715168e-02
5.914484769679156581e-03
2.236172410740695088e-02
3.910835235736347837e+00
2.032619283397971710e+00
6.795260583032365458e-05
3.848860073302654734e-08
2.097527686766498788e-07
2.645885855135988836e-05
9.567691415014190962e-06
1.649148743969013205e-04
9.224572823302931365e-03
5.372280351029864315e-02
2.527485445624915172e-01
1.381457704605886239e-01
2.103484976540141368e-02
3.608315190831382635e-01
2.219255487726981002e+00
7.963978933650176506e-01
7.155407343413355825e-02
2.491216637373937139e-03
8.574807235578409126e-02
4.938449023100217161e+00
4.187100023322206169e-03
8.791600684432370690e-07
6.801022568725258726e-07
2.375923811445806977e-05
8.539249783454452847e-06
7.421326274894375283e-04
1.002269715119135984e+00
7.491579297778770963e-01
1.366829247127786529e-01
4.744752685864837005e-01
1.480808437800698041e-01
7.017639583842200102e-01
8.425190076589772481e-01
1.944100567542645652e-01
8.112761734435646188e-01
5.914002615821001285e-02
1.641188522053230181e-02
9.262860276696320838e-01
1.090711727121251418e+00
2.974814604322026379e-02
1.552910839719498590e-03
3.189032057285631923e-04
3.921887610180100103e-07
6.448493991291042300e-06
2.525087337681605412e-02
5.830339076155841710e-02
1.649281592595344334e-02
3.587754853334685912e-01
9.788563934171205794e-02
3.781758234808671459e-02
2.259470912469358980e-02
2.486521639369970380e-02
2.146654118919582910e+00
8.572676876919692601e-01
6.057171939981215343e-03
1.064467397003699203e-02
9.183848256561168988e-01
1.884940421003655109e+00
1.210594856083753793e-02
1.462583961603278985e-04
1.006084319096724185e-08
5.960472638505638220e-08
1.312740318619707181e-03
4.984937190639786297e-02
4.418369925879130078e-02
5.127077650240688955e-01
1.491373793909245033e-03
7.935773996904670375e-07
2.281192317133806901e-06
2.105875415301149915e-03
7.989574279390794231e-01
1.175035858073810946e+00
7.329385664632627473e-02
1.353483165549726995e-02
1.599064952400455486e-01
4.865846580549063743e-02
2.634970678707407605e-05
1.011833986907186297e-06
1.073128322696213526e-08
1.037624067159565528e-06
8.257842193129555364e-02
1.615309497511016490e+00
2.283129943847676535e-01
2.903306851994544857e-01
2.934314608590812335e-04
2.570824451634722750e-08
7.477980047184577911e-08
3.839412210562665015e-04
1.563500302406902256e-02
5.471685106262326459e-02
6.138328295195815132e-01
1.614543027062513569e-01
6.392468514328639717e-01
1.252015053628448005e-01
1.399102937978430456e-05
3.957376835755731627e-07
8.863721107015701193e-08
3.847925571036349369e-04
4.960029151345875853e+00
5.353470672999633528e+00
8.779057492264633611e-01
1.623495730693326422e+00
1.485271160978599292e-01
6.075441080621977628e-04
1.677863603584397935e-04
4.852390380887146304e-02
5.963330887479333792e-02
1.563916131796396283e-02
2.509762971155510836e-01
3.183362897631351884e-02
2.321586994319809749e-01
8.145254919382313163e-01
2.477583761367217535e-04
2.869885210772149061e-06
4.651656517859195489e-07
3.145914960333107135e-02
5.592710496289151934e+01
1.474347040484351545e+01
6.116450163887463098e+00
2.268992779335754939e+00
1.925665933857706458e+00
8.139022086042239090e-01
6.845719880206810326e-02
9.276937427486667831e-01
7.165370912449884333e-01
2.456588878113580288e-01
2.485203657979110137e+00
1.803131902778345730e-01
7.731417131496651773e-01
1.224363338061286388e+00
2.383742215920767649e-04
3.123557373555311305e-06
9.212468737765206901e-07
3.504980412138919421e-02
1.995574055550597237e+01
9.434344129263273260e+00
2.576245984216254392e+00
9.677936026874247449e-03
1.006554638503723200e-03
8.356983171852996883e-02
2.009794503507671137e-01
3.423795287592627107e-02
1.570924956978728138e-02
2.228207059355915842e-01
1.038529087303684317e+00
9.550780135458510067e-02
1.912174347729198587e+00
8.732159894942350675e-01
7.762686409820613350e-05
2.101517914898039250e-06
9.211692720505507034e-07
1.348675458690825474e-03
8.541620802122877887e-01
3.850168890837859959e+00
1.312428541430807893e+00
1.263646182885202855e-03
1.144543058966354913e-05
6.175618532755340617e-03
1.535439738290817591e+00
1.489261431082928855e-01
7.567685474428623160e-02
6.422368939744628191e-01
2.879633700073958025e-02
6.261339733712197216e-03
1.153454129753088031e+00
7.838985113202952271e-02
5.770820691677055107e-06
9.657933452557491365e-07
3.982094050189830855e-06
5.040851221633880575e-04
2.271484586369972303e-01
9.880758819271768800e-01
6.502861615334954992e-01
5.107774083334577081e-02
6.989021567747240055e-04
5.497967713670422543e-03
4.985062102898792369e-01
6.325304528379236402e-01
2.117711542070674913e+00
1.789594862579094725e-01
8.441290359433828677e-05
9.751908844846233658e-04
1.711990496645562354e+00
8.723567322398888615e-03
6.985994481710602938e-07
7.459489466393402775e-07
3.551938402688608649e-05
2.921656061521058119e-03
8.103794594353065373e-01
1.016346702811009584e+00
5.212820910200660629e-01
7.872413528648917191e-01
3.071785957377556539e-02
2.153178477718976219e-02
5.115245592155096555e-01
5.999911597735961832e-01
6.001327773409285138e-01
1.571006440070291848e-03
1.471213120990817894e-07
3.332982938887969716e-05
2.426675175873758972e-01
1.458134128315386998e-03
1.105805417387621889e-06
4.343143003779197685e-06
1.634572815571169509e-06
6.016486942647201460e-05
7.482956615308536397e-02
9.021571590581786149e-01
6.008675608164054660e-01
1.241825033952474733e-01
2.413335786478733932e-04
1.245546905602702898e-04
2.130323032432769048e-01
1.570101353078350304e+00
3.380548875077364901e-01
7.212996493566717175e-03
1.913238652091916903e-05
3.402564110803789604e-03
8.232835471553311413e-01
1.055262676447427106e-03
4.413110483085645362e-06
3.747289380188190258e-05
2.948429160455357119e-08
4.314525355678084299e-06
2.937707709579597676e-02
2.506839392521472698e-01
9.584720899668949801e-02
2.810679816976285536e-02
1.125315921463132728e-05
1.324791830208050788e-06
3.608521461434737593e-02
1.072739958536053972e+00
1.125078200355480035e-01
4.899655717606731242e-01
4.122158131622494781e-01
1.812286015089920044e+00
1.318168914834093042e-01
1.401080293836483068e-05
9.029892667152165142e-07
5.888197076698863965e-05
3.891468340178858059e-07
9.099735416151098679e-04
2.025644934257463614e+00
1.391900441584334347e+00
4.063220930761249905e-01
7.479227205370549969e-01
2.382292747880151735e-03
2.822849416997765849e-04
9.805490859265778569e-01
8.214311585883388167e-01
7.335723851712588200e-03
4.003560054289209136e-01
1.689184595057199978e+00
1.223571290092284082e-02
3.333096375090755333e-06
6.882386697165740940e-09
9.129757739344680615e-08
5.541684095652825648e-05
2.849492272718482581e-04
9.967553640062240539e-02
1.696195861683421624e+00
1.919055372625059652e+00
1.419727050062009388e+00
1.107362716051773832e+00
1.236515461466509980e-01
3.802488554076485089e-02
2.906355322958629195e+00
1.246226686254304106e+00
2.506936558343718022e-02
5.763508015858683775e-01
3.354051438969327115e-01
6.216880046909541830e-05
1.790091528141191202e-08
4.161106902479671748e-09
6.128863659001995909e-07
1.564587733526688488e-04
2.147561098765969970e-02
7.935972764112626532e-01
5.431312857666393823e-01
9.846550586152491569e-01
4.801829624980405997e-01
1.699853742098443588e-01
7.089390462601395937e-01
5.192492327549591558e-02
3.241767418383598859e-02
6.958453035847091961e-01
1.161869904815780563e+00
2.162669829246998798e+00
7.974101729242825121e-01
2.509371425569718612e-03
5.633761375994499189e-06
1.695249757811677006e-06
2.635980751210261524e-05
4.393394942466294795e-04
1.834696346864450166e-03
1.021272122182406844e-01
5.163260690005827547e-01
9.228586814859901510e-01
4.454363240086384734e-01
1.141537729664873352e-01
8.621610689857047705e-01
1.835671348257696955e-01
1.544396588344492359e-02
2.070460779265295981e-01
7.660874486541595640e-01
6.951979583127100570e-02
1.988891878689297288e-02
8.026113397328463184e-03
5.001205983649175671e-04
9.316741753676853097e-05
1.565266749484985791e-04
4.839946069282789168e-04
5.125100868569871897e-04
1.901964071263300207e-02
1.208712355720592546e+00
1.553538117127582607e+00
1.178783216956876156e+00
7.203684752463831997e-02
5.228960051025143690e-02
1.926048621032181662e+00
1.822694308564547505e+00
6.158293888280053779e-02
3.894297629584737765e-03
1.224132535970537112e-04
2.052641670578971299e-05
6.773158675610795379e-05
1.337209485765504654e-04
1.302544273101884846e-04
1.936001942523073714e-04
4.186279617761895890e-04
9.478403503612268244e-01
5.099494019966599900e+00
8.748998694356101780e+00
3.259071890932054294e-01
1.856436937182476266e+00
9.577038292235121597e-01
1.010498439089067141e-02
3.113958622653165489e-02
4.047276474148583242e-02
2.047669071348681691e-04
7.686452882157125441e-06
3.617986908436699132e-06
3.075230995580719541e-06
1.287013472012764403e-05
6.995789305385105203e-05
1.799685540259623095e-04
3.233728948559579900e-04
6.248163868585481688e-04
