6.690777878021458023e-04
9.675570489035753008e-01
9.853250612380322071e-01
1.300247498463698026e-01
8.160983567269272099e-01
5.554936926484475845e-02
4.678916731418352945e-03
1.096664156102161898e-02
3.163804825198164778e-04
8.251794620895893929e-07
3.147071421881634153e-09
3.187693667809318432e-10
1.878332685142730608e-08
8.427483279280818744e-06
2.579278712342201563e-04
5.400458561001217394e-04
4.809053194763707639e-04
6.716939457213717737e-04
2.311236845675645763e-03
2.196971855408746954e+00
5.687747330763492037e+00
2.082502569004178183e-01
8.994679784270615680e-03
3.053933023366173140e-03
9.311668892745424142e-02
8.018952882750818301e-01
1.197831253393378953e-01
6.543653191424340758e-03
1.563567694304490415e-06
1.167605053735387057e-10
8.421570500452219960e-11
4.440447924794025726e-08
9.578578809224603247e-06
9.407124829822090652e-05
1.680615547325490426e-04
3.147517682979476101e-04
2.059074036573899438e-02
1.693656617420385091e+00
4.453615027977853025e+00
6.196769664037978798e-01
1.848580029026576643e-02
4.726513393694183746e-02
9.075847230032858537e-01
9.338035022100464599e-02
4.286256360244603686e-02
1.701049384575014756e+00
1.949673750098847302e-01
2.816560868761327135e-05
1.119517905054996690e-07
2.013633700644332604e-07
3.012054732533239045e-06
2.675813375550730098e-05
9.250571847954927541e-05
2.602484814172565156e-04
8.990950725447377240e-05
1.254827588148471340e-01
6.960006626670120156e+00
2.998713734590072288e+00
3.239293527583698151e-01
7.715797315241037513e-01
1.028633732400814571e+00
2.759308867228701598e-02
1.535571780500611869e-02
2.834968817106771621e-01
1.706265561449002544e+00
9.770010795583896623e-01
5.699782732008022712e-02
6.400109110753139261e-04
2.017238710792413508e-05
1.354331016988278995e-05
5.053590412070288891e-05
2.448207719399753514e-04
6.438891222410646192e-08
6.257084899354932103e-03
4.689747251450920196e+00
4.199394830718549798e+00
3.582961944797565135e+00
3.261313542828658818e+00
9.355679980703252019e-01
1.589800007044973595e-01
4.904212902954232511e-01
3.057845852196471870e-01
1.325609885258652657e-02
1.246423561219265203e-01
1.842014368186304596e+00
1.879873460342208064e-02
4.285310206332960096e-05
6.544072461461383612e-06
1.904388646611939579e-05
1.493550814541763801e-04
2.747764268876813520e-06
6.387594416113263895e-02
3.226883902981304342e+00
1.178056262078144734e+00
3.872607120814770987e+00
4.266504345387974517e+00
6.951774388162363927e-01
9.608723506132468839e-02
3.947250293682617039e-01
5.356587478289469573e-01
9.503640381693483075e-03
2.792178200648693862e-02
7.647549429844549551e-02
8.965970024974306016e-04
7.252344147962265844e-05
3.332345745275491533e-05
1.503162864603617100e-05
5.656546367609481166e-05
6.698060569979026602e-02
1.834471577700719891e+00
2.761239356033724945e+00
7.570117963227832591e-01
1.213714068113886935e+00
6.615903111924464897e-01
2.824030712152029166e-01
6.151835267622866033e-01
1.383819863046647614e+00
7.654464109962009211e-01
5.385383345518792719e-01
1.620235243210884413e+00
2.886449864441300792e-02
7.709561141251703017e-04
1.586482695341258353e-02
6.389121471947430131e-03
3.308729374573025130e-05
1.542591129491721182e-05
9.022833945654025189e-01
1.353405672895373058e-01
3.301978917655203349e-01
1.137244524746055641e+00
3.027586825916884106e+00
9.646021386869971792e-01
3.286364460038221358e-01
2.080882283179436243e+00
4.332859882752321923e+00
1.457549524555616705e+00
1.488796350366244026e+00
1.211443694824941852e+00
6.551112812441541033e-02
4.599258231531171831e-02
8.733623916622235139e-01
2.495701556322407755e-02
1.340935907615837577e-05
3.307212312554433517e-06
1.786613624426497404e-02
2.527695675096469988e-02
6.813784176789039471e-01
1.722702947595443623e+00
2.018313271221926275e+00
1.103730333536022457e+00
2.784772599250607827e-01
2.663419635496662718e-01
5.063618601433200750e-01
8.507486439798428446e-01
9.051359788708789045e-02
3.390004643273083346e-02
8.917704622573628948e-01
9.930908028220971628e-01
5.178673560401406140e-02
1.339296027992767412e-03
1.437714914638978099e-05
4.377751670249626597e-06
1.056764704350292685e-03
1.234286048451240479e-02
8.873254418631166818e-01
9.739578501505415931e-01
2.936505061661748295e-01
4.509292057530879805e-01
5.112366063336746258e-01
7.579037618438290158e-01
6.882870364346461711e-01
1.789314266288323685e+00
2.047342678279008565e-01
4.485750144961309083e-02
8.832804472808102325e-01
6.028478042564699296e-02
3.263582115715714035e-03
2.651013018155871231e-02
4.278629025424070774e-03
7.715135680739056622e-05
1.424428664655968263e-02
2.727434706927918048e-02
2.536268168490258823e-01
7.307132533259524942e-01
1.084727127552051362e+00
3.186959157703366685e+00
1.754634329420305727e+00
1.087455673005585988e+00
1.491083227063620398e-01
4.286844594418325327e-01
5.578778742579787453e-01
7.429060642155344008e-02
1.242309205318097021e-02
3.188795274260841379e-04
4.254157345811956058e-03
8.652729200276400023e-01
2.000756695691110337e-02
3.684232310270343013e-05
1.014313585000585147e-02
6.901671561592028770e-01
1.353312567746562500e+00
2.708581666936809573e-01
1.021547358128998217e+00
2.741730689420314171e+00
1.047812895510855880e+00
1.316613374421191640e+00
3.814485182089359383e-01
5.648998834980257788e-01
2.102718245120718810e-01
7.707960959057988393e-02
1.922580382699680748e-02
1.966516587819503760e-03
5.924723182001970928e-02
6.877779441639082780e-02
1.257964584250883966e-05
7.704405545536309849e-08
1.790400420456207319e-07
2.762942808536253958e-01
1.315758043303452212e+02
2.137938923706002914e+00
1.661975459644468245e+00
3.271758217038194694e+00
3.475824596243929143e+00
3.950310002652671848e+00
1.318950658090948469e+00
2.297926726946558418e+00
9.045383926188466095e-01
3.339486195631636845e-01
7.038476549273023353e-02
2.555691130576421416e-02
7.989983336525177116e-01
6.837644311603843783e-02
8.498864569328439534e-07
2.796653185844035944e-09
8.437074126928555920e-12
5.950980670150016481e-05
2.892108681477647547e+00
1.177739848544622880e+00
1.000378900054324838e+00
1.103110816251710702e+00
1.960702418355739329e+00
2.359187556704171129e+00
7.591693752811102813e-01
8.042785439514876789e-01
1.983241472942639527e+00
5.839021924057700152e-01
2.007591217701049438e-02
3.696418902552492738e-03
1.539981368461331435e-01
8.988608541422493659e-01
1.707611019263507285e-04
4.083072318109665446e-08
9.278526389858541112e-12
4.603251451397033121e-08
3.053012927313972918e-03
2.611976273875514787e-01
5.351623132065980171e-01
3.769891493991203713e-01
6.964594075002060736e-01
3.215947146779940091e+00
2.322392905699627530e+00
9.085813238978864004e-02
1.281266547231262598e-01
2.122291493628452486e+00
7.336045353864273366e-01
4.340612760972906853e-03
3.833696415095018840e-03
9.575612377189821611e-01
7.700247679740149231e-02
1.884863976394951607e-05
1.974599190281035539e-09
5.479775463343195162e-07
5.743325125543615600e-02
1.687287694019760753e+00
3.061960702806611478e-01
8.746439495344692228e-01
8.493925514621658568e-01
1.201110620243152072e+00
1.389978768829407407e+00
3.378434603244317991e-02
1.542062258718729546e-02
7.179426827407632272e-01
1.503678172572962823e-01
2.735928753479070592e-05
5.290081900980371560e-06
2.655705652463927896e-02
9.238524606505083003e-01
5.384414727212008187e-03
1.192383600118017441e-07
5.155183325378221142e-05
2.040009741169746427e+00
9.923238198866672910e-01
7.065487979331047663e-02
1.846146556428389207e+00
5.039501725672994592e-01
3.914244940613254009e-01
2.087512369002451074e+00
6.018406629227867066e-01
1.392369478679465200e-01
2.278775574719051900e-01
1.696143597660467557e-03
5.997078544452654595e-08
1.319403310814711810e-08
6.084852293615622128e-05
1.914915254407305312e-02
5.018907568294355553e-03
6.906969994502871919e-06
5.014019606392037696e-04
1.867558208698361311e+00
2.030721083562104567e+00
3.890135674021445999e-01
1.383788676283285390e+00
1.413368121727459625e-01
2.393887297405543901e-01
9.438255604986954816e-01
1.379363448733086361e+00
9.200425015788306071e-01
6.769721611729155875e-01
1.173916828377795894e-02
9.900864107840896055e-07
2.233277240851858300e-08
1.294649046269205596e-06
7.820670291460961863e-05
2.215508809665410277e-04
4.992305534976261040e-03
5.947419709955160949e-02
3.294674267692881742e+00
4.624804254445222362e+00
7.682059191926545738e-01
3.915153832676512291e-01
2.664889189422642857e-01
1.208613861993583116e+00
8.189345630969268042e-01
9.802638107307819482e-01
5.681400614832967655e-01
7.247070194192273274e-02
9.176170536845664263e-03
3.041620978995911159e-05
2.814090264968886815e-07
7.689176452657617880e-07
1.554521196368784425e-05
1.234714545090303444e-04
9.508271888967060118e-03
7.194982743629028121e-01
5.867722538471188187e+00
4.295325795217695308e+00
3.442692451179661273e+00
3.487322380195861715e+00
1.969007017449782238e+00
2.438547988637542741e+00
1.331732473083510282e+00
9.474770353858396055e-01
3.519053662030261487e-01
3.071047349390408632e-02
2.851558990167507232e-02
1.196599595910729846e-03
2.518582297250027144e-06
1.033892904530510130e-06
2.469494258095832415e-05
3.530209186153885140e-04
2.294723241319250367e-04
3.578501063693519946e-01
5.130274309959354184e+00
4.591266642693624611e+00
6.665346538394416598e+00
2.346127606196862114e+00
8.413243268268897346e-01
1.041460794585979510e+00
1.227601936607384259e+00
5.290312749706826967e-01
2.888951371951120617e-01
1.683213368834467760e-01
8.022424952313976787e-01
5.127825760671208405e-02
1.781974153079826537e-05
1.478001679215837682e-06
3.009945840073434395e-05
5.070093428050098531e-04
1.623228932423702265e-03
1.752890001729345393e+00
3.602763884941115879e+00
1.814458082353827439e+00
8.285171598698024553e-01
1.785882583765298903e-01
8.957710611594856820e-01
1.135207236080692406e+00
5.312207854878949753e-01
5.878511556305741070e-01
5.878654093011687065e-01
6.965518810159954111e-02
1.980624995525446727e-02
2.029145438621084326e-03
1.301095476925756934e-05
3.427550098891802498e-06
3.946267002708085837e-05
3.950456889513251444e-04
7.576377056735941924e-03
1.129704565247728887e+00
1.366285605648202672e+00
2.405536210591003421e+00
9.250450373340368682e-01
1.585056349422170052e-01
6.831816369974716974e-01
1.883090611111540302e-01
1.689541396403905771e-01
8.218245516465950695e-01
8.835400336344301220e-02
2.365386711455804401e-04
5.927138082161712399e-06
5.606597071119165565e-06
6.657013159057747261e-06
1.580133145938650505e-05
7.801803756411616235e-05
3.251434967414122321e-04
6.671093180984998157e-03
9.120136121780390015e-01
8.140656220395967591e-01
3.148474123858281404e-01
5.257470869892981458e-02
4.707447407011453207e-03
1.527072940984156024e-02
1.153048628758072680e-01
7.633456425954210367e-01
6.488189650233233685e-02
3.812783838982924321e-05
1.387611829895568610e-07
1.088189160046924860e-07
2.226701780237353348e-06
2.811384314345915071e-05
9.675277524845295565e-05
1.823656575829816443e-04
3.863327630752245090e-04
4.068344920639344053e-03
1.037551299244104275e+00
3.003925120392662240e+00
1.989154043918359260e+00
8.848269902621758165e-01
3.064991929369873316e-02
3.518376181106663836e-02
8.876455717179687621e-01
1.068748022887823501e-01
1.386747793507493182e-05
9.821997147252729821e-09
1.196000029413038857e-08
9.525584264607111286e-07
4.796644961487950834e-05
3.169199847107320419e-04
4.920185843863900729e-04
5.081919530045058905e-04
7.700385652956261888e-04
