7.079040516281754312e-03
4.097082179189880158e+00
4.788284804321343735e+00
1.274219638428083223e-01
2.134332953366861393e-02
1.033772308813380413e-02
1.734800334928142884e-04
2.613445019853857850e-05
5.387591076779351274e-04
6.894776913766577733e-05
1.917520197789371875e-07
9.837961797664255245e-08
3.981875082125681874e-06
1.076331499560475972e-04
4.324450791043001475e-04
5.191257700880341948e-04
5.008516424277106036e-04
7.122191013017889439e-04
2.426497837845113109e-02
3.750327067151775218e+00
4.460112178103379676e+00
1.726399569017782687e+00
1.013890377377316021e+00
8.267422769392529514e-01
8.205571684298533508e-02
3.795275007121910044e-02
9.592248654098822769e-01
3.025520023174893200e-02
3.225267028761276043e-06
3.721310193621251948e-08
9.404560441360630728e-08
1.395397390179526803e-06
1.617992618504316172e-05
6.573871613118140037e-05
1.320872620251285887e-04
3.172934173902478114e-04
1.580462878354573571e-04
1.234663427482612930e-01
7.172402722860020674e-01
8.838798188617127960e-02
3.744102685052447949e-02
3.794574119735018569e-01
7.043890678791612237e-01
1.237768751265678341e-01
8.790536225197174147e-01
2.014803290746026487e+00
3.983939066833194070e-02
2.373669648924371395e-04
1.911832245892607586e-06
1.313339548495790706e-07
4.890388986611655064e-07
6.802071730149083096e-06
2.996405788184332037e-05
1.237761298222455665e-04
1.721182888174629209e-05
1.865687931080274933e-02
5.840326650009061704e-02
7.628386496841129891e-03
3.056360365206116023e-02
5.270163556948548322e-01
2.316091717019534146e-01
5.916720633406982559e-04
3.288888666534869843e-04
7.664444724939996345e-02
1.816467646171449069e+00
2.061504347808876147e+00
1.337056816915572696e-02
5.694806272780807651e-06
2.126101640032262512e-06
3.467415149291608540e-05
4.473900514374016987e-05
6.803692257663632636e-05
2.046251149167092540e-03
9.753345590895823314e-01
9.035757940530985133e-01
2.434737514754876930e-01
6.568753673468360477e-01
1.605024584334749482e+00
7.883016520640576674e-01
2.574608112292207148e-03
1.934348413055495854e-03
8.035582327252803470e-02
6.938209937141580352e-02
1.932832642000553935e+00
3.971358728833860319e+00
1.118135301919318501e-02
5.720530353259854241e-03
1.612550220190197767e-02
4.867470986617851154e-04
7.144119937132025725e-05
5.004839339620512778e-03
1.005021968865749793e+00
3.003704073063652391e+00
1.928346971011225985e+00
1.004391377088721393e+00
9.622921486555643389e-01
1.732224927787495705e+00
1.469780877471058289e-01
1.030503604666132222e+00
1.713924926498734180e+00
3.166858698171588077e-02
3.485871764900969616e-01
3.572784771521417824e+00
1.363595505204191927e+00
7.987072034085714867e-01
1.504149559054151694e-02
6.921610471530316986e-05
2.584790356615185682e-05
2.976307402844660736e-05
2.298102665117713727e-03
1.359288396811981874e-02
9.649969683322667108e-03
1.061498978279243159e-02
1.426095403281162424e-02
5.078195382086043291e-02
1.975492045222582427e-01
8.328259376904967315e-01
1.299825215418567992e-01
1.447325329402168181e-01
1.443395817476850640e+00
5.529262104592157501e-01
2.671942523452574658e+00
9.652034242116136475e-02
1.124066797899023689e-05
6.224242336054191154e-07
8.778622737440793303e-06
3.733440164297891023e-06
2.444848735117732211e-03
2.011643941476757430e-02
5.430538416455323730e-03
2.633140756734280580e-02
1.495473809226357392e-02
1.473907901644848188e-02
8.092345152364199823e-01
2.987541727999210472e+00
1.997251046164296995e-01
9.673989886531063620e-01
2.038820893527785838e+00
1.078830710378505947e-01
1.714450892366820689e+00
2.447680863907240323e-01
2.662600499316970033e-04
5.843730481112224140e-05
9.903202770172418463e-05
8.732179150577797574e-06
5.178236513342905634e-02
8.063234396983915975e-01
1.957498352698684441e-01
1.766333731428133325e+00
6.548914630404117920e-02
4.560039004862406048e-04
3.357264035347678338e-03
1.770816882163748496e-01
5.659053683842740767e-01
1.008622182130069378e+00
1.003981688785322568e+00
4.490978964473207879e-02
6.514325310374866063e-02
9.483168983098199112e-01
8.522721155019843398e-01
2.470233381686099891e-02
2.513946062406433512e-04
1.983864980491809978e-06
1.138578405520825803e-03
1.965388658495343527e-02
1.524150586898124701e-02
3.232199512526459650e-02
2.091722733490776758e-04
2.069468630370770642e-06
1.287638103533333626e-05
1.591227434046346137e-03
1.461587398815260286e-01
4.519094502753419618e-01
6.433747463547172529e-01
1.115818658135723368e-02
1.054738889553868931e-04
4.089895328625647170e-03
5.774068002849871983e-02
2.668181287525304935e-04
3.049800061593238704e-06
5.449559661647236705e-07
7.084702929088968154e-05
5.667926461127709148e-03
2.258742396830062948e-02
6.920203502628818545e-03
4.947401340849187423e-05
1.116667291173356375e-04
1.052887948459041954e-02
5.421950737026597772e-02
7.546321546439087591e-01
6.379241903138084258e-01
3.016756144185148703e-01
2.631483155325205214e-02
2.621884222670160087e-04
8.557004808505531621e-03
7.061738352138373365e-02
6.410984278830792491e-05
1.119659815274903775e-06
2.166027756748573401e-06
3.891869641630752493e-03
1.036030155089253890e+00
1.853997532940112158e+00
9.675656459194640346e-01
4.706872837061055331e-02
1.062056171245251285e-01
6.766329077039999751e-01
1.069141676690494036e-01
2.613707351259023093e-01
4.799662360123696514e-02
2.884715635766347402e-02
6.786320838565188529e-01
3.091358404086427814e-01
1.730584724190144641e+00
1.931210617467948421e+00
1.498993411381377427e-03
2.092406408042930875e-05
2.722574136666146707e-06
3.923860734970545383e-02
1.680865109441444005e+01
6.398334345075015861e+00
4.878098404196498983e+00
1.943661617038712208e+00
9.739753357738428763e-01
2.700420882427875258e-01
4.010982288249474031e-02
6.412119183357269936e-01
1.743725842609354926e-01
5.827496998085334584e-03
7.810657182822784705e-02
8.284039113431245216e-01
1.271488714172223977e+00
3.866779381748963740e-02
6.981050741175377891e-05
1.400603900633845368e-05
1.569522896068973057e-06
4.641785907250180199e-03
3.028043940927622302e+00
2.766255817214977597e+00
8.688329150380955102e-02
5.319812736342339685e-03
5.931583411673327366e-02
6.878083850984897385e-01
5.558025590662497850e-02
1.393349272729837163e-01
7.913832940809980565e-01
1.143244950485247657e-02
7.208465875404438446e-04
7.087839359865891198e-02
3.802362550300828037e+00
1.583188081763363744e-02
8.128425814397960441e-06
5.721063438370642019e-06
1.714061995247418129e-04
2.041055944955582832e-02
8.655698484874332910e-02
7.829056004752763323e-03
9.078200975264732106e-06
3.583312208209886015e-08
8.370000105885951752e-06
1.210511779430693685e-01
5.187503487327627116e-02
1.119492579273609692e-03
4.567509681350426926e-02
9.761547652079700932e-02
9.453015479123786161e-04
1.477436254091444787e-02
9.951730005368394361e-01
3.458987865784401376e-03
4.714464036789064461e-06
1.047015904051269274e-05
2.991974200166893846e-02
8.728477028568113472e-01
4.898060277480524756e-03
2.824435339833781949e-06
6.626447704375857917e-09
1.143379110806258424e-10
7.942227740867489172e-09
1.704749710741906279e-03
7.968234974798632519e-01
6.172016226099578257e-02
1.729096554289843712e-01
6.256856858439954205e-01
1.371339301452153235e-02
3.464937842176340349e-02
4.297220700529803122e-02
2.438132456713722071e-05
3.955848008968555252e-07
1.071379897024754040e-05
9.107496431618277008e-04
4.366991881961046484e-02
1.316487185010098903e-03
1.593251019897739668e-06
1.777915343019542872e-07
1.047234877322369911e-07
6.119903653347372729e-08
2.006805144716718983e-05
1.120972769976777833e-01
1.959606370776727724e+00
1.616292364419176675e+00
1.532411985980176361e+00
1.283843785378594449e-01
7.645260580208916856e-01
1.065034896111841434e+00
2.938196115331634774e-04
1.981695090997746996e-06
2.591608178957865378e-05
1.915132623115563626e-06
4.410390529428269923e-04
2.499192658031379119e-02
3.335240321176478808e-03
3.124871650765618895e-03
1.380946460063424246e-02
1.336717545585169127e-03
4.554213937247114869e-04
1.885056066722831311e-02
1.950093962987582419e+00
2.703770016383797437e+00
2.097864350457951943e+00
1.049256628096270072e-01
8.513333553326529746e-02
9.204416163766460102e-01
9.133382421755840974e-03
6.496615615282171259e-05
1.286406407140426545e-04
2.950993468189607389e-07
2.203682575075983897e-04
9.175931731272788383e-01
9.271216220701147259e-01
2.411739369395625165e-01
5.548718194190035424e-01
1.419831755164515208e+00
1.600874737947961535e+00
4.451306996564742824e-01
2.328266993527833062e+00
9.372725897825768815e-01
4.295581533050164547e-01
6.582049914758336673e-02
1.239529790416723717e-02
1.344007558295964334e-02
3.011601741803670933e-04
2.056019042011500216e-05
1.264162322315240676e-04
5.524120697087241624e-07
6.420806764167282443e-04
1.239913183704156374e+00
7.567995343288103083e-01
1.266190466822386951e-01
5.449049291551661539e-02
1.657733016089852907e-01
3.513089579802065821e+00
2.425544904290844794e+00
1.190288557686727700e+00
2.001714172265678382e-01
6.473759971782905298e-01
2.922207092840503950e+00
1.937445195830916678e+00
3.396596728559499179e-02
1.200808542136346333e-05
1.155893479151145806e-06
4.605709956527395660e-05
2.569845575343680854e-06
5.602536417358873998e-03
2.636158117815391666e+00
1.472202577404644552e+00
7.498773359693902130e-01
8.610694214797230961e-01
1.603375375197559072e-01
1.732152481932773824e-01
1.839180234180002538e+00
1.519724189069315390e+00
1.896013450067012274e-01
1.948637042896154137e+00
2.314484530035959775e+00
8.551409095203971189e-01
3.406792875867621639e-02
1.397258583706871220e-05
1.186216323762686458e-06
4.476538164259086407e-05
1.382285555143301795e-04
7.831497756613006733e-02
1.231123885294015174e+00
5.902994079134604721e-01
2.498693324411143668e-01
2.034246842602104532e+00
7.872940827517794782e-01
1.190435192230447289e-02
5.828122721965913605e-02
2.686464020242594342e-01
8.973479887314048109e-02
7.438644689747545558e-01
3.866134679352091486e-02
1.028210425930988717e-03
5.831272628105763772e-04
2.984334853827503911e-05
1.005413371034286084e-05
1.144502223536698361e-04
2.218406876372035902e-02
8.193500053279445527e-01
4.268682523214104019e-02
2.761040975473169970e-02
3.064577195855944583e-02
3.557111276863905713e-02
8.438838538680449794e-03
9.524594247933590267e-04
6.301535214660976270e-02
1.716582695700039407e+00
1.033492925665734502e-01
2.569948075044690278e-02
1.118017675270911900e-03
3.774171544457799449e-05
5.100637565301764344e-05
5.790527293578663778e-05
6.716168268395544404e-05
2.686866670285128502e-04
3.855209299639458798e-02
9.995550421938438346e-01
3.294828379341248337e-02
1.099460511954727521e-01
7.528460158358768473e-01
8.495203263649310499e-02
1.797719394866958064e-03
6.216768203535453369e-03
1.020715154292236804e+00
9.951268353253799326e-01
2.090527794518738571e-03
3.762968985139584436e-05
1.939654546663976408e-05
2.281041126259105678e-05
6.393081353709906202e-05
1.304610336866695393e-04
1.927649820805542758e-04
4.363361501665576872e-04
1.444830295316944062e-02
1.915165655695131308e+00
3.174890114929572071e+00
1.617729857733814613e+00
5.350318621034957367e-01
5.256080520261112721e-01
3.711634722510192552e-01
1.717592858716882276e+00
1.218244650133100820e-01
3.878120732748676931e-05
2.636650648121751255e-07
3.759215183997412594e-07
6.490299653744480810e-06
7.059051746853205417e-05
2.404121302838095262e-04
3.642997865698643662e-04
4.486328901525105366e-04
7.542953634277671428e-04
