1.951466118746540684e-07
5.939972618379960774e-09
6.383569391778727089e-10
1.416378221934537592e-09
1.971846672109029303e-07
3.176614534030067422e-05
1.206738257510600333e-04
7.606455207668679755e-05
1.062194322087157646e-04
1.717745119761578110e-04
1.115810564618760015e-04
4.246307136552400789e-05
1.839910123549313759e-05
1.339040180977629537e-05
2.419830120044638738e-05
7.914191902618855851e-05
2.073152846508354713e-04
3.685934030086743512e-04
2.135028008410604569e-06
2.720549024992890220e-07
6.747852909944671911e-09
1.128391593493335099e-08
4.733785322974561603e-05
4.079146228001914037e-02
5.249894274564348429e-03
2.223991848411072670e-05
1.601959784263019708e-06
1.960686862016635848e-06
6.021472137176227649e-06
2.793341665339642098e-05
5.781600875191837615e-05
1.552702219814085311e-05
5.257428451391304473e-06
1.430792424251665739e-05
7.381934006829496810e-05
2.180260391653490129e-04
3.991531596013506329e-03
8.054447757978912270e-02
5.332950834950929940e-03
8.821499245412918726e-04
7.950005742318685953e-02
8.012881816297929838e-01
5.248567722279611110e-03
1.524892101885074722e-06
3.025113615976354141e-09
1.898328601347697214e-09
2.950905234580456347e-07
3.857566909987020080e-04
2.580392118532442297e-02
1.534896698777271510e-03
1.160869701178740329e-05
5.378257887741696827e-06
3.256263621539735875e-05
1.451516189101231227e-04
6.973316347893168503e-03
1.736574097075868517e+00
6.918663973753644392e+00
2.184029801587729747e+00
1.676316356949456576e+00
3.810663965476059900e-01
2.379363164555790486e-02
4.920313464234585965e-05
2.807612855442789768e-09
2.622296302743574449e-10
9.157225845340629023e-07
1.188202634621108797e-02
9.064784166830980316e-01
2.500697712735788433e-02
4.001652174437615522e-05
5.787938534848725651e-06
2.538757378475660839e-05
1.136925083252915360e-04
1.820674778320391374e-02
3.877393431008828717e-01
3.210981100135785304e+00
4.559452251207839701e+00
3.532036555768615749e+00
1.590893182911259141e+00
1.785403280270025927e+00
1.172470589238761574e-01
3.056243163201522817e-05
3.209830402180783214e-06
2.826343405650141773e-03
7.583306238934750532e-02
1.071721363449262832e-02
4.213163706264259011e-04
2.076114714423187111e-05
1.208422393803886661e-05
3.821142409795080574e-05
1.132686972067540275e-04
9.574064643147153220e-01
2.632411075347134588e+00
4.558042188271831385e+00
4.737752201621295178e+00
6.316317777172203662e+00
6.264090664643527262e+00
3.711564150713324572e+00
1.329428727683537259e+00
1.699739237745672704e-01
1.658463968739616046e-01
7.368772252005015844e-01
5.200675049109771027e-03
3.929895213220749231e-06
9.928009092189978916e-07
6.401294424686629593e-06
3.199277379733346782e-05
7.550136185783836546e-05
1.322122563224500415e-04
6.568711377734702539e-03
2.911901066972004126e-01
3.540262109355727382e+00
5.241035408753560887e+00
5.541635761179621866e+00
5.061301844479169532e+00
3.645701016342449030e+00
3.496466040416228438e+00
2.401864855868510062e+00
1.870866696334294144e+00
2.936845232127847094e-01
7.968677257377246217e-05
2.580998292371423618e-08
3.785857624444605110e-08
3.476744492853116475e-06
5.676916661058357689e-05
1.152858923207133096e-04
1.512409992266324486e-04
7.486287028263030044e-04
8.842270917489837290e-01
8.523929018706905225e+00
5.474528582908409824e+00
6.759583140438770954e+00
1.866428333213262514e+00
1.310508209108525612e+00
3.471241254165276402e+00
1.376996393711724220e+00
2.400276527304978647e+00
1.662498676520015151e+00
7.980119557654249745e-04
1.261921179928899001e-07
3.577316557009925252e-08
1.925225889736572656e-06
4.621329187657869877e-05
1.179872505876003192e-04
1.595055434434206065e-04
8.114580138021697253e-02
1.897426793379124677e+00
2.172699282957220479e+00
3.096734233005108194e+00
7.834182767294357141e+00
2.918528589886160152e+00
1.435837717072054653e+00
1.757859034214500182e+00
2.347327341529915401e+00
4.258617947460292541e+00
2.208499959385642697e+00
1.014764056321875024e-01
1.773493921444028998e-04
1.093726999026007095e-06
1.992360487299001890e-06
2.988529865645386246e-05
1.036804640037236239e-04
1.577659064522052659e-04
9.064515389037272053e-01
1.174932717771593055e-01
3.584120128500257185e-01
3.268024371517184612e+00
3.559239705177835056e+00
5.208123106653895107e+00
7.025210423789031822e+00
1.663741479486315455e+00
3.411171111914999887e+00
6.944326559396912790e-01
6.859470351907870356e-02
7.394937475598938326e-01
4.105388750897857181e-02
1.894638531317369593e-05
2.660277350582852230e-06
2.571778823895359855e-05
1.002916532431480568e-04
1.534453231369629531e-04
7.778488539079922263e-03
3.842818231368597473e-03
1.244784247657308024e-01
2.153738016471546945e+00
2.204086526840738802e+00
2.771522483438094042e+00
4.167917794966606415e+00
3.692561733319599249e-01
4.415708227073630865e-01
2.988722432763932790e-01
7.819725504500929514e-02
8.329528359889472322e-02
2.677754085463410617e-04
3.486730094516232712e-07
6.767713939151215999e-07
2.382223133479455154e-05
1.130871238277255492e-04
1.622069388105918731e-04
1.252289787513040751e-05
1.349531445693122507e-02
2.126413233052026897e+00
2.732487278843692469e+00
3.758976764910120671e+00
1.496561145545205251e+00
1.299467769370378889e+00
8.946973951659373814e-01
1.584753022673096590e+00
2.770395572411122220e+00
7.720430428734604833e-01
4.311384336401396025e-03
2.172753159659121383e-07
1.895074370812047322e-09
1.144049446052299023e-07
1.914490324242183424e-05
1.247147081091285966e-04
1.835935176324790508e-04
1.899824837452379966e-06
1.065737990096113252e+00
1.675390776446666621e+02
3.699235863845363959e+00
9.602652604049268348e+00
1.415587747123460893e+01
4.391286197570668293e+00
3.488318925432140283e+00
2.875228612194379973e+00
1.572703695106775656e+00
1.031401197920222446e+00
1.170325202716793050e-01
3.339507260529014210e-05
4.204015775280395805e-08
2.162701269179819596e-07
1.575541978509279589e-05
1.088868631981939814e-04
1.889462562116756581e-04
1.416128451095719496e-07
5.237716199887500548e-03
2.118113551203256506e+00
7.011720914437746810e-01
3.339341780431654971e+00
5.528155007118916942e+00
1.828105578877417869e+00
1.199217697928902648e+00
5.385131901786563979e-01
1.370415881972225636e-01
1.404173661285356423e-01
1.726809823345347272e+00
4.452940525114678499e-02
1.213680828602149196e-05
1.428936618936747127e-06
1.652844895074794779e-05
8.775397613468737445e-05
1.757844966678531219e-04
2.921691387596535560e-07
1.212844681135342767e-04
1.902950343146763423e-01
3.880997685238979145e+00
3.981036418582009517e+00
4.427277323771546258e-01
1.919526407127327416e-01
7.621218381536117858e-01
1.505890999418841636e+00
7.440298980575350551e-01
1.503756343711139531e-01
5.700258992690485776e-02
1.142707471023954400e-03
4.958442484036536965e-06
2.480540191526261577e-06
2.261460248725400622e-05
8.664279564994833949e-05
1.680521441855465552e-04
4.360684741549734595e-06
5.679588206621912242e-04
5.415371609540525766e-01
2.533728668962950792e+00
1.383803049083343728e+00
3.002750155492033279e+00
2.637271134425719143e+00
2.329794025732802254e+00
1.553996667688976263e+00
9.917133114492773238e-01
9.028418840972455284e-01
1.340206736951272785e-02
7.566616698763924524e-06
3.008486927222669700e-07
2.614805052095868510e-06
3.532923375561868240e-05
9.607012343745964208e-05
1.625186108670150442e-04
6.298035225834501171e-07
1.707703630333035798e-04
6.209721781563842802e-01
1.210436242389986150e+00
2.066332381619751524e-01
1.435640057694714589e+00
6.786605382957953125e-01
2.544851440303889101e-01
1.658765138854836119e+00
2.268259704551327527e+00
1.882383456872052774e+00
2.622162567117293508e-02
9.415482464687933710e-06
6.235663517801264131e-07
6.716933321714512179e-06
5.240282471658699832e-05
9.603595872195506663e-05
1.486082684549681595e-04
4.719364732664499698e-08
3.800971626536401123e-05
3.466607623925611614e-01
3.589211397643872203e+00
1.015200536322431235e+00
1.290333115500443384e+00
5.410918952973681195e-01
1.134748343520588093e-01
1.798751892831041976e+00
1.946833379005768805e+00
2.897824339046984124e-02
3.522852559171531705e-04
7.855534058881255715e-06
4.508231071508035159e-06
2.426299895232630424e-05
6.752663486745436061e-05
8.628666404124700452e-05
1.323330019286311050e-04
3.128225039921086766e-06
2.135967007974832934e-03
7.744390671840715168e-01
1.499128305336055789e+00
2.590184129244344824e+00
2.402505486811510327e+00
1.695694732755198775e+00
1.869252333461565441e-01
1.820850591633623450e-01
2.087102113123287875e-02
1.923451283256634930e-05
6.743495623601892723e-07
2.202654393201065870e-06
1.783520221840999035e-05
6.112389053249075749e-05
7.556643332273071240e-05
7.612053421292641424e-05
1.208435894252339577e-04
1.643704924111604945e-02
1.328663847065947867e-01
3.635825972409996165e+00
1.289650215514031029e+00
7.242193595448648269e-01
5.636756658929503727e-02
9.161922654726947432e-03
3.924313499436223041e-02
7.608871518970982128e-01
2.720486788828088004e-02
3.809146156385713623e-06
1.881678448847982928e-07
3.373308190720021436e-06
4.652927795433713315e-05
9.083119454072151582e-05
7.243562700842301287e-05
6.804680070049405909e-05
1.150973163762116457e-04
8.872721519925271805e-01
4.404656165629778491e-02
1.251344387666981639e+00
7.726691951094003530e-01
1.639447206331969276e-01
2.767405783990230239e-02
1.008718798328000089e-03
1.368858430024092864e-03
5.467977510141012326e-02
6.039118703681426933e-03
7.545581438231953218e-06
1.311853505204269294e-06
1.461893735580924681e-05
7.827265895657792804e-05
8.669287948491236312e-05
6.064432831031884961e-05
6.106920996927655177e-05
1.132451624473916700e-04
3.574026569745145793e-02
1.713747054636724845e-02
8.203507340080106180e-01
8.078873105820641443e-02
2.719221808727996861e-02
8.534936968470004937e-01
2.578712156742201528e-02
2.034927101517041681e-05
3.498821429732692375e-06
3.632391138155146349e-06
2.043362410670491384e-06
6.536758095975811563e-06
4.138218744145506214e-05
8.202898819362143589e-05
6.441372820354322292e-05
4.691778513849654007e-05
5.427764777810881798e-05
1.124673409911463359e-04
8.743018849169590626e-05
1.778504180569784581e-03
2.787280862873560416e-02
2.720700198803564914e-04
1.023096209439207247e-04
2.981446314992993937e-02
5.519137446707239256e-03
1.908001618371901176e-06
6.864438983733341154e-08
3.172675946941717059e-07
3.645573310251317471e-06
2.617410864774415949e-05
6.837260359305834929e-05
6.882379097007488027e-05
4.827372327744337984e-05
3.969019399702066511e-05
5.300999382251754695e-05
1.193208262599256350e-04
5.473104706839282680e-06
2.929921592711425083e-05
4.320963953095738574e-05
9.207126960547385807e-07
3.769992279030528503e-07
1.542402132470462289e-05
3.021669884749168616e-05
2.664082732850956061e-06
1.641314674899944063e-06
8.077888006852486244e-06
4.008309966421197130e-05
8.912147140933930145e-05
9.507773242369596360e-05
7.147881409448356648e-05
5.447746435772079365e-05
5.242849776347360070e-05
7.517009937874098160e-05
1.617499733627016502e-04
2.510538669352253052e-05
1.544515313136180702e-05
7.353949459213070251e-06
1.366420453970171134e-06
8.719864822499170299e-07
3.499840525277904181e-06
1.245223245290448164e-05
2.750575428397696146e-05
7.108502472297590572e-05
1.611607557956613618e-04
2.254754887737798780e-04
2.113398468569131306e-04
1.637119867783394110e-04
1.288213094619018425e-04
1.174946060956424758e-04
1.283525659606924352e-04
1.751998953370813717e-04
3.048055331371582336e-04
