1.572004297864449985e-05
6.768761515483964764e-02
1.883140969043971769e+00
8.707185602812311798e-02
1.345234169294262996e-02
9.338524225992300698e-02
7.390335588101646369e-01
1.912393435644021145e-01
8.139009586480275837e-01
9.755524723135657050e-02
1.832365670926722109e-05
9.102074289440938536e-07
2.027703048422128994e-05
2.837125461051443246e-04
5.338272485691506787e-04
4.205394405721724332e-04
3.565233890697444953e-04
5.504731817880970535e-04
2.483300972732493863e-03
3.001191714318911075e+00
5.970664358703611896e+00
1.110184399132530642e+00
6.118592924549218770e-01
2.554256474434246638e-01
1.050978381461634692e-01
2.327243407156683389e-02
1.135789401133287857e+00
8.942737047512869797e-01
1.643458286042018669e-04
2.176758167763148349e-06
8.452994588916785750e-06
5.466876668486399119e-05
1.314659130407265367e-04
1.722845178204321826e-04
2.030983949163901162e-04
3.645207970455880721e-04
3.338499283183434582e-03
8.638439634423201730e-01
1.066956528290296635e+00
1.477031133850895128e-01
2.149066946522198984e-02
5.370067982980323423e-02
5.151092086702898643e-01
1.676200975047922592e-01
7.326821321976800805e-01
1.039945001687310328e-01
2.264911527257115233e-04
1.320180964239434000e-05
4.910673539997878602e-06
3.209778701998595397e-06
6.259314802395809661e-06
3.011136393884964146e-05
1.345101573818265766e-04
4.184306356932286511e-04
5.220145484565629629e-03
3.223324072750628488e-01
7.499487250665441973e-01
8.118848753943572749e-01
1.072785462593701666e-01
7.941190540106166096e-02
3.147871613143061187e-01
5.542652803883760249e-02
6.437490032495443715e-02
4.777095147142002007e-02
1.712821968967032787e-02
2.821570140760561000e-03
4.181430136483596212e-05
6.621654194751282144e-07
1.422855186668798452e-07
1.430657340210051002e-06
4.829927378336009114e-05
4.778373969605672809e-04
1.125841698138748369e-02
4.853108673042271226e-01
5.052390072352399564e-01
2.026396179179126289e+00
2.855000299728303492e+00
9.962535862907581086e-01
1.324058812304803823e+00
5.486083203891057858e-01
3.428102776208443725e-01
4.612098490170334908e-01
5.839659939683652379e-01
9.483772035506479736e-02
5.367304519838723975e-03
5.745028605832291051e-05
3.488372286719270920e-07
3.523429164860401381e-07
1.582811352485838960e-05
3.758840633936710580e-04
1.249943341256109413e-03
4.736191221227302739e-01
1.465132523074189175e+00
1.214336966217265834e+00
7.983414612535572052e-01
3.201751766333237326e-01
6.463946915808348459e-01
1.180130206237002266e+00
8.682531908293352751e-01
4.515964291204671022e-01
3.084940061880935835e-01
1.998931891644699366e-01
7.339696047416783831e-01
1.373932829267822398e-01
1.451989371758416253e-04
2.448048348839471640e-06
8.342170994499974711e-06
1.468606990207357312e-04
5.940387704392177497e-03
7.257421908234511498e-01
1.275416118174942604e+00
1.818573440993117796e+00
1.394887648415314318e+00
4.640342505914900051e-01
5.093716740667196818e-01
7.403591001822599216e-01
1.325925184607585905e+00
1.314498342753503746e+00
1.982768173493300479e+00
1.596553892307817746e+00
2.383611437622866092e+00
7.390578372582954358e-01
3.932197674627008893e-03
2.318793029715365988e-05
3.992592084247423600e-06
2.033399526472130808e-05
1.278952928305139396e-02
2.823358786989046618e-02
3.380595836635457655e-03
3.979035421861371741e-02
5.709041632434533886e-01
6.061558051967749217e-01
1.181900150729710663e+00
8.395952253139582488e-01
8.960824331458122627e-01
1.390262754889864505e+00
2.474009577028938978e+00
1.524905397365655002e+00
7.042226140283756042e-01
2.242364935761017308e-01
3.790808401789228649e-02
8.663092424614071826e-04
7.505421044368906418e-06
4.435670629358542078e-06
3.392010719256685126e-04
5.931135646444816653e-03
2.488891425139336082e-03
5.846272567513322374e-03
1.913902493182007836e-01
8.749371344184982968e-01
5.271759730774897568e-01
1.454003472559298737e-01
1.936803814268623913e-01
6.376547818931808109e-01
2.356727592411437033e+00
1.944078010693791159e+00
7.950998644188829179e-01
1.053079320288920151e+00
1.856179179798415513e+00
3.212617219045355021e-02
6.956600752330704149e-05
4.177653322564568673e-05
4.460488672000472109e-06
3.251217803495411174e-02
2.881099738650867437e+00
2.930968097574406794e-01
5.433687117779334441e-01
1.262081433189959245e+00
1.529533968150720569e-01
2.631708647222912867e-01
6.390530789953775548e-01
3.246859930812431294e-01
1.722482078034941244e+00
9.774676024300726906e-01
1.514973595514911842e-01
1.151111771930823036e+00
9.116676523374500629e-01
2.084499553081808725e-03
1.818302051240046271e-04
2.059570748852740385e-02
5.962021857120428848e-09
2.429987891628618692e-04
1.890871214345479334e+00
7.086100833341977268e-01
5.558697198806297202e-01
5.955133764544006114e-01
1.213459947162630476e-01
5.859149616976211394e-01
1.604464886873840923e-01
3.693358582955707896e-03
7.425762603545788682e-03
1.283925006433948683e-02
1.481423120449960884e-02
6.438986911987508721e-01
2.911441119241357511e-01
4.046014546044465732e-04
5.539399018782794519e-04
9.472927005585015658e-01
9.629746511069329597e-10
2.232406560158296414e-04
3.426300492887055960e+00
1.996420079563885563e+00
2.893671177364723235e+00
1.874433673830164127e+00
2.798934545619748970e-01
9.555688515058920196e-02
1.190974124971447279e-02
5.004261870658459690e-03
9.090095495497295397e-03
5.360938273848363939e-02
8.159076038737034242e-02
1.819581389056788567e-01
6.710707503918477146e-01
3.393031564394254768e-02
2.734671795179466260e-03
2.492930361085643129e-02
6.703730528084027328e-08
7.452191603390662111e-02
8.524658093275407111e+01
2.360118314490494917e+00
2.490589073018890875e+00
4.854785005513150509e+00
2.168539510849591068e+00
2.436766611920819503e-01
7.369844774950515265e-02
6.341884379026173635e-01
2.641939989798482991e-01
7.492232520402773988e-01
7.967145615399495728e-01
1.238104934068358920e-01
2.240548405260167186e+00
9.508065008606298996e-01
1.121668582033779173e-03
4.200937218131964849e-05
2.561223463208454196e-06
1.266584088210908655e-02
1.385555788520391296e+00
1.974164819695879980e-01
2.014221196381814349e-01
1.086196350922746134e+00
2.033883322067927324e+00
3.556646354569944490e-01
2.171788014201313233e-01
1.114082950833099606e+00
4.152852773597015545e-02
3.163201137749787478e-02
3.611005216583343391e-01
7.088142427394135137e-01
2.801817560585081690e+00
4.546740203638400396e-02
1.623339458007889573e-05
1.338313009567567801e-06
1.485618169542030553e-03
3.526521716919118338e-02
8.234211724666071763e-01
2.413393200803271466e+00
1.251165771005017247e+00
2.519284846493202945e+00
1.495340669784153143e+00
1.809526839161970657e-01
3.107109706855344378e-01
5.270567045435433640e-01
4.256232259485454722e-02
6.110912251409731516e-02
5.514500873773112710e-01
1.460406169393278608e+00
4.737120105703365724e-02
5.615589282172364372e-06
2.705431968710243074e-08
4.133916625474269299e-07
2.124910969074763137e-02
6.978212560443932677e-01
1.525712877477646501e+00
1.150013433759290882e+00
9.323308426742735744e-01
1.489248429172486343e+00
2.016384618674978146e-01
4.581927422146515189e-02
5.393450915838180482e-01
3.664138609196909147e-01
1.565470720139542360e-01
7.947536315081952241e-01
3.903465818495638340e-01
5.463376447422462201e-01
6.121834094690485097e-03
8.465150849851278194e-08
2.019842977090775144e-09
5.906401807245768296e-07
9.094392002033909253e-04
3.657974490462037043e-01
3.497175057985088542e-01
6.447792924193260222e-02
1.737148442246503055e-01
2.707337401914898800e-01
4.852078943798861926e-02
2.012318006652657337e-02
1.111189932893609900e+00
2.230157977479406473e+00
4.834157479207839003e-01
1.151250221267301033e+00
4.261713964655448189e-02
6.812228178839895010e-02
1.290311644419790404e-01
3.908222845139275472e-05
2.387982924826661003e-07
6.341404538558155871e-06
5.317627397341025000e-04
7.199714315764992323e-01
4.820051642156167326e-01
6.032348093756594032e-02
4.295779179618559040e-01
1.156835501268463018e+00
6.669372889970245355e-01
2.936788489658248916e-02
1.676875000082935496e-01
3.076691924572006354e+00
1.150987282972005366e+00
1.456337603732305030e+00
2.275194034811670041e-02
1.430510118042494817e-02
8.133782390157424658e-01
1.438799094869356622e-02
4.294253872931843555e-05
6.239722085495512534e-05
4.552447332098188217e-05
1.629938268094245912e-01
6.217270577732103565e-01
1.171152403560236921e-01
3.852504717564536052e-01
9.213264842683500933e-02
2.403293173923881643e-02
3.500663906619782065e-03
1.357834944067262510e-02
6.628982263396270280e-01
1.241368453388902671e+00
1.266253763301115276e+00
6.710888163432071618e-02
3.308769059179019617e-02
8.554059620383956675e-02
7.779452734696621101e-04
1.430810955055607330e-05
6.338020946624935159e-05
6.031980709864763699e-07
1.382556219630924621e-03
3.850620113562672892e-02
7.381157049056100150e-02
4.529861267904813915e-01
7.621774713557508650e-03
1.902356627414103106e-03
9.841581645016678204e-02
8.606020574739006168e-01
6.277989897962461541e-01
3.439190340238900134e-01
8.996915126822828679e-01
1.008407628087780283e+00
8.620747514113402676e-01
1.774322726375514650e-02
1.101325214587075624e-05
1.316187680644132753e-06
4.049137917840007274e-05
1.115985801063015653e-05
7.148861841516121821e-03
1.745634761276242813e-02
1.555960012595676047e-02
4.113738693513963041e-01
2.097306096481841436e-02
1.175871351935939280e-02
8.265011382697746711e-01
1.966655575230182584e-01
1.613525143899306735e-02
1.466289666076588671e-01
8.386564574995282184e-01
8.614378638168064539e-02
1.424332831133537196e-02
7.872241836962673954e-04
7.831567813942810069e-06
4.439985765432310137e-06
9.437371663620155201e-05
7.111632688618225702e-04
9.906147686815114373e-01
8.978228326459801734e-01
6.986141401365379699e-02
5.552916309510115278e-01
6.340271838344799238e-02
3.923638833059473960e-03
1.702012481842966928e-03
1.482987148994478765e-04
1.968608280264440725e-03
8.276687232440077535e-01
6.940494029715084390e-02
6.023235988582335032e-06
2.154678326522746420e-07
2.522357470060496228e-06
1.302476919159783580e-05
4.302815914378051935e-05
2.735597890284710196e-04
2.233587621704290086e-05
4.442812670431291189e-02
1.928473140992787105e+00
2.113945928517363404e-01
8.750916258675428550e-02
5.368693914265262185e-02
1.042717561780434100e-02
1.411773176424786736e-03
1.685907076419743958e-03
3.179386160732754207e-02
3.819638599707682325e-02
2.868247928443077476e-05
5.319046307769002953e-09
3.475005960544880177e-09
7.269445213265576825e-07
3.524864395059151140e-05
1.530369931149837802e-04
4.116446119021754317e-04
9.089718997882317338e-07
8.028146837370633880e-04
2.058415729415931761e+00
7.966844998414526202e-01
7.910081210152554443e-03
2.471192606057967187e-02
8.008043929912310732e-01
1.212703328475061904e+00
8.282869292720792531e-01
2.401126947014276675e-02
1.570248349983996062e-05
4.763595639448067031e-08
1.397364821403945061e-08
3.249951597584392572e-07
2.065295530287770162e-05
1.736335606401415122e-04
2.862793060376122049e-04
4.733702216332442308e-04
2.271201799929455502e-05
2.694850081115706970e-03
9.685957458324153668e-01
7.051262813490136172e-02
6.035661023029400597e-05
1.321786874330080266e-04
7.556263380279128195e-02
9.079905172808186986e-01
7.024856216429056777e-02
9.819461693369086245e-05
2.133478064760749706e-07
1.172770347428404992e-07
2.976538467842540385e-06
8.324458557478987472e-05
4.948862249914164936e-04
6.687479002000378024e-04
5.635222257047064467e-04
7.603797339331874912e-04
