2.115541650244640316e-05
6.202723872205849964e-05
1.736857185676972393e-02
9.596895866368884143e-01
1.762678607034342051e-02
2.017556650006854067e-05
6.770563654994467819e-07
2.689795478983341479e-07
2.516369405940236362e-07
4.153009307554561441e-07
1.442239026077368244e-06
8.432783858602621235e-06
3.539548261173479843e-05
7.857312813246704710e-05
1.085078965525013709e-04
1.091787956774811546e-04
1.052535876772171418e-04
1.352921668091081032e-04
6.515062858354171498e-05
4.016459418858288197e-05
1.097083789789582827e-04
1.484023398375445592e-04
7.273897521742681604e-06
3.090000835253167156e-07
1.396319297497769383e-07
5.288766128767239935e-07
3.344373227193175269e-06
9.727401390692269855e-07
1.197042372403058781e-07
2.878841002799988152e-07
2.239712232187254241e-06
9.523222272323480237e-06
2.632720968682736049e-05
4.468772985735975788e-05
5.348366359254686832e-05
7.849894857737320462e-05
1.710539528332227430e-03
2.466785543184748467e-03
4.663794106312026670e-05
7.841990805729310396e-08
3.936230512968790262e-09
5.082577068497376720e-08
2.521948039291076765e-06
3.722761875830720660e-04
5.769966390117957367e-02
2.897674308776873684e-03
6.726471796617772961e-06
4.121605228550879279e-06
8.314108029676672550e-06
4.641100048703291969e-06
7.726476135747459129e-06
2.380839185938178569e-05
4.384649649973087544e-05
7.175512892827144024e-05
4.787138016293246943e-03
9.509440730443017298e-01
6.867520598053279690e-02
4.576342338092250967e-06
1.238504560324716701e-07
1.889968103498949043e-05
1.695302466065597233e-03
3.797012410323588605e-02
7.678457593500643830e-01
4.557409951454344244e-02
2.766065215161362962e-03
2.773832151520854231e-02
5.434323719693203922e-03
2.539075893998123969e-05
4.924716910167313760e-06
1.914502721147065323e-05
5.452131379197461795e-05
9.302465467616786001e-05
1.622094422044341062e-05
6.211033550453628344e-02
1.847775858681941274e+00
1.546621955139619586e-02
5.364637828532637688e-03
1.760529127174870478e-01
6.483071001360091179e-01
3.858403273520228383e-01
2.432837643337289191e-02
1.277668489515279473e-03
1.476411231924185281e-02
8.745752266902792060e-01
2.282772303283895840e-02
1.562074223934342254e-05
2.332192154090234426e-06
1.652689358380376081e-05
7.055744537274935015e-05
1.242671848068104608e-04
6.486260299701637181e-09
3.519809908766173171e-06
1.603899209256091918e-02
1.446113460509536042e-01
8.176925553878247044e-01
1.774608288481239748e+00
4.921341107529395020e-01
1.349481991675258064e+00
1.418322034550554278e-01
1.726888116750247698e-02
8.451147392698263316e-02
2.917455495025604237e-02
8.364418504429398896e-05
4.297891932286125745e-07
4.822727148049340745e-07
9.265954846718567472e-06
6.514170001859008290e-05
1.382864239116308113e-04
1.888196520316872586e-09
3.739600025808605220e-07
2.545189938469321136e-02
8.752002882656929605e-01
1.322167092073947670e+00
9.990817848822451941e-01
3.050970549366032597e-02
8.823834926670283407e-02
3.050492624308452361e-01
5.563802341919090733e-01
9.625777138611820716e-01
5.554360288701034459e-02
3.841018704039310871e-04
2.335953564032533544e-06
4.745830319944678613e-07
3.964801187086401488e-06
4.005630121303101638e-05
1.280661320991753247e-04
1.636865610865359010e-07
6.333993490323207168e-05
1.093876734805138362e+00
6.899121128193235197e-01
1.042730269474488880e-01
5.772637778113546281e-01
4.099691549771321275e-02
5.444578508517282367e-02
5.541610843818229881e-01
1.719385335811601134e+00
9.854879895498851461e-01
8.924119153487035661e-01
1.023129916104258852e+00
3.061122616455183663e-03
4.439612648526242888e-06
2.431136545823131170e-06
2.303038712251364613e-05
1.102073991971118193e-04
5.882162782209040821e-07
2.438758719499219661e-04
1.876598188727317762e+00
3.708886303887772851e-01
2.083643341735729598e-02
2.841797501586857400e-01
2.439433259897925144e-01
6.427814587838008853e-01
2.587995450240907047e+00
2.051432415351498229e+00
1.213830690570532056e-01
5.302873235411806330e-02
9.230711009794492217e-01
2.509212028765337929e-02
1.759644391672302759e-05
2.876928129454394857e-06
2.015071251743610298e-05
1.015721772920053726e-04
5.721407999230623780e-10
2.662421613065342731e-07
1.099960622077413436e-01
1.618349898385732066e+00
1.453897056736029314e-01
1.254355797100460856e+00
2.334864043692225444e+00
2.705544427634511528e+00
1.202106887281308989e+00
3.628742554300353196e-01
1.653432143342078442e-01
1.239010952121728099e-02
1.825291428675678874e-03
1.302108718541408186e-04
5.215022379545829740e-06
4.617667160572250533e-06
2.818470237220053445e-05
1.067918369406637064e-04
9.108008260807245092e-14
2.312506381083934335e-10
4.757728269563794702e-04
2.605914065640597271e-02
3.040108775074933101e-02
7.808213539959715233e-01
5.559436209347682345e-01
4.616166948919435131e-01
3.526673535089056566e-01
1.401580285514724966e-01
1.514345555441578561e+00
4.121742085430995378e-02
9.908641283877092691e-06
3.333083450891452314e-07
7.154345660550118130e-07
5.590328034392744104e-06
3.814991217249367718e-05
1.174041342919424915e-04
7.041939321477542032e-13
4.143507954365307377e-07
6.770617638413434225e-02
4.201159861403861578e-02
1.273565311852732362e-01
1.217521118109595513e+00
8.321676135020766862e-02
1.169146943100541208e-01
2.423079594385637581e-01
6.003016059199779014e-02
3.136748404173648197e-01
8.352857528693606246e-03
7.414934030100672333e-06
9.577278221771837028e-07
1.498016723929764654e-06
5.703202273491362088e-06
3.519888465255299905e-05
1.225771380671625364e-04
1.684045913910751682e-07
1.886285583214288575e-01
5.551306472723325669e+01
3.102221119631592416e-01
3.977780228717062716e-01
1.796888633273910241e+00
3.437637658504523186e-01
1.434290532907066096e+00
3.885542195548708833e+00
1.081426366627843638e+00
6.543104268621149355e-01
6.813407418869280030e-02
2.310311199011084310e-02
4.474999128890283333e-03
3.664864343915437325e-05
5.112998725113402821e-06
2.442076501591170971e-05
1.215393845417201112e-04
1.574393833172855897e-03
8.288113477765443049e-01
1.234574924498036408e+00
7.799897826998415662e-02
4.020265230499367459e-01
1.694757041658552010e+00
9.955456603064043453e-01
2.045347935593861077e+00
8.550990657294295083e-01
5.200166375087882098e-02
1.895228139332077316e-02
1.171793753673480570e-01
1.773913304751857378e+00
3.772066238986379605e-02
1.351252728733610373e-05
1.535581824760433452e-06
1.725181649282771281e-05
1.274272198223600741e-04
2.902028866596976543e-03
4.270880799448696641e-02
2.326459968657077215e-01
4.528870460268545339e-01
8.013421568565768371e-01
1.017546041895540432e+00
1.172463512138848918e+00
1.044194115625622477e+00
3.616289886931276648e-02
1.946734432889540714e-04
3.050627777758494093e-04
9.634496391726178610e-02
1.211208459567138934e-01
2.810082925155495468e-05
6.471212516010254879e-08
3.848123355201347849e-07
2.001156526681895038e-05
1.548597345645971941e-04
8.247875075691708867e-05
7.427840147864769697e-03
5.030091354752195265e-01
7.024391030426841986e-01
2.540737027911563195e-01
8.168197981358795712e-01
1.319916747248772726e+00
3.233332589730297801e-01
2.540243028041528350e-01
3.153691391404986333e-02
2.310499668076798283e-02
6.462655687561682516e-01
5.598418908402836430e-03
1.550943353267472970e-07
9.679718239513742048e-09
8.182981996374906481e-07
4.193435982486696650e-05
1.845578019258001668e-04
1.546829170093782699e-05
6.576028432390175135e-03
6.019019100075491124e-01
1.201414375667592793e+00
8.647962158759739948e-01
1.219546610092082428e+00
2.705517944899082372e-01
3.624186037534223026e-02
1.841761587003455380e+00
3.538179750923048594e+00
2.946196319459414292e-01
2.391157902716462558e-01
5.275837278786577175e-04
1.938364213394813899e-07
1.499683040009196404e-07
7.418190828065927699e-06
7.944014462547711994e-05
1.632252578035749526e-04
1.279559908740290955e-05
1.667639407980706784e-02
1.306678025374365060e+00
1.972130194956277283e+00
6.717643779610881216e-01
2.697496526957537943e-01
4.064604104758096637e-01
4.533295245080456448e-01
2.554499548814929799e+00
8.933448423578861375e-01
5.145788252311362942e-01
9.038608521048517863e-01
2.522276908281868499e-03
5.491481333010278541e-06
4.884705264468160658e-06
3.638022837192534786e-05
8.430094471757165731e-05
1.101474604963847590e-04
1.934413604103519145e-06
4.269592168813959344e-03
1.433862217640202719e+00
1.481892407952234869e+00
5.366503927453201289e-02
1.116140423526773041e-02
1.467522268509141581e-01
8.279865500362978414e-01
1.201553181546541005e+00
5.017084444169976898e-01
2.076343355465450902e-01
2.901210982933349891e-02
2.289710756655155880e-04
1.209187527902444538e-05
2.120426361041265870e-05
5.546219444255606252e-05
6.341233468365131232e-05
7.522332687775712911e-05
5.765241099031915260e-05
5.184575492510402894e-02
1.750579683799018627e+00
1.641111160481072695e-01
9.324749992181873351e-03
1.604235620436051876e-02
1.384355752736776170e-02
8.064997872393404659e-04
1.848585043901064019e-03
1.050519634063793589e-01
5.776620489379807877e-02
1.567670305091443765e-04
1.864621173020740605e-06
2.524884775831993558e-06
1.851101552165883426e-05
4.659901972114562741e-05
4.911338911115062421e-05
6.424351707870502306e-05
1.507660513874803029e-02
9.102424983099741684e-01
1.087161722248694451e+00
5.842153787307787643e-02
3.804437234573552346e-02
8.463472935368814287e-01
2.882474905066938556e-02
2.877642986853491213e-06
1.059467231761786715e-06
6.808473554787523863e-03
8.688474081923862613e-01
5.972002440786499874e-03
1.430731759186432362e-05
5.327757234766536576e-06
1.984963413422942652e-05
3.877748819098592590e-05
4.410657991536757902e-05
6.811692957963098600e-05
1.067050799574760728e-03
3.083657296146282475e-03
8.408169013824957905e-02
7.714259201823782108e-01
9.175102881371950680e-02
2.194736602412019483e-02
6.544610349697293225e-04
4.906118032784152294e-07
1.073111154342482958e-07
1.191153274156448491e-04
4.148552850180652063e-02
5.462720436113562700e-03
5.789297827592761924e-05
1.420901140576598418e-05
2.414533315344668724e-05
3.381717351896902798e-05
4.078636097775833748e-05
7.277235968785504897e-05
4.522981150428234615e-06
1.269291725903373360e-06
2.848028193362783095e-04
3.244220293078748513e-02
2.829593532820348103e-04
1.361767872573714639e-06
7.576621822294304116e-07
4.877017587823952584e-07
3.431861422449501483e-07
1.598972853710921903e-06
8.193399107795432994e-06
7.749800319733627833e-06
6.072275312948127696e-06
1.279904578937156769e-05
2.670272345506139402e-05
3.164645910348357083e-05
3.763404241758053524e-05
7.068175948999336688e-05
2.856868012463519007e-06
2.586860160746243401e-07
2.493332653491204665e-06
2.530586860270922796e-05
9.919223591639443768e-07
6.212719361393508816e-08
4.686867311493722984e-07
6.072629449581270102e-06
7.485211692988640325e-06
2.191822079315609631e-06
8.692037947286342314e-07
1.282377025681495797e-06
5.628486066261281335e-06
2.363475467087387241e-05
4.196848160400845206e-05
4.100810901418407075e-05
4.554237906185940103e-05
8.114044337411167526e-05
3.843770572694297409e-05
5.768639076850028057e-06
4.034916696427206686e-06
4.919136276060220580e-06
2.359818614827270629e-06
2.860472911376587105e-06
2.255499256788840614e-05
1.398174914247707833e-04
1.561048923033157712e-04
5.249262392054664783e-05
2.046811437471029600e-05
2.157180774184384715e-05
4.573109276878446853e-05
8.580231384485616643e-05
9.632208013453602774e-05
8.406343183982713328e-05
8.986440170035168507e-05
1.402187210822379516e-04
