1.821776350468167556e-04
1.353527571804046502e-02
9.306609771351330718e-01
9.623772197593072342e-01
6.432751894765555145e-02
6.610213338414654138e-02
8.008130780378105440e-01
4.804556839014857694e-02
9.380659233802782215e-03
3.239431731706660100e-02
9.298352787075692344e-04
1.771864335841488248e-03
4.765298769200012989e-03
2.396601946324273481e-05
3.518999600458288794e-06
5.918491297253657488e-05
4.423671605613110338e-04
8.003973657645456052e-04
7.007185164092863676e-05
4.838987158197441581e-03
1.325386026216953395e-01
1.650258190215649901e-01
5.625897952394243173e-01
3.374807684201913682e-01
3.282393669678888154e-02
2.600922077884558828e-02
2.278740583017422605e-01
1.496589120065861200e+00
3.536306535076941260e-01
8.170301873128329451e-01
5.980949438957748610e-02
7.884391635321496116e-06
3.958421518203255190e-07
1.443371509427022499e-05
2.433231614258252228e-04
5.879181255488501699e-04
7.952091594607955632e-06
3.618832153223522190e-03
2.673632463784000990e+00
1.017119908634268821e+00
5.269544816086647598e-01
1.301879360994578017e+00
3.378555503612932220e-01
5.341181536332643143e-01
1.210299219892077144e-01
9.737452479501944314e-02
2.145042344109570287e+00
1.817878468272847714e+00
9.514818804736712571e-03
7.658027872199609754e-06
6.298134456386833324e-07
9.903008707936839002e-06
1.667562063316010024e-04
5.485152598917915345e-04
5.444238697939073648e-07
2.237875285612335766e-04
1.452527704886801496e+00
5.979574542460174280e-01
1.336512771419083416e-02
6.101075372536352015e-02
3.394686880212414715e-01
9.678465385589727354e-01
1.314104401855567816e-01
8.665180076421499789e-02
1.481521500044154838e+00
3.988327586142219605e-01
4.485784411998416932e-02
9.631588751411212287e-04
7.984562497917005892e-06
7.438675921524500412e-06
7.325520661126236246e-05
3.692313440763085987e-04
3.159191927405058831e-05
5.468153219204799180e-03
6.998195948560019808e-01
2.397774517303925823e-01
2.897306966762107014e-02
1.075303434004265396e-01
3.844614238535312700e-01
3.616050972539266439e-01
4.054179265293297307e-01
3.606522692774997707e-01
4.119409742225490362e-02
1.941409623895212419e-02
6.421550828310371717e-01
3.077112068973909820e-02
3.532611573694297209e-05
1.102390473304909968e-05
3.425921048431212747e-05
1.299903655021333545e-04
1.149198097839092877e-03
1.475761875264287697e-02
2.126090641953766458e-02
1.037413659118442966e-01
7.105472564314957440e-01
1.589355362599425836e-01
1.416392333639952539e-01
1.780113668257027604e-01
2.441585269746512077e-01
7.618642421279169241e-01
1.303407608436316784e-02
2.006184771704526935e-03
2.592169544987277807e-01
8.573383188616766348e-02
2.891131636601136298e-03
8.596624857407947785e-04
5.432886101748245596e-05
3.074399057021188212e-05
1.054076899181707048e-04
1.371051150583277058e-05
3.483496887815272191e-06
4.705701827342689218e-04
1.534448214261714856e-02
7.218637237495061781e-04
1.525076115205307656e-02
5.116277893190058768e-01
8.175195862080333886e-02
1.037987620673198608e+00
1.003663874141543344e+00
6.560344698775087691e-02
5.954631194480003442e-01
1.121858133398163426e+00
8.371350737862263136e-01
4.134086084419978657e-02
5.316533915011268058e-05
8.757521752516544972e-06
2.207717624890802817e-05
4.651375371987506765e-07
1.848288071620442402e-07
2.674644609027894781e-05
1.621253327714423974e-04
9.542982631214416372e-06
2.631778961344968457e-03
3.144410630043097954e-01
2.772745149745206323e-03
1.202472898222521971e-02
2.725622335119679995e+00
1.357757421504241391e+00
7.536441248762994205e-02
1.506544258387357282e-02
3.813588988030542498e-02
4.050329819635082110e-03
1.752289758953157333e-05
8.958562742197158596e-06
6.225003953737346535e-05
8.497327936530734387e-06
7.300015874560853563e-05
1.806542765185709457e-02
1.674273044102345814e-02
2.407112192829151832e-04
1.152713144502127106e-02
7.932880578551915196e-01
2.916506365971720076e-03
5.631257988102224363e-04
3.155787619002324851e-01
4.716495949918491082e-01
1.038529860490595719e-03
2.424544630390124535e-04
5.518469733047350924e-03
1.587313695903734079e-03
3.481099834472781054e-05
3.841028172417767096e-05
7.256880913770917335e-05
5.859157458888562847e-05
3.414466680367812552e-03
9.784946070515189165e-01
9.270307407539807310e-01
8.447519412829574900e-03
6.483906196731267779e-03
4.166560917417667931e-02
2.701633284983560781e-03
2.447785918999806441e-03
7.665998055347448270e-01
5.278685692319723399e-01
4.505357757953763753e-03
7.400602735602122839e-02
9.174927325449445670e-01
4.012483845419679424e-03
3.496984200608356687e-05
7.007650671603322576e-05
2.724331431255436691e-05
6.237987465856021307e-05
6.933208697322527795e-04
5.130442365596012480e-03
3.626474306042578449e-02
5.788086218872599831e-02
5.104987667703821119e-03
3.809136239086056367e-04
1.024595400537013466e-04
4.970300964655860378e-04
1.287785444903683241e-01
4.481444701294965416e-01
5.956766458362951905e-02
7.996042272512893234e-01
1.050250743933340836e-01
3.640058928338211125e-05
2.530696967296960307e-06
4.092669234490073062e-05
2.431594041666794949e-05
1.663989578532142381e-03
2.307974792716083190e-02
1.978823038604292286e-03
6.437328166036791061e-03
9.113163892973059621e-01
9.325846377234503493e-01
8.427845944512060705e-02
5.814015927900921532e-03
1.238042604082939774e-04
1.447794221127804946e-03
3.500237705142460465e-01
2.177938944316128445e-01
6.321617096307674370e-03
5.455547205654719426e-05
2.566174065061154440e-06
1.059627506446297535e-05
1.390006697688634079e-04
1.581543769895670971e-05
2.830704451090858970e-02
2.188558723013825613e+01
1.064210287775477770e+00
8.648804718191707014e-03
1.042927890789085467e-02
6.748393498984936456e-02
9.529328152927646345e-01
8.602245405725410521e-01
3.468160903908034873e-03
2.104345369598974343e-03
1.709714689523343933e+00
1.730219244865907724e+00
1.960067641467130948e-03
1.939629606131739370e-04
1.886614995492572923e-03
2.765209735690605033e-03
6.013021533490701606e-04
1.867244285343949497e-06
2.786959490389876695e-04
1.057162972055951888e+00
1.933092966583978445e+00
1.278560070472427356e-03
7.067129082833267708e-06
3.261314568011655770e-05
2.016789875117720645e-03
9.715727803692036924e-02
1.722340246419244436e-01
1.299240572358104952e-02
8.849137353884516111e-02
2.656367330602142918e-01
1.528021455120934062e-02
1.256907799010799076e-01
8.838248937733715893e-01
6.660563114365352679e-03
7.046234814370063966e-05
8.228405256596465220e-07
4.004747825723256779e-07
6.867433748180576619e-05
7.253312480427169008e-03
5.589661720198390617e-04
2.372631451359293045e-05
5.356647297323418678e-04
4.327885214432908995e-03
2.483757764961166264e-02
5.203570644355509645e-01
5.800348917062037035e-02
1.277800998328485482e-01
7.282114715933322158e-01
6.361128503670659962e-02
6.192655902178396676e-01
1.230798529897599636e+00
1.170394126488159955e-03
1.019859760324145516e-05
6.257865827819903821e-06
1.714320584571432264e-07
2.017396443260608599e-06
3.624420022048417504e-03
3.286561985874343617e-02
2.939626998769411231e-03
4.871806310872755369e-02
7.413628285361613113e-01
3.859527311246211401e-01
2.492389547517172566e-01
6.977589857326803313e-02
7.596806598227704432e-01
1.090653621376408644e+00
3.378211974767274944e-02
4.670203422973931984e-01
1.764257200722220142e+00
2.842070230427640436e-03
2.337943019216519978e-05
6.004284297734189385e-05
2.021303444775519041e-06
1.020508910676369846e-05
2.672828341253284667e-02
8.890997690573855250e-01
9.952706798246356568e-03
2.698787296513177093e-03
1.027881592331469640e-01
6.804725185008706489e-01
5.369115014649801232e-01
2.722575867021136409e-01
4.543089225982456514e-02
3.487952852801152939e-03
1.005717897093550903e-02
4.894154304870140249e-01
1.453661438127611671e-01
2.307138921619984241e-04
6.530359854081164006e-06
1.512520877771215033e-04
1.068775876972316054e-05
6.727238806788852897e-06
2.896058676204944001e-04
2.133711070722857026e-02
4.849622727607827422e-02
2.439709553362267788e-02
7.177028176242368496e-02
2.023537245709118859e-01
5.490876354776786927e-01
2.579795321892537796e+00
2.465173003577545568e-02
5.512234068141513670e-04
3.927875354287928278e-02
3.359342061002850155e-01
1.057724513982442709e-02
6.771272808319043590e-05
4.094234773794393606e-06
2.812156703248839488e-04
1.024491592716038888e-04
9.428361766161054655e-06
6.323886995595352005e-07
1.001638353316628762e-05
1.608722165072008076e-02
7.916146149820048050e-01
1.953171979632866151e+00
1.685189870770586573e+00
8.088991408023078478e-01
2.037763341076150869e+00
1.565589730116426492e-01
3.084031870841627554e-02
7.264268987846164150e-01
1.998884596684820991e+00
8.495929631343895894e-01
2.225534694552562531e-02
1.073100883274902067e-04
3.641082761120141976e-04
4.625038419361402961e-03
5.081324053535142375e-03
8.135743464962065101e-06
4.646206855828999475e-07
1.073834247227609470e-04
2.109399400797904583e-02
4.989020138218078770e-01
1.770109059441485000e+00
1.444187757943540706e+00
9.793249311669263157e-01
7.622129979467807681e-01
1.134299352289071638e+00
1.282157197332370879e-01
9.256194582578817359e-03
3.092933767696871838e-02
9.772812154554855538e-03
1.408327991587833886e-04
1.345969120144137682e-05
2.617551840267496720e-03
1.944582119291112132e+00
5.928562678291059845e-02
4.962713265811686354e-04
4.148292879439145243e-03
1.093732798598857914e-01
1.334069187043166904e+00
5.362074614330417655e-01
3.302008076035658490e-01
1.448822728029544038e-01
1.078977695625484012e-01
8.221499427625234002e-01
5.888587405538666698e-03
2.421189068050809216e-06
1.100341252416321359e-06
6.755541267244173166e-06
1.540732749915282737e-05
1.610781320866955863e-08
1.288486836829855042e-06
9.189206722096564250e-02
7.512255291644770461e-01
2.514145122126050791e-01
1.623890432473388934e+00
3.911948535262938509e-01
8.274321617023023823e-01
2.322617723614834595e-01
7.109003364778895828e-02
1.123913093527507401e-01
1.401121444854236571e-02
1.230982258566441778e-02
9.292633600021580178e-04
2.167119661967207898e-06
2.845538696672511533e-07
1.963327407082400963e-06
2.758597099643791864e-05
1.595104585807830228e-09
4.211936570234816121e-08
1.945809069159782018e-03
6.277657984913992406e-02
1.070817172442777854e-01
8.719274344268717059e-01
3.865161380722803575e-02
1.493086449150414496e-01
6.175665281514394200e-01
2.269122511759692207e-01
2.661720995559449854e+00
7.731960985002710174e-02
1.341171575213080127e-04
2.672406628204729149e-05
2.122282458763623763e-05
1.944872907909765268e-05
4.571061487918415023e-05
1.916638292180126253e-04
1.389401957329742931e-06
1.285859447129065255e-04
9.977412237095878433e-02
6.519961407795894504e-01
3.657851957821370847e-01
6.796673825193837448e-01
2.510119200387751492e-01
7.634926883972577016e-01
1.165269979623443142e+00
5.004092624464753780e-02
4.372652626519921149e-02
1.909804010583845404e-03
3.970099617227687639e-06
2.795875844768631397e-06
5.174760360474043366e-05
2.182311989387513687e-04
2.925027782942512438e-04
4.626388995917675310e-04
1.358189420289404072e-02
9.873828952439479556e-01
8.692594274905641738e-01
1.403001474814127514e+00
2.422307456944436943e+00
6.244094323763874632e-01
4.343919560687344861e-01
4.473378843612134115e-01
7.451058153522109873e-01
3.052719121269930821e-02
1.323308957020538157e-04
3.885827050232300269e-06
1.259590741097013389e-06
1.068879437185720334e-05
1.879840973659864566e-04
5.654775812214889001e-04
5.672151265571435995e-04
6.889809419473151304e-04
