1.313800479978274177e-02
8.015941034263239118e+00
7.047273099901321558e+00
1.890625321929613190e+00
3.078595729304194784e+00
1.925715023716226604e+00
6.855581338667809943e-02
4.558936184523928342e-04
4.204245887768428983e-04
2.592259906100060404e-03
8.189475933907492886e-03
1.672563701220299709e-02
7.968202342142649032e-04
1.139537985590275229e-04
1.089850352118161705e-04
3.192450087057151415e-05
4.307981440642844322e-05
4.844240210118479239e-04
8.112381968505772215e-03
2.893733843738407696e+00
1.861099317852550783e+00
1.351134239455293207e+00
6.927188164667977821e-01
2.937924904166665518e-01
1.686360398461161481e+00
2.150333940676403266e+00
2.997148901924593822e+00
1.878031731659480119e+00
1.136981039181003572e+00
8.519752716716004759e-01
3.551751073114686741e-02
7.467793292392674656e-03
1.066695820748557108e-03
6.486003115669051633e-06
1.092054420951864214e-06
2.805866308309620387e-05
4.146001827842515745e-03
1.606614500696285364e-01
1.232581958300569686e-01
7.339579512857266064e-01
1.038477861767923838e-01
8.632791536363075601e-04
2.262288312207701418e-03
8.041453567069085928e-02
1.820431933064674102e+00
6.169942453268826732e+00
4.086413664549478852e+00
1.657687043360257073e+00
4.966118032048567055e-01
6.736743573750307856e-01
9.099693624659753455e-02
8.086310590060195565e-05
5.933276977724422633e-07
3.615473681355671755e-06
2.671704986769984913e-02
7.484106285010353465e-01
1.643639345562300166e-02
3.000624185256072114e-03
1.104649006681539258e-02
2.038010902628571968e-03
1.355474521255775047e-04
5.791370815717481981e-05
4.956879648815371627e-04
7.810532708947344471e-02
2.405763273655330270e+00
4.150170299198925328e+00
1.801133629943008518e+00
1.594162980989026313e+00
8.837602502606246579e-01
7.866558472695633561e-03
2.128593236420429235e-05
6.015976685589037405e-06
4.427565260483726011e-04
2.072692677548642948e+00
2.129078060891697044e-01
6.138530359126346614e-04
3.087903993252407928e-02
9.262752537451139911e-01
5.775693175434327281e-02
2.054631299164489527e-03
6.838015892633370670e-04
2.911684419604841298e-02
5.505344562583328605e-01
2.640106973396151968e+00
6.260108041820468650e+00
2.785154303895130301e+00
6.793680198316514041e-01
1.197883753630818171e-01
3.423019062709041754e-03
7.784814629032752570e-05
2.527278006904307703e-07
6.997012449959598424e-02
2.515480794555217781e+00
2.052089904434458226e-02
1.766845141517505713e-01
6.330665712056887662e-01
3.429365792605010288e-01
1.437490018204567344e+00
7.403601910411651277e-01
1.047450504091197443e+00
4.656397130897229619e-01
5.551140725430724343e-01
5.502896849309657057e+00
8.285870111713668607e+00
2.063992737474861006e+00
6.500168670760673173e-01
2.585176012684435934e-02
9.983367583947668584e-05
9.442127301659696863e-08
1.720562862018480601e-03
3.731423750792367544e-01
1.597051057687816356e-01
6.969205211051411331e-01
3.388115222406116733e-01
2.553515131579280339e-01
1.786292236037155812e+00
8.964572222164549631e-01
5.033319027329404838e-01
5.390733820775930329e-01
6.028485295188767967e-01
1.341749819978169445e+00
4.864907108682499093e+00
4.876865130808998750e+00
2.090080843168974356e-01
3.338190543665906559e-03
2.777055787710791296e-05
9.856814040578659360e-07
6.495030961407363820e-04
4.867313956222623084e-01
1.197919313103749772e+00
8.243429716238769300e-01
1.094136432940884696e+00
1.032881852199142303e+00
9.798285354192042274e-01
4.382471551442205793e-01
1.532720800873666467e-01
2.413698612118853615e-01
3.916680202670457800e-01
5.290050757109882040e-01
2.507450002558670121e+00
1.762315378351337225e+00
3.226811495623302384e-02
2.440543017110675603e-02
2.513578203443886556e-03
4.134343743652748603e-07
7.219821107832643712e-05
5.870736194364706284e-01
1.644427749342229905e+00
1.558691757711682668e-01
3.549218966053736546e-01
3.248068003649725588e-01
7.316404255659815226e-01
8.964155975132827026e-01
2.394147597947965111e-01
1.765762188657930554e-01
2.304001920424577909e-01
1.378513479677704323e-01
3.935987660030997870e-01
1.254915487247251660e+00
1.186272173836692423e-01
7.079452022163977842e-01
7.561110039725543741e-02
2.938508374485147012e-06
1.178603108450467239e-04
4.114873544261014593e-01
1.238428918903476283e+00
2.299213095776217741e-01
9.432605978966165372e-01
5.290597305447306553e-01
5.421816930692566761e-01
5.186044003990422091e-01
8.229002586920778350e-01
7.330091862565482064e-01
9.228464419210763436e-01
4.768650395256466834e-01
4.325147415541446549e-01
3.061884183885530852e+00
3.629107014379685525e-01
4.771345336751773442e-02
7.087876352797355031e-04
4.468903618825251223e-03
7.523288380207135417e-02
3.622100784895729397e+00
2.581488828904745958e+00
1.777125534200197365e-01
3.551457002929622186e-01
1.234306278637126386e+00
6.432926349795958787e-01
2.955204283296071766e-01
2.239032740605146010e+00
1.088503558709759789e+00
4.697579914704694826e-01
7.922204326411227404e-01
3.201576159250609233e-01
8.625434956698150302e-01
6.737201049796450736e-01
1.118649492358627685e-02
2.960458258221260780e-05
1.419262534355378129e-02
2.675282699920560781e+00
2.571932838607438399e+01
1.193794592595352810e+01
1.225097545620752681e+00
5.645194639970179118e-01
1.847152809053655975e+00
1.134557574718507045e+00
2.242267137513292985e-01
2.220958627124039741e-01
1.840434748827642353e-01
3.856943229199892853e-01
1.589876431569734683e+00
3.066615592689796999e-01
7.117030601435636594e-01
1.995662511488360824e+00
5.762768638559941613e-03
1.075235601701196071e-05
2.128756671217513522e-04
1.391521734550520639e+00
6.914524638831731806e+01
2.150623801548498548e+01
9.122739741758412180e+00
2.995795210275554510e+00
5.445583437655554526e-01
4.895650087169434728e-01
1.865858437092674071e+00
1.842770306934063962e+00
1.098690603343838612e+00
1.146772823092513605e+00
7.524939241254428035e-01
1.837281393328014378e-01
5.807025730879574077e+00
6.241449805346367619e+00
4.198152845026831086e-04
1.292219676813637511e-06
6.382982881487052340e-04
7.873173250859943906e-01
3.846414061324808387e+01
7.814866888954023594e+00
2.630629304677154501e+00
1.307039564272407972e+00
1.238794192133373800e-01
1.074096511248917862e-01
5.401985082357767531e-01
5.550973754358546897e-01
3.567709646222491093e-01
2.996847748474123496e-01
2.492463189870814527e-02
3.033292353760869923e-03
1.144757870221591478e+00
1.709764997827450506e+00
4.107898194764605395e-05
4.010249915279607445e-07
1.790431342770642262e-03
3.376876472131331436e-02
1.771924837515009399e+00
1.928783655246379292e+00
7.128454304855458279e-01
3.276426486058069965e-01
1.023015255990598199e-01
4.653186563963531142e-01
4.361712308588105297e-02
5.170138771109705289e-04
5.050871170933749973e-03
1.640788677517179828e+00
9.267035039333343382e-01
3.196018291580519921e-02
2.879204565374971381e+00
2.322514754352114075e+00
1.209876680803508053e-04
1.783702148515528102e-06
2.983586883049993465e-04
9.996462612283747370e-03
2.439565779207829355e+00
8.584758645345990091e-01
2.941990705888504198e-01
6.881102762260538075e-01
1.847077052416195297e-01
1.257468420536217657e+00
1.350353580756166565e-02
9.001860917393878525e-06
2.302348293810430155e-04
1.953385446411832760e-01
9.518225525197850923e-01
2.987280430514120400e-01
1.700614953561262244e+00
8.193628292315751072e-01
2.391282779970328558e-03
1.032519817514134999e-04
1.821654060789225775e-06
6.934677569611053080e-05
2.535309395411448619e-01
2.237747508707378374e-01
7.227486038165202575e-02
7.060759851177770274e-01
1.910844844970403522e-01
6.117366874305283364e-01
1.699953060261459245e-02
2.003633020178484261e-04
8.032632826457530503e-03
1.538533552189004505e-02
1.721020362040354135e-02
5.590061523838919522e-01
6.300023219162438348e-01
2.842704190426365018e-02
1.962273893563784653e-03
8.329855540507723373e-04
1.714074345608523975e-08
9.264519818608839745e-08
8.164498904443283356e-03
5.954690031316788312e-01
9.471440452867772863e-02
1.278192739470734030e-01
2.071569169039295943e-02
1.080453542121708604e-01
1.746197453014731171e-01
6.242283275479559163e-02
7.524307290914712398e-01
3.076425856751184573e-02
7.176501755595927033e-03
2.351131520535976183e+00
3.300989977923257435e+00
8.110791698487959320e-03
1.894332747880311698e-04
2.653540009290813366e-04
5.570134293029453246e-08
1.262528250541470438e-07
2.540166675469135004e-03
1.198375342129978371e-01
6.495659479446169726e-02
8.536754629262484073e-01
3.749971826264630881e-02
1.050417114086000560e-02
4.906104906328371262e-01
2.801039599460374840e-01
3.372902877087668311e-02
1.437845142928888091e-02
9.996535460617100854e-02
6.623447881749308763e+00
3.756385408422183492e+00
8.463970330500092051e-03
9.962593138566834712e-05
1.451741532590149111e-04
5.034463288806162608e-07
2.199422416655141511e-06
5.439231196374367389e-03
3.214481854228042751e-02
2.276478010509019878e-02
8.671016652590649576e-01
2.160252230426631601e-02
1.430341550804215293e-03
5.395178393967681174e-01
6.566086642367682247e-01
1.297566037645796373e-02
1.206875435284297526e-01
4.677311799409118009e+00
4.499558777639441232e+00
8.129220091033495521e-02
2.553659489596920955e-04
2.221421578524520316e-05
1.320532700319691473e-04
5.325988283018200488e-07
9.568721481373438048e-06
3.132507537692757332e-02
6.785086895709215860e-01
2.723190839747348102e-01
5.007064563768877374e-02
4.591057945288884987e-04
1.234719836609373799e-03
6.507734347948593845e-01
9.914761602226539461e-01
3.202958150727361897e-01
3.618225716308751228e+00
1.039026271990384842e+01
3.553415385951805394e+00
2.612269962818531202e-02
2.670635959608101551e-05
5.245779870075478112e-06
1.116546750253943307e-04
3.450792578267228340e-06
2.308958152150627227e-04
5.228003214510892199e-02
2.969791626254823513e-01
6.221394039245387031e-01
1.761559603652353839e-02
5.053670503592047229e-05
9.206605602512168496e-04
1.052948305507148685e-01
2.746726288844772990e-01
2.568791747638127898e+00
1.029914882344391636e+01
9.095165182822779748e-01
1.076672796617552802e-01
3.525258443669061856e-03
2.417406447760277758e-05
1.133823937626871764e-05
2.004744056131197165e-04
3.140229474357250986e-04
6.840908975579039486e-02
7.058672001421817388e-01
8.289205324457904478e-02
1.187980814801059964e-01
4.118527205018662762e-02
1.017708257483115322e-03
2.533819687459622563e-02
9.681097861196673593e-01
3.774333652432225961e+00
5.342409027230898388e+00
1.736169206079245075e+00
4.024779585655032660e-02
1.424147889755392204e-04
4.601492928098036102e-06
3.587997002040003379e-06
2.827315704975745089e-05
3.983360163325253413e-04
6.036290949954415189e-03
8.956910865227007967e-01
5.401787311844502781e+00
1.529694055336838554e+00
1.481004325651391174e+00
2.338904983388414127e+00
6.729832154793626842e-01
2.318593182492877602e+00
3.568817401963261915e+00
4.638594328950457424e+00
1.380966260573950610e-01
3.303679410829072054e-03
9.997998457346791209e-04
1.566474486157925039e-05
9.665238108892197990e-07
5.164186438869310521e-06
8.504535148843668697e-05
6.292496337775159475e-04
4.112259729889870818e-02
4.930882152633548898e+00
1.199493110896213999e+01
8.021783216828083596e+00
4.974113869042519731e+00
4.076321920451919212e+00
9.342365783827646375e-01
4.688530734619961865e-02
1.397830490099567780e-03
2.662094769269380667e-03
3.142124836897807936e-04
1.185194917596754218e-05
5.460132278540695203e-05
8.883123587838548548e-05
5.104203708884831288e-05
1.382322744779600145e-04
5.010633426732302286e-04
1.289057130469533968e-03
