4.388762894369787829e-05
2.016507560936603330e-04
1.709487183646066683e-05
2.294443480125066050e-08
2.327333236301772287e-09
1.053040145160139528e-07
6.288678656212874735e-06
4.211318333320307174e-05
9.344008386132240007e-05
1.311950981201472272e-04
7.412859831543302472e-05
1.834153807087800713e-05
8.754511251722647898e-06
1.902370563587429711e-05
6.553517591158411579e-05
1.115332755406601983e-04
1.173799977487827254e-04
1.632648142274775835e-04
4.191919160625983955e-05
1.356512585043078908e-02
1.806376133036599954e-02
8.063471028109259949e-06
7.938579675781611316e-08
2.173629185045754414e-07
5.711815482051691812e-07
1.150277584684221805e-06
1.449922159356105419e-05
8.090536452259857120e-04
1.070486094093671577e-02
1.906330089997091510e-03
2.885853790581947609e-05
3.828715512562045133e-06
9.627763092671204909e-06
3.746582016800501864e-05
7.522762814074227737e-05
1.384125182481346216e-04
5.313332732915427003e-07
2.220842302551379564e-03
8.211812317956459495e-01
1.406363937943209963e-01
1.582814793756204264e-02
2.013163041633463275e-03
1.692452423462520173e-05
3.729012140593226610e-07
1.170862882851294703e-06
7.478617948328724263e-04
9.612421826782139300e-01
1.022541457394766207e+00
6.775387277997669492e-04
1.976533801971186539e-06
1.556806917920611803e-06
1.118326482004917789e-05
5.340637781803176689e-05
1.598564339316338933e-04
6.402184258912483341e-08
2.653477688024320682e-04
2.637366340882676408e-01
7.383943260766938632e-01
9.034695462581024961e-01
1.000514260397554089e+00
3.752589017975052621e-02
4.935573798193212627e-05
5.229305113977318763e-07
1.223911641016526912e-05
4.266473657537362546e-02
9.337694255229410656e-01
6.144750031390612370e-03
2.979698242969012434e-05
5.314390694270288015e-06
6.753030456018147595e-06
2.697053115645593358e-05
1.510629037539513260e-04
4.904689182094022776e-05
1.141765036581473131e-01
2.569874563990750094e+00
5.296561097380165783e-01
1.989406749132171734e-02
3.981368230081923365e-02
9.130261032316209224e-01
1.755385810800960331e-02
4.555382782851880568e-06
4.930987173732711075e-07
4.484181806885906648e-05
4.287058404562091134e-03
3.184395998580494269e-02
2.895180763704668925e-02
5.240485252003222998e-04
5.150862022175946296e-06
4.613172128917283158e-06
6.533035437160566777e-05
1.035227881892122892e-02
7.741332144807302473e-01
4.023507911446599361e-01
1.389821982360694985e+00
1.587525384348193944e-02
1.519150055440937196e-04
4.216923451967429654e-03
4.901227140074043698e-03
2.140668917073051155e-05
1.036319419470532270e-06
1.658393906079931320e-06
2.683506963867121953e-05
1.162897628504796881e-02
8.765751197914296577e-01
7.421495521699500615e-03
2.617335193043458285e-06
5.976723843570026786e-07
1.745613113419803726e-05
4.419277950466941884e-02
1.165537790798857470e-01
1.872100090031608710e-03
2.610045652998992383e-01
1.189632386207133269e-01
3.794852897556430933e-05
8.929308488106741905e-06
1.050552694810746346e-05
3.192502597127998885e-06
2.453666192906603164e-06
3.273245757002202946e-07
9.451347880543435935e-08
2.102701214858892172e-05
6.181217527792943339e-02
6.687996825294485748e-02
7.126802050100250290e-05
1.848473914152874615e-06
1.201463453252459422e-05
1.685767076160983244e-02
7.096531741756477718e-01
2.899757569231151827e-02
7.981907299540601519e-01
8.588789623039652099e-01
7.208678616370359530e-04
1.644577705063828392e-05
6.614352300886492312e-07
3.097117901769784487e-07
2.413419001575825118e-06
5.217662441079279191e-08
3.198918735032306368e-10
2.826067397434149206e-08
3.831912296816993111e-03
1.877437400791711619e+00
1.786591152506676258e-02
3.863740250894043336e-05
2.036178879907248076e-05
1.008141563799155077e-05
1.671670310127386094e-01
2.228198804195517635e+00
4.998388944736381845e+00
1.142074968978268767e+00
1.123900380810734234e-02
3.805976936155219294e-03
9.894534088886987528e-05
1.667525642817735277e-05
5.362195828602421641e-04
6.113895371258097997e-06
1.093888198282194103e-09
3.707380945746849426e-09
7.173554114683722380e-05
3.892401353733161012e-02
2.178199103069781897e-03
2.059987515118267629e-05
1.709972189742179453e-05
9.388592324213032006e-09
4.642421536304407008e-03
4.476814784542990644e+00
7.143198302862900917e+00
2.894349816719895330e+00
1.377042638493362059e-01
6.875551423042044474e-01
2.319415580706702118e-01
1.724206924861175494e-02
8.842929086888846602e-01
1.301800229785111673e-01
6.602949854347982022e-06
1.060288947721076176e-07
7.186937716658448452e-06
1.783327422317043610e-04
2.109999751543613640e-05
2.447768353688866871e-06
9.925017072222852612e-06
4.631086562335089055e-09
1.864270600093704449e-03
5.267435643656531497e+00
6.623505626905113353e+00
4.984152858219441207e+00
6.435787784825061086e-01
2.070974281008976181e+00
6.855853603769836990e-01
5.546429150792802146e-03
8.054253455752814761e-02
7.507734577844524804e-01
5.666141969159206419e-04
3.977440619673260209e-06
2.921773124740527274e-04
1.077682367090104787e-02
3.793600843568108974e-04
7.779304389164714805e-06
1.244618176105142312e-05
1.345674070289629839e-06
6.143420230319195097e-02
3.179729950584396292e+01
1.492858029107001094e+01
7.759004670935572001e+00
1.846110284543535540e+00
2.048973470935491648e+00
3.894887738084951700e-01
1.326261154548938771e-03
5.293776563443697118e-03
3.106314867721084449e-01
1.337363264282090836e-03
1.271820207256757766e-05
5.014479970117422664e-03
9.477882298372511949e-01
1.483583079806923347e-02
4.080318114028016617e-05
1.875653310054256961e-05
1.996545570029971319e-03
3.967088896687016586e+00
1.010437393484183843e+02
3.336332296603301018e+01
1.886269125520743728e+01
6.331178367225613890e+00
6.021486050373934695e+00
1.464895438711482756e+00
4.331495290315206213e-03
8.088690398264314699e-03
2.529225632239418431e+00
9.226309578192810890e-02
1.477782158615696337e-04
6.903087012031672992e-04
1.156389796443505792e-02
5.137255549393086223e-04
1.126810276119849446e-05
1.526549710729492712e-05
4.553525325896320454e-03
1.967192146379970419e+00
4.999815573827298465e+01
1.781717527004200363e+01
5.841712284776943598e+00
2.931821496730133259e+00
2.811838048462307338e+00
5.838956767321378249e-01
5.409206881291847829e-04
2.238097464695473055e-04
4.602052044486763527e-01
8.836793767197694827e-01
2.213299414592654214e-03
2.365181803695935703e-04
2.244604922514806277e-04
1.980807858097977057e-05
3.167191539971348847e-06
1.230286593206646928e-05
6.576395409943610812e-05
2.629647560602784914e-02
3.128472829297938240e+00
3.577933117681347142e+00
3.971925048084561372e+00
1.511746230472748698e+00
3.475180025138425166e-01
4.598351070527060824e-01
1.036501268457040194e-02
6.520706246074623597e-03
6.438966738777789356e-01
6.606560643273616529e-02
6.128515359871836501e-04
3.105069593292682575e-03
2.385936822120985484e-02
8.181283665568472646e-04
1.749728166451102571e-05
1.946482652358341950e-05
6.858100889365484317e-06
8.114041433547764318e-03
4.776163017086970441e+00
3.936175672374040424e+00
2.393390079478109111e+00
6.733487919467345817e-01
2.232157315820024537e-02
2.863915445544177110e-02
1.154219338475808015e-01
1.042583820985659493e+00
1.524329316845577376e-01
1.181792743282162826e-05
7.063248267617143601e-07
3.528664637609517634e-03
9.270152234022625004e-01
1.396969604847060967e-02
5.527523691786684394e-05
2.728890762855925507e-05
8.559742423420915042e-07
4.167835346678974641e-04
1.124874921433983488e+00
8.637660531118640517e-01
3.526624849218536889e-02
1.157684083852729244e-02
1.337950918029772937e-03
3.421232499449160594e-03
1.428243148594701417e-01
7.247089532108300647e-01
3.350476730961728013e-03
8.028852482826512472e-08
3.489444103117887212e-08
6.221215128503177708e-04
2.930595814662272092e-02
2.025763459905480267e-04
5.670748955880806269e-06
1.859465569580814729e-05
4.127639934890481608e-07
9.450445617270899731e-06
4.304501570105482428e-03
4.707338903179873919e-03
3.411384114792446109e-04
2.984062844498406100e-04
3.140905857178190774e-04
2.120350901607429700e-02
7.559142032574193149e-01
2.278853282518458478e-01
3.495409433803679106e-02
1.282342643833526323e-04
4.664094434238382560e-05
2.355950239289209686e-02
6.218478217401861644e-03
4.048374369433617077e-06
6.836930544378948748e-07
1.650392256771517944e-05
2.150472085724425029e-05
6.202190967710440647e-04
1.628273533670590925e-02
1.175289423835405725e-03
4.317256548822413624e-04
3.664037636524015550e-03
1.158709563180842844e-03
3.801431597984972904e-02
1.015853362801071968e+00
1.634572759932482189e-01
7.089610122281887472e-01
7.337489480132339259e-02
1.574650266309016514e-02
8.708428364636473518e-01
1.673326977210011501e-02
3.151803142393745603e-06
8.556811615180977336e-07
3.107111165250783780e-05
4.240079068635125962e-05
5.447172742167193278e-03
8.934606332417006636e-01
5.290351846668431973e-02
2.031063648666794549e-02
9.058192287842758983e-01
4.582348555220602804e-02
4.015536907681060974e-02
8.423783105120707937e-01
4.987929773760526458e-02
1.733154112452149620e-02
1.278564894659637088e-02
5.432603556256272725e-02
1.076370137244402114e+00
7.818998798608086526e-03
4.833028997080440371e-06
2.789828078885041384e-06
6.914701935038337704e-05
1.398898739888371482e-07
4.140971937231565243e-06
1.242278527571279295e-01
1.869837485632008578e+00
1.812576903575958409e-01
8.817387631984517915e-01
3.823520289800527716e-02
3.087323803736908515e-03
1.486732716765500062e-02
1.417992135114586700e-03
1.370114134059894880e-03
8.430214355368788326e-02
1.860170278199588356e+00
9.581148315010964422e-01
3.030388447438042091e-03
1.537344852263114510e-05
1.314803131365697117e-05
1.258432348025252635e-04
3.387247662954349778e-09
5.928156345345273131e-09
8.835095844821973287e-04
8.760571651163069351e-01
1.930995344130130575e-02
1.776061952849955407e-03
1.789163143520364999e-04
1.464339436307317120e-05
2.216455832923276494e-05
9.125867830464828867e-05
1.789759021799684074e-02
1.871984631312987979e+00
1.184400507857899937e-01
8.012994500954915850e-04
5.789458412497738968e-05
2.372515998993054859e-05
4.002179818027971908e-05
1.513846355319237039e-04
2.358550611980524823e-08
1.678548070440181562e-08
2.002994637732727432e-04
1.080886109283890201e-01
1.498166813092878828e-03
1.799460368128201344e-05
4.805661256547399764e-06
1.711689185857732778e-06
1.859720440097867868e-06
2.958929113786921855e-05
7.346719005272424677e-03
1.106474851480612059e-02
4.940123334518059411e-06
4.321516080271242299e-08
5.465075203561550585e-07
1.489179399321013871e-05
5.604118827694847611e-05
1.311664787360595000e-04
2.521558641145276661e-06
1.714080088298203548e-05
3.100309170173895165e-02
8.954074337901664071e-01
4.804629199349262289e-03
2.595680970611171653e-05
9.188608417399038000e-06
9.424910385219819497e-06
7.735830035355416203e-06
1.929898111256992050e-05
1.275188531854680430e-04
2.270582330361181600e-05
1.007198359357881977e-07
2.625770488787782645e-08
1.396099661939992274e-06
3.895432780274756560e-05
9.266099428618451087e-05
1.393965716219441333e-04
1.776289931476901865e-04
1.004975356896471370e-02
1.962965925964522240e+00
1.045738099311458003e+00
2.453536075687364013e-03
4.272399832115940030e-05
4.006521373531039869e-05
7.867789600021624758e-05
6.532095258251872927e-05
4.695931604339845125e-05
4.398054917253717326e-05
1.691618534533993509e-05
3.890358104806392850e-06
6.997356674048060097e-06
6.801529797377070356e-05
2.403362205835675902e-04
2.279409518085062137e-04
2.295398070547719285e-04
