3.535367759777135473e-05
8.353252070958498698e-02
1.855720375295384139e+00
1.140620794169709074e+00
8.632292643064966020e-01
3.321621407208952270e-02
5.148563612034585263e-02
9.548234301490405862e-01
3.284247086290466213e-03
4.197814971503071561e-07
7.226643669213992332e-08
1.153690550330698738e-05
1.498154323088058608e-04
2.065015712631946334e-05
1.156748112109042947e-05
4.479260529167151521e-05
1.143818726901945786e-04
1.805463259000371704e-04
1.002500124268421167e-02
1.912969772386375888e+00
5.056938285281366241e+00
1.039721292311999390e+00
2.479534530610080778e-02
3.754909644594364390e-04
7.954002693586755685e-03
9.028993325374582435e-01
1.094968552927678418e-01
5.303378628456899453e-04
7.562290020776462956e-05
6.718139448601096082e-03
1.474846417593139031e-02
4.043915514506276184e-05
3.027084334981229141e-06
1.645822317247374046e-05
7.191701638306742474e-05
1.342524428840709304e-04
1.801999539707171624e-03
4.534530587471240215e-03
5.643236807543718092e-02
8.319349217149745179e-01
7.347910513714001057e-03
5.268014562972402604e-06
9.333600892547081791e-06
8.833192092382357100e-04
7.384262015599540874e-02
7.002451000515481638e-01
3.052235983929506569e-01
7.727276876441949716e-01
2.936629781859179111e-02
9.479971529065934983e-06
8.112951057276419561e-07
1.046305569352567112e-05
7.226661881796246428e-05
1.445149676642948496e-04
1.413048120182946332e-06
3.301763883079624085e-08
2.494805472925971094e-06
4.415830990374417647e-02
1.076638995167001900e-01
6.386301984650557802e-05
1.092047938037537879e-06
6.587605598991710005e-06
1.236499216815459094e-03
1.126169747708829494e-01
8.320485269859433375e-01
1.162408435302638487e+00
3.410311259975581499e-03
1.264686405069011652e-06
4.449570651376247778e-07
1.098761579602811024e-05
9.025565878033081938e-05
1.883230634009730084e-04
9.426614479670863678e-09
3.287459456862192593e-11
9.079133312274745772e-09
5.839059736354019169e-03
8.242449706069671089e-01
2.972401142811110977e-03
4.700566575659666300e-05
7.644303965234133585e-04
2.028064233095377283e-02
1.060975612576683588e-02
4.841088522813082745e-02
8.937161424778281571e-01
8.985390290782340264e-03
4.654638567146867160e-06
9.696323995174180183e-07
1.113399259894180670e-05
8.129462388675111036e-05
2.139994712858213583e-04
1.404482171580909285e-08
1.331930622319328040e-09
2.916433102325018559e-06
4.439020799813698376e-02
9.344200386803906688e-02
1.098070760704312511e-03
2.440516583130746106e-04
2.251754170084610193e-02
8.527125818106796595e-01
1.286899453991124931e-02
6.985255561725714013e-04
9.469212117677809626e-03
1.829119983993325116e-03
9.453168024159197747e-06
1.999465419574416772e-06
7.910436401739972973e-06
3.564478422565321350e-05
1.325664929029285195e-04
2.100691282910212279e-06
4.791181325664028989e-05
9.390666935981566155e-02
7.974110026973429965e-01
5.315560631897767174e-02
2.912283358438017347e-02
3.177645510283675333e-03
1.268792049691837374e-03
9.000594397865217811e-02
4.584166714557014188e-02
2.631304260714785372e-04
8.482709473042714923e-05
3.731697978742369262e-05
1.134765352253746905e-05
3.289549001259761918e-05
2.887935016416840546e-05
1.031340827782823016e-05
2.630915927596146392e-05
6.688433225550708891e-05
8.782494012997580507e-03
8.838224398348132338e-01
9.595592345658970901e-02
2.914173597747143560e-02
8.272912779769729941e-01
1.837836680817745566e-02
9.176895894859667016e-05
1.415221864351843412e-02
8.431127725263286576e-01
5.317918903444923684e-02
6.690525793196444408e-03
7.514239755188644506e-04
1.265835707750112083e-03
2.685575800362745638e-02
8.853163527850574930e-04
2.129800061157335982e-06
1.522205450447537569e-06
3.530503720246189554e-06
1.046000993115894236e-04
3.064264699090530827e-02
8.540093361946352046e-02
3.953730287694856571e-02
5.650281818046730409e-02
5.414824351471573790e-04
7.043890923645676929e-06
2.868076868349627990e-04
1.269289885502563817e-02
8.749449447774909627e-02
8.633132499109469338e-01
5.097474063828703189e-02
2.397712302947590732e-02
8.832543634364468099e-01
9.829903418752347979e-03
1.353644803277024292e-06
2.317113054604632011e-07
7.211344546063387247e-08
1.118894275084800788e-06
9.259138828949903602e-03
1.825496031585027046e+00
8.083035044102859779e-01
1.415385403655226582e-01
1.153412871883072828e-03
3.778002677147569602e-06
6.461933158503890499e-07
7.705980475902415564e-07
4.891214336428488919e-05
8.592991395516608524e-03
5.384126301423194493e-04
1.090715744980701553e-04
4.286582721745980928e-02
8.584839390530500658e-02
7.840543154321993338e-05
1.535885368066160106e-06
5.578272770259720767e-07
3.067292072081850282e-05
1.135084990451030174e-01
1.971933865974669686e+00
4.681056478538855314e-01
6.237735927177848749e-01
1.049923987356365419e-02
4.776087741637651695e-06
6.249935767355175278e-08
1.502419675860257754e-08
1.715158159735621757e-07
4.430955676981880756e-06
3.177598568867274671e-07
1.917118511494438015e-07
1.484361793794580862e-03
8.215824888549181360e-01
9.306511051595037221e-03
2.282763135083629955e-05
1.290364643579121372e-04
3.081332366337849113e-02
1.369236122690770152e+01
8.279891719997531041e+00
4.060633783483496573e-01
4.107518781175928946e-01
4.159683641016554030e-03
7.653953003016776961e-06
1.668728538264411266e-06
3.603712928101676036e-07
2.015566298452850025e-07
1.225741043006057650e-06
6.047346480262331550e-07
2.257250086074143719e-06
1.305510698103615544e-02
2.166111773180092737e+00
9.148289088056024698e-03
1.669244438314228227e-05
7.820715847843679597e-03
1.929563570241223269e+00
6.648825236693218699e+01
1.341073381405210796e+01
2.743066886586958741e+00
4.568399138298387285e+00
4.090256973834640458e-02
1.514733897536889957e-03
6.697058015218916062e-03
2.578739337196055289e-04
1.712001350926349688e-05
6.226321599098397349e-04
3.685038606888190599e-03
1.107271093196708460e-02
2.023287619665663062e+00
1.799471060828013558e+00
5.677749088231744340e-04
3.203623224717680943e-06
6.366828388985985507e-03
1.012664988959026680e+00
1.361839866349157369e+01
3.462382340369303702e+00
1.555275323915942254e+00
1.106296739721975841e+00
1.562744459298408967e-02
2.026047100404539808e-02
9.248341664543190399e-01
2.775281349318000843e-02
5.184245778339254679e-03
1.021382201958605629e+00
9.374587355293811930e-01
5.838187826056615015e-02
8.269890186711214008e-01
2.383356238932914373e-01
1.331593719615975534e-04
3.431327231291642201e-06
9.044573254988137992e-06
2.949622706657718720e-04
1.836817662769231474e-01
3.809909019548205489e+00
1.134782395969603064e+00
9.037022142389157520e-02
9.604645736105149470e-04
4.753741965148320010e-04
5.978407942420148682e-03
1.954569969298581688e-03
1.278116190137143157e-02
9.543337785651345717e-01
1.978315894257105453e-02
7.070713393450106217e-04
1.848845814002177956e-01
8.135284077225186650e-01
1.409738733864162805e-03
2.904369056489025061e-05
5.488014251087448013e-08
2.163866739114273522e-07
2.238793086429808395e-03
1.919019406093989799e+00
2.105481159495888210e+00
8.123444678487431458e-01
9.069733790558290668e-03
1.625401958718833751e-05
6.288646683918921545e-07
3.199655166864598121e-07
1.116714984181811529e-05
2.630715867212192732e-04
4.239625964582199229e-05
8.633822788392920373e-04
2.828304391634046233e+00
1.097225043998935723e+00
3.945708309955446320e-04
1.413672061797223907e-05
4.803601829498614432e-07
5.505329899299665621e-07
1.699851983159694064e-04
6.374135813794805372e-03
6.530983374625595056e-03
2.617302469822218799e-02
9.160828652940083278e-03
5.829210845986398454e-05
1.076479327492310857e-07
1.106949397605103474e-09
2.918034946624361150e-09
1.485393348877139261e-07
2.527258326370873537e-05
1.138113611970495570e-01
2.011270370131521990e+00
3.966896731824817463e-04
1.421596484356760194e-07
3.023092494145091656e-07
1.943873778720057812e-05
5.920693985011242254e-06
6.062676184679140426e-06
5.118293200064779897e-06
1.545946809890749762e-05
2.495853302143305735e-04
6.068301887693553116e-03
6.953928854738149201e-02
1.549122985913550235e-03
6.069608202841715468e-07
2.816137988937625487e-08
4.617257776233432188e-07
7.919475812709567001e-04
1.816461232592785580e+00
3.253686727451114008e-02
1.594488600882639654e-07
1.734010016468094065e-09
1.084776567806984188e-07
5.087540213600716177e-05
6.450856161106853251e-06
5.752818400072443597e-07
1.443598816427056412e-06
6.585240297222217125e-04
2.092089985456207016e-02
2.933208173269136187e-02
7.708575313376671012e-01
1.957011365024694083e+00
8.776877339107579112e-02
5.653934030680047261e-03
2.642063496186653447e-03
5.602882249071391291e-02
2.103730433797832866e+00
5.605758973620043710e-03
5.384518575363339239e-07
2.494791799466622009e-07
4.794493578898372252e-06
3.202170241519019145e-05
2.876181246063517767e-05
1.013314505653256051e-05
4.079770752079316934e-05
5.579184768838760938e-02
1.787014686968633415e+00
1.718225028100197060e-01
1.165782131313078396e-01
2.329533923083597635e-01
6.955634186959739340e-01
1.128001212963525735e+00
7.683632721269305632e-01
2.145047608146579687e+00
3.811264051629604577e+00
3.306701707491521008e-02
9.994737461758208558e-04
6.143285777217771977e-03
1.732461992509007516e-03
1.159079475920712433e-05
1.523498157694214324e-03
1.368736744560235599e-02
1.050597692971691217e-03
2.050875261685381878e-03
5.090586801872905992e-02
1.018944300665657998e+00
1.713535365402904409e+00
2.850737496579511948e-02
8.363821698797310397e-03
1.276997718457421327e-01
1.095882612578447546e+00
9.454183910320880235e-01
5.405180645439022075e-02
1.921684925641944279e-03
1.683948248897721919e-02
9.362271617220139230e-01
2.213930091594796395e-02
1.558579429604817752e-06
1.465024818168197962e-02
9.268656561408890049e-01
2.694940621070762363e-03
7.298046315997939982e-05
2.516029229172942589e-04
7.434862696347428052e-03
5.928882591074399050e-02
1.190678732975622607e-02
5.984401889144252279e-02
3.861743330797319018e+00
3.940832665953900360e+00
1.824221614250501680e-02
1.776444610167554600e-05
1.517441509220271747e-06
1.473374794287689716e-04
1.379705993203667047e-02
1.095578490517571486e-03
6.017153897537350409e-07
2.338146094678699924e-02
1.038310608506440635e+00
6.576707844160610550e-03
4.276958990485315269e-03
1.820085176651635959e-03
5.067196253409178807e-05
3.334060239383751663e-04
8.021260384894718376e-02
2.881286180861192925e+00
1.079605414060965440e+00
1.266481235758367199e-02
4.196355475103625714e-05
3.639179310559106376e-07
1.636124933355317050e-07
3.692908511583210451e-06
5.201907049660834526e-05
3.293887904031609157e-05
1.353487347248832224e-06
3.152717414833903359e-02
2.788947212650133345e+00
2.714010960603340794e-01
7.917152193611132205e-01
4.080205862406522527e-02
1.087749699443716728e-04
3.648481853195262130e-03
1.897558416371482259e+00
5.711625440037611939e-02
5.093623586634065608e-06
5.624373171374058113e-08
1.550578157876100408e-07
9.676869061685282209e-07
3.615552435398638790e-06
1.120465648196026734e-05
2.110630129521939591e-05
2.811531596766525797e-05
1.052151751258128692e-06
1.369094877652828187e-03
1.081459097431484162e+00
1.866370770255355804e+00
8.998270598602341186e-02
1.791646452024711427e-04
7.703916745394263468e-06
1.265543529218059833e-03
2.405506849566224278e-02
1.386864490016670742e-05
1.713575423658058668e-09
1.036258966506460647e-09
2.088676647818004122e-07
1.770773906730764008e-05
1.012861370508314233e-04
1.236199109852322605e-04
1.064482424957568948e-04
1.290909389171441190e-04
