5.387168745822029647e-02
2.804354327267806646e+00
5.359593346515779011e+00
5.513101072044925388e+00
5.119025468504075915e-01
4.532874980410369625e-01
5.011589867317873814e-01
6.994335611007539422e-01
5.431624700579872067e-02
8.330783448123044773e-05
1.273532590741506808e-05
2.268802932924513161e-05
5.597016811302997284e-06
2.445361797041223116e-06
8.065559782281219516e-06
5.694686283722418842e-05
2.608472651270855197e-04
7.445816081388686005e-04
2.212962406051513118e-04
4.592332338672260039e-02
8.661122870575062027e-01
3.195957711782845934e+00
8.341003686812471507e-01
1.301052475093912975e+00
1.609693537583499534e+00
2.335363742781245422e-01
1.990169958765444780e-02
3.488616036799009092e-03
9.979577623858308655e-03
5.618175303712778443e-03
1.226706081314283148e-04
2.794437683778426548e-06
7.383063728044791964e-07
2.401036970328179559e-06
1.881622668552731070e-05
1.686965583183176569e-04
2.040109210288899554e-07
4.412504246433263669e-05
1.344947136669940972e-02
9.890851469847030675e-01
8.976469836178843087e-01
3.470364644930554188e-02
1.092396444048399258e-02
7.189539940820671715e-02
7.782275857718554679e-01
3.131108487927725115e+00
6.886315529430123483e+00
1.963436875627894374e+00
6.811682522619025293e-02
5.483113895500381710e-04
2.429979576131402648e-05
7.785817443737732578e-06
4.621666664707335543e-06
2.577473051974229411e-05
1.316538806866488836e-09
1.073568723140151260e-06
4.852440487299454442e-04
1.098893935595731709e-02
1.571644238321558834e-02
1.781183494274192144e-04
6.485819375683596897e-05
2.514192708956716413e-03
1.427961247635657106e-02
5.848512089084132587e-02
8.975159028117414284e-01
3.346147582057259484e+00
6.657394308563375773e-01
3.135376462539231357e-02
3.518227912618911851e-02
4.774297117299979021e-03
1.623348301364956647e-05
6.162078838705183244e-06
3.269994183592003484e-09
9.481619436170467686e-05
1.361162408109261798e-02
8.589861348474015987e-03
2.581564609164375620e-02
3.791355629430110188e-03
5.564943744244613133e-03
2.399489946786194459e-03
3.532322302312701960e-06
3.579630768295545266e-06
3.995291209469375646e-03
7.215038166721953194e-01
1.227655651659477209e+00
2.069846868418755703e-01
7.695101676928854939e-01
4.860965151189878403e-02
1.805625415098447266e-05
2.898163034940288310e-06
6.984923217671826376e-06
1.628487506822212660e-01
1.607357487673060525e+00
4.110062877100421064e-01
1.560763353759961225e+00
2.836689932339084286e-01
8.203397051529929263e-01
3.479406014722957741e-02
2.591779374471341056e-06
7.239192042153365277e-06
7.704978460073758952e-03
2.932164501412137803e-01
4.668333326772064140e+00
1.975576533131054413e+00
5.519294599059448858e-02
2.163765041051982346e-04
1.261727558428393205e-06
3.172971492218742740e-06
3.453883932757997183e-03
8.348006090589653594e-01
1.284539138177029249e+00
8.722027360211933589e-01
9.529315502609604638e-02
1.773604460078289724e-04
4.309372489487131499e-04
2.928329324793503639e-03
7.504509666222972325e-04
1.161067522093354037e-01
7.986831027381786630e-01
8.240241145153320498e-03
7.329494645139084108e-02
3.016651629153570546e+00
5.466456720097962602e-02
3.071577547311322054e-05
9.575155731459056559e-07
1.101470127571009084e-05
7.059270840178086259e-04
5.718876403757670868e-02
9.218731441650109826e-01
9.212719646936693429e-01
1.374761911642121770e-03
2.324288754967264969e-08
7.721986278907625801e-09
1.366345818996148105e-05
7.246218940949452486e-03
8.450007266020446162e-01
9.381460265101898566e-02
4.165374241085801233e-05
3.690712561181028585e-04
3.017072729906330686e+00
2.886875755971161972e+00
6.842608470493196943e-04
4.455136943485852795e-06
2.353673378999396348e-05
1.651546261126531157e-05
1.903568520694411820e-02
3.001134089535721028e+00
2.097616638466502259e+00
2.983335363981021865e-02
1.846202270086472512e-06
1.386046652553641167e-08
2.389072627763787695e-05
3.755660222970479828e-02
9.813666028387008078e-02
1.415513936998130488e-02
1.826784847716453537e-04
4.331340385349623343e-04
9.504183384987479055e-01
5.084447288047885927e+00
3.528901695966026649e-03
1.339180820730737647e-05
3.114216331712039428e-05
1.529486050040195033e-06
8.118146513618614349e-03
1.881214915202328086e+00
1.027363540328386726e+00
2.813997707477398968e+00
8.831647009233019319e-02
1.218496049984547545e-04
2.931201256814754824e-03
8.471010957509791384e-01
1.095618499977682792e+00
8.564989429907241547e-01
2.445816326994681988e-02
4.652091446036924209e-04
1.975106488897382731e-02
1.938671662720021338e+00
7.053086194111045371e-02
2.245512886401793292e-04
7.817120423695781144e-05
3.479768773212052402e-07
2.362854461104659399e-03
1.998374809508823402e+00
1.301058344714989046e+00
1.946365406829548617e+00
1.897666128532574881e+00
7.635507865047899689e-02
2.005393524091076199e-02
1.326603187198112897e-02
5.215020319670962343e-03
1.593778148967356367e-02
7.306056263880990852e-03
2.678619786635494404e-04
2.547968997853454227e-03
2.089139191446226285e+00
7.876403708926785763e-01
5.362366805990763851e-04
3.361473126979619576e-05
1.347331855081369032e-05
3.088355625161022175e-02
7.187746479828304835e+00
9.031579427839298901e+00
1.857887500841075568e+00
5.910431320496477570e-01
1.050307282908154116e+00
3.323965559321871016e-02
1.125039050350982051e-05
2.121656584065314238e-07
5.506423445998966669e-06
3.691068207606703136e-03
3.307933422802431661e-02
2.763312057390296048e-02
2.762991397328180554e+00
1.411366397172548304e+00
2.734998998099964426e-04
6.932485902758235106e-06
5.061101044181233466e-03
2.011039907349008171e+00
1.747082458339720290e+01
1.681357663834932126e+01
9.005014276285562502e+00
2.413536337621955408e+00
2.459356192372560646e+00
1.906761402619512255e-02
4.274107902373537666e-06
1.041892372481539497e-06
1.366790558898919275e-04
8.750896692265790200e-02
7.290964130350910954e-01
1.586658967868165848e-01
5.209872424892562748e+00
1.478513123033104781e+00
9.064435641181177461e-05
1.524352761862745856e-06
3.800218239858989613e-03
1.918195651836018811e+00
2.064443084492208769e+01
8.072970423123440042e+00
4.114667439003426352e+00
2.390137528522504162e+00
1.584142947234345788e+00
3.558753995371079226e-02
5.524849550378297487e-04
2.001691112122169075e-02
9.196701704637620933e-01
8.751060373712411800e-02
7.757228749620270064e-03
4.735783184230503429e-02
6.697808290692741195e+00
5.782205660388241020e-01
4.093520643317646130e-05
1.145025388925210729e-06
3.838244235329827091e-05
6.033809551257353354e-02
1.591386060139613035e+00
2.176166606558761263e+00
3.917408867388777693e+00
8.478413960998474330e-01
3.847104517466593876e+00
1.824519049131790860e+00
6.650782275537369878e-03
4.069963090491566376e-02
9.341939340192999541e-01
7.368549711910905506e-03
1.032480374351204232e-03
1.058433680115336145e-01
3.981097354701831570e+00
6.102315188037864546e-01
2.502730243131181306e-03
1.037992124630407996e-04
4.583306896281806426e-06
2.714309311692143095e-02
1.000085272000528436e+00
1.874951204781957648e+00
2.740991028279214259e+00
9.346418934920790178e-02
7.661135197344343117e-01
1.669188439789647815e-01
2.715572544198303357e-06
5.071427997562752885e-07
5.662927949666612167e-04
3.930986436990179314e-03
1.227356960481574590e-02
7.004531554196259391e-01
1.406288217382170913e+00
1.016811270759466757e-01
5.852063762599964310e-03
8.887812544192496113e-04
8.913535796336405188e-06
2.159907192922786920e-02
9.325395521945889499e-01
1.023683298311927725e+00
3.450714785090352454e-01
4.545074589765035929e-03
5.287134472412570625e-03
6.621269387091213623e-04
5.317959438751959171e-08
1.606863544755770648e-08
5.160288041130571459e-04
9.962479253636187526e-02
1.138015142628156541e-02
1.493599586629301423e-01
1.603035586471368568e+00
1.228216512562458826e-02
8.100811303317927332e-05
6.311985250956709344e-05
2.167024271031223052e-05
2.976101686229164298e-04
2.186045973301796973e-03
7.141339209294607360e-02
1.664882147419109337e+00
2.544156247945597582e-02
8.400647182929661888e-04
5.427930634659142162e-03
1.619185125506002274e-03
2.210010204788164173e-04
6.213972932502991042e-02
6.822885775309411871e-01
6.956405587706744088e-03
1.411470294311684692e-01
1.140262826905130034e+00
2.836295966043130760e-04
9.486791927962507042e-07
1.100002222592932323e-05
4.286619548543293474e-05
2.298912751866490892e-06
2.572403444448831144e-07
3.019128890237982214e-05
9.805640266420415085e-02
1.443666971761235589e-02
6.471868416354742924e-05
8.140151546865800891e-03
9.182170061051713184e-01
1.952494523155638706e-02
1.789596775589418973e-02
1.873928394617007942e-01
1.969820096731383086e-01
4.608854053987863075e+00
4.269188936525045858e-02
2.415905860378177344e-07
2.267523893142050315e-08
1.265498034466675619e-05
6.636813234938821577e-05
1.004500795923613937e-06
9.201679154599564008e-09
1.165590535847934778e-07
2.181472431166933592e-03
1.505137197902425839e-02
5.491344007340625828e-05
4.740547029030294673e-04
1.165562288703413454e-02
1.125054341288089863e-04
4.245482977281908577e-04
7.363128374023210077e-01
8.061514577621730737e+00
1.104232122697039076e+00
4.226534587763487862e-05
7.541508720680282261e-10
5.869170981218502112e-09
3.100067509122870216e-05
2.727400670909984885e-05
2.315713178984075450e-05
2.183207467119260753e-06
4.454094623093531844e-06
1.778605747268691487e-02
8.630324402113523918e-01
4.963929712650504839e-02
7.860662417499039711e-02
2.603458603026091722e-02
4.328768699554411207e-05
3.582329105924132078e-04
2.252574394762631549e+00
4.730034219163732345e+00
1.323826740468065921e-01
4.021349102193215550e-05
5.520007228587236015e-09
3.555328122649718684e-08
7.022240921771518069e-05
1.956368514468666239e-06
1.620888098417097621e-03
7.722064327176206971e-03
6.869369568540378140e-04
6.929899985366590187e-03
3.147438652526850927e-02
6.831377509208114152e-02
7.788510290948473802e-01
8.791781310602314603e-01
5.576626453201465050e-02
1.211062395446470263e-01
3.607093697642563601e+00
5.022705495932512365e-01
6.532482874187069966e-01
5.509216284795864088e-02
6.123888803687622271e-06
7.756565413290910914e-07
1.048013424667673351e-04
3.323480406087451807e-07
2.472857601935809710e-02
9.343755184008748493e-01
1.832663431558339065e-02
5.180433493227461390e-03
1.770874651120364846e-03
4.389018886800966600e-03
3.514867579002120546e-02
5.084860041197239999e-01
3.461814917411308201e+00
1.359890829261092948e+00
8.036249866498816896e-01
3.106205420404719794e-02
2.695233603986094822e-02
1.653252643757766385e-02
3.073402150992668029e-05
4.116699239318909813e-06
1.329356262810081331e-04
1.174896103975538006e-05
1.159273793738161556e-01
2.689564605843156375e+00
5.383436158436216701e-01
4.080315275878843018e-01
4.228191413191572656e-01
7.830984776908106459e-01
9.538353178435953206e-01
1.822748605361931284e+00
1.092223214547116544e-01
3.088356472149146170e-04
3.865657224770341544e-04
4.041869718720229182e-04
5.726674479160237812e-05
1.906254436793087452e-05
4.600803953768121138e-06
1.280775764953508300e-05
2.375571606708886513e-04
2.678782772521965880e-02
8.231383344992422302e-01
3.385774589262815049e+00
3.422183440910870900e+00
5.960425458513058938e-01
5.713195358833630388e-01
2.035430138183176585e-01
2.037854462492746238e-02
1.171799068824019158e-02
5.691979458914047855e-05
7.268023152506881920e-08
8.174818781499816044e-07
3.748560027696027069e-05
1.840243714905199783e-05
8.014374580743194743e-06
1.735045749107681255e-05
1.077683027732582630e-04
6.415225791730405289e-04
