2.331389942764514056e-02
2.899639776615511089e+00
1.046889611121119668e+00
1.114875199544458351e+00
8.462024213834694608e-01
1.724559233055159291e-01
8.493882497677551768e-01
1.084886928826932356e-01
5.094842366645021235e-03
9.571477146410316272e-03
2.595038473355492856e-04
3.196289372535076100e-07
6.929543560564397839e-08
2.826692693115650957e-06
7.282614004642234539e-05
1.808241443847865995e-04
3.289179957825185850e-04
1.100675163573963796e-03
2.794555814523847891e-04
1.205550423162373708e-01
8.826017523626551453e-01
8.988446318131015911e-01
1.329899095810034917e-02
1.626724261344896644e-04
1.061737862903033153e-02
9.007939187795929170e-01
2.001223994585041854e+00
1.885555689201414031e+00
5.879318244471999633e-02
6.236101078832142987e-05
8.225968927494601740e-07
1.024659053104854000e-05
1.822485144669409526e-04
8.228340977176764963e-05
6.766786681666259792e-05
4.075191240037072176e-04
6.665232892170270054e-03
1.894331439140184425e+00
2.210597174128493769e+00
7.455866102935726492e-02
2.310826009903709888e-05
2.458985510378412528e-08
4.537010838143906308e-06
4.429123951429791983e-02
2.136072089642629734e+00
1.063447152011654406e+00
1.946697403937634574e+00
1.033995659273322598e+00
1.069746506155925744e-02
9.085426885252847334e-03
1.060382060919201619e-02
1.469199862475157237e-04
2.426598826510398043e-05
2.276074439806743325e-04
4.804522330649463845e-03
1.021472185314763248e+00
3.661075020467221108e+00
1.049774028458319464e+00
3.385234238922727509e-03
1.409398678217141722e-05
5.665715152923338476e-04
1.128553824162920050e-01
6.050977154213019737e-01
6.052893485675150259e-02
7.321436369364660302e-02
2.729557761412702011e+00
2.179929288355936912e+00
8.175259678766751970e-01
2.513841006327218949e-02
3.302494303054755935e-05
4.667065099786373838e-06
1.051356701067217010e-04
3.338926611286655336e-05
1.476937450759553336e-02
4.502782807380339980e-01
9.466052917995813054e-01
5.924219970757191867e-01
5.338408415359620074e-01
1.550499444611880051e+00
1.555544040733151390e-01
1.528542605908474739e-01
1.470678082666760367e-01
9.535373509632955394e-03
5.837672935012402919e-02
3.100286005129497369e+00
2.107930069174462684e+00
3.815003232578983387e-03
3.272121566925898137e-06
8.439210476794097744e-07
3.060666922376320233e-05
9.310013077616774362e-06
2.334195705128757486e-02
1.353848863325649132e+00
3.252468088504058552e-01
2.968725962113014094e-01
5.906863918839989624e-01
1.412310496966349416e-01
1.205114324552736607e-02
1.546966338531557683e-01
2.281886918829989064e+00
2.396126070104338535e-01
7.429395847631563299e-02
6.006012102184417056e-01
9.167292611934896307e-01
1.461815035560929364e-02
5.114016717185440467e-05
3.323743016608010643e-06
1.661897283373186152e-05
1.089158157152688096e-05
1.322515256016662706e-02
1.533665594110593000e+00
7.285982914855551051e-01
6.874542241277087351e-01
3.806417834454014493e-01
2.303755529040822994e-02
1.252167249824687884e-02
3.964122617853531594e-01
2.436350753023011517e+00
1.138865788165365656e+00
3.181911772550232165e-01
1.813640162490571528e-01
1.369550681716817708e+00
1.853191064298777890e+00
4.814859784184213898e-02
4.676050469459707174e-04
6.004731656217489360e-05
8.213317825788173012e-06
2.684053495504372822e-03
5.237042329156456066e-01
2.806024503630962785e-01
1.257132622309072856e-01
7.865367720706780696e-01
8.195073266502057585e-01
1.362748112982191950e-01
4.714033274063525458e-01
1.640218473034172897e+00
9.694736503050029874e-01
3.542185067214181360e-01
1.882317792470649676e-01
2.351598940173633245e+00
7.164338376408217357e+00
9.365837928663872658e-01
1.575425087132420118e-02
2.492550357631778311e-04
1.058805815171448841e-07
1.961847695132128524e-04
1.366757855565829516e+00
8.448523036927975127e-01
8.070095615216734547e-03
2.646745358728566991e-02
1.250535518109062716e+00
6.476622889775996983e-01
1.745867794941849405e-01
3.049059191289732462e-01
9.370089892107090757e-01
1.805418553435908235e-01
2.668970205447639826e-02
3.420631325859458394e-01
2.231175490928061222e+00
8.640549706892884929e-01
1.329619837292083349e-02
1.050013335042746318e-04
4.135187122463225509e-11
2.854492502081566794e-06
7.068787878535891522e-01
2.908856540849215744e+00
7.102083035459570703e-02
5.319288848303641709e-02
8.065483768241088480e-01
1.306907897334761204e+00
5.546532903932119840e-01
4.005280505289970372e-01
2.523751300454349700e+00
8.991817769484550249e-01
1.401321990922288208e-01
7.088683155414229331e-01
4.632081837705138483e+00
2.197461791493507288e+00
5.926807548908114356e-03
1.961693801745443774e-05
2.144009657439850990e-10
8.684249123007642488e-05
1.362761184864509367e+00
1.209209129682054185e+00
6.947929388598420575e-01
1.204921037349178770e+00
7.597751873924412092e-01
2.717463109930636778e-01
8.697397425249718816e-01
8.875434307363532227e-01
1.168919950735301638e+00
1.425103851154068124e+00
6.455453515000771914e-01
1.793262683424134141e-01
4.136206235237824824e-01
7.500009267137445201e-01
2.585056147812370055e-03
7.515708300424077982e-06
3.453263489356396532e-05
3.917625324416196819e-01
3.064930362238814254e+01
6.871123471268574256e+00
2.474119281494528533e+00
1.464449165484841053e+00
6.045461490747261468e-01
2.360694580094831185e-01
8.016086679608537269e-01
1.529213170739986083e+00
1.474948659430877385e+00
2.005827769880857758e+00
8.669351185821149164e-01
2.952144386467273618e-01
1.588813025023780634e+00
2.201645522291697521e+00
1.493821829346882180e-02
5.412232874232334259e-05
6.024700633790640650e-03
3.195684988786062775e+00
8.318284014359548451e+01
3.142305880671362672e+01
6.654833086364523531e+00
3.821016906636762300e+00
3.069391844286613935e+00
2.247785245858103576e+00
1.596760293401600972e+00
1.812638097822204752e+00
1.324459602854549001e+00
1.983571241526886242e+00
1.216421478789052824e+00
6.594488951713026736e-01
3.085520955190435011e+00
4.956633717899896041e+00
9.893330498199996992e-01
1.155729751209708112e-02
2.342315859954519248e-03
1.929939256972094341e+00
9.565842760198778194e+01
2.451837116123930116e+01
2.830609134108257319e+00
1.429747449501875822e+00
5.976824471129443817e-01
8.596858425187247077e-01
2.409797773515209407e+00
1.503002595701600441e+00
1.531274671631877582e-01
6.816867367620678131e-01
1.087833994492477752e+00
1.000314969088097333e-01
2.304045105429178841e-01
9.794784172887930351e-01
8.860183966814768608e-01
2.247798432532998117e-02
2.174927459084678369e-02
2.204619699343915329e+00
9.971151569754274746e+00
1.071454253623445219e+01
3.268351925615175624e+00
1.033607055821118337e+00
4.205013809541049419e-01
2.736803067598711503e-01
1.175974586348231599e+00
9.607857812579616574e-01
2.148704166922177361e-01
1.208108750746689886e+00
7.259440034589705881e-01
1.697142000268581918e-01
3.472610794063289319e+00
5.254568110325173791e+00
4.598988508120453039e-02
2.257455841661789588e-04
6.683948376547845091e-04
3.334693340688995034e-01
2.015457264805132542e+00
2.499019770477076463e+00
3.881998173259453289e+00
4.510970076554706942e+00
4.472860965921404031e+00
7.552639903766485974e-01
2.197750894762470486e-01
2.080068980787064259e-01
1.807988924459343894e+00
2.867296530960932177e+00
1.055216300531192780e-01
9.004825542978078801e-02
3.262706910020757967e+00
1.736616574363657017e+00
3.079293202948751428e-03
1.936679232236915613e-05
3.383379336194390891e-08
2.012573158187995395e-03
1.105788395336422925e+00
3.586320698753736047e-01
4.691493140762479364e-01
9.598497249586847024e-01
1.169369627067484929e+00
1.590167099624666180e+00
2.237545122374083650e+00
1.707942586453252032e+00
2.431758848728115652e+00
1.231760088159423283e+00
2.378412684769550811e-01
4.044810160988007719e-01
1.293984065129723859e+00
6.813821700502188661e-02
1.302456453825930679e-04
7.246578849708571049e-06
4.295624388100984819e-09
3.943805148229488676e-04
1.991170214813603456e+00
7.696423679465829171e-01
4.341307051889395918e-01
8.512168895611541553e-01
1.306369622122737884e+00
1.119727960541192946e+00
1.807887117958900669e+00
4.094550879852596026e+00
1.605376704215302430e+00
1.138778262747871306e+00
1.323705046152877873e+00
1.951265674577755904e+00
4.288795675579499367e+00
1.008132130537474080e-01
8.210119748066327025e-05
6.819066684671594130e-06
6.090502331573394561e-07
3.177345833142964163e-03
1.011387457356824449e+00
8.702455833021350839e-01
9.013433021859754701e-01
1.851115905971128794e-01
2.323686365526341779e-01
1.015112215324203815e+00
6.579525616021290046e-01
1.266742088593014071e+00
2.071888073018321563e+00
1.375775375602696471e+00
6.704448905092390554e-01
1.299195810856184519e+00
7.644596745399307558e+00
9.002903366415945241e-01
2.132626161383718334e-03
6.978028096159379285e-05
1.452542777225108029e-05
2.492945059007749958e-02
8.767119489713534053e-01
5.656825615605994839e-01
6.549357658700976081e-01
1.085131996187904853e-02
5.520804040524122068e-03
8.519422645533347715e-01
4.088375889611768343e+00
1.228884573846774853e+00
4.360876916990226726e-01
6.365012565370024022e-01
1.895282723912061540e+00
3.042764683260584579e+00
3.699120088392385597e+00
9.962976873847202430e-01
1.413396959578934464e-02
3.848755790701595164e-04
1.023665548527924808e-05
2.178362257996480783e-02
1.987194949114161835e+00
6.277795555794504212e-01
1.215885065620905536e-01
1.223374766260211001e-02
1.113283356097451507e-02
2.213618308201560636e-02
6.409226378136709257e-02
5.444848772537039805e-01
7.420906079287558077e-01
2.604389157970591118e+00
9.555726626456603867e+00
1.422031067579270003e+00
7.264563782464047992e-02
6.387674222813151913e-03
4.998123219978595601e-04
1.543737404225645898e-04
6.216326948436644232e-07
5.121850623849113267e-05
3.553837072404682738e-03
7.276355568534285945e-02
3.430766626382460993e-01
7.615645025231246867e-01
2.084804574128661603e+00
8.727528131964012656e-03
8.011342371054469341e-04
3.219384480315675146e-01
6.427745702090622792e+00
4.126914240454842897e+00
3.606012702854176410e+00
1.516325332726323305e+00
2.402461884431509459e-02
1.064431530113126966e-04
1.376450132592080330e-05
6.950266947724505727e-05
1.026474817743840680e-06
2.221532175047395395e-05
6.306822383324457151e-04
2.522301674032688679e-01
4.160422520055997886e+00
6.879407886642378012e-01
1.492417966757358272e+00
1.551943749366315184e-01
2.392735004234959259e-02
6.626979844957092691e-01
4.544210697543102917e+00
1.795208823161664968e+00
7.419006248550629179e-01
1.773895041994864308e-01
1.187876575656910197e-03
8.030303318826496184e-06
7.560841883994612438e-06
1.538720909589206458e-04
3.567428151978064015e-04
7.339074197616621276e-02
7.697786697650893517e-01
2.132384525404220632e+00
1.616697326287976633e-01
1.439189343726291793e-03
2.119902233353669185e-03
1.708183331396624094e-01
7.873533894929203303e-01
2.984372111658560867e-01
6.191273261009098139e-01
1.966395238594336181e-01
2.015508090594418742e-03
1.111892143239330301e-05
2.757576069093081067e-07
4.425885459894460896e-07
1.686684885513229374e-05
4.969670162613999556e-04
3.685742618023871847e-02
1.839794933708284619e+00
7.346933615900844039e+00
9.568339529680988775e+00
4.415655223536401053e+00
1.504527528719517226e+00
3.765097202478800975e-01
3.729584387072319984e+00
1.095735677616602288e+00
6.265801367839315093e-03
7.187763530791827817e-03
9.297694373426385528e-04
1.062808822281961215e-06
1.581089876274553480e-08
3.222396991460947859e-08
2.149534842100024314e-06
1.511246433360454995e-04
1.621485096789720319e-03
