2.016613585019634280e-01
3.457176201014583228e+00
1.089132040909756505e+01
3.901158994199358521e+00
2.127697785614544923e+00
3.031608235042830835e+00
7.633124056743954000e-01
3.474267357671453116e+00
2.068732896167399249e-01
1.141655031626853146e-02
1.334385497691146973e-03
4.849200632934372898e-05
1.000458038824982287e-04
3.492561487387695562e-04
2.921804605222706112e-04
2.748066814621023487e-04
4.215246842610958621e-04
1.140922717550818186e-03
7.173292166489496635e-01
7.395745553434431852e-01
2.774471787243067311e+00
4.280957758756890108e+00
1.127614372482886651e+00
1.534829477546148513e-01
2.156368651148226623e-01
7.616152885743540324e+00
4.647597603477138684e+00
2.361534226639474543e+00
1.705769613671739016e-01
7.516924507867671010e-03
3.251299681158597004e-03
4.282629347737039178e-04
9.326667744781989844e-05
7.374465077616587010e-05
1.281548848587441719e-04
5.321239682638367451e-04
1.659734417693443931e-01
1.517267053610040772e+00
1.092470802511826378e+00
7.832791560432545985e-01
6.333047648240099914e-01
3.347431952502178953e-01
6.035957540989528303e-01
2.203722126379125790e+00
2.555394462118849574e+00
6.409465190296002035e+00
3.210504260361377593e+00
7.741366428633539298e-01
1.350339378431877554e-02
3.033028845835868581e-04
2.504698874877700856e-04
1.311704020828399569e-04
9.302369290957458704e-05
4.437493844800124532e-04
4.298867282167291972e-04
1.029467803161191908e+00
5.301377965782752888e+00
1.131461852046920624e+00
1.256728919919416487e+00
2.749522456985461272e+00
9.995251765217055828e-01
3.050324212234074017e-01
2.055639514206101526e-01
6.046804831861094520e-01
2.718635220048116530e+00
3.189523609567474161e+00
4.071849144977809920e-02
6.115115838755656036e-03
9.080491734782546870e-03
2.861162397168041287e-04
4.305696931961262906e-05
3.388482563510210235e-04
2.478026390504543694e-05
8.173032507695716931e-02
4.542261596769342269e+00
3.691159617605905829e+00
3.316163625935470538e+00
3.620202558378110336e+00
1.744883928275164475e+00
1.061475209225471561e+00
1.803511039817946304e-01
1.246094753202971056e-01
7.365485880523557904e-01
5.289303029302881320e+00
3.462171216002217111e+00
1.724205544097958898e+00
2.645834634560208926e-02
1.452913157613959921e-05
3.219510757498618016e-06
1.654879161518719457e-04
6.414226472177297564e-03
8.907410555500732130e-01
4.820694211819219532e+00
1.866164272673330293e+00
1.972267628268714157e+00
3.979282528433266464e+00
2.751256873539759784e+00
1.307339172827516771e+00
4.346950530459899320e-01
3.625994755575479567e-01
5.099540414389105436e-01
1.713497070602821859e+00
5.358260194013782396e+00
3.317413696313179727e+00
4.190794744812381331e-03
7.125276170100505487e-07
5.127125001601044796e-07
1.100566153119361868e-04
1.014200913314938909e-03
3.512122803827683049e-02
1.759294778841778761e+00
9.152542090970561262e-01
2.871133776231655221e-01
1.715341937119207572e+00
6.552109759393950350e-01
1.176366265035289904e-01
4.100209917370413737e-01
7.608434768281858718e-01
3.003870962976578629e-01
3.822039352544476243e-01
6.926297519162998295e-01
1.651340988848915226e+00
3.815871267039069176e-02
1.483649141231125743e-05
2.117773608030169887e-06
1.396159427855079985e-04
2.070354600320986276e-06
1.559494423248013325e-04
5.839580478338550762e-01
1.415484149531524238e+00
3.201560778927087791e-01
2.902262356902273410e+00
4.915052957488450502e-01
2.451150056997341078e-02
1.513334510027279367e-01
3.443081375856142934e+00
3.011500591470171351e+00
1.149993259973230986e+00
7.256916301560443205e-01
2.098351925227535997e+00
9.861450705037976272e-01
1.282504317602967863e-03
1.081218912435836814e-05
8.656803057854145055e-05
4.075548433107756844e-05
7.689655403364804333e-03
1.499137893306224933e+00
3.575640063978554051e-01
1.581965733126337315e-01
1.386438050528363997e+00
1.154331440100793582e+00
3.612055842733622457e-01
6.506908042538811499e-01
1.945259054519642650e+00
5.252012517641400230e-02
1.779025051529826030e-03
2.876822968327353430e-03
7.363582871795727736e-02
1.988022765323146368e+00
1.316531560689503284e-02
6.797425211274266303e-06
1.051227078796985880e-05
4.561179323780536403e-05
3.179830034156541554e-03
1.288488754584104778e-01
1.405166513040497778e-01
3.519056352770891238e-01
1.078040819491351110e+00
7.850282442531880678e-01
1.344086980990923497e+00
4.549660717264403686e+00
5.488356677753983281e-02
2.795319830494054715e-06
2.814436847816472255e-07
1.761111304413839600e-05
5.147562901271777319e-03
2.904233414543210046e+00
2.652629987002445497e-02
7.472100788124161371e-07
3.940649657930530006e-07
9.573738700918135130e-07
2.113287196038756669e-04
1.384076853035048071e-01
7.208558226221983833e-01
6.509304467805978600e-01
8.069241081839255703e-01
1.185658096176573501e-01
1.619462839548401964e-02
6.324120045990047623e-02
8.806190596608881203e-04
5.427449930866752485e-07
1.535692525209668034e-05
2.341241164773258821e-03
2.647364390637901854e-02
2.017825195717404263e+00
1.055119271858034544e-02
1.232984342752903494e-07
3.390808401517298251e-08
7.801118610880784779e-06
1.701942382499060588e-02
5.767011526338349903e+00
4.045300163256110082e+00
1.681409560939891579e+00
2.200730857585531997e+00
7.497380798468196161e-01
8.210058416561996641e-02
4.845447127591325648e-02
7.837338946059237144e-03
2.243930282431658672e-03
1.615405793996421702e-01
6.519817205771599733e-01
2.937464530669757212e-01
1.832839983300974751e+00
4.830300409554771218e-02
6.597019266269480051e-06
2.698343285861637449e-07
2.634044569330564779e-03
2.059621224943841256e+00
3.600860723747539538e+01
7.532702886530363351e+00
4.685213264226683272e+00
3.172456411226339146e+00
1.989027274311943039e+00
4.055543490033781673e+00
1.787704912515479139e+00
8.707026802444590707e-01
1.275285850027739309e+00
1.432362302178655122e+00
6.511580383082880008e-01
6.160412948827979074e-01
1.067454606978829990e+00
1.007366254126558891e+00
1.461505495183531081e-02
4.814744218816996240e-05
1.512949134309356583e-02
8.867677532236734050e-01
2.509596973557943755e+01
4.270298963549894466e+00
4.703300268795133632e-01
6.358582106886865315e-01
4.069453470024391728e-01
1.470067630390542446e+00
1.709393672286889210e+00
9.219338697748761247e-01
7.434348214352375361e-01
5.090573251076488948e-01
7.049608227904206048e-01
8.763384103250924095e-01
4.442032985564895453e-01
7.015119337221237261e-01
2.820992378115550619e-02
4.925804219682084796e-05
5.609777004941299657e-05
9.039833089908057284e-04
1.045166029384674733e+00
1.401572304326151430e+00
9.753443297566223580e-02
7.801643577471566449e-01
1.070337674158965857e+00
1.166245296236730900e+00
1.478888047064219835e+00
9.004424820607273006e-01
4.176976433591718663e-01
4.589030541074192171e-01
1.650844856187747012e-01
1.268031222316410855e-01
6.341315682945657395e-01
2.380512091164682653e-01
3.137239328646191749e-04
7.199760936909106743e-07
3.740340809193790250e-06
3.968084604671122070e-04
1.258847332331376911e+00
3.178588486446551009e+00
3.622325473731004553e-01
7.511995695942675910e-01
2.128979586279314162e+00
1.885391858024259681e+00
4.896621583683234968e-01
1.004420948812962289e+00
7.819524175875387506e-01
2.800047045874804463e-01
1.567160877127461716e-02
2.106082703765783590e-02
1.044000079085764199e+00
9.395379774984028431e-01
1.490830689720154534e-03
2.452078037240910197e-06
1.720979107047966388e-04
6.252172318615728530e-02
2.444353305268110788e+00
9.986665556839795510e-01
1.488435471244463848e+00
1.400101709234949920e+00
2.116419524616291348e+00
1.479437581183885797e+00
1.912964289615778912e-01
1.479320089030880858e+00
1.561948963462036932e+00
5.136355687831197780e-01
1.259477257442904730e-01
7.780349753822177750e-01
3.265380396924307149e+00
8.400051553983526320e-01
3.971220727661436967e-02
2.279860890114265479e-04
3.672831789754185325e-03
9.279437406563180168e-01
1.569565411577013903e+00
2.971352600314166037e-01
2.301644313543038223e+00
2.385168886895371099e+00
1.259983681147216705e+00
1.047091731869867592e+00
4.203253074907358222e-01
2.841166010798425567e+00
2.061717327537033295e+00
9.140362062111673236e-01
4.338986616429522658e-01
5.664883512724080639e+00
1.088570183921784951e+00
4.755439665040469069e-03
1.268898818523410150e-03
4.365505002919040545e-04
8.132923708152182962e-03
1.019391932290538927e+00
5.748278888826153787e-01
1.533900312947996947e-01
1.307282498119551883e+00
1.279024175421450638e+00
9.675004063341945404e-01
2.678765656680829110e+00
1.047093886054995426e+00
1.421980422299386149e+00
1.911860305991539777e+00
1.083648873409774449e+00
3.728783806199371664e-01
9.354247561591477744e-01
9.283268691529377933e-03
5.858341012752922080e-06
6.188695009121692095e-06
1.253767792364062633e-04
1.360312636609923437e-02
9.892474881252009133e-01
3.412927700095325645e-01
1.687364685040142753e-01
1.425653860928853822e+00
1.615595831453302766e+00
1.487286918718887962e+00
2.720447830159661073e+00
4.355438220246362624e-01
2.742941543505227897e-01
1.186164497064622791e+00
9.214671363413166061e-01
1.546719945259854567e+00
1.109424810918975046e+00
5.644860141098502265e-04
5.675113421975219706e-07
2.379035451873602216e-06
1.685472239065620036e-04
1.910019914640851985e-03
9.315022101423827694e-01
4.779296477522057884e+00
2.672614385976806339e+00
1.710618453398242922e+00
3.561266705879891359e-01
3.299254610580648617e-01
6.005046382703228547e-01
1.934710052351288068e-01
2.600269645630650106e-01
2.242107206073014058e+00
1.593032222133023978e+00
3.165624284091084206e+00
9.632461626695990597e-01
5.184660590443797160e-04
3.805303610622332875e-06
2.005553966412402720e-05
4.975502628625308194e-04
1.361147708489420794e-05
5.858734456876926733e-02
4.199857561385677229e+00
2.308877541789351451e+00
1.174589204347535887e+00
8.641652111190785412e-02
4.609574272008717943e-02
1.347470682367556127e-01
4.890041045794260577e-02
1.739263095484001320e-01
3.576899888077053724e+00
3.408980606363973820e+00
8.607354651646805799e-01
2.235449701260909527e-02
1.017432335611740952e-04
1.902549133334352607e-05
1.127693865923708991e-04
8.489286659330516367e-04
2.063938260714363670e-05
6.672080668374436030e-02
1.584976445121484723e+00
1.493447773600985740e-01
2.940636956582562411e-01
8.720790836772217280e-02
5.386506830537940438e-02
5.753805994045398942e-01
3.514795675585788981e-01
6.973686561413489082e-01
1.365225300366900374e+00
6.986776536114234215e-01
8.390683568161119710e-02
3.292572865457610862e-04
7.872563602686812129e-06
2.050999944353328763e-05
1.781284038744838775e-04
8.122092972227665155e-04
7.460477148353180515e-03
9.272504444030884585e-01
4.315765743652770325e+00
7.424171557211176609e-01
3.131899750458482234e+00
1.523699327420762639e+00
4.274681759539530335e-01
2.862596627498823487e+00
4.110029972428927536e+00
2.817853014839801773e+00
7.661698453868778791e-02
5.488737038117410746e-03
2.335681998084785868e-03
5.045296333050999787e-05
6.972972039543843315e-06
3.881943814556888713e-05
2.432102041355256464e-04
7.894785199414663251e-04
9.859979518748730465e-01
7.045115170186352138e+00
1.286177508596301422e+01
3.130285886185604660e+00
1.890627944499851942e+00
1.229957826751690408e+00
1.820347838389345885e+00
1.008184152476517159e+00
4.535456196966300424e-02
8.076536203771859240e-03
3.002851544912306424e-04
4.189277074544557985e-05
1.255779329339164337e-04
9.486315472257985748e-05
8.800130442331193024e-05
2.851228075850674622e-04
6.803463190624318242e-04
1.385088791713747760e-03
