2.705462445450801574e-05
1.140482510381124199e-04
3.525426079087724747e-05
1.887882034907668147e-05
2.051601275612850153e-05
1.656970525402631450e-05
1.759759369683059022e-05
4.733358491365124136e-05
1.186179743242948891e-04
1.391961240765267902e-04
1.833617662033016466e-04
2.763545185660550366e-04
2.768784743845933895e-04
1.866270452985973119e-04
1.167748107239244124e-04
9.726788617456112978e-05
1.352477509855420240e-04
2.917661352256186238e-04
1.867816606548218126e-03
2.817350258941793070e-02
6.563471237998586526e-04
5.589275880993415746e-05
1.525130866974031610e-05
4.466797105987716791e-06
4.187670256445318512e-06
4.435606540030976106e-05
1.633214892285502666e-04
3.248376583380564671e-05
1.918669505256455411e-05
5.090015619444417588e-05
8.167869901302752774e-05
6.738285117653547711e-05
4.998544396410611613e-05
5.018665372950583482e-05
8.441610057486801343e-05
2.154133117745727038e-04
5.109773707254693098e-02
8.532930938510416841e-01
2.433646456900076874e-02
4.338211314389498613e-03
1.179853418831342676e-03
5.292953626760909212e-04
2.870567806314749861e-04
4.221929872377318087e-03
2.932641061216651260e-03
4.038545616012375834e-06
2.771116499614313881e-07
1.849282337234697167e-06
1.102751121886734619e-05
2.756056174589235647e-05
3.294731453990115238e-05
3.755784509014621110e-05
8.530316896335694333e-05
2.817154505865634853e-04
1.516979129482858533e-02
9.011760686226972794e-01
1.426460999837202648e+00
5.867289015838248467e-01
2.726447627642412663e-01
8.270181000824505801e-01
1.648257417034946215e-01
8.926201792107307798e-01
2.740303356472975627e-02
1.832225307280776399e-07
3.917833240667364214e-09
1.057187044835963685e-07
4.557184787811140927e-06
8.045318485748462266e-05
4.983408306412746646e-05
1.124026224091622878e-05
2.967975637259612879e-05
2.543573287049356976e-04
2.170489087830628676e-04
4.072489026483320368e-02
1.804379156611552570e+00
8.345360507073489309e-01
5.206504583157940402e-01
2.376682804507820101e+00
3.179694180251343982e-01
1.845559025856557289e+00
3.786940650376297013e-02
5.064435258743606151e-07
1.298722533216060001e-07
4.107252709529322663e-06
2.206861498768819497e-04
1.208670476365757661e-02
2.139755682527371122e-04
3.729224481381856098e-07
7.318329212316020125e-07
5.457379771970131098e-05
1.753025501843242429e-07
3.334801828270070622e-06
4.788645819829739914e-03
3.686490692587108819e-01
4.599137928505875883e-01
4.075067805048634972e-01
1.544180051567224377e-01
7.886794120312623502e-01
1.523497022121369227e-01
1.146779946122403193e-03
7.810801845604027800e-03
1.179786768911859039e-02
2.891875012640146222e-02
1.948017100021858461e+00
2.466676973153124168e-03
3.394474117321569401e-08
1.821120328141288474e-08
7.043599613811114482e-06
3.093049105986682778e-09
1.772345134141116869e-08
1.189731539755829520e-03
2.815755437230937908e+00
1.981488768874987982e-01
4.429277319212648195e-02
3.129562640042341526e-01
6.075603605130992513e-01
4.666685232884412171e-01
3.008515804542343242e-01
1.662780341916218596e+00
8.390399132005769978e-02
6.162540683414989735e-03
9.127258146422118079e-01
1.146318663101425633e-01
5.108310243354755889e-06
1.697178274731038661e-07
8.013995296109185655e-06
4.271929332068483583e-07
2.703760971232746271e-05
1.820321083855855060e-01
7.802126072170640914e-01
1.139874621650016975e-03
1.272429226210173691e-03
3.323322889526442725e-01
1.038101149393975575e+00
9.682095922631873686e-01
1.180262346089363312e+00
1.103713007201302387e+00
8.072048524759417587e-02
1.927465166387510491e-03
3.362284716733290879e-02
8.719319705840036239e-01
1.094697463967530225e-02
6.912008055430298998e-05
6.778547953543375716e-05
3.058088194158696944e-05
1.154615636290510193e-02
2.697851127931074622e+00
4.111723694653146022e-01
6.126089823589554555e-03
2.581490281407247678e-02
8.205206481422376852e-01
5.629098422493591380e-01
3.647184740199355124e-01
4.114451021935914277e-01
2.526661991629611803e-01
5.280878987198118768e-01
2.034483342683810203e-01
2.939926472788445197e-02
2.422002671513132435e-02
4.032693338074806386e-03
2.197238746394757916e-04
1.651345966758132179e-04
4.662366861233875744e-07
1.036288784498688541e-04
1.534384615973951593e-01
1.767161585970645321e+00
8.277029403461672041e-01
7.980823131607666099e-01
4.466015901997947291e-01
1.179678626325306734e-01
1.776574909668104940e-01
1.198951200707815828e-01
7.430279776300670325e-02
4.036622217394518208e-01
6.729690635692532341e-01
8.873779869491804986e-03
4.582416140562350649e-05
3.980519147227587953e-06
4.183112589599809920e-06
3.682831177134666164e-05
1.401109099424499818e-07
4.780220937830692942e-05
8.380906486226177843e-02
9.186578506905870301e-01
3.554378660342889518e-01
3.492914903645888969e-01
2.823191636047031050e-01
2.668343921711051614e-01
1.249512589614483860e+00
4.335490649812466790e-01
4.322536340341176508e-01
1.054449404087564490e+00
1.401004712546211062e-01
1.273854214798979863e-03
1.566995738238447555e-05
6.361997817864949654e-07
1.638499257105572458e-07
2.227681935250453751e-06
4.865559290685778684e-05
8.110986966719054003e-02
7.620626710625359124e+00
3.456867463932419948e+00
1.299443403863725699e+00
1.981623973952370221e+00
1.207410680037405815e+00
3.911263444451029136e-01
1.024131665603565944e+00
2.325167167291261328e-01
8.030353549134799929e-02
9.376511762558098484e-01
9.161522328292751594e-01
5.061184790082780965e-02
1.957445622298781968e-02
2.534840297067668326e-04
2.444280825182210070e-07
2.301252310329431447e-07
2.442293109802152074e-04
8.943955977682935821e-01
3.135965757611263527e+01
1.164035519933702822e+01
1.049715417333678324e+01
6.265470073305209553e+00
2.675738179379773651e+00
6.266760791730388025e-01
1.120179347143322124e+00
6.366091350552098849e-01
6.208427904241851925e-02
1.347180836890900624e+00
4.747711947892976347e+00
1.475776205658181905e-01
7.578575062967567444e-01
8.485371349941672747e-02
7.931051537229961008e-06
4.266041378645211537e-07
6.152066394879921330e-06
9.557846135664285758e-02
8.731925097325699880e+00
4.205545247750954729e+00
2.712651524780470780e+00
4.635425522829189626e-01
4.769865789894275343e-01
1.554317616012649284e-01
4.441802515131220569e-02
4.903814333455525087e-02
4.210173274342138977e-02
1.502454561625965468e+00
1.236116544451098198e+00
7.643702731113048189e-03
1.479542464477241748e-01
9.508537335369523502e-01
7.352875643355942558e-04
9.460041423839455469e-06
2.076265888832618679e-07
1.521470524532199907e-02
3.980353749739579339e+00
2.146185097927296948e+00
1.926904053825396756e+00
8.533750684740064596e-01
2.510733527598886461e+00
8.730868627422628814e-01
6.101276468923720608e-02
1.749224276984092177e-02
2.555678053396429408e-02
4.830035454232547432e-01
7.132517697417689595e-01
7.137402619886308586e-02
8.673541627058480863e-01
2.017083349124608294e+00
4.340518433720949587e-03
6.179193615749815210e-05
7.004417660443186840e-09
2.009964502252206339e-03
2.870607725797732712e+00
2.232002341137160339e+00
2.546071625616237011e+00
1.726145910107591774e+00
7.623658790536645968e-01
5.309297981175586933e-01
5.334526612900959419e-01
2.451946870142972246e-01
6.608404071803258839e-01
8.802321216250886815e-01
4.914883609972875433e-02
8.161244302396722036e-03
2.330909021000989942e-02
8.393941121647119710e-03
1.475574585669523246e-04
3.159551696355098556e-05
4.450693242776834172e-09
2.857148255555789530e-03
2.198216398646061887e+00
6.284958449725716045e-01
4.800982249618950259e-01
4.005158356785211149e-01
3.722270447082322298e-02
3.561953955908259140e-02
3.355082692828532248e-02
7.491558522865004489e-03
1.777374104094605056e-01
4.683641990410830624e-02
1.421577456665921501e-05
4.951377219444325943e-07
2.213495494505479644e-06
3.915620011472320076e-06
3.514396116185588800e-06
1.794452005070115819e-05
9.435806353616899182e-06
1.438243964591018886e-01
1.508261522684127609e+00
5.958466212617958835e-01
6.273955364572079141e-01
1.245786766476143503e+00
4.113219345602673327e-01
4.045120805290594590e-01
2.139974353239425531e-01
5.580206487231321316e-02
8.620320814398996223e-01
1.605384757308373628e-02
1.093458126617737029e-06
1.634881839133916689e-07
1.668501291168370578e-06
2.633684390928509681e-06
5.100854945998374107e-06
4.425360944990210278e-05
1.335618591778421627e-01
1.490931584665238896e+00
9.289899686335590934e-01
1.090997744326204888e+00
4.703984212429449530e-01
6.762095527569108588e-01
5.810852226019550537e-01
7.240472550396558349e-01
2.672302533152657755e+00
1.987651113065354025e+00
9.339251612625308896e-01
1.053257310297839137e-02
2.231193586424056255e-04
1.527400177356018482e-03
2.122947435942598455e-03
1.031254148722774550e-04
3.359038238289318028e-05
1.294349183625002442e-04
8.726054927162486541e-01
3.615493196400099141e-01
1.465277285301458399e+00
1.433403634525705073e+00
7.680350205853249124e-01
1.645479579994250097e+00
8.710374930668233207e-01
8.652299991747455232e-01
1.889903677847567076e+00
2.850991926662004849e-01
5.262168595753685327e-03
1.272519076626067638e-03
7.490967552798995233e-02
9.221388607012941385e-01
1.052724922016585671e-02
6.241987847036284539e-05
3.256865910169940375e-05
1.784204415487182049e-04
4.818336555561165968e-03
5.898519529934797938e-03
9.495817195975077007e-01
2.069834383852962034e+00
1.134073644918268897e+00
8.527600020073247133e-01
6.864354704361707027e-01
6.232814764462528689e-01
3.535608824494428370e-01
6.395309419003740725e-01
5.166280772267699967e-02
1.836418454579531734e-02
8.837181912424343366e-01
7.370283151472768746e-02
1.882060255084174407e-05
7.850285529646649894e-07
9.142212377606691382e-06
1.654825209745117392e-04
1.847489339889053816e-05
2.640770495608007955e-05
2.767029993145586619e-02
1.975031676760297339e+00
8.145475182492181165e-01
2.544049406589886098e-01
2.511649978598360367e+00
1.346191709397691061e-01
5.672045174710388642e-04
1.007489166046428991e-02
3.050428159210056070e-02
5.611015004294508772e-03
9.766718298160602732e-03
8.282857841376878620e-05
1.051501914380152192e-07
1.254963139351036196e-07
8.244405912560820996e-06
1.743755181811943475e-04
3.596122178972011338e-06
9.074781730922249609e-07
1.093103921604317953e-04
2.095747185466665871e-02
9.284601962067625183e-03
3.292454168618710788e-03
7.541808322842621926e-02
5.666709733977088118e-04
1.350321181308628769e-07
6.769280550133009048e-07
9.762574226704965854e-06
8.638742629447571710e-06
1.823416162338756423e-05
2.988917884292071737e-06
3.155073511619423997e-07
1.450357864686562932e-06
3.017999367984410003e-05
2.161895848323799657e-04
2.019823569068199671e-05
1.859546475175397729e-06
3.881817892729540945e-06
2.324768765977457819e-05
3.292855119053536071e-06
4.020330221273748141e-07
1.841978905694421253e-06
3.660383102195372531e-07
1.697993276961820429e-08
1.047796214979525685e-07
1.100210689434695602e-06
2.711860501973833359e-06
9.555199582642070433e-06
1.449278947732533203e-05
1.462921341086180922e-05
3.652093429517074577e-05
1.188222881010377318e-04
2.906407861211523819e-04
2.280174010286383933e-04
4.130543292516601086e-05
1.486182881411529757e-05
7.257143357393244351e-06
7.971510027722852506e-07
8.182965696553093261e-08
1.064116829473799063e-07
4.032344956807885354e-07
1.972504393680121626e-06
1.681866680224466639e-05
5.838210862976627206e-05
8.724790937506696144e-05
1.463176982116700959e-04
2.085936412273048694e-04
2.283076008421308450e-04
2.577306583475932520e-04
3.193263000101061524e-04
4.701373850903058636e-04
