9.814774575745528751e-02
2.785592129333121392e+00
4.322892423774892912e+00
3.690819953841014467e+00
1.164114706461260251e+00
8.706869989634089535e-01
1.176160102711388544e-01
1.142766631981117532e-02
9.219214304056131662e-05
1.802791402225977744e-05
1.863106426627822443e-02
1.458395671595312526e-02
1.834483889274687569e-06
7.680848296982521928e-08
3.126863771071364276e-06
1.246969655776914928e-04
5.641486096220505331e-04
1.174794703703181068e-03
9.243840078196050580e-01
2.104419593312843784e+00
1.863270516646378994e+00
1.962076198949373795e+00
1.420510754492210426e+00
6.258975861003538421e-01
1.768413416085017897e-01
2.652325179597712523e+00
5.092709404029003295e+00
2.592789827401055236e-01
6.043042550725840067e-01
1.226365422730659599e-01
2.131615960490041404e-04
5.733812034682532673e-06
9.495665979735136433e-06
5.165129481578008936e-05
1.909204429179930484e-04
5.663321650908721911e-04
1.432226195525207989e-02
4.484121491728726948e-03
4.251043937134894347e-03
1.152800713319006159e-01
1.495862916649528751e+00
2.722674099149000049e-01
7.572794456074953551e-02
3.869948668872499886e-01
2.773175185800946352e+00
5.559846506693754797e+00
2.824038113305588737e+00
5.925421337969861701e-01
9.661929907014256413e-02
4.763120923680225216e-03
1.336514559350572714e-04
3.234301233810429161e-05
7.543762316779875198e-05
3.697763805900913347e-04
1.942776513280994972e-03
6.503675971195415316e-03
2.781118281744674858e-03
2.367855218841256187e-02
2.169885067396615519e-01
1.260115354550374045e-01
2.429935399395292350e+00
9.624483733649349393e-01
4.455684031262465566e-02
7.027605359383036765e-01
6.697088911658084953e+00
8.868513266520677618e+00
1.652219087970037359e+00
7.871327519798793429e-03
3.631647424087509522e-05
6.146499580735722759e-06
2.453373769325754766e-05
2.519911811681234382e-04
7.525766785288731317e-03
9.849696923041688645e-01
9.013935200798139924e-01
1.132777089328709463e+00
6.684894645768553190e-01
5.874295666265950261e-02
2.462270477139802516e+00
2.856203061602238691e+00
1.939799948700033361e-01
1.219663629698264584e+00
1.375075700616382068e+00
4.981427252927105087e+00
4.439392109638079731e+00
1.810483354595388353e-02
1.013257465654652742e-04
1.487750456998961085e-05
3.326526333120353004e-05
2.871533924864832620e-04
6.280850131005399819e-04
1.604543897930049007e-02
1.257392519711107368e-02
1.230439342180134066e-02
2.981903247669289575e-02
5.847317864842119239e-02
6.963475482902962144e-01
5.717023463296055930e-02
1.762255966578493011e-02
1.140243205233787638e+00
4.717594375151235031e-01
3.507161867828638147e-01
6.938228905943635283e+00
3.820442763501016525e+00
6.463342443846348262e-02
8.452577830679214614e-04
1.408162370024344844e-04
4.257995236578132180e-04
1.571854625448818385e-05
7.380705618806195119e-06
1.273247361381204324e-06
4.388323387942048029e-07
1.570869716493370594e-05
1.338230780947020394e-02
2.918662277769618757e-02
1.197031429998775802e-05
4.317393641275905381e-06
3.054576342782480691e-02
1.068519910567498732e+00
1.779300745060394540e-01
6.696158873755839736e-01
6.317846785061316695e+00
8.308716673316356438e-01
2.188728991129095924e-03
3.969444673239985494e-05
1.079847171701965217e-04
5.296900734178955582e-06
2.031364172366405482e-06
4.016939096664002652e-06
2.720208435906695001e-06
7.735454052312605968e-05
8.167902728680218050e-02
1.035174483855023225e-02
8.454442335734610334e-06
6.125990516587541727e-05
5.034790300221102938e-02
9.368121253526080494e-01
7.296685648586213047e-01
4.887323044817605266e-01
1.622714484505145771e+00
1.281047732355544921e+00
1.158074592526478225e-03
9.068389344168392438e-07
2.498226937611456412e-06
7.173702178523847831e-07
1.935899695918399519e-06
8.991097003988781505e-04
1.025018151557163283e-02
2.232289001351303245e-02
1.695739499401883510e+00
9.977388961985638183e-01
1.906747427691993513e-01
8.017780270698420253e-01
2.022714131977474544e-02
2.651718522699148244e-03
2.154259915816592041e-01
5.401749892808179743e-01
3.521203695548568713e-01
2.604310853882240817e+00
4.016515651936450153e-03
1.249691699084408935e-07
9.835015979204451953e-08
2.720802139820062348e-07
3.580421525688761560e-06
1.538751912410904824e-02
7.942965860792062793e-01
2.674150010620573448e-01
1.280339601897743984e+00
1.998775866422217273e+00
1.803896615921291469e+00
1.272571796422385104e-01
1.754450764225533966e-05
2.097141794078106003e-05
7.863408146078788852e-02
4.951136749222931344e-02
1.175853321423678266e-02
2.228763197575987842e+00
1.328292861451141615e-01
3.897760342564867327e-06
2.694552422668223441e-07
8.706874067198992762e-05
6.595689427299667937e-03
1.169504966804901125e+00
4.098904192734061702e+00
6.706114301746803896e-01
6.402880428884392128e-01
1.167655134275428636e-01
2.899446282751494408e-02
3.559797218108321296e-03
2.250133736123432270e-05
1.295386973348719916e-03
7.288047218039446218e-01
7.673228803633810879e-02
3.136736482467469833e-02
2.661269395676096661e+00
1.823337420291532007e+00
1.043101799222948293e-03
1.042078098759013377e-05
2.131916346080851843e-02
3.007458727771791018e+00
1.548670940305077259e+01
6.211214707769377341e+00
1.231241151091424735e+00
1.504366204877368496e+00
6.356650495668013656e-01
4.013170008058302707e-01
6.515191222026046614e-01
1.854107837183546492e-01
1.077084139789150630e+00
2.068683802606829936e+00
1.197647295813460078e+00
1.739906820498134277e+00
2.458542027693489285e+00
2.190038614012755680e+00
1.804001982032360507e-02
7.816173343922689959e-05
1.945902086862028642e-03
2.825254159093945727e+00
2.003849318938648238e+01
9.271421439246031682e+00
5.028978566365654324e+00
3.417229700912085999e+00
4.282716643699627568e+00
1.780598654968420069e+00
8.937861045332726739e-01
1.272349045159940628e+00
1.367542502538785953e+00
4.345107840726977755e-01
1.524306249385011247e+00
4.207552069564478359e+00
7.760754702019103668e+00
5.631588732592722302e+00
8.980075299277124473e-03
2.204092885494360912e-05
8.768680103333116178e-07
1.872957015878237708e-01
3.286236098054794752e+01
7.741550978409867945e+00
3.068500710881338467e+00
4.801447806024546905e-01
7.181034809025221843e-01
2.733263828531546369e-01
6.473937431092161021e-02
1.141059046291390544e-01
7.726386471870422268e-02
6.517784218448438582e-02
7.196744684651198987e-02
1.178082211592998418e-01
5.012580946580282415e+00
2.427860196734007214e+00
5.012565580938122120e-04
4.031002034822655760e-06
1.184614960219238510e-09
5.941391331118518748e-04
5.518097515070358838e+00
7.282711488662459764e+00
2.767250133709770576e+00
5.098413474390918187e-01
7.649682453511543745e-01
8.989527396287604333e-01
1.050935834281497394e+00
1.293849478358271465e+00
7.430393645697569438e-01
4.149129415749776562e-01
4.272425432613560087e-02
4.478925498148365880e-02
2.792480281965649347e+00
7.010511080166921261e-01
4.723080779449083996e-04
2.462234363327412095e-05
7.724122257463414396e-09
1.612600203980019565e-04
1.697849689649332694e+00
5.392589086015917132e+00
1.491143587443365837e+00
3.687879938434098226e-01
9.164267355890587385e-02
1.473749055969608701e-01
1.026726380037706443e+00
6.888675952112919276e-01
1.134195910595870993e+00
1.456812201398167472e+00
2.993315061776066210e-01
5.586168831945789170e-01
3.495466974039800334e+00
1.198014854455118211e-01
2.025955182090166261e-04
4.981634954089114384e-05
3.136990882636640502e-06
3.566768861011758093e-03
1.195561711031671415e+00
1.543705209795000144e+00
7.345137173767972705e-01
4.414044059830981581e-01
8.606414068892495606e-02
7.491590550556298522e-02
3.450505121329162650e-01
1.276839454593805823e-01
2.508041861061320321e-01
1.095576985820074123e+00
1.264211823667898305e+00
3.740960513913821561e+00
5.332104864078545781e+00
1.850184104223777382e-02
1.188827330296165270e-05
8.357569794321929001e-06
4.479234774832623614e-05
1.684027134470606618e-02
7.950802328776085393e-01
8.112307346038835076e-01
7.150738079751108867e-01
9.908807010140837646e-01
1.366323011774013718e+00
5.100210252024034441e-01
1.755633290926333079e-01
1.298530357101978783e-01
4.031271321407658981e-01
1.292724900702449053e+00
1.297304113118047386e+00
3.648414512790413067e+00
2.389214457929207835e+00
2.500450328184574550e-03
2.699778883916234821e-06
5.957169692080365712e-06
8.966854307973113822e-05
5.171043109042839162e-03
3.800136872984026526e-02
1.135289927772745316e-01
1.380844027654045458e+00
1.301689585519624215e+00
3.909639211254783420e-01
3.140849276430465187e-01
2.407071177027742259e-01
5.616801323647556687e-01
9.728375339764084861e-01
1.273681529378745569e+00
3.151587257916498519e+00
9.002692667827114192e+00
8.522982161722905126e-01
6.546938952061615068e-04
4.674657086425215492e-06
1.663780211276392145e-05
2.263429809299714879e-03
4.736213794600765969e-02
3.457387112489944403e-02
3.407952490992465638e-02
4.184125253105072106e-01
3.990897700157624017e-01
1.189562337773117234e-01
4.415839628500582426e-01
8.778965215007202838e-01
2.101765697274819100e+00
1.444402690333832284e+00
1.352352043088083544e+00
8.069797136414521788e+00
3.942121450297406682e+00
2.898122056612454853e-02
7.249283843836350650e-05
4.988211869093449453e-06
1.815962700892281983e-05
1.347991684758951744e-02
8.091405090458959615e-01
1.033761171565713344e+00
7.125673100136912241e-01
2.065454683802653291e-01
4.802760600499081378e-02
2.283171820930282592e-01
1.241710027345060530e+00
2.498706051948163809e-01
2.389307063129913200e-01
8.221380590775079211e-01
2.477312448397827271e+00
3.309852219613983237e+00
3.241610597723044718e-01
3.114084577946515768e-03
3.598533106398782395e-05
1.103723875766018918e-05
6.595559984543727927e-05
8.456692704552423376e-03
2.192369595763516699e-01
4.531247229208321126e-02
1.482430934325234817e-01
5.680851311231732703e-01
3.324874387649941476e-01
6.382284404875557815e-01
6.402324934926869604e-01
6.849982235667895214e-02
1.410183553515587940e-01
4.020472170821445701e+00
8.779837601701805383e+00
2.139900013569736803e+00
4.923537551987459682e-01
1.624593520412918879e-02
4.307788585978886836e-04
8.546866437717874068e-04
2.087509393870135704e-02
2.071975037913285911e-02
6.972460541651102073e-01
1.616741064131509836e-02
1.740652076142409563e-02
3.266753194855218645e-01
6.508937484277286245e-01
2.481065021453426334e-01
5.606061120607868098e-01
8.738892028266245227e-01
2.819440316742099828e+00
8.101255737449003291e+00
8.814092085155503797e-01
1.273349002088491222e+00
2.865852867459011688e-01
1.763185028027772390e-04
1.097645939708949481e-05
2.512191328243864805e-03
9.584606126231502987e-01
5.340103590761952068e-03
1.181838353224409666e+00
1.035282056666575912e+00
2.826587446037054807e+00
9.673731409959149818e-01
6.499407972003605483e-02
1.192181848372407364e-02
2.545075566562302050e-01
4.892440731394567699e+00
4.813843854246390386e+00
8.010112692723271588e-02
4.574651564820022675e-04
1.323241368464581590e-02
2.667777508644993828e-03
7.443466561648343694e-08
1.325991304865280124e-08
2.948804538198233435e-05
2.061166240823962895e-02
5.849651518171091608e-02
4.753621734783965991e+00
3.271021394685547534e+00
8.739053670248729588e+00
2.322606739704591305e+00
1.713786481659065775e+00
3.184046009857413040e+00
2.753134012107190554e+00
1.583248042772070485e-01
3.379750310797052966e-03
2.450295403679365758e-05
7.023909163647700991e-07
5.773490787306883009e-05
7.514553787367437838e-05
8.893003579323469267e-08
3.966851980635059496e-08
4.266133563276649854e-06
1.854089145172509059e-04
