9.269516618230146110e-03
5.005209965016274687e+00
1.400266950874162220e+01
5.034405696612247461e+00
9.853078460101600822e-01
2.055130579759608181e-02
1.974379199219981548e-02
2.401683415832214438e-02
9.309867416495883887e-04
1.261365352551137504e-04
1.584820808705149743e-05
2.269360131168259428e-06
4.588477011991889055e-06
3.484840618967355324e-05
1.624666067466227787e-04
2.781439894517114377e-04
2.879437769135971266e-04
3.933281691941433139e-04
1.023286565761844045e-03
9.768479780473068308e-01
4.892088394212693814e+00
2.072393743262173960e+00
8.420271803491248264e-01
1.083473883326678266e-01
8.906269165320881420e-01
2.902481291094988869e+00
1.058194369922150768e+00
1.002355632591471979e+00
6.652621363263532157e-03
6.699711227441841774e-06
4.457012053921880115e-07
1.462935528007113303e-06
1.908431768744657257e-05
8.303894012737227266e-05
1.403175941500900404e-04
2.863197402757363752e-04
1.320184959020980843e-05
2.037748773482824655e-02
1.447739585232102333e-01
7.479016131979199060e-03
1.542201132200841842e-03
2.907013983734574661e-03
1.057914923299436566e-01
7.267742402354124276e-02
4.191246777649750704e-02
1.838766853272986168e+00
1.053341467524815611e+00
5.748394763710957742e-03
2.002676161734391342e-05
3.356515814484208023e-06
1.552626575635490064e-05
3.033805918595740110e-05
5.429168874964097815e-05
2.475831127928888029e-04
1.107996378704870761e-05
4.479985878592954857e-02
7.571399442077673125e-01
5.992384958848667037e-02
2.821953544270718386e-02
7.336600849581348394e-02
7.725734747344155107e-01
5.906417446404086183e-03
3.181861025091155936e-06
3.764993429338800793e-05
1.223675269609195565e-01
3.872157131558436216e+00
6.622271571197976825e-02
2.604265158818935139e-03
4.450894064139365963e-04
1.423377860917705848e-05
8.209497837894134346e-06
1.262195294150780800e-04
1.118521812972545247e-05
1.317774354267629844e-03
1.975400341159055245e-02
1.551976188285329739e-01
6.804614432823887782e-01
1.496559125071803276e-01
1.027911240157685757e+00
6.585967536079918860e-02
2.625362368866589415e-06
3.367199635014808652e-07
1.354900589316553701e-03
1.873443686985474477e+00
3.092602520598235483e+00
9.157337123330041573e-01
1.499813816497837585e-02
9.851879488829549963e-06
1.009294402247473633e-06
3.166161120892373117e-05
9.816267811374566181e-07
3.062500652304198056e-06
3.286120540083250921e-04
7.198495987757977388e-02
4.375573860591603498e-02
4.163738007809589508e-04
7.918834582580743658e-03
8.501456455128336698e-01
8.040034202462854884e-02
2.470010183583655570e-03
1.743069370525721518e-03
7.110801450042776584e-02
2.135467947107422493e+00
1.848324287539256705e+00
8.823185565088169369e-02
1.136545951890049946e-04
1.133923671070862413e-06
7.668777587897439315e-06
2.072179234905470165e-07
1.553360575906477351e-06
4.460732167312307477e-03
7.918632425495133464e-01
9.513680066057560170e-02
2.018087139823319595e-03
1.405379448437330892e-03
2.256770593195259883e-02
1.016986081134670927e+00
8.725547390630951083e-01
9.259931879842619659e-03
2.921961845420658482e-02
6.560870038628134893e-01
3.245956277830158165e-01
8.452730825586735053e-01
1.751555247906148860e-02
5.633609318895498340e-06
2.032819109979049396e-06
1.345579528181496441e-06
1.126903527542055458e-04
6.284469726992951422e-02
5.470400037885077282e-02
2.747769461576521008e-02
8.393350164767663379e-01
1.182092078562912152e-01
3.173586492416997961e-04
7.909626116766671966e-04
4.560176711281772183e-02
5.102168167183183251e-02
8.221649261455492297e-02
3.693533148366978658e-02
1.451680287948126265e-02
9.190751821688135648e-01
4.877723835559012039e-02
3.473047674109435353e-06
6.616323960973887104e-07
4.507519153612637373e-05
2.016665903096404033e-02
9.504034689758347199e-01
3.706520227569129380e-03
1.018791243286238036e-04
5.655271723268584516e-02
8.982636160958756832e-01
8.775831900880193574e-04
2.083895932876158059e-05
4.991710127025556637e-03
1.906606496807848217e+00
9.470103539039205209e-01
1.822584322888424688e-03
1.444722564168149002e-04
6.045482209760531453e-03
6.713635269027081126e-04
9.485268238745909529e-07
1.120449791139888749e-06
1.032208447025721759e-04
6.407531457767125585e-03
7.848403710852241977e-01
1.576565914453824380e-01
3.010385005087005657e-04
2.707138755130828844e-04
2.335115774270391312e-02
1.606179225414406005e-03
5.140063614395739369e-06
7.940602071279056443e-05
3.713822078885543887e-02
1.129138825311719330e-02
1.559322358168157177e-05
1.928009572452552763e-06
9.486363718507726016e-05
1.546205032581571325e-04
7.376462932967433830e-06
1.220528659276579774e-05
7.643296296660071669e-04
7.796396112032672777e-03
4.753244606946656070e-01
3.561912204393178794e+00
6.333668914725808230e-02
2.948229285126300302e-03
2.490436404608223006e-02
4.231971262792491931e-03
4.829952306754190429e-06
2.201895476557017486e-06
4.505244792850462602e-05
2.014502049063850427e-05
3.176672437902421572e-06
1.338946736034014604e-05
2.816678616144973127e-03
1.685510519998298026e-02
3.797895784987229974e-04
6.311412517156533874e-05
5.768483242098426840e-03
8.903589818011390378e-01
2.152229256963321191e+01
7.635513790627502573e+00
5.746770655760450319e-01
3.835107843077155687e-01
6.568377481902941684e-01
8.547945275086762940e-02
6.754858359529107093e-04
7.005366379379457170e-04
4.872560354875632958e-03
2.621297812377874469e-03
9.212550179065453343e-03
4.223226019463438563e-02
9.890757490690206266e-01
9.345519092440706110e-01
1.443694514001814559e-03
3.746778688114990531e-05
1.944688566507119833e-03
1.161836520081677149e+00
7.330965898224673083e+01
3.427687606135435772e+01
3.941080792313089276e+00
1.987218568599179003e+00
1.831782492557745945e+00
6.941683266076430492e-01
3.141939055916819629e-02
1.083781271576457206e-01
7.408025176100633269e-01
3.136316330942180985e-01
6.640032366156310983e-01
1.820545372281967833e-01
8.105458183361874402e-01
1.179258511982355317e+00
1.402135943006139421e-03
2.541574557174003051e-05
1.188744537796579057e-02
2.811797296276433933e+00
2.904102245840564223e+01
2.028556156165919688e+01
3.296346178187737230e+00
7.713172182869929561e-01
1.424487064122002655e+00
1.317805273884814221e-01
1.985524232938011937e-04
6.677624770264905412e-05
4.137048450614011540e-04
1.963457919932151338e-03
9.182224972110429595e-03
2.754781264795870543e-03
1.712519443631546623e-01
7.862516001337523930e-01
3.085121008513703219e-04
6.000025219340288970e-06
3.335205720853545849e-04
8.439624154011682311e-02
2.742129996169870854e+00
3.189669092849952481e+00
1.153867287150816212e+00
8.265011583100609904e-01
1.398192798325650910e-01
3.551351654295909860e-05
6.229766276002785821e-09
7.195849273031976745e-09
6.210189655577907198e-07
6.742356218592322108e-04
6.617115701970610608e-02
3.089690665502526842e-02
1.823686851473795167e+00
1.884085789224392293e-01
1.600022866965032760e-06
8.032411941020669423e-08
2.615546325922762776e-08
1.993556872379823741e-05
2.520797478992559681e-01
3.698101883825425595e+00
1.068847442626607025e+00
9.280454226706973397e-01
4.197908271932009223e-03
1.636673178078693111e-08
8.123024313069870332e-11
1.403613491986137586e-07
3.295949270491370028e-04
1.318077735447693299e-01
2.583180365028728165e+00
2.819241512266593142e-01
8.197922862913245012e-01
6.034807819266256070e-03
8.592751982445998484e-08
2.935370159429392964e-08
2.836568728083200367e-08
1.508770513987426286e-04
1.865975386082828313e+00
1.346176568771360604e-01
3.243730988967871145e-04
1.752182982275365996e-03
1.768831276008022649e-03
2.099495073282854947e-07
1.041638243303936704e-08
9.027375856272220906e-04
9.049207782228605446e-01
1.036004846788584760e-01
6.991188998639205621e-02
1.053841200122498933e-01
3.647238520847637111e-02
1.318695977581959221e-04
3.469685906367813801e-07
1.509698509496093979e-06
5.473111615457087407e-06
1.947569796597164310e-02
9.795655770366272774e-01
7.033495463810681336e-05
7.787176712165213509e-09
1.621410483306156105e-06
3.419671705200485329e-02
5.884091397270954996e-03
1.196840556951317489e-04
1.139406953571115710e-01
8.513513879508237681e-01
1.607967649898464765e-03
3.865219171725453769e-03
7.426426028995400941e-01
2.943754640729765587e-02
5.747772769507248277e-06
5.942928000557192060e-07
3.260065363032332771e-05
3.004687407967045192e-06
1.833344023076061776e-04
5.867293154627923083e-04
1.141689728929232433e-06
4.749234741238621665e-09
2.938199689081147261e-07
1.552232528481897571e-02
7.360620470729408726e-01
2.357356937829514498e-01
1.732982243620750262e+00
2.700084320769846058e-01
5.727020935836138818e-03
3.003324880007731540e-02
2.140587081989610230e+00
2.272596760704467464e-02
1.509685228865064706e-06
4.921914121175425525e-07
7.023186959889479047e-05
1.544255741772510136e-07
1.283634319799207307e-06
2.717232821997859056e-05
1.310270459829740517e-04
4.394058428127445472e-05
7.454567225004740598e-06
8.283605289724867886e-04
1.986681860381711573e-01
1.017545951599377885e+00
8.281526588752271545e-01
1.898154340737186752e-01
5.225611593360954821e-01
1.284729792152665917e+00
1.766588019209206273e+00
2.518267438393010163e-02
1.008372986029014353e-05
2.782208926384255860e-06
1.265036638303781774e-04
8.658094341701268389e-07
1.003827304052066967e-04
1.945090345209098126e-02
1.073078086939068587e+00
9.171905750816092828e-01
1.582796257841868198e-02
9.401153311577918614e-02
7.499040147648698973e-01
4.987181426060325468e-02
1.105151555450374634e-02
6.893573689974144547e-02
2.211727388952851481e+00
9.140104275216810459e-01
5.705211516218729878e-02
2.290634761269867616e-03
3.460789712881451709e-05
2.197059977917274678e-05
2.696522615087851662e-04
2.215880775445637811e-04
8.904129842666043404e-02
7.864233929970706471e-01
1.074846094600815816e+00
8.677525435098066842e-01
1.667608631395582075e-01
7.973574828067593323e-01
1.539399500221239614e-01
2.695684729642787436e-03
2.299995551644083355e-02
1.888207476624739423e+00
3.893808916895319161e+00
2.855467124061333850e-02
1.187777238891133026e-04
1.363419872749569213e-05
1.153141853684011072e-05
4.705260969005980743e-05
3.496432997942860348e-04
5.123713046379986015e-03
8.711348524302314766e-01
2.173685779969797005e-01
1.608247211318223832e-02
1.780766492700600057e-02
6.155139173869959672e-03
3.841344921176205636e-03
3.040924517941046359e-03
2.878118345079342180e-02
1.935712710938678027e+00
1.088512910830237379e+00
1.665638893749255695e-02
1.497318362252505640e-04
5.071018469708255281e-06
3.474839783347399723e-06
1.373158405356189330e-05
6.672734233292351030e-05
2.767036622255108070e-04
3.412423972908162385e-03
2.099326633556831911e+00
4.817896527468017887e+00
1.035948787653993675e+00
9.233082124605316299e-01
3.678052038470236429e-02
8.022907689943369492e-04
3.741978554952429901e-03
9.431986562059537782e-01
1.004732556434393409e+00
3.584781633060084381e-04
1.101031116010101852e-06
1.329291739071947953e-06
8.880277925634850973e-06
3.785705794398915242e-05
8.007446822865173935e-05
1.157574728251292928e-04
2.296845500489480042e-04
2.731702638402183896e-03
9.624606108133267890e-01
6.048364341751013562e+00
4.007140131640593239e+00
1.002189870335515209e+01
9.736044476152324600e-01
5.615732389506873819e-03
1.984197004237035680e-03
2.149766716538602240e-02
2.215935989969155303e-03
2.334446974421208286e-06
1.438945303050816219e-07
2.707194699551227902e-06
9.453759097781459743e-05
4.312488194816043894e-04
3.955758410557155304e-04
2.645328167666339213e-04
3.375759879281953657e-04
