1.065984506620652674e-04
1.858354360127289356e-02
1.964503615136658388e+00
8.954339755281757671e-03
4.519190634764213328e-07
8.769648508418229237e-09
2.977068983527206931e-08
8.249292527707949549e-07
2.931394419840406616e-04
8.663512648557783816e-03
1.051005080453125103e-03
1.511302591509711612e-04
9.416015162021675446e-06
2.794243790064390911e-07
6.243192615543449350e-07
2.232504926014513750e-05
3.289712469334893407e-04
1.554377484833488476e-03
2.769888020060241852e-05
2.885252680056487294e-03
9.855681751212184150e-01
4.100425678423246650e-02
7.041124901092825313e-06
4.775842356903875203e-07
3.546560940600423619e-05
1.704601570468193203e-02
1.154769820914413270e+00
7.936994015116882739e-01
7.235948964893776370e-02
3.642307099616293176e-02
1.722697277102320287e-03
1.545926484856304558e-05
2.497034646814679338e-06
4.745829959924074290e-06
3.564619073193240847e-05
4.610808439977773167e-04
1.177254533617499039e-04
1.644949368224369116e-02
2.007039254243262683e+00
9.250753745554561869e-01
2.056785161171037837e-02
9.138617585622685682e-03
9.328831382364748126e-02
7.164953465375615282e-01
9.609301012511110018e-01
9.734051932851019995e-01
1.405469778001978920e+00
4.519625822675713001e-01
1.258809188073972685e-01
6.800346531930134830e-02
1.500596129517723027e-03
7.674579863348592680e-06
3.446310173108523442e-06
9.580389276223633403e-05
1.269365160552270860e-03
8.933804557052453799e-01
7.293873876065219974e+00
2.589068004485443275e+00
1.522288396837144564e+00
2.410182576901736429e+00
2.288577531628762429e+00
2.658228695317103596e-01
4.185088369051017526e-02
1.585634869281324077e-01
2.278531219772964800e+00
1.862636380891026677e+00
9.856800406510242141e-01
6.629325761795121785e-01
1.729271491806157537e-02
2.831119002829462084e-05
9.301268782669733323e-07
1.301996270725503505e-05
8.490030480955410019e-03
3.252943803645366838e+00
8.095627007920768392e+00
7.442722534172783178e+00
6.392891544351242850e+00
4.624279379200910256e+00
3.922323290621609893e+00
2.028895723179438892e+00
7.524421842501661795e-01
2.146188612418396813e-01
2.291736427556810007e-01
2.432029217813756805e+00
5.802033700980466335e+00
4.002792285942040063e-01
1.391899078192279926e-01
3.439513085101702540e-03
4.035440038467881639e-06
2.796243612908749704e-06
3.041873761583787153e-02
1.614802411986319575e+00
3.319823973139517381e+00
1.090215009270059987e+01
1.602398591586106491e+01
7.252915371432925085e+00
4.891185784841042050e+00
6.655195194846449169e+00
3.532436590798971654e+00
1.909480135075998897e+00
2.511682800367543988e-01
2.597912231179151377e-01
3.999848200481435967e+00
2.104059667553352941e+00
1.379100266462651492e+00
5.012289970294133562e-02
2.752855227478211766e-05
3.865952136189689572e-06
5.581930063238039075e-04
1.550397222945337494e-01
4.083626401394382377e+00
1.065277091533356568e+01
1.472384117316672558e+01
7.805747713000224408e+00
5.016615816802707073e+00
4.275593150968460598e+00
1.401327997413901905e+00
9.900568617651771319e+00
6.047639450684715534e+00
5.559025429287935971e-01
3.652793228400350145e+00
8.945760867694968255e+00
1.606428235302621577e+00
9.183387466389318632e-02
1.196913857207819887e-03
9.861556166984063241e-05
9.445357703545872296e-07
1.741406333497332428e-03
1.448226218478691152e+00
7.854401099968628230e+00
1.070968671085828738e+01
5.520910584594440174e+00
2.250150615330634096e+00
1.256940687700770720e+00
9.687928206737480563e-01
5.685472995513247696e+00
5.569841559187687530e+00
9.441340223025672662e-01
1.483107958739621868e+00
8.907263341986352501e+00
8.650751001941715757e+00
6.945845722986918602e-01
9.605168567375100760e-03
1.754333289166887385e-04
4.627733724986541507e-06
3.669223301918252654e-03
8.511800885535513173e-01
2.734958306898490843e+00
4.740479730229815836e+00
2.314913188008859812e+00
2.178520052459214984e+00
3.580784436385682667e+00
1.571368456205584740e+00
2.234934893218446295e+00
2.827621039150468807e+00
1.396369516856008630e+00
1.338367760482540136e+00
2.621955578555788868e+00
6.422610225483770030e+00
2.822985646232319956e-01
1.358423281181343062e-03
3.101605648491159245e-05
3.237477200622458477e-05
6.917765486940156798e-03
7.691374583358684403e-01
1.871671971731877493e+00
3.515613203522975461e+00
2.330660500757217868e+00
2.747184807693556330e+00
6.186040283380632054e+00
1.423060151181524624e+00
2.208550592879371610e+00
3.486747451888426497e+00
2.362235144558187727e+00
1.971678372633289156e+00
6.927784039087949708e-01
9.572276389100037974e+00
2.751220883679018847e+00
6.854518556035693599e-02
3.123254455540254611e-03
5.277876937130637669e-07
2.089316322124128557e-04
3.641308776145360526e-01
9.459979076349124272e-01
7.425494647369972334e-01
2.198216452614680794e+00
1.632889995465667932e+00
6.520817326752372800e-01
5.619904424222230688e-01
3.904822359527746922e+00
3.239435802413208165e+00
1.132370354272673740e+00
3.141515424693190894e-01
8.609063422104033803e-02
5.766618047125504631e+00
4.540220248387677238e+00
6.497725483987840667e-01
6.440604931791021892e-02
1.361986425558834894e-07
2.011869871373967236e-03
9.748210356941775956e+00
4.725508440687944400e+00
7.599540532147801564e-01
5.421763085871795784e-01
3.431324262084649579e-01
2.947524347288069113e-01
7.049138555735054990e-01
2.840089560132449620e+00
2.756857236741003359e+00
5.084930021547502399e+00
2.373016255222338611e+00
5.136964031125489383e-01
5.497218371282172278e+00
2.196153659901344923e+00
9.141069468589026192e-02
1.427776820907305415e-03
3.340169330267703846e-07
4.788917625453609217e-02
3.105339997660536255e+01
7.552658332315973055e+00
6.749713746876562226e+00
1.850198900998201390e+00
1.548254484694969957e+00
2.027890742619127273e+00
1.699049368506802216e+00
4.676685480459698674e+00
5.142896626543328686e+00
1.078594535579862423e+01
8.692869632733787100e+00
2.201077482073485303e+00
1.989112017801472376e+01
1.339370083593682281e+01
1.272638090630665540e-02
8.340191032827362166e-06
2.920254342230254248e-07
3.032304696234308997e-02
1.167752226818486072e+01
3.977848560969472480e+00
2.920834813193327495e+00
2.672213474318431148e-01
2.781088978673447176e-01
6.960894099066873286e-01
8.566353914554050153e-01
4.808065830312029831e+00
4.041627948175535501e+00
5.063855519607756150e+00
3.736632708884322085e+00
4.203725199242501209e-01
1.336746638443915991e+01
6.540602941030909889e+00
1.416472692835952943e-04
1.874977777554631676e-07
7.639156163555649556e-07
1.300895702696137218e-02
3.304699634620718030e+00
9.355305784487887300e-01
8.073674537424131437e-01
3.002255279336110139e-01
3.657791425152858156e-01
2.768956229829940163e+00
3.864452194890217296e+00
3.267500817436147287e+00
3.112924139559609671e+00
6.936551422436797232e+00
2.821831856581032749e+00
1.651808332380101940e-01
9.124375307380663713e+00
2.678479552207603476e+00
9.768525674047056902e-05
2.940015852417468367e-06
2.468929114627755316e-06
4.632008271093718613e-03
6.071012828307379428e-01
2.682176642911768272e-01
1.240401288805218494e+00
6.442042055532827050e+00
3.664504100331182457e+00
8.220503464693592832e+00
5.729295477685294458e+00
1.426000649065982673e+00
2.836187463823702348e+00
3.162438468775970790e+00
3.463498551931457059e-01
2.678737236828761525e-01
7.820233848680587130e+00
1.231207921962394813e+00
9.427618519387448437e-03
3.062656545751607940e-03
1.626599478067754494e-05
2.976634932520628562e-03
3.091382941213831059e-01
7.799410287913238760e-01
2.693955981051644244e+00
9.601592678055130392e+00
4.428941178674804746e+00
3.871350125315296875e+00
4.210656163433347032e+00
2.817564766264704090e+00
6.006884134646802487e+00
3.971531962975973773e+00
4.065074417497355208e-01
4.275678163575042490e+00
8.488954435998143921e+00
1.307356031369750538e+00
8.132752392695947741e-01
1.557999566768370099e-02
3.660499220001709776e-03
8.746224642706734720e-02
7.383074367835025242e-01
2.072649135769034867e+00
4.371357544993158761e+00
9.501871207804793329e+00
9.307530182095641536e+00
7.247717803707679707e+00
3.787116992947900940e+00
3.694452006778760289e+00
4.675797389136493898e+00
2.186160104380578062e+00
4.400088958047421728e-01
9.867759039462699278e+00
4.126336665823535199e+00
1.392450953485356857e+00
1.987532437497478710e-01
8.637826162307260723e-06
2.795082446430660270e-02
6.673050758614652578e-01
3.419007489233282904e+00
6.882261206294174372e+00
6.880952693185009572e+00
7.896662290405570772e+00
4.623407621357465302e+00
6.579941998918384272e+00
4.641787844721231515e+00
5.011189426190990837e+00
4.626599257995750669e+00
1.639276687405003541e+00
7.220252492347435380e-01
1.110744579335674587e+01
2.742810385994889355e+00
8.456207643731823709e-02
8.073869653631230965e-05
1.639645862601545667e-09
6.430044636440189823e-03
3.378157604844023165e-01
3.818542034061159551e+00
7.576131898931374842e+00
7.621554439013840998e+00
1.168477349996253167e+01
3.814003074114280079e+00
5.063529787160438111e+00
6.465369062025327906e+00
3.942176913953382211e+00
1.327053107495738571e+00
1.256261600963177738e+00
3.289482481989424834e+00
3.017733032711005681e+00
4.191189380416075055e-02
1.422307089460609535e-04
1.931667072239500529e-07
1.128048924319910625e-09
1.001584674257847279e-02
5.898990485258054361e-01
4.232983267566339691e+00
9.382071222411536127e+00
8.619802029495673423e+00
5.043437391424789418e+00
2.152531686676611766e+00
1.184825457234520041e+00
2.697227308733988194e-01
2.490597533092315241e-01
4.853755895019936650e-01
2.138263498000486873e+00
2.448798019533505954e+00
1.054467842271647991e-02
1.293703745907205160e-05
1.829398610970741524e-06
1.730722454820431173e-06
8.692498682756196796e-07
5.038448851647984832e-03
3.391513443285972818e-01
2.772049777653385227e+00
5.718641723764993579e+00
4.138466207604516889e+00
2.143742799891578343e+00
2.976505921148191458e+00
1.492427422021223915e+00
1.624417133107878553e-01
4.394592213138329151e-01
3.869300095326470235e+00
6.397363211437944841e+00
7.842354268874937029e-01
9.273330567170889448e-04
6.053039963192871647e-06
1.333091972231841482e-04
9.099141668145682704e-03
1.583686997421095317e-03
3.968398902573500898e-03
7.314304430654539058e-01
1.290363189016227707e+00
6.701305419145663078e-02
5.434300642827723932e-02
6.955237746227225237e-01
1.195994682401363196e+00
1.739702894314780757e-01
7.813482891015285925e-02
3.096038330996610521e-01
2.061062382028030271e+00
8.932521504191844874e-01
3.435168780469211730e-02
6.653122643694188692e-04
1.681117771172286712e-04
1.842034005045107767e-02
9.382177431364944198e-01
2.172493822139459976e-02
2.362398018498408788e-04
1.468228746431870513e-01
7.423726054110011408e-01
2.425349167594318539e-02
9.940204368916249339e-03
1.695830720094360644e-01
7.402208004867811830e-01
2.461263074761757541e-01
5.277970207105752154e-01
1.170956011686064446e+00
1.773283996288813169e+00
8.245201443956313991e-02
1.977770239978820241e-04
1.311969977814485510e-05
4.040682083470071217e-05
1.733639715355891854e-03
1.688052741366753706e-02
1.321288812692595618e-03
3.545872732047656705e-07
1.440812807257079807e-05
2.312586196703204661e-03
1.802715750461651445e-01
6.636252936299676941e-01
3.325951920497404735e-01
7.436731766271624799e-01
1.464676807639169742e-01
2.751121006864924723e-02
2.241955562568063304e-02
2.689285539324151597e-02
1.109523953351833955e-03
4.387364442993317330e-06
1.360440496664959480e-06
1.068137508613287360e-05
7.895832388784098429e-05
1.940341308280166255e-04
1.557253824173318276e-04
