1.934377501454397075e-02
2.784292143461219560e+00
2.398323103775662712e+00
2.582013936245792340e+00
3.362679404022018037e+00
1.808773277725190809e+00
2.263973441232982817e-02
1.143574735155665901e-05
4.931396007210192431e-06
1.582317692912353331e-03
4.036541598905779571e-02
1.673334415462768851e-03
8.109658385697369771e-05
1.461670940472742798e-04
2.516492517433059455e-04
2.540411446328810188e-04
4.326150806006697652e-04
1.169888954344045851e-03
1.020954460290485980e-03
2.366179124684646418e+00
5.278627749516550338e+00
5.728625163803811482e+00
1.362570359476062087e+00
2.465379964714465577e-01
5.105229398789001838e-02
1.230991406220357555e-03
6.395170096678725290e-03
1.041904376228132589e+00
1.842150588290372593e+00
3.518258334741404970e-03
1.547729461382253984e-04
1.003071366188260398e-03
4.472766629376819956e-04
8.726601648009960749e-05
1.291860430079411681e-04
5.844431486463950260e-04
3.231480099579681770e-02
3.593501714107664391e+00
6.690529215637240901e-01
1.447788024312471666e+00
4.251874896032444284e-01
1.460253124201330854e-01
5.197154553919811626e-01
2.559853402244468557e-01
8.195187931082731359e-01
2.998529186354582876e+00
3.180364855191785800e+00
5.031929896517103873e-02
7.702275093921480582e-03
1.099992089761473758e-02
2.780322693955344145e-04
1.361851971088492736e-05
1.686212105954021574e-05
1.425311374060903794e-04
7.640756604035242247e-03
1.121587914244843498e+00
1.822677130634984266e+00
2.191413206903173982e+00
4.798189465872551573e-01
3.207224122137066757e-01
6.843407127397391765e-01
7.383578097222466274e-01
1.195032376576445898e+00
9.543702153601528737e-01
5.973660366490263662e+00
4.552846760813414662e+00
6.428933776461336347e-01
7.743498422441544120e-03
3.171684557841339961e-05
2.475933766820589180e-06
9.167541775234030042e-07
5.538427546754755446e-06
1.750499569512871921e-06
3.465866990273352641e-03
1.907537155265543349e+00
2.035806254815211158e+00
4.792758890312356912e-01
1.578679568291272650e+00
3.434813488921327540e+00
3.368677992666706977e+00
2.400644359367857472e+00
1.505981466531951751e+00
1.756228633898349933e+00
3.440450944054271432e+00
7.421693447599499116e+00
1.178268547129079635e-01
1.432236121720999308e-03
1.280322351170552298e-04
1.519967339733384902e-06
4.426150884492282098e-07
6.324930385649066245e-09
7.056363815095433964e-06
7.123527802871362780e-02
8.607500122313556101e-01
8.124542168940612763e-01
1.081820810876686911e+00
9.524956265026949254e-01
2.031570185947846330e+00
3.362163212401054757e+00
3.867136843555174952e+00
1.437020996470906198e+00
9.553044750793893147e-01
4.913817951827386565e+00
3.313055618135280156e+00
6.339402144407190187e-01
1.373199618049641968e-01
6.087636041399386091e-04
3.758679584820172855e-06
1.167532318213332438e-07
1.071061938382238745e-04
6.176179800474981829e-02
6.732357769653668500e-02
4.523811044940033443e-02
8.407447700045081115e-03
1.469632864136157175e-03
2.458536676299657303e-02
5.351531194504797195e-01
1.233260647290217227e+00
3.447448042908047405e+00
2.997429634566095569e+00
1.318213889882775325e+00
3.518031413203866364e+00
1.605163207024038696e+00
7.200620686678417259e-01
4.132306277120809113e-02
1.365484557634135082e-04
2.063875463002553596e-05
3.998765262506053658e-02
7.797519485340634882e-01
3.711124387159916299e-02
2.292115775553111787e-02
3.227628071374874074e-03
4.247063842129274874e-04
1.543919922240184241e-02
4.137995528696092329e-01
6.192877614844116696e-01
2.207422707707334730e+00
3.986216736481243306e+00
2.636550010123873911e+00
5.701178506927771394e+00
8.367062133686979930e-01
3.720312506042373901e-02
1.143158613371907323e-03
3.010226574669058747e-05
8.840019866720464969e-06
1.255760805071354930e-03
4.944476286392348457e-02
2.506543684611957090e-01
7.008931727496666708e-01
1.945390767633894957e-02
1.292656933784076638e-02
9.448329498161385231e-01
7.858660692526521219e-01
2.222394019371131957e-01
6.090785023362421668e-01
2.415785541751962473e+00
3.151571599773486110e+00
1.297768850941473318e+00
1.230177900450025730e+00
2.093304825636443239e-02
4.090421343293107139e-06
1.786275677772643198e-07
7.446506811034564681e-07
1.084483565075213927e-05
1.762206440757638172e-03
6.044468600164638605e-01
1.434753993483555146e+00
2.779463175000605399e-03
8.891779200482953852e-03
9.655865379919676972e-01
3.785067853956896461e-02
1.458438917000475302e-02
2.459091922632199723e-01
2.708364937134887462e+00
2.491450917051259317e+00
2.030352478006945127e-01
1.389577642848111916e+00
3.559209154462523311e-02
1.590023292962592352e-07
2.398878925535587826e-09
1.073824362318943120e-06
4.216612797783032677e-04
1.049276644914976658e-01
1.384369410400000611e+00
4.496907467613626141e-01
3.133687442170456951e-03
3.177193801188747668e-02
1.075031533727156319e+00
5.121242463541950812e-02
9.693407875046869404e-02
4.417074542851600616e-01
7.727053960696503854e-01
1.035512023288407413e+00
1.160151857569394623e-01
4.512057108461945965e-01
5.111743655860401941e-02
6.869685777698318130e-07
1.240479751451022409e-09
1.368843357714763216e-06
1.441283000275915722e-02
8.588269405463597295e+00
6.019645100783377778e+00
1.206941572172430810e+00
3.099670471779669700e-01
8.720195713779964608e-01
6.715557547018168316e-01
2.082199103750947411e-01
1.496759115851873823e+00
9.559656508221658910e-01
7.449243245967483995e-01
2.454280430227950838e+00
5.997220065652535403e-01
1.596989857595524809e+00
3.000549350310589780e+00
1.099749323905723332e-03
8.911983947641417576e-08
9.013359471735562915e-05
1.218552009197192837e-01
1.540441319932160269e+01
1.280096352117558745e+01
3.085608418573114520e+00
4.304614739614685881e+00
1.501350377476834419e+00
6.135777533984226179e-02
1.285421572380055777e-01
1.249731893939201921e+00
1.275317002545473866e+00
2.249505969608103673e+00
2.459890454175362340e+00
1.208372539087745334e+00
2.868536524581349223e+00
4.518546281957481980e+00
1.354734598878228891e-01
7.737414497942944386e-05
1.948166648821399866e-02
1.770636661860079952e+00
2.161525548320275902e+01
9.407474385958142449e+00
5.971087888204679173e-01
9.674414178278798460e-01
1.134746050386188365e+00
3.303608345420345760e-01
4.685830617724411340e-01
1.285441416604848064e-01
2.338390392678419694e-01
2.118268354229534189e+00
1.219803163429160842e+00
1.306108450940639765e+00
3.550070096787562690e+00
1.952955692913258767e+00
1.715688382137341206e+00
4.246805248959180379e-02
6.690054626855293984e-04
9.294630054055645629e-02
3.605031454169086658e+00
4.208871679897937312e+00
2.603801406860295486e+00
3.389745641045837754e+00
1.346790601406051335e+00
1.176580387554085894e+00
1.154245898703163270e-01
5.744926007305225894e-03
6.540847070269774355e-02
1.428561369815294357e+00
1.186593039252169746e+00
3.921487865953315333e-01
3.400511710094403117e+00
4.268185632811563934e+00
7.746487271806214159e-02
4.945487383909864115e-04
8.866751172358994454e-06
9.891744753376041296e-03
1.410948765384058445e+00
1.805730173978678410e+00
3.565917107919739149e+00
9.552519003958567234e-01
2.407830655697179023e-01
4.834132601036133514e-01
2.400075505899812098e-02
3.648089396823450681e-02
1.726049165603936952e+00
4.850010381442467100e+00
4.629618163703416833e+00
6.236981622352623100e-01
4.958332579506021354e+00
3.789623206240335107e-01
5.494635178836190506e-07
1.930111145628547871e-10
4.731389975931678518e-06
3.847776520274649985e-03
2.524812793379463405e-01
4.681169920747031976e-01
3.770750613733163670e-01
3.008187667005544214e-02
6.734412864533827203e-02
1.267112242650751952e-01
2.650591530990594261e-02
5.442949731125631407e-01
3.137929602187837119e+00
1.468782308589506203e+00
2.946353614766291429e+00
1.694834470064459309e+00
2.860924419521795770e+00
2.126401090072944644e-01
7.059648269222887406e-07
4.825377378894508862e-11
1.018684403266209440e-05
4.091854813672586577e-03
6.631560103609419887e-02
2.338537439749208968e-01
5.951907910251480471e-01
1.977137060733483165e-01
6.245230970082614741e-01
7.949263872959384802e-02
3.601169990778537583e-02
1.003719194909248325e+00
2.480332405064550549e+00
2.137433685780238513e+00
2.418582476156538430e+00
3.906863144911501884e+00
6.903315967954418708e-01
1.426780008484055617e+00
5.462439791371972303e-02
3.624895210587908630e-06
4.442393324528562057e-05
2.843729690590687809e-02
4.732912176361279699e-01
5.456783232899036218e-01
6.630873937427910203e-01
4.388139335913620043e-01
7.939996405629562437e-01
2.208339863713109086e-01
2.001636497374776613e-01
1.286003818365400786e+00
2.720093984889514704e+00
3.080760269961505760e+00
3.450975578440579561e+00
7.487245708435495750e+00
2.948962849223113469e-01
1.128505525339631999e-01
2.220209253876790495e-02
2.070672739298681428e-05
9.391004276735883879e-04
7.897110648467987881e-02
5.002207999677578121e-01
3.376632551906205704e-01
3.670261369977917965e-01
5.909732625341224121e-01
3.235276796025851054e-01
6.684343855464190964e-01
1.630691496021674958e+00
2.070554392754303308e+00
8.761997393398993639e-01
4.079236481414175164e-01
2.155672677842513263e+00
3.808835549120528352e+00
5.301322502348019272e-01
2.532702117461645488e-02
5.101723013105414930e-05
4.361774337104285932e-07
2.767563327807588680e-02
7.450395225147705691e-01
8.431971195335221658e-01
2.374498404866937362e-01
2.313583307706696957e-01
7.192617224415595034e-01
2.164013839511739756e-01
9.570727590616439073e-01
1.682268052440568429e+00
7.584960141775289877e-01
9.346235891291986286e-01
1.093015955870365596e+00
4.146515071485278092e+00
8.130443289566532394e-01
1.059193769650440403e-01
6.721809963506699369e-03
1.360811274675571736e-05
1.178649822923528200e-06
5.678085656183069936e-03
1.124979407452198599e+00
3.280193989671647881e+00
5.773157373217991939e-01
2.513776027556569384e-02
5.370091993583748710e-03
1.218028626891876597e-02
9.036970602344419623e-01
1.354375488600592536e+00
3.622424320685105892e-01
2.955811423868429877e+00
4.917962014459193121e+00
9.860839782971329015e-01
1.562023781986564275e-02
2.924566445197224977e-04
3.171395009927763990e-05
6.524113627853364857e-06
2.051547599585491351e-05
2.479982108455068644e-03
9.523403870419214767e-01
1.736655964421489395e+00
3.282600108082038282e-01
2.409712332731597968e-03
5.279922519979801231e-05
8.001465098533313810e-04
1.389709621007073626e-01
3.649476921656760187e-01
8.502054815511809194e-01
1.986018160016561396e+00
4.318684181022685448e-02
7.422256908049215153e-04
6.181695425289960492e-05
6.379260883272281854e-06
2.932819547451038663e-06
1.087700897324048837e-05
1.496588676853478569e-04
5.308137202141624544e-02
2.877559715830066978e+00
1.323470714725783148e+00
7.132161449322167446e-01
1.471461317655569159e-02
4.380416236819473577e-04
1.717820872186085618e-02
8.081862100860277565e-01
9.619467687795579813e-01
1.933695791005675568e+00
4.322930319578014574e-02
9.244528702741808902e-06
3.801908748766573546e-07
3.030659440172050061e-06
1.494963081274878088e-05
2.904932158205931729e-05
9.358874665578488798e-05
5.183353876454381863e-04
9.755920937164824780e-01
1.005089903919246730e+01
4.885377841044800995e+00
1.081374564642536340e+00
9.000548437454092623e-03
2.526367514753023800e-04
4.316121941219969171e-03
4.978110904639362205e-02
2.614367265545921096e-02
1.242030978521859071e-02
1.175049567435883984e-04
2.392018513731420633e-07
2.483447657956661025e-07
1.581520473322837694e-05
2.395959474885035615e-04
4.908511719072489003e-04
6.454846436867833336e-04
1.275788476615886437e-03
