1.969284848739497051e-02
3.829601349506519092e+00
1.035695577736867712e+01
7.602457908465290792e+00
4.370288700320921649e+00
6.153990241931026617e-01
3.463287311121789891e-01
8.501808726826071139e-01
4.443830471282054356e-02
2.550764743158843995e-02
2.873844157409565381e-03
6.422943710427391125e-06
2.578133944922532625e-06
3.018006504976336542e-05
1.369398759701471243e-04
2.967210799519469258e-04
5.054847111488362712e-04
1.053087756937105520e-03
6.827139618371764682e-03
2.260729483487738722e+00
3.402139912602028637e+00
4.460889287750331000e+00
1.848785246081919409e+00
3.606009442278749338e-02
3.918749336304164221e-02
4.484207460182499716e+00
3.576672135496792748e+00
1.581355958874462342e+00
6.635749729941793629e-02
8.933550732662657494e-05
9.268212789324287583e-06
1.196115506089047300e-05
1.623357159152248111e-05
4.833686291461489806e-05
1.727191325644127594e-04
5.795011595711344705e-04
3.507550314943098241e-02
1.615869494261877426e+00
7.645448616271576237e-01
1.577756104414703486e+00
1.874825156878413113e+00
1.851546834625606430e-01
7.291566254006739967e-02
1.458179000588260221e+00
1.605035129041776809e+00
1.090592551330570092e+00
5.317185524401904395e+00
9.081785080235500462e-01
1.804737588503180917e-02
3.229468804880600199e-04
1.813632506264196878e-05
1.742233113595381501e-05
9.647070152935008998e-05
5.927858688479834383e-04
1.320509000756495653e-03
1.410844028451020693e-01
7.060721960512550410e-01
8.550065151276241560e-01
7.367006501751929282e-01
2.250777134314831063e+00
2.191143739266249391e+00
1.317671731229049126e+00
3.623459343284726741e-01
1.158613447187489681e-01
1.414746453406041438e+00
7.045403496312629521e+00
1.971739008327789255e+00
3.552888470880492117e-02
6.068537304051288745e-05
2.645850252226337268e-06
1.833275106400398231e-05
4.644530250800982967e-04
1.925845239096854132e-06
5.850815383603680763e-05
2.083406139250038903e-03
1.290470090692346083e-01
5.638567641726166535e-01
5.124257384395722870e-01
8.951457648225435992e-01
9.260940494009007873e-01
2.292787619234091689e+00
1.372334538352379951e+00
2.019346923267890670e-01
2.874095818670668878e-01
4.002803962485701916e+00
9.020549097930252724e-01
8.716365734451755551e-05
5.885853444865713431e-08
3.562661388988925061e-07
9.561466269993780932e-05
1.551432837421566778e-05
1.325016253814397058e-04
1.490057096365074918e-03
3.404287145684029015e-01
2.536536529692360986e+00
3.610707380943992129e-01
4.179203384394896137e-01
4.649734448292156541e-01
1.513617168097302734e+00
6.425481874251651959e+00
2.034071027536040521e+00
7.125114861973198543e-01
2.731407878197503525e+00
4.267909683316919001e+00
2.434883406006208787e-03
7.372267102529133390e-08
1.540082008073951034e-08
6.434689911483711636e-06
1.697087956860547295e-02
9.651046284363573591e-01
1.013608320002101992e+00
5.973660519889965048e-01
5.365506162481462615e-01
6.999873430619742987e-01
6.033415412618504670e-01
2.380050440660971545e-01
8.437400852245172111e-02
8.010356401374524316e-02
3.258943693106304829e-01
7.091689277222658072e-01
9.207291332395634020e-01
5.286163336662642820e+00
1.147318190451732445e+00
5.529738730225520430e-05
1.932247481034618821e-08
3.228706681509664372e-07
1.227634785915914656e-02
9.289896914737456601e-01
1.217012204655709418e-01
1.580695418985501692e-03
6.665232210589961369e-03
6.206949017948342195e-01
8.458168904305441993e-01
8.630851924881519643e-01
1.336339666270878634e+00
5.437155669461444241e-01
4.099268989184193801e-01
1.534452591358092421e+00
2.002322282535287101e+00
7.673140985944773007e-01
5.782994078590282250e+00
1.187406024193432726e-02
6.048585380499951883e-08
2.510906712858595238e-08
1.402788057899327721e-04
3.858612718613784603e-02
4.864943011707921483e-02
2.111011674280612992e-03
2.560966309399538912e-02
4.826349973495430157e-01
2.945630117105416459e-02
2.564769264052898026e-02
8.260147289381229996e-01
1.447246989767293268e+00
1.013070641330652694e-01
6.806285656307171916e-02
5.395811575104174362e-02
1.196875907943214731e-02
1.799883443722416931e+00
1.328862704198827405e-01
3.961273043206937165e-07
2.621402667180471759e-08
1.859928179837008923e-05
1.641010904711136600e-02
6.489004262226016895e-01
3.018993670716888511e-01
1.584404550983066873e+00
7.123292950648465460e-01
1.519252773558088260e-03
1.517065698028224798e-03
2.695590265968161869e-01
4.113918517263714936e-01
8.036380928882783103e-02
7.354746602298047053e-02
6.958391871194993285e-03
3.739830361273295111e-03
3.147680354958859450e+00
8.883343623763159114e-01
1.500136265253885579e-05
5.931291203518234482e-07
2.379872425095150431e-04
2.537012421907131401e-02
4.197068103922039217e-01
5.155909211445675044e-01
7.305625142089349211e-01
3.951609471232728904e-02
2.342703157022419280e-04
3.758635508831317546e-03
1.530635788758033744e+00
8.280162856492976342e-01
8.295874984033657640e-01
1.672036164091971866e+00
1.803730217379473019e-02
2.669994041376961506e-03
7.993728867514739989e-01
1.129745166631679343e+00
5.472690445193320900e-04
2.082311513488163657e-05
6.395143624657900761e-03
9.420701472750627747e-01
1.060895167502594738e+01
1.056242218727811988e+01
1.201869190219809536e+00
2.293841575803170357e-02
8.131851085869827578e-03
2.064305612990995353e-01
1.350371395975615396e+00
1.492094269994523326e-01
1.322584791739415400e-01
4.513093708298155926e-01
3.212411401415853768e-02
2.493643674533726432e-03
1.966873565533668600e-01
1.881012592245343562e+00
5.436399267774841976e-03
1.048230661284788821e-04
3.587172758734448442e-04
9.737169498848852189e-01
4.641642626700053853e+01
2.338527702404241637e+01
1.628922206242913839e+00
1.426398557750743756e-01
7.609914979165798288e-01
9.926307635232379800e-01
2.205980100542844491e-01
4.272045172756472331e-01
4.959735581944423322e-01
8.338790091579162400e-01
7.384050488020279523e-01
4.999740856853020915e-02
8.583698228480977077e-01
2.058028322447380098e+00
8.066342767149930169e-04
1.114574652891711992e-05
1.793925976483936712e-04
1.151835380352140392e+00
3.249687069090419556e+01
1.476204563034797701e+01
4.350962059500340651e+00
1.120848784750329147e-01
1.521265794109551844e-02
5.849949651662329254e-03
2.594916613014720472e-02
1.294345748616735570e+00
4.978256436086232473e-01
2.009840413623495692e-01
1.025407173551192042e+00
2.668379435247568709e-01
8.706714981115706298e-01
3.624650631658193900e-02
1.397578440389213443e-06
1.066207521566013697e-07
7.712951718826676142e-03
8.937233684698632219e-01
4.189071413796519927e+00
2.622775934778552198e+00
1.536684517726788490e-01
6.280364079817276138e-04
7.776470201533291907e-05
1.554631906949946463e-03
9.035229827888713316e-02
5.157391079201720796e-01
6.222899819626955820e-01
1.094059635632498750e+00
1.755895581590550814e+00
9.324977612221061474e-01
1.042425707315757455e+00
2.113139105906086841e-03
4.531689818481134140e-08
1.058392385518618129e-08
6.332702547245770567e-04
5.167509072144294046e-04
3.153400215556683567e-02
2.571635698860614272e-01
1.755307721015289795e-03
1.281810284143742316e-04
1.247932151210951086e-03
7.101161444808470891e-02
5.052872336388550822e-01
9.851182738013658513e-02
8.628037896999459777e-01
1.031946093105198026e+00
2.937284402766682928e-02
1.080111552884088499e-01
1.912161181620753769e+00
3.230825596295522351e-02
4.121478814826771777e-06
1.255717132560127426e-07
4.625011756151447431e-06
2.808922560643683211e-06
1.195333132170800158e-02
1.539384029262264253e+00
7.369846559933383723e-02
1.922276048632760026e-01
6.182926751028893220e-01
4.116894281826978252e-01
1.459917173191153106e-01
5.900701007917026793e-03
9.093085268406700394e-02
8.488014164869185640e-02
2.238539953415726903e-03
1.059100100567809122e-01
2.888796075804918928e+00
1.032031052059557030e+00
7.294317515294320049e-03
1.541658260509234970e-05
2.649533469304671111e-05
1.927551875465337977e-04
1.674760282249840859e-01
1.235805103782402270e+00
1.647944095011214249e-01
5.227838522912903185e-01
4.405925176799263543e-01
5.240659483757883486e-01
9.313447019262673932e-01
8.660822355099137559e-02
8.791937770804827412e-01
1.786846354625136968e+00
2.190449636990689508e-01
4.427589197332896020e+00
3.546071728796089229e+00
7.242428469896073917e-01
4.625205976579092881e-02
8.328234545404347017e-05
3.280057115725462484e-04
8.317132698672574306e-03
6.640346698299089967e-01
8.277066697501873627e-01
6.711129067854465502e-02
7.138569005116315869e-02
1.715859437211326166e-01
1.877461622866493374e-01
1.019469719177575451e+00
1.773524315934325468e+00
2.496151322886663859e+00
1.591281679361458590e+00
4.913537877984576752e-01
2.929246019743240836e+00
1.884534555659275412e+00
8.417148936569229800e-02
7.606971567420407450e-04
7.913726720986172169e-06
2.717269979194511818e-05
1.669824978133024537e-03
3.431050801045564258e-01
2.347370523114281848e+00
4.399513944194561876e-01
5.727502364904510923e-01
1.156422457612147126e+00
3.740838676676465357e-02
1.439428624753310015e-01
2.143482422393771181e+00
4.679631467995080119e-01
5.405030562122472571e-01
2.355482563358802128e+00
4.384767318328814056e+00
1.856973227221668132e+00
1.815137398298169794e-02
2.216701163056860872e-05
2.058173433253767814e-06
6.752600623687302630e-07
1.671415699625954489e-03
7.107076221062398336e-01
1.540136912154785209e+00
7.033387974483988891e-01
1.354053433902023151e+00
1.827914083080421470e+00
1.094261984624352313e-01
7.281344637403729392e-01
2.840959624913868442e+00
4.671356599862982462e-01
1.739159450041697363e+00
5.199125448383852266e+00
8.310536278788372977e-01
5.015236218842981930e-02
5.736958955714846356e-04
7.381310329940150291e-06
9.761713005817068860e-06
6.808160242674597132e-08
6.598512875818103758e-03
1.187136230178449603e+00
5.125091154461948184e-01
1.255356310397630626e+00
1.741205225244069732e+00
1.995779384147478686e+00
1.250531097515839685e+00
2.825976953619457444e+00
1.509665131035442531e+00
1.431957557086157573e+00
5.116163601613994416e+00
1.095199525998958201e+00
1.719419563817299948e-02
1.507012789358476380e-04
6.925010789524707945e-06
6.181888968020304920e-06
7.606927885445312538e-05
1.846737057798696903e-06
1.603324313971510040e-01
4.446950764946201673e+00
1.263547510863331613e+00
1.756804962386663727e+00
2.458115928890819701e-01
6.964523597980595837e-02
3.050785951591317713e-01
1.818344875794033477e+00
1.817350774200216401e+00
3.296303936390737377e+00
5.022880675611417267e+00
1.814719688013101573e+00
3.062925872300949898e-02
4.569313287086581047e-05
2.487987866892684179e-06
1.363860550988637396e-05
2.564126708068391368e-04
1.468250328586048498e-03
1.866590671193386175e+00
3.389879928441374535e+00
1.748658540252398419e+00
1.290557807887259267e+00
6.447865749798010748e-01
2.185855500104811333e-01
6.143773432487977804e-01
3.230485925420052862e+00
2.059937490368750623e+00
7.747491272629245529e-01
8.432176028042415172e-02
2.487482200658932413e-02
4.015112878020675631e-03
6.491726719163928567e-05
1.305602814180476212e-05
6.557248631299450112e-05
5.232054750781710327e-04
6.059806335555276841e-02
6.870749671780317591e+00
1.016210609007500310e+01
7.705894722784075945e+00
1.274497244751274128e+00
3.843962617500305434e+00
3.048795078870550235e+00
1.126195745775928403e+00
8.475989543184467845e-01
7.870682313866177171e-02
6.235413145943373252e-03
1.437334478986330326e-04
1.320192365384684396e-05
2.217041770612228447e-05
4.329950068352071208e-05
1.083232996330591135e-04
3.950711065532350251e-04
1.218015955252536604e-03
