3.911944368230542321e-05
8.085755644234912919e-06
2.021561381104769331e-06
5.007935855557082017e-07
1.141672334719673101e-06
2.216382365836869347e-05
4.993689560008029418e-05
1.937432744470219304e-05
3.280772560414255254e-05
1.248625715818952567e-04
2.087354669891197776e-04
1.740266161473965354e-04
1.308852608886834233e-04
1.064255569720792144e-04
9.520682282929205710e-05
9.843916947267704570e-05
1.249062919143564430e-04
2.019723025706664352e-04
1.079039611145822114e-05
1.205021037862739773e-05
9.512424831537736057e-06
4.249771835269299153e-07
5.076349726522809450e-07
8.482022853981004650e-05
8.653952110519064786e-05
1.075426615441943032e-06
7.835671316240138210e-07
1.316219284516026979e-05
7.335813290739344927e-05
9.519289534243111507e-05
8.160824875951976001e-05
6.753252602637674362e-05
5.898801913605113367e-05
6.039176912465659395e-05
7.778987228232239217e-05
1.339970030200632691e-04
1.035845126196376693e-05
7.233496260341585162e-04
2.949435569777669394e-02
1.890456318927480556e-03
3.301840387433635201e-04
1.856642733673028942e-02
3.489746213820322726e-03
1.438353154048224092e-06
1.191377053532060882e-07
2.312542929992226747e-06
2.346880595999878885e-05
4.242735127900378170e-05
5.432145119264790385e-05
6.296828329358288500e-05
6.005469803088136506e-05
5.709272440005266018e-05
6.597283729115018859e-05
1.075799064653525349e-04
2.473533209963337632e-05
6.411440762694621889e-03
9.453559460039447915e-01
1.852405516981493694e+00
3.471112112166371833e-01
6.052385616046418448e-01
1.432919313627287194e-01
1.975034717627152333e-04
3.928605587367141353e-06
1.496996504436760094e-05
3.018312022025950716e-05
1.467517316678535876e-05
2.199928331924833541e-05
5.688031416470515323e-05
7.703829369559174857e-05
6.551172779206979122e-05
6.104421673868463754e-05
8.913608869515871579e-05
9.534589862291381959e-04
2.884973467542913464e-02
3.149264787283725248e-02
1.607533062218781950e-01
4.440185569296825063e-01
6.733575399871278844e-01
7.346373038826212731e-01
1.117219042233364920e-02
9.207539627208054852e-04
4.966809927828945599e-03
5.972132900860916251e-04
7.267573522023260344e-06
4.847258400225336203e-06
3.642141930649877229e-05
1.005117695999479654e-04
8.360443648292175431e-05
6.015609321383776276e-05
7.556244217096751701e-05
3.575449204997202535e-02
8.626865955322764457e-01
6.557141277597615392e-02
6.048883342024830023e-02
2.598099202049894418e-01
5.619041590239751693e-01
1.185688123503699648e-01
2.711062118262276034e-03
1.497909075371359720e-02
9.682539283501095939e-01
1.770033592662511104e-02
8.043751620986021962e-06
1.243508144584128465e-06
1.650979639741945098e-05
1.085172889160836753e-04
1.128930364832139970e-04
6.759522160996362143e-05
7.121961091571241045e-05
7.761650464593961105e-04
1.896613133419287195e-02
4.744876750170606838e-02
5.037413379888637799e-01
1.274838368865328642e+00
6.184237395659295672e-02
5.969231668540716466e-04
6.267767734667939808e-04
9.990537398506821321e-02
8.991432363413577322e-01
2.287722738614664589e-02
3.240604927452899077e-05
8.347141261019425589e-07
4.025588959980680684e-06
6.029468384089907082e-05
1.277097253702563664e-04
8.229385428615466772e-05
7.638978576442726929e-05
4.661019143327419333e-06
1.857626113536326362e-04
1.178042002552592664e-02
5.914114911967526256e-01
1.567255115890671124e+00
7.382442762825625927e-03
5.556723431261094501e-05
8.292986777461562597e-03
8.328272282328675891e-01
6.834165402461317429e-02
2.795223325499512218e-02
8.515013542202391371e-04
8.585304214067702525e-07
3.622556869546864778e-07
1.363152357895506229e-05
1.017485642657406478e-04
9.872634880494162530e-05
9.031305765402302245e-05
5.713448942083893622e-06
5.346933289816878723e-03
1.011060885289024824e+00
1.385190016572863891e+00
1.353407862728743583e+00
1.020271035478709648e-01
1.389255089656249052e-03
5.556498807651214650e-02
2.901908313308276366e+00
3.762484012604642158e-01
7.250800222241736703e-01
2.453892971854223712e-02
1.944025141212255843e-06
9.780198735333766019e-08
3.774596981079101222e-06
6.695307056711548603e-05
1.091535666543442867e-04
1.106593750130243086e-04
2.180849748107045635e-05
1.629504697327375379e-02
2.740787711078072508e+00
1.800601356402242281e+00
1.712658302487563899e+00
1.724249074011994232e+00
4.367862566784524829e-03
3.766259001622082343e-04
3.804951495178207632e-02
6.961599568777063762e-01
2.996823832326931836e+00
1.863171434850486585e-01
5.625915466975555740e-05
6.313503966910814292e-07
3.089857204368701614e-06
4.045686821424671254e-05
1.058580911229036988e-04
1.363570778718120624e-04
1.416547552175483060e-03
7.175573401286476638e-02
1.361321443413305854e+00
2.111771930854164037e+00
1.250106198755105202e+00
1.346321805066738930e+00
1.392372728105839954e-03
7.897040895938741161e-07
2.943302158204589460e-05
3.626915912854631469e-02
1.518228772705086493e+00
4.942811502801263135e-01
1.789002890599316773e-03
1.252550102090384987e-05
4.784749556954342590e-06
2.217153249067770952e-05
8.827722625485890544e-05
1.693415971610977419e-04
2.153219542145873994e-02
2.714813911049986928e+00
1.284002450196088674e+01
5.584008615340954051e+00
1.079437408403229659e+00
2.401799728749077101e+00
9.664265585917172774e-02
1.935166866880346631e-04
1.229296607700124978e-03
1.886848380061851016e-01
1.099223250739357116e+00
6.287966719100342994e-01
9.167038072862845888e-02
1.310535135028789190e-03
1.700417010238085559e-05
9.962073516384376719e-06
5.570535348821537268e-05
1.984633391352230377e-04
1.465144974074819107e-03
4.267750143669218232e+00
7.223817946051786976e+01
1.542958193644744647e+01
2.881243978499924641e+00
4.708486081711037663e+00
2.674943716948473327e+00
2.434254421570879734e-01
7.618565338897436146e-01
2.919943572208156812e+00
8.255226466647525019e-01
5.956973266580132265e-01
1.707521560659302606e+00
1.769632531452685828e-02
6.354041733698792168e-06
1.081753007601525593e-06
2.047409997922205584e-05
2.065742773565152008e-04
2.421575644037478380e-04
8.424749122935798473e-01
7.524642647589574906e+00
1.773959767153754585e+00
3.767596127838702902e+00
1.702635821535494198e+00
3.272083626663965794e-02
6.184930201651149279e-04
1.168908121739588865e-03
1.654703023124982075e-01
1.287469729183776446e+00
2.037930185232469382e-01
3.220038267141851485e-01
4.363325613534163074e-03
5.243439831754376671e-07
1.021630848340976292e-07
8.218699107790070847e-06
2.195166825819172887e-04
4.874953663317725005e-05
6.317153412340295593e-02
4.985041921085680006e-01
3.295783714851048263e-01
3.284617170972192746e+00
1.295965106416631096e-01
5.582037898769249705e-05
5.497085586119718023e-07
1.641202440550637288e-06
5.914461244311597192e-03
1.314394646132341915e+00
1.683695654086084237e-01
6.029046970442288877e-01
4.694904115310226389e-02
3.429450588436037165e-06
1.914098923153587804e-07
9.988950372548717645e-06
2.656758780469644483e-04
1.059683988636475946e-05
2.617595814994984685e-02
1.545310445628765850e+00
1.566478088200861984e+00
2.661457918667027300e+00
1.571720976022552771e-02
3.708686794492639015e-05
1.057774680078320061e-04
2.222084794769483337e-03
9.855537060129043736e-02
5.431273069860923508e-01
4.649428093681169660e-02
7.509121398688979598e-02
7.912344114013803581e-03
6.334785436368510157e-06
9.531537319464789728e-07
2.328737316435733405e-05
3.090322314998558435e-04
7.875862616982369089e-07
2.364172692536950743e-04
1.219382879222352944e-01
8.382725078421092713e-01
8.456671642037831560e-02
1.694430051992759298e-04
1.216163223129174640e-05
4.614865844072742369e-03
8.436954357033426000e-01
1.043058844129328033e+00
2.919311863178054578e-01
3.285226351420882096e-02
1.423589480498733311e-03
1.358651372040423553e-05
5.726638923737087432e-07
2.316962686855440562e-06
4.891378608061131331e-05
2.985144809449483041e-04
5.854835992515269149e-07
7.675685847803832634e-06
1.133229721387474243e-02
1.044056468936973570e+00
1.206717554865749213e-02
5.953843107464879054e-06
8.548561388368673735e-07
3.712502679164896642e-04
2.011457647776010160e-01
8.797133887347073911e-01
8.640221436449193604e-01
8.783963962517532531e-01
1.664290621221535538e-02
2.092323783423485648e-05
1.650558349414980417e-06
1.055109431823398820e-05
8.652348323658759759e-05
2.432799502655713089e-04
8.795676506649564201e-04
9.336943909931767413e-03
9.866904549869529029e-02
7.324344211569142615e-01
8.256207417319097464e-02
1.147788357229779458e-03
3.225876349983558653e-04
1.426048609918215831e-02
8.494998184865748536e-01
2.070761990538890096e+00
1.451122402628874652e-01
1.212388352366824788e-02
1.747072568316796089e-03
7.536323370532152369e-05
2.040667492868047017e-05
5.019139312174545101e-05
1.148401243850410904e-04
1.770107318499156450e-04
3.178328566638212449e-02
8.515704203563874142e-01
3.105727035513326101e-02
1.761688116005348873e-02
3.576447400113396125e-01
4.771547901446874240e-01
4.306152014406519624e-01
6.410143657639241210e-01
3.157958447907573962e-01
7.787894323921534800e-01
1.386712822605537347e-02
9.970998190245174866e-06
1.995851199750008635e-06
1.092566998254438131e-05
4.571454595429290613e-05
9.797106913735597038e-05
1.128785028013983211e-04
1.300434136773699623e-04
1.019408635686464454e-04
5.957495848255923293e-02
5.289430395878545743e-02
6.315009367215347613e-02
5.852431157987578736e-01
4.532950469429968265e-01
1.771204139325488480e+00
9.360864697576704030e-02
1.640864503228405956e-04
2.319924790068486880e-03
6.709289919083382542e-03
1.252516959847480177e-05
9.613533207391165974e-07
8.440646071894854802e-06
6.113070122254149149e-05
1.091619045792287766e-04
9.874257051456802631e-05
1.083142211747192661e-04
1.864516803029279354e-06
2.792625288218896634e-02
1.819197524149634981e+00
1.182219113442903313e-01
3.993961788352644315e-03
5.791655285565813771e-03
9.161734662824758679e-01
1.907644984574093441e-02
9.513366166189000290e-07
3.977905946553985628e-06
3.993248466702753940e-04
7.465984595057013754e-05
1.375167691604086563e-05
3.229710155866109762e-05
8.158106284978373078e-05
9.505853923039329846e-05
8.369180462121118000e-05
1.013670653372663932e-04
3.409193246741530089e-06
4.142927562376184057e-03
2.722413710920117136e-02
4.041212865771113817e-05
3.493597014427907351e-07
1.444056157928896352e-05
1.900803582062760358e-02
2.142632999998933269e-03
9.806081979544540512e-07
8.818650635397479023e-07
3.504135323656063313e-05
7.819906447355861397e-05
5.871765113686350354e-05
7.189549578237351766e-05
8.271500315140446768e-05
7.617665880197867906e-05
7.482312327727613517e-05
1.053717169447005927e-04
1.003826031415438014e-05
5.131080272993050225e-05
1.478253101230742868e-05
1.049820644717245735e-07
1.664526098719852800e-08
9.424346063558745747e-07
1.198467324662937583e-04
8.813605899963439943e-05
5.566427792976014671e-06
7.056507955409688094e-06
4.322351830526399924e-05
9.494398921703180389e-05
1.032227251755701418e-04
9.694407899414542510e-05
8.323446934364338691e-05
7.547008133790717452e-05
8.558075556866961888e-05
1.336185407116297476e-04
4.488838755298527646e-05
1.893324320644110053e-05
4.824363333666668083e-06
9.958064022070605846e-07
1.173260857255986112e-06
7.881033204338004446e-06
4.138435996479056185e-05
5.280867152252741734e-05
4.496959358263104837e-05
7.469100511604054640e-05
1.442545509761102951e-04
1.868380947410129837e-04
1.789107375579298848e-04
1.475341404727844468e-04
1.206598800534638304e-04
1.160959514391413181e-04
1.424628330793570644e-04
2.198615935548549393e-04
