9.479781208613440313e-01
9.417070517236514338e-02
1.895909955902745470e+00
3.060602061479166663e-02
4.583087932213692075e-06
1.728722860474543786e-07
6.814634750168017669e-07
6.049228712254196709e-06
1.166356107298292652e-05
3.721299099046838875e-06
3.818354249597630128e-06
2.009574003990042632e-05
4.379864141687737168e-05
5.048735484075295144e-05
1.080237899510208484e-04
2.385041166416445365e-04
3.390582348024877746e-04
4.739778503846201895e-04
3.014381969941041985e-03
5.027204856918765941e-04
2.672458707084717118e-03
1.851177242306900096e-04
6.050255359916036348e-06
2.518575837666798554e-06
1.344189159596350432e-05
3.337075136225226089e-03
4.604710097192855900e-02
4.888465508321250584e-04
2.264545019637119740e-05
8.399472824071235787e-05
2.462593512464459115e-05
1.934172851097993169e-06
4.581951140453092035e-06
4.805746555931960198e-05
1.679959965224385628e-04
3.017160621449897252e-04
3.977093192001431612e-05
2.358606556041094315e-03
4.628741119524381470e-02
1.705766000972775559e-02
3.314293537480277746e-02
1.726213386441009714e-03
4.470440783351069399e-05
8.768797068756608096e-03
8.513078067085817491e-01
9.933970530676702534e-03
9.160199259694521692e-04
1.535154045799791075e-02
3.192391201206266319e-04
1.778119753254153871e-07
1.174963259580268044e-07
6.747897561137106848e-06
9.620492516619226150e-05
2.656212573867393193e-04
3.032564280613510205e-06
2.455465007426470975e-02
8.038206856461324046e-01
1.175255455521428127e-01
8.029315700759672714e-01
1.209445413977725328e-02
1.675789318758490087e-05
7.008142952647602487e-04
1.275562884304448918e-01
4.905656113614154101e-02
4.052275180784985220e-02
1.872075933584966601e+00
5.308674178592883569e-02
1.799723319525019284e-06
6.132823700262061845e-08
2.396134899790023275e-06
7.156359978035704557e-05
2.899838950221651649e-04
1.069786102242496485e-05
2.860552623701495198e-02
9.201136304499835106e-02
2.767033778271314488e-03
9.413243954621891563e-02
7.794141026439559139e-02
4.304649687431209848e-03
7.396269154346939156e-02
8.761443705476893440e-01
8.372658891226129052e-01
1.175090791556585856e-01
9.948173873039570791e-01
3.021164545407688973e+00
1.253199867397208509e-03
1.793953883919887730e-06
3.904616231521524081e-06
6.825035411238708309e-05
3.243628536369683722e-04
2.677898369924757577e-02
9.731960337956075957e-01
1.878562225679342168e+00
1.304374253529360927e-01
9.107133497360648811e-01
8.079816476366558087e-01
2.421021505192693379e-01
1.395472564841628627e+00
1.588366566162136007e+00
8.097333088419466085e-01
1.257217671354588992e-02
1.252914941891359810e-02
9.000685020754809473e-01
1.822836341504316740e-02
1.651139186094678263e-05
5.062750494371213281e-06
5.006423345506519606e-05
3.014593602891365936e-04
9.359630078247862528e-01
8.255003111126803239e-02
9.735193477363497383e-01
9.046388151906493702e-01
5.224590738843588184e-02
4.816488730969448878e-03
1.612921238712613017e-02
3.713629897019632420e-01
7.706538465838900231e-01
9.551143468477694132e-01
1.209174718890720507e-01
2.911125915566244171e-02
3.800230286611720742e-02
1.363708159664752491e-03
9.777478432745724939e-06
2.278133562936711961e-06
1.699579013110598909e-05
1.826705396939107750e-04
2.251505628521801444e-03
1.829479019077630140e-05
5.925602976002104089e-03
1.210055597810379691e-01
1.688316353274220459e-03
9.659268100369221765e-04
8.236905315152889817e-02
6.139245687110527205e-01
5.751989602703697080e-02
4.553915085635387022e-02
9.529416909133140434e-01
8.571041696519047237e-01
3.449433372392705227e-02
4.555715816332329970e-03
1.334266812798673386e-04
2.214193660097294220e-06
3.318302225201608220e-06
6.951925213276866620e-05
1.479583025131478075e-05
3.739754037805268329e-05
9.446886351162786521e-02
7.384428761475001490e-01
5.349888732289095894e-02
1.584657883390651056e-01
1.512741747858428409e+00
5.765862962535823755e-01
8.254481422297716905e-04
1.094989593023776578e-05
1.334211529995355406e-03
4.130135276415112383e-02
5.786534372590552283e-02
9.234696121872647545e-01
2.667949598276036019e-02
5.809912519663550624e-06
9.135881283159686497e-07
2.867440950518461456e-05
2.505420171554370976e-06
6.481367933614837380e-03
1.925439519364929630e+00
1.122104100960330531e-01
6.915107318148114302e-02
5.420046546417980338e-01
9.577078520459606503e-01
1.206426317609742949e+00
1.115106283046398425e-03
1.019808085668946347e-06
1.424867267386223423e-04
1.735137757530136673e-02
5.284471830743683179e-02
9.393677101573150168e-01
2.476083124779460826e-02
7.658163207784916474e-06
1.259488939328814352e-06
3.050933395727784258e-05
2.995246126206821583e-07
1.180512206597336862e-02
1.905556399862209593e+00
8.731956014850769665e-02
1.368470556193688015e-01
1.591251773722896778e-01
1.847728494909138541e-01
1.652937771480450291e+00
1.231341445538609164e-02
3.091153423230342287e-04
1.415052897509895546e-01
7.578151941977437911e-01
1.369951973679429946e-02
1.490023731186425685e-03
1.829313437562514108e-04
2.578538985349584461e-05
2.345262042497429637e-05
9.729123389150010830e-05
5.285290424345448012e-06
1.175104952546037473e-01
2.091309373583270670e+01
3.262843419238619536e+00
3.067842586205260513e+00
6.936868534247444540e-01
1.972778311475128776e-01
1.810487787243325597e+00
7.393854454983006530e-01
2.855841232582516098e-01
1.520308290261436879e+00
4.316951357401490053e-01
2.955658221468580871e-02
8.551649122759124189e-04
6.631261924858921275e-04
5.547496775858242954e-03
1.144666041690149509e-03
1.688727054215932689e-04
7.103315789764832111e-04
1.869730196338718509e+00
9.303670456489444973e+01
4.752783054928540807e+00
3.098499339480548009e+00
4.060920329835399301e+00
5.729243278821345708e-02
2.323904523077820888e-02
1.089076926171256732e+00
2.051325599466252037e+00
3.532528467724212196e-02
2.060442633850490327e-02
5.239181439433622245e-01
2.342340548835959990e-01
9.475348966603700518e-01
9.768194807742862640e-01
7.908077771886872463e-04
1.217419566220569177e-05
9.145847372923193979e-05
6.865987891958305611e-02
2.605772668420702942e+01
5.088820830792844419e+00
1.208137206084878512e+00
6.353661444206036846e-01
2.943282279352336809e-04
1.213516782923255158e-05
1.541007755732130141e-02
7.672415739153691794e-01
1.172463091417984965e-01
1.654444501592403916e-01
1.388109092272477585e-01
4.610216523357438950e-02
1.865864284069410850e+00
7.542978898782279340e-02
1.578159790222827922e-06
1.010353119715696415e-07
3.111587291942879541e-06
9.792023060157836571e-04
9.280089053837226043e-01
9.170140965641585540e-01
5.673881432990109941e-01
5.898414184644729108e-01
1.670663743307767082e-03
3.830749770232243267e-04
3.952020422703633046e-02
1.347678191056316810e-01
8.685791950531450700e-01
1.725114233992770085e+00
1.439070199103416672e-03
5.341900096789945103e-05
7.856292332486098512e-03
1.519461113518890251e-04
7.349821093909551556e-09
8.005634218524499597e-09
2.995773940835175852e-06
6.681257100843412250e-05
5.723312647405522785e-03
4.462900584016854522e-02
7.782012209411514059e-01
1.103035760957747691e+00
1.760627918465397859e-02
6.646036571851153540e-02
7.840705246115189375e-01
8.012968078838950126e-02
1.941482269973617558e-01
9.797551529161825645e-02
8.192327581187157327e-05
1.940236728001863879e-05
6.768529406022005639e-03
2.341558764501237096e-04
2.270380043002929519e-08
2.275631016203306670e-08
9.830044702671391838e-06
4.551250468709062893e-05
6.928190407687195721e-04
5.957353710879635840e-03
1.669643928848668982e-02
2.619131107331865746e-04
1.107647306738059264e-06
1.270101011648232246e-05
3.373535567662147745e-03
9.543547538463463542e-02
5.506050531992918717e-01
1.941514933451403413e-01
1.169535521688887594e-02
1.130555821126260664e-02
9.582367834613213509e-01
3.544471387286932118e-02
1.472227187659844074e-06
1.770809402024449408e-07
1.015801471567926920e-04
5.017828846986612142e-03
4.960336110271352378e-02
8.430349979969458188e-04
7.488210690133816559e-07
1.918851729566582071e-09
4.117931289116338176e-10
2.890201130200959720e-08
5.999531602213245774e-05
8.636738785872197233e-02
1.399024828515349483e-01
6.106642725799905219e-02
4.982519165154429830e-01
3.684751980921928127e-01
7.789869077486426541e-01
1.929352754391143801e-02
2.759698518731431101e-06
3.981957771768904293e-07
3.844598699863460521e-05
1.158851821654748385e-02
8.398942111876143146e-01
8.823816807761867328e-04
1.845113538500400734e-08
1.753542165260338092e-09
6.541980769450495125e-07
5.797912387670803996e-04
9.130169267027794799e-02
1.758524190849492408e+00
2.362135467233638167e-02
4.024685552894402205e-03
4.562744779702969100e-01
7.360662290062075508e-01
2.020174445286404830e-01
2.157830347552968514e-03
1.461892725668611500e-06
6.615334465632010228e-07
1.289690559295074164e-07
1.018524083421043519e-05
1.249553580668051750e-01
1.257074431557003991e-01
2.418728383957218972e-04
5.671287729928372419e-04
1.067743778537990074e-01
7.781249115269550654e-01
1.203187730078318501e-01
1.911025006845463309e-02
2.327835589999152719e-03
1.920095829555940395e-02
1.522726982849432087e+00
1.206368845381731614e+00
8.044508877908607136e-01
2.216656464666455842e-02
2.079194758479140296e-05
4.305998695552306955e-06
4.665759847707548941e-09
5.129486974320947028e-08
7.463722081752118855e-03
1.556217237596867253e+00
2.238639481272903520e-01
7.326378520704089903e-01
1.350592165119317012e-01
1.713141276130549905e-04
2.746154158008420677e-07
4.072887308206760232e-08
2.583759508207980693e-06
8.524589364184886192e-03
2.889100390961286124e-01
1.704690136897575592e-02
1.542569125592859088e-02
8.290688478053673954e-03
1.166147122984344335e-04
2.819342281795994434e-05
2.034021772796804563e-08
8.634573605114790547e-08
2.811753092710846547e-03
3.748617459096047488e-01
2.075100449947377482e-02
6.195633378341642607e-03
3.931485123723615905e-05
1.112668807810165637e-08
2.162971489001598374e-10
6.459683724011934122e-10
5.097501028352580457e-07
1.441617652431789395e-02
7.832422904096845162e-01
5.825536479756436917e-03
1.589675075945365368e-04
9.955742749874822944e-05
4.542884739575317617e-05
6.584377129254303043e-05
6.507926290137344544e-07
3.436439462494948495e-06
2.100008158296999897e-02
1.616792952096316238e+00
1.490582286849287570e-02
2.793113001670623446e-04
2.415862275140642703e-06
1.122002712111204897e-08
7.960829528452019865e-09
1.103789539320360389e-07
6.670524377756415391e-06
3.194153744856707052e-03
6.491518993738919219e-02
1.909988705961215534e-03
3.469807629904520570e-05
1.686802873173776849e-05
3.608889338839373767e-05
1.230417721382865803e-04
6.872157469412630722e-05
3.774450021179201128e-04
2.830271502014882271e-02
1.936905294031145419e-01
9.839425817030643395e-03
3.297204319363698007e-03
1.653287332577899494e-04
8.549726766152344980e-07
7.245616346174646473e-07
7.431423325230096844e-06
9.675195139315987728e-06
5.842421689655282019e-06
5.188079717660228664e-06
4.309700324771795579e-06
7.064029304450871445e-06
2.671078299257798082e-05
9.169387355515183028e-05
2.422451822928121479e-04
2.564725760719153286e-02
9.242290285099958869e-01
3.088988955704152772e+00
7.954707696081597668e-01
1.490455710917417687e-01
8.744461099436395823e-01
4.576825617043870503e-02
2.784262802980112626e-05
5.723445373310924056e-06
4.802912297572420536e-05
2.646395223792371619e-05
1.450327053468759992e-06
2.703453270064828442e-07
8.312521032557632800e-07
1.166067874162231921e-05
9.802393790315774640e-05
2.672862297186052376e-04
4.519636480714415592e-04
