1.158157734192322448e-05
5.529951438248986327e-04
9.909119491983410244e-01
1.010921251920043007e+00
1.570405301760816399e-02
5.296264828605123064e-03
5.881846671338128787e-03
6.024413305547581324e-03
1.538245123028883022e-03
1.120265412829859510e-02
5.346523603891176375e-03
7.235963371788501333e-06
1.027705351927815703e-06
2.395177018728610096e-05
2.542640576261411402e-04
3.079013734060824406e-04
1.723390940238627561e-04
1.549580184455675181e-04
1.859791375793010156e-05
5.098874961494444512e-05
6.697513811243104020e-02
7.824350768694252611e-01
3.003825426554309619e-01
5.710792150483864349e-01
4.584817781302840678e-01
5.309227072630209321e-01
3.579252045065173804e-01
1.793979736348664034e+00
2.236723939706371581e-02
6.057053006130357937e-07
2.449084156689957687e-08
9.268584688948542873e-07
3.522999727027558754e-05
1.364960792803833673e-04
1.223857884472747553e-04
1.188295928175692683e-04
8.352067136286240451e-03
1.188172534148043702e-04
7.427124876834718123e-04
5.068534969340871867e-03
4.927692883007282754e-03
4.941537739602742951e-03
1.998226403235447285e-03
4.673192539404546694e-03
3.559103721333139320e-02
8.958519039308989740e-01
1.400431676533413217e-01
1.372647672659709514e-04
1.743580565222616601e-06
9.213159326497939744e-07
6.231143022545104600e-06
5.102091242810818250e-05
1.053587183150886744e-04
1.293868640291247207e-04
9.631722291915755241e-01
3.941719409848715508e-03
7.471336006304485876e-03
8.578362785432075421e-02
3.971358037383678971e-03
1.667142995385097830e-05
1.348445549959252777e-06
1.256149364555661548e-05
4.623649934323596430e-04
2.397236961443111394e-02
9.564957351665737129e-01
2.910406194422561210e+00
4.486114327249025868e-02
8.082760183065306598e-05
1.028930215483444506e-05
3.731815120475624628e-05
1.054862104523107290e-04
1.552210672408306437e-04
1.266864538803512408e-02
4.242835132521527094e-04
1.364658941821653149e-02
1.767671803552379295e+00
1.115082203220641582e-02
1.232801348470828446e-06
3.171303130713140914e-07
1.444564585711920874e-04
1.028699695929471102e-02
5.905988136080304179e-03
2.454376612762018683e-02
2.026747945583649013e+00
9.701597404835859972e-01
2.573320566659921278e-03
6.460060964016163391e-05
5.843831859523099926e-05
1.102039442993423354e-04
1.617747658435713938e-04
6.070736001893219412e-05
2.105941455387608626e-05
9.865319353375675074e-04
2.492893104306890539e-01
3.272043477492600667e-03
7.192736472933180359e-07
1.707654447267689311e-06
9.836463963997798404e-03
9.458200763500171915e-01
8.144094740163808008e-03
6.587581376149308817e-05
4.136731329957781087e-04
4.307893225323732034e-03
1.003543891233248846e-03
1.296065333875994071e-04
8.083947203654883557e-05
1.045447226448614384e-04
1.482807358487669123e-04
1.198458834215344274e-03
8.427092594615548382e-03
3.196076361240282604e-02
7.459547282290505121e-01
2.475198419241709732e-02
5.238633151576694880e-05
6.251262242436946492e-05
1.995456276202629397e-03
6.843240246935665058e-03
2.688384053519317926e-04
5.494589488987097327e-06
6.847982005211800761e-06
6.208315821737043377e-05
1.248033491098387389e-04
8.563652250264063264e-05
7.729472506148677097e-05
9.803677586960203973e-05
1.445618064253879204e-04
3.927085503512536130e-02
8.687886386091517865e-01
9.971087872979088329e-02
4.724426508810981862e-02
4.589231484364416670e-03
2.431890511472476271e-03
2.141266463411533802e-02
7.810649118865035240e-04
3.114073509868144722e-06
9.260968802274051844e-07
3.941116708775453044e-06
2.041345488805101693e-05
6.031274000269905235e-05
7.843593524029260301e-05
7.082648648375551744e-05
7.587987229969464455e-05
1.006481676326830330e-04
1.560033587983505584e-04
1.253520453168826404e-03
1.661097692379212565e-02
9.594056396064766165e-03
9.624270668683321261e-03
1.861505430309043667e-03
5.533172868776760865e-03
8.577458605445956730e-01
8.777727651335714976e-02
2.104103578401487814e-05
7.905380691377610349e-07
7.923394260315630053e-06
8.813767292144113067e-05
1.591607541970679039e-04
1.145878426023259173e-04
8.310232229336733277e-05
8.128479687038355221e-05
1.027074356864295112e-04
1.619076680147922521e-04
1.455209327682410773e-05
1.149179140752502084e-04
9.626203221083051015e-03
8.311833177468842537e-01
1.155565225835952337e+00
3.418003832414497067e-02
8.576177186068989489e-02
9.066314030710611593e-01
1.125752780269641783e-02
3.855478980693159756e-05
1.856393224981790839e-05
9.061501594946486516e-05
1.729926486874834351e-04
1.305694595388261030e-04
9.202451033287381804e-05
8.258415332660772479e-05
9.667364033728887698e-05
1.523971358319810775e-04
4.526927085543293403e-05
1.083184052778052818e-04
1.981261791394071242e-02
1.897525977199955305e-01
1.607692594119905394e+00
1.784808974158151595e-02
7.852651172402822313e-05
1.405547174003002591e-03
3.772301259457248260e-03
6.235479375715357198e-05
8.855044938978888118e-06
2.786198859580679257e-05
9.130476529141963698e-05
1.156722096562406781e-04
9.632151918473524433e-05
8.215020369233107321e-05
8.881871518812506036e-05
1.382235732397560997e-04
1.256100187739567740e-02
1.758388604067801300e-02
3.813985986513641180e+00
1.516385401852821391e-01
2.949925460267487365e-01
1.130195692926385005e-02
5.793852174768845945e-07
4.900730458735511416e-07
5.641546388604373502e-05
6.909936515985395727e-05
1.377567239905675843e-05
1.518424768615856944e-05
5.161226666397631427e-05
1.138633675491023772e-04
1.189068136832673468e-04
9.373917364114264783e-05
9.008521831678106449e-05
1.335320843459490161e-04
8.007019894649115566e-01
1.449704457552944747e+00
1.286370043583146980e+02
2.104224412146200596e+00
2.547704539413421454e+00
5.996109596822182114e-02
4.199982340220244465e-07
1.230703563670756480e-07
4.932924678679450085e-04
2.516879430821054517e-02
1.355135158060359005e-03
5.229828659344615884e-05
4.489691142099276654e-05
1.175486230992257467e-04
1.570203893559502699e-04
1.238575459246469364e-04
1.100402389610094105e-04
1.521701863792889028e-04
1.111481263280009180e-01
7.391007204012223220e-01
3.091917119580721351e+00
2.847840789313840770e-01
1.234819479131634978e-01
2.245733258910993639e-04
1.682963641113628864e-08
1.286226114495033566e-07
5.699926508824307465e-03
9.287461295523967708e-01
1.232190632427835990e-02
5.450010381588402049e-05
1.834781652694772561e-05
5.053450959533831995e-05
9.565458125330421216e-05
1.111367765111769337e-04
1.292382240864023185e-04
1.925146899500347879e-04
6.675021823602789433e-04
1.504589757649972548e-02
9.042002153553414801e-02
6.362442078923570277e-01
2.378715646727439653e-02
4.578353125100521289e-07
3.189575961197900584e-10
2.606042410570037386e-08
4.755378747329566929e-04
2.272632882278843511e-02
3.592561394631117581e-04
4.366361848389182752e-06
2.837581494397896846e-06
8.655196214756954147e-06
1.825310005225935425e-05
3.698003838406699047e-05
9.134840187196600968e-05
2.133075322621627394e-04
9.129185004871157028e-04
1.128002098456869391e-02
1.283689500033343561e-02
8.087958245518205025e-02
3.696102985435281273e-03
7.954425064546014901e-07
2.120266887620056126e-08
2.310009271411572647e-06
4.417964366679228566e-03
3.597514756578982370e-02
3.227924098016640340e-04
5.343653649711333264e-06
8.384628824089891902e-06
2.933145100885658116e-05
1.645891282404632848e-05
1.177136108200072139e-05
3.983810051276217629e-05
1.820965858607932818e-04
1.268997963976272250e-02
8.974571453119326581e-01
1.137406285149215185e-01
1.470788677174112791e-03
6.896850549418007776e-05
7.044957965853889021e-05
1.366219016899512069e-03
4.410472160477376530e-02
9.535168863516324533e-01
9.351799217498457661e-01
5.575608371493035245e-03
1.081218355949281878e-04
1.441475100855884196e-03
2.105339762770960799e-02
8.823777512486786611e-04
1.802228745655623683e-05
1.987760983202758124e-05
1.319293213408761936e-04
4.180434695877594740e-05
7.075718645223209868e-02
7.700851265580131999e-01
2.536192245519153666e-03
3.640088194763681944e-05
2.220206065561359902e-03
9.773781750715863081e-01
9.499618824758609970e-01
5.476414370395368131e-02
2.423625651099481706e-02
1.740043064737509552e-03
1.044345039784029522e-04
7.775193112095874805e-03
9.330311335084149338e-01
1.865253172202742046e-02
4.065316282763706680e-05
1.578617174834495772e-05
1.060186827447505604e-04
3.617810894847266948e-08
1.824797300429766857e-04
2.467244507515398144e-01
5.387369111734048588e-03
1.832740061225814871e-05
1.990935785414093184e-04
1.408066603736373400e-02
1.966286863581024214e-03
1.164531180684417333e-04
2.432072304269481105e-03
7.922561673322376860e-03
1.720225202356102879e-04
4.225992015533241173e-04
1.408958082357394080e-02
1.266770573303388232e-03
2.140303038939402608e-05
1.918882128058423006e-05
1.222623157570676444e-04
1.017862969027791873e-07
6.405665595209525387e-04
7.192319879391105841e-01
9.565708630074011218e-03
2.863786399181046251e-05
5.156650215877400220e-05
7.393040057040963832e-05
3.147761992212985525e-06
4.282490193149844761e-06
6.332962242699180337e-03
8.979270067298338320e-01
8.052282391792690841e-02
5.672662343558308728e-03
1.236679382476516247e-03
6.128451494653508404e-05
1.177995607002176617e-05
3.554941584736176870e-05
1.814215996490466413e-04
9.198729951126972387e-06
2.775513440501396062e-02
1.199911126205670087e+00
1.145299538115677335e-02
2.014700208548697320e-03
1.838661401641055251e-02
5.111288735075028913e-04
4.465159136144338369e-07
1.214467040541742955e-07
5.069371356378657412e-05
6.038655419360432902e-02
1.946622670383617582e+00
9.536027922485597053e-01
8.952946763427593532e-03
6.895273534622198340e-05
2.044119697318583901e-05
6.916858651175595012e-05
2.277309194651283195e-04
8.160865739968633245e-04
9.791658529800497668e-01
8.453698050975825273e-01
4.551554346494322140e-03
2.225857520308789292e-02
9.123476059950625938e-01
1.430008485804480124e-02
6.883253983080240556e-06
2.236486887471264430e-07
1.945849897382070854e-06
1.539347473154527323e-04
7.448907923638795926e-03
2.079199033569229665e-02
1.113866641493694350e-03
5.146211105507791749e-05
3.568063671441220962e-05
9.162726952384461711e-05
1.998654056711550594e-04
7.948549390413971183e-03
3.013134489415583595e+00
6.131962474062897794e-02
7.841682119709119238e-05
4.896566254209729204e-04
1.833393452353628689e-02
2.875905934818587251e-02
1.248355245184135272e-02
2.551766525210111530e-03
2.130220835872061614e-03
6.345608107344209454e-04
3.700715855138361066e-05
1.114939375252478151e-05
1.294023433455866951e-05
2.344233103924649468e-05
5.445023444789265431e-05
9.918330334963675336e-05
1.536022224196388023e-04
4.662077472630915889e-03
1.954324187178951844e+00
2.482653594671516833e-02
6.039525083647830431e-05
4.347518336905792304e-04
2.524544284264170890e-03
3.013200729741550773e-02
1.857046213655977773e+00
2.112842006386193905e+00
9.028852171272052640e-01
2.390447672567670365e-02
2.873452467367578909e-05
1.566390304621598864e-06
6.617992147696468172e-06
4.791001584941317903e-05
1.139834812468816695e-04
1.245290500655372599e-04
1.456324102687373901e-04
1.285822377219233113e-03
4.052358836670505227e+00
2.869128400982884575e+00
1.555602829283123378e-01
8.517086643943225788e-01
5.813488487211353889e-02
2.925360324672831702e-03
1.068612408083362969e-02
9.010674387857534051e-03
9.350987328097635706e-03
2.438561507465026278e-03
4.528666519180704543e-05
1.012340967117818054e-05
4.495012166456666754e-05
1.855708068398879247e-04
2.468894798883683830e-04
1.978377723238313227e-04
2.031137880383655921e-04
