4.218910674716977742e-05
3.358263094016313699e-05
2.954725264660653018e-05
2.971153503489251001e-05
3.210543847645205845e-05
3.321882465374674412e-05
2.967221538949466817e-05
2.251610773521535059e-05
1.649319940422093824e-05
1.441193414815662806e-05
1.690260021037428637e-05
2.396741404429406186e-05
3.129997606762873971e-05
3.079815882875215117e-05
2.475560340999530921e-05
2.143167070362718413e-05
2.385066838492785245e-05
3.294573629976974797e-05
2.065566205018064635e-05
1.263363582338462207e-05
9.196190970674805103e-06
9.150049748812705348e-06
1.403562653657632677e-05
2.497215361101760042e-05
3.413408455843729427e-05
3.138627366768760607e-05
2.193308810135342370e-05
1.504353052891643865e-05
1.277812902362188188e-05
1.425696030422784936e-05
1.773651473456761945e-05
1.905784028896299125e-05
1.667591159616301912e-05
1.484737554480201965e-05
1.700946871411605893e-05
2.544996058278491474e-05
6.219657549452998295e-06
5.098517367570979379e-06
2.954254540862562534e-06
1.319425736382838134e-06
1.947144075548211862e-06
6.860222738103761624e-06
1.977622092619976040e-05
3.927234403730482898e-05
4.683049927897427433e-05
3.220001794554099169e-05
1.839874376140127884e-05
1.324702571266602419e-05
1.357592105715065196e-05
1.564836935779314692e-05
1.550520573682312445e-05
1.400022090678923951e-05
1.515108192212782484e-05
2.221301749761762849e-05
1.804474519401796476e-06
2.448746997639006132e-05
2.788520204902786694e-05
1.302624296537173333e-06
4.029159495840324794e-07
6.178938065626922702e-07
1.001525483606942592e-06
5.626554088907069743e-06
4.038444563699244809e-05
7.063154703446306503e-05
3.994049461000846144e-05
2.015533198728150299e-05
1.574599231902827425e-05
1.715256291031908687e-05
1.754371906622520803e-05
1.528786565094078203e-05
1.511961092889754225e-05
2.109559735349774887e-05
5.453464314773041975e-07
1.554658671849327685e-03
1.782188261481424882e-02
1.715343977813649364e-04
1.150728901702255246e-05
6.382952692132882782e-07
1.041837542873783103e-08
2.956426090014046984e-08
2.912388624043074676e-06
4.304874668248163792e-05
5.315569162947169995e-05
2.965119467599188768e-05
2.041506396778285649e-05
1.956975938325723286e-05
1.889861382042743013e-05
1.614973531944224823e-05
1.570578526160557376e-05
2.165913204846711503e-05
4.818129155551442659e-07
1.866944433881338045e-02
8.924041847218506796e-01
4.721296180635358580e-02
1.760545249337360299e-02
1.851746248339220424e-04
8.029528486014160918e-09
3.626602037156874828e-10
4.625662481674744417e-08
3.153019818334683286e-06
1.401811292862819010e-05
1.789854062927047427e-05
1.708888033282403960e-05
1.814128363588665661e-05
1.896000895604563351e-05
1.763553167286556399e-05
1.776477808023819736e-05
2.370110332859092509e-05
5.897977548910952493e-05
1.097400531263167389e-01
8.122102345175435945e-01
3.364040592836100574e-01
5.794429537312315581e-01
1.788011638330121167e-01
1.621080474254278498e-05
1.191179889559548639e-08
1.996225675115414390e-08
1.744028365280937461e-07
1.502147538772469329e-06
5.453828759028346823e-06
7.033687433075326361e-06
1.057528387274868833e-05
1.781528901090688607e-05
2.147994588048578223e-05
2.126057917830920414e-05
2.472285656129106799e-05
4.276196138826105636e-02
1.730120311727031623e+00
1.484120184726788638e+00
1.424762966686486498e+00
6.909824966453079753e-01
2.613701345375718521e+00
6.352819940523583842e-02
3.584200412762502405e-04
1.067277207782179300e-05
1.047954330973834091e-06
7.030947397829863355e-06
1.635658834277994167e-05
3.516909685818118663e-06
3.655311716218573580e-06
1.316246891329324701e-05
2.504282555491040829e-05
2.338322253950657708e-05
2.257956361471521019e-05
2.264193145707019475e-02
9.598865222904462424e-01
1.065437393543710476e+00
2.523312188738016548e+00
2.406205610602865974e+00
1.640091326050319598e+00
2.877522952562916458e-01
8.511166971787804680e-01
5.478293790803315244e-02
1.033340846265016176e-03
1.208835307667238505e-02
2.318113127713469692e-03
5.542349231219680362e-06
1.164392835913191911e-06
7.796025791422784261e-06
2.466019150743958683e-05
2.284231592102273296e-05
1.980867957358346264e-05
1.166484117481321703e-05
3.736715448992778549e-02
3.067442036618609702e+00
4.710456060686782465e+00
3.251236200285600564e+00
3.723625084914152228e-01
5.588635925863102288e-02
7.975988340327946347e-01
7.353896111657103052e-02
1.204403360818784643e-02
9.098060605359158393e-01
2.798331993534176540e-02
4.882505481465203335e-06
5.495244493420678554e-07
5.801829467252793104e-06
2.419187086500349578e-05
2.279248125640799340e-05
1.947147584038316919e-05
7.742582961784690467e-10
6.813366556294697923e-05
1.448412135498318154e+00
5.575237905551245099e+00
1.837237469511772803e+00
3.616989931521810142e-01
1.519095916302494187e-01
5.210035731377255647e-02
3.422714542941830045e-04
3.308832830337972691e-04
1.779867682255824313e-02
3.670440477065103099e-04
5.800643471699351513e-07
4.411407745723048453e-07
7.134318985058882527e-06
2.709572853112996861e-05
2.450281457943967437e-05
2.130289898429801786e-05
2.079064087793562640e-10
2.126621338740321580e-04
1.119639192944741790e+00
6.978500893335906063e-01
3.562796723028883061e+00
3.636570810412126598e+00
7.372337272708133771e-01
4.471277745158454275e-02
8.878915736834606812e-04
3.167403490824076320e-03
5.706212320183960511e-03
1.665713257811744997e-05
1.886993784696805195e-07
6.616328814807842632e-07
1.013363161479198381e-05
2.851907115102150564e-05
2.454886957188322198e-05
2.249316549897900243e-05
7.160114772944248423e-09
9.080549161174185369e-02
4.934031784417228295e+01
1.192889305366807484e+00
8.647120080587406221e+00
1.800737058910359734e+00
8.680840912251342606e-03
1.049724640200750412e-03
5.248524692924932782e-03
9.396178608284885270e-01
1.025590305880899722e+00
5.083593328166145483e-04
1.499778805167725765e-06
1.612300068687706936e-06
1.098926016970864704e-05
2.374068553834878469e-05
2.146230889097616075e-05
2.196940341686358375e-05
1.902235895156972621e-10
8.127895566742868671e-05
1.179086291744984250e+00
1.268650072828844566e+00
3.060014773204827510e+00
3.549612380938714229e-01
3.198141479271310187e-04
2.531562857989012907e-06
1.805126201679400417e-05
4.535350287989921986e-02
1.949524128960023583e+00
1.049468703509285651e-02
1.776026730976219828e-05
3.669816689423123743e-06
9.923905149800819585e-06
1.839170576626836500e-05
1.892226727947626425e-05
2.185319175646058306e-05
7.349912149041549721e-09
9.318526430606669398e-05
4.215616155989413971e-01
1.628836738546386997e-01
1.629067704032446939e-01
2.579666879115506184e+00
2.391045933862441172e-02
1.691643480993342215e-06
7.330902350317898487e-08
1.898484006399395004e-05
4.709067598817391447e-03
1.381240784616214389e-03
2.455939237800393865e-05
5.717765697431864931e-06
1.008824928265483532e-05
1.679509644915088925e-05
1.900223322732775207e-05
2.315340934831368566e-05
1.461055768025948276e-05
6.522997154307169469e-03
1.240490836612384157e-01
1.371507181421152341e-02
6.871343785432468265e-02
1.157967725676348314e+00
3.977311731313409870e-03
4.771371291688486703e-07
2.790708504308344444e-08
7.765254973527442799e-07
3.628925178243191713e-05
5.587137907491437650e-05
1.289785481357828642e-05
7.809371995629930236e-06
1.230206035428053678e-05
1.794179720998288289e-05
2.019957508511080276e-05
2.404385163204087884e-05
3.714140111849015921e-06
2.058135658440995384e-05
7.620224434027824843e-04
1.084518036599270152e-01
1.709109438127053071e+00
8.342449083700661031e-03
5.586610337392425415e-07
9.000275753002133493e-09
8.344594528115502802e-08
2.557091865346402249e-06
1.653027875665739790e-05
1.889660702205746685e-05
1.148515405685342291e-05
1.098259133901716229e-05
1.543650730317402996e-05
1.942938760550636613e-05
2.035515140013492583e-05
2.321396713256268038e-05
1.218827997315486000e-06
6.039837574186267944e-06
2.938365583100497214e-03
8.719098257576161082e-01
1.792537791912247880e-01
4.764723405522398652e-05
2.859869037104015936e-08
1.222341529480028613e-08
5.248942505062695232e-07
1.310892952331483920e-05
3.264585289976150103e-05
2.237117204991422885e-05
1.407817285023741543e-05
1.387268468896799657e-05
1.765025062253089573e-05
1.991029502121837973e-05
1.959062559224646687e-05
2.223566755732618596e-05
9.374795982093263880e-06
7.980308229873233109e-05
4.111159943084951793e-03
1.306894015828512744e-02
4.014605605322207373e-03
1.248638851342346711e-03
3.529988537772591611e-05
1.010016965460487228e-06
1.928108067310118192e-06
1.888468010117178117e-05
4.002217223693860986e-05
2.466388536533507993e-05
1.518598123366884428e-05
1.488280764296488533e-05
1.789807238444500611e-05
1.899597217199078445e-05
1.871531360802633045e-05
2.246445458183893119e-05
2.233249799663781241e-05
3.392900792723648352e-05
5.525729738053245394e-05
1.262007305057903574e-04
1.531181228002355746e-02
1.901856765823237705e+00
2.869162034731618377e-02
1.226432733445360635e-05
1.883843640934473623e-06
1.172501368850430147e-05
2.843482502062323221e-05
2.081605663823833145e-05
1.476645305494857542e-05
1.487756384359535733e-05
1.657539977541683791e-05
1.673992261289925664e-05
1.753126652672501879e-05
2.339592315782033780e-05
2.187098592780926522e-05
9.011798821562363505e-06
3.016689572609676242e-06
6.390440169575908042e-06
8.435953505736666028e-04
3.116686867651796700e-02
5.815084891252031256e-04
2.155561992819934179e-06
1.331474901417754096e-06
9.115633395736294964e-06
2.061152198611750365e-05
1.830873292790836856e-05
1.589240888376985619e-05
1.587203097273451219e-05
1.541838341071719064e-05
1.454310755090589264e-05
1.636880937835856833e-05
2.440275961729162572e-05
2.437781628075359628e-05
1.038108678532103675e-05
2.907883434085043781e-06
1.204852066708164935e-06
2.026694596442115511e-06
2.852344045169431357e-06
7.993151570378254687e-07
5.134686654630698213e-07
2.671916731635157409e-06
1.323119067125922362e-05
2.041689752783489259e-05
1.974794693263484595e-05
1.937462812258822131e-05
1.802278619581358833e-05
1.510551259960233880e-05
1.334937058851940915e-05
1.561951773346088076e-05
2.495520634069152286e-05
2.776638483441416064e-05
1.798670616993194114e-05
8.593209449609219154e-06
2.563809996941883450e-06
7.337218717358089376e-07
3.732095783418446528e-07
5.271433416295535227e-07
2.192896005858172717e-06
1.072512770347282675e-05
2.204136333282877681e-05
2.218019688377870414e-05
2.087881823847717282e-05
2.072884259046590388e-05
1.843891263087826056e-05
1.485172858931224671e-05
1.298322299358685188e-05
1.521284338488112782e-05
2.470016403351431812e-05
3.001155262349479062e-05
2.538066716883949632e-05
2.203045443523338491e-05
1.463067050093398224e-05
7.996971048629305514e-06
5.870622346632726540e-06
8.157324839737933219e-06
1.688719604700717651e-05
2.829804971407591667e-05
2.808387194440963491e-05
2.197537874258651005e-05
1.928400309392389064e-05
1.883085804649268100e-05
1.799090087926145059e-05
1.636373893135216115e-05
1.528004096942940345e-05
1.751691522255187871e-05
2.684723773172027105e-05
3.481632626426245343e-05
3.276215909307325148e-05
3.764092098724322117e-05
4.319469265938044795e-05
4.478176327485374565e-05
4.467753400447999122e-05
4.585723087199689951e-05
4.690274099813306438e-05
4.246151751022030410e-05
3.233728858107027361e-05
2.415120444268364444e-05
2.074973631536314702e-05
2.067016265199586938e-05
2.246232342855996832e-05
2.420351016880905543e-05
2.464679147468879815e-05
2.704528724429406777e-05
3.600483897154014488e-05
