1.582462220105184877e-02
9.411863997914371449e-01
2.193723020386054157e-02
2.784276948503021701e-04
6.235215331227827833e-03
9.338620536998126775e-01
1.026271034748218014e+00
2.280312726004890544e-02
6.743521148890104389e-04
2.930248131169384913e-04
6.668810969821165112e-05
6.454490753495557063e-06
6.526430764596189111e-07
1.256023947672510614e-07
4.592984447339305010e-07
7.792991744067444452e-06
4.690539224437821218e-05
9.040806151571136745e-05
2.734810074271691967e-05
3.000156447280681593e-02
9.952665950087428159e-01
6.021262880261677580e-02
2.250609683568084718e-03
5.440477921897873999e-03
8.249106568798574013e-02
7.832696797868415883e-01
2.183871278764849766e+00
8.808092552465623948e-01
4.879218251072833107e-02
5.903014311590157152e-03
5.181700762220813072e-05
7.138501122983635563e-08
3.321973527339988884e-08
1.302941914821601684e-06
2.198430878369702843e-05
6.719971242140044220e-05
5.870823745760334708e-06
3.617254690896666135e-03
9.811705333758875547e-01
8.344317508521797988e-01
3.107421865891757742e-02
1.755745928370236811e-02
9.264034708392978809e-03
2.705430710127362109e-02
9.889445390285371840e-01
9.080675872570678209e-01
1.367291642322674416e-01
8.544729978701126605e-01
6.784275110358162220e-02
1.905554036581796502e-05
5.755587909612468218e-07
3.107070522474965972e-06
2.160681904190128318e-05
5.654487846822528610e-05
1.041947082184654146e-03
1.629047442116726696e-02
2.163980621523347789e-02
6.799037684633792156e-02
1.890070050183263461e-01
7.168540133641698731e-01
1.087446894845251338e-01
2.320065812132117433e-02
1.980592944335000591e-02
3.182924334697124027e-04
3.084497267170089175e-05
1.062156489599564747e-02
9.222425929352978669e-01
3.626676912663548413e-02
3.318738692604621121e-04
4.038341116308181517e-05
3.236333587642208152e-05
5.305207981836574299e-05
4.796438509701584502e-02
7.888764296035885026e-01
2.786326124986417407e-01
6.992429526233762127e-01
8.100355908256559601e-02
9.967838412490463360e-03
6.778341496832178403e-02
8.565745155096610164e-01
2.864709099941766327e-02
1.191427418950000935e-05
9.640875928242408780e-07
5.485251098120897707e-04
1.174882391075833254e+00
8.727551105778000862e-01
1.386400397408096537e-03
1.497983827739075490e-05
1.140972925688250206e-05
4.045387149197145692e-05
4.507220062924171340e-04
5.449007557622840420e-02
9.210560267029045400e-01
1.042667794805116177e+00
2.584198984915086995e-04
2.472503122139006088e-07
1.827131906835628155e-05
1.409679736530503394e-02
7.635276749159835598e-03
1.118276048186041174e-03
3.644119432980485150e-03
4.406084434209929512e-02
2.729438472951451811e+00
1.168421089592871720e+00
2.395708001375719336e-04
5.042533408004114314e-07
1.139240871998356190e-06
2.209802881309276814e-05
3.678730217866714452e-07
2.115155760897488793e-05
4.974482778954841290e-03
7.144202189800857861e-03
9.511435915894800153e-07
6.611343395902834519e-10
1.062785393947814833e-08
2.180676804327768997e-06
6.228812392064244860e-05
3.197743655456746631e-02
9.041332155140835436e-01
2.720702148058726927e-02
1.546085181642562756e-01
4.924964707895142624e+00
3.028768986711980610e-03
2.620370502654987469e-07
1.586274815230366570e-07
8.273108842041706346e-06
9.815215424039016776e-08
2.341545016883213721e-06
3.642180890908683702e-03
2.902627855053733358e-02
8.332150286754509745e-06
2.760354845585039060e-09
2.567132325601072780e-09
5.533678428696566860e-08
3.254878132112684009e-06
2.917132735495518887e-03
7.658861835944497098e-03
1.329123829422185752e-05
2.469446630928334892e-04
1.892702115718077671e+00
2.510760266700945778e-02
2.860193545267972676e-07
2.086831755516130904e-08
1.551229115118359428e-06
5.696847856022676329e-07
5.577022093801588487e-06
1.269544087121102401e-02
8.981110121213783382e-01
1.368278993438927591e-03
1.436204567058087831e-07
1.477219966443418900e-08
1.662190800273416545e-07
3.598717548753064462e-06
5.853459717867175979e-05
8.482579698645883529e-06
3.970005666127953790e-08
1.379601686961197815e-06
4.582586684361214524e-02
3.765725856312447661e-02
1.273122854674060810e-06
8.830438421636829084e-09
2.516668340475148753e-07
4.813724698951238100e-07
2.325043897664025412e-07
2.953988074555153259e-05
4.030367320074224047e-02
8.189127285830270775e-02
1.118801024579665557e-04
9.288608059549821373e-07
1.722770066648952481e-06
1.060866603947476018e-05
1.017331474935069165e-05
7.248281711650594530e-07
3.721985802695808036e-08
8.576257284909532123e-07
1.463542416294119457e-02
9.502373123919682918e-01
4.286628898708604398e-04
1.613654235509018001e-07
2.490429190817491211e-07
2.989759842198635329e-07
7.444382985681943674e-08
1.200522635579730772e-06
2.801172272004046667e-03
8.407068506991995926e-01
2.285108788073325972e-02
3.563261308662561623e-05
7.982387729847051442e-06
1.505142592553427654e-05
5.132905270237616747e-06
1.527216797094279228e-06
2.488582265940760661e-06
1.384804745956363660e-05
2.238577439425974182e-03
8.837143393709184780e-01
8.789190906628202571e-02
5.637098267544820608e-05
4.248908379112314131e-06
2.258461026031659899e-06
1.012715386888726429e-04
9.674119778429697558e-03
8.679671164604968459e-02
4.881629140905736908e-02
5.344157838112961398e-04
6.060074239432864381e-06
4.444692100770884386e-06
6.835982445124380032e-06
1.702090085258447230e-06
6.169577596540641458e-06
1.233718930483764659e-03
4.548970877609960668e-03
1.902342504037216704e-03
2.019180051812328458e-01
8.696393208450547974e-01
2.065598247524822774e-03
2.839773883886437985e-05
1.219974453425816742e-05
2.629553839198990953e-02
1.592946238185189145e+01
1.900561883336855828e+00
1.809883218791613060e-03
3.250120289914788627e-06
2.966528400332636504e-07
1.380037816965506896e-06
3.122342579363627569e-06
7.702807480895661105e-07
1.053986984906399406e-05
4.093156090450360968e-02
8.761747541312169263e-01
1.203418329688328847e-01
7.579722160482716964e-01
9.983256947863969333e-02
3.579037726318256164e-05
1.258530075932112577e-06
2.934615247889603731e-06
1.380730899121291244e-04
1.421797364777048663e-02
8.809434837801261020e-02
1.840168984524294046e-02
1.005901871704369431e-04
1.440661465441160492e-06
1.947620015410714914e-06
4.484967934750079209e-06
1.242674949127779422e-06
3.622046086092674194e-06
6.416054058361055600e-04
7.399670437794637901e-03
1.101665004845145401e-02
4.140645385791338895e-02
1.438177637055406701e-04
2.658056433759198725e-08
1.816051544733234734e-08
8.889283230394325712e-07
1.743126421791652351e-07
1.316082057136758142e-06
2.228762763597214123e-03
9.015784523363256087e-01
2.479433717456064334e-02
2.908945445646767894e-05
6.126742996763506860e-06
1.150623320796020239e-05
3.497323024785711193e-06
1.008698069006302834e-06
8.533331203370688409e-07
7.224875791908769809e-07
3.766921215552311765e-05
7.365918394276636458e-03
5.279718806139086477e-05
1.006798877318158292e-08
1.227573389017285916e-08
2.570970178987758216e-06
1.049777884639132623e-07
1.436077908424555056e-07
9.053883585576934364e-05
2.555039941271696619e-02
2.196346856081521706e-03
1.672000608502827984e-05
6.791450258705691827e-06
9.455845734824034569e-06
3.161884971194595199e-06
1.760183310960506053e-06
2.085333153246115642e-06
1.887931819093412990e-06
3.903482653886241054e-04
9.514334872726966097e-01
1.559446563612940789e-02
5.571844392180404941e-07
8.209821873180828441e-08
6.704011303305638840e-06
5.274864029923687050e-07
2.043854216196119913e-07
1.072865466764043427e-06
5.068348977812582774e-06
2.375854826198931848e-06
9.913456867996950958e-07
1.190856852196019597e-06
8.590421809711036482e-07
5.445015410442484885e-07
7.026446691749554110e-06
1.853773507303308702e-03
2.652481470598904920e-02
9.380320438039550790e-02
1.921863619840115778e+00
2.998588475154835564e-02
3.965580679801185270e-06
4.482934991867187118e-07
9.980427468157614503e-06
8.029531001500723593e-06
6.766162125508035378e-06
1.199020535766127465e-06
1.752140647725290843e-07
1.665252116894148743e-07
2.354375097081353060e-07
6.811901393682767452e-08
5.315221583789393570e-08
9.522081104415087779e-07
5.765673276748525811e-05
1.873288479641179241e-02
7.848251589594679167e-01
3.203819845359195256e-02
6.442484098135603000e-04
3.413467570462993953e-05
1.668833746261779587e-06
2.360373052093134197e-06
2.973595024274838845e-05
1.568371833153998311e-03
2.101125691791936451e-02
4.737482313422642114e-04
4.366795677954440690e-06
6.198305544041985950e-06
4.576981155724279140e-06
4.387130971671960719e-08
8.555978142731775187e-08
6.608555374799569317e-04
4.259767824395596647e-02
2.470113469271426054e-02
1.982267763325900600e-01
3.493545523171051864e-03
1.000794227869137051e-06
1.115721800983942779e-07
9.644791534429392726e-07
1.396302393069394038e-05
2.982806571146376297e-05
1.474872310321607809e-02
9.289945898597813390e-01
1.047661985824393030e-02
1.387388120411329974e-04
4.362938338052649474e-03
1.088629659369068185e-02
1.424490335324400940e-05
7.792927141079442849e-06
6.505729194983893293e-02
1.728292056495159157e+00
1.641546370298927471e-01
1.690531366055225249e+00
4.244895049733016235e-02
1.337477465127065529e-06
6.177254340475415442e-08
2.090482234636722574e-06
4.904644107118478173e-05
4.311376605515001614e-06
6.600609684168428845e-04
2.178279969456043547e-02
5.018083395276081403e-04
6.661685429382300692e-05
2.721103001746083896e-02
8.954656391563370343e-01
4.813724952463493273e-02
9.127207012215138651e-03
1.882764864268352684e-02
3.047954763337729772e-02
1.332713834111093898e-01
1.062855997178491441e+00
6.727067004181655659e-03
1.133830914152982160e-06
2.171281809139090058e-07
6.522064103593849404e-06
8.078885051407611842e-05
3.901781368453124327e-06
6.923943373273055589e-04
2.333550965242095140e-02
4.361145635411423863e-04
1.266969881585052658e-05
1.551674766080977149e-04
3.238110378913178818e-03
9.488783235748660116e-02
8.095606010974270017e-01
6.034278795146826024e-02
8.137423685171248089e-02
7.800962742726759158e-01
1.556834849976655201e-02
6.552159440705298887e-06
1.288669064343332845e-07
7.668886077111964799e-07
1.719205839305807963e-05
8.337583270824061176e-05
2.338160027257453485e-05
1.530939409441199259e-02
9.261106047267650965e-01
1.256530968716068099e-02
5.621415477643128278e-05
8.706903466385672834e-06
3.580012336549817441e-06
7.908504146650872663e-05
9.702044192309642115e-03
6.535991063240990939e-02
8.689294775066879195e-01
1.183474579515035457e-01
1.116294132798191784e-05
2.607648475340225958e-08
1.056938222589844491e-07
4.458454034974705885e-06
3.921755084813026686e-05
7.679586380678753187e-05
2.124596490854821468e-05
1.397292614748611239e-03
1.867935556843260472e-02
2.846331408732171494e-03
1.352966492406081772e-03
1.445389601466425108e-03
2.585128902969645087e-05
9.487750372370975443e-07
4.152603247674305440e-06
2.529332392988605112e-04
3.356710506234632935e-03
2.254568422233799296e-05
1.110268167456519177e-08
7.089758012544222024e-09
7.806555313347654651e-07
2.640972562297092395e-05
7.391300762735454014e-05
8.002933924214087800e-05
8.074071638186533750e-06
9.685090246579943353e-06
1.177133814412594845e-05
4.879614103172676159e-05
1.377935471418758294e-02
9.641704823643705291e-01
1.214283544837871029e-02
6.903009527810841938e-06
5.480346350621551152e-07
4.833191784970925494e-06
1.472390648708484400e-05
3.860398740875311679e-07
1.878863964403232414e-08
1.897603394592193743e-07
1.120899313261093419e-05
8.725770885806611210e-05
1.135297213052493517e-04
9.928882198998798653e-05
