1.470402901402982970e-05
1.392424321564624779e-06
3.111797810650326594e-07
7.639703738810256575e-07
6.431385491069753953e-06
4.425643552967142770e-05
1.472257995988270789e-04
1.869379598844505457e-04
1.678387924965197035e-04
1.734191584379436604e-04
1.688550070394419006e-04
1.382977850565094184e-04
1.073931523688794018e-04
8.752275721939080735e-05
7.810753024068130767e-05
8.381668051983530595e-05
1.237183019264949109e-04
2.515425257836792342e-04
2.891448262650731616e-05
1.117213417313754494e-05
3.305977847208991390e-06
4.425333417323443127e-06
3.453419591097021127e-06
3.421888689025784272e-06
1.005682088879434111e-05
1.221795506038115613e-05
1.332302029684422514e-05
3.571201010658191211e-05
8.219159859379875500e-05
9.617638679717581342e-05
7.754106136946328494e-05
5.612708570937656010e-05
4.251457430398991637e-05
4.058878464014210359e-05
6.049715710665202898e-05
1.457151929971972268e-04
1.667355738059911503e-03
1.928041635069476997e-02
2.669105707862750795e-02
1.918571981016086933e-02
1.096651804963829507e-04
1.440282830523931990e-06
1.710054800356833048e-06
8.841026167102407218e-07
8.035388494461834073e-07
6.852804872866832922e-06
3.889620044830528794e-05
7.516630818889954925e-05
8.739387958619972835e-05
7.019183694297144915e-05
4.729113706249802088e-05
3.691448407767182683e-05
4.697036523764639381e-05
1.113265099897209971e-04
2.684865524756617494e-02
8.707737255280307842e-01
9.840521975572222857e-01
1.918451066133702865e+00
1.359064937413955419e-02
1.650864811235272197e-04
1.876013985638437618e-04
2.273674412264801504e-05
6.535559807394962299e-06
1.354343965941305707e-05
1.063920157968358316e-05
1.531311599954122789e-05
5.138487792558269027e-05
9.052224263519752234e-05
7.252880421074483998e-05
4.866082568815075074e-05
4.952851989838227717e-05
1.034714021123440589e-04
1.638564015348571712e-02
1.076881727574504621e+00
2.966903819219897653e-01
7.695239790919046197e-01
1.192624959919580174e+00
9.936567379905805186e-01
9.440134693795184662e-01
6.879530341382063263e-02
9.861825708496340867e-03
2.500774633169135599e-04
1.024770950489344687e-06
4.483012340559116262e-07
8.091499453188689270e-06
6.351289158893623661e-05
8.868674275671741621e-05
6.157506265428257914e-05
5.544165626394194558e-05
1.051745507756340100e-04
4.036835311191673678e-04
7.012224190103758525e-01
8.297377887519093997e-01
2.464789298495444481e-01
7.196929217516713218e-01
1.099595092594327639e+00
8.749702572035481518e-01
1.027538606863140691e+00
8.811456797166955512e-01
6.419144204038641777e-03
2.551800740856376995e-06
1.590426770556175032e-07
1.866788762577725133e-06
2.706479675787428754e-05
6.625245304206974916e-05
5.867449803637546054e-05
5.730109826075094147e-05
1.107011037907646345e-04
2.973100419201098643e-04
5.763320052400472404e-01
1.778902374985983803e+00
9.951273537684633685e-02
1.049822049235263864e-02
4.157664118186253470e-03
4.398578373170040218e-02
1.237631211163712441e+00
2.877881118285305462e+00
1.167252739604157874e+00
1.114985821435749390e-02
2.566502081084911645e-05
4.268125864789950195e-06
1.523225644187664406e-05
3.978967065482417071e-05
4.701333202863861103e-05
5.802690732645917373e-05
1.244261889715266500e-04
1.358611737833497445e-02
1.315132578606767355e+00
3.331712692828295630e+00
8.171160692978186590e-01
7.678222680334130523e-02
8.130963539603054679e-02
1.034403482101316385e+00
1.469731097738514070e+00
3.901678388971838163e-01
2.656451963003391814e+00
9.644146639446921077e-01
2.062136065643796826e-03
4.850070261333085841e-05
3.269052041558415529e-05
3.849006596941866791e-05
4.315839098437607618e-05
6.572254565036474074e-05
1.565307565663032793e-04
7.508037505513411036e-03
4.650385503340523363e-01
2.994297144537929611e+00
8.625542558039993590e-01
1.719877019988166333e-01
1.439515357457114675e+00
1.380451030025147130e+00
6.866345158399116133e-02
3.034107661882421217e-02
8.483777404408192335e-02
1.044194089579509183e-01
2.527124109516755771e-02
2.014080441441926540e-03
1.747239103510913043e-04
4.845894449558687319e-05
4.091953852426233936e-05
7.430129020430019870e-05
2.035064253731341225e-04
6.418607250347062310e-03
7.353366980896719474e-01
8.953295939723312502e-01
3.756837237926594769e-02
3.999918440378941176e-02
1.561625623326640122e+00
5.864661844641637645e-01
1.737256871975543238e-01
1.818143205863182121e+00
9.440777893480337690e-01
1.084365661296832650e+00
8.681931062901907525e-01
3.462926144159464599e-03
4.156868548541196927e-05
1.936580136039619797e-05
2.155411450215509968e-05
4.882142878982839056e-05
2.003798986950743727e-04
1.857504490875437251e-04
5.656903584438190830e-02
1.193038670547671154e-01
5.173651758790396432e-02
8.908334814203553442e-01
2.510801293540423806e+00
1.051343178026839936e-01
7.034180299134031034e-02
8.018398280674091660e-01
3.009375345221965703e-01
6.621574250736141920e-01
1.446185713171666276e-01
6.197412098768117724e-05
5.567736322175733407e-06
2.232565364504515433e-05
8.941433476222343976e-06
1.142770777754150353e-05
1.021657896099191113e-04
1.027454840630255577e-07
1.246957542942989626e-02
3.006833843941458362e+00
8.966257191995117282e-01
3.047235212850928576e+00
1.426722705174136019e+00
8.027057767350177786e-02
1.645011892470961412e-02
4.331994873140577323e-02
4.717036053015948721e-02
9.294651514495952394e-02
7.550781819561008801e-02
1.446914327508022321e-03
2.732492192071091230e-03
2.286057303952623247e-03
8.892615388180293202e-06
1.639064530436025439e-06
3.364757143241186476e-05
5.773246807034952638e-09
8.708669249805796320e-02
1.666629253541912874e+02
2.455034752948257459e+00
2.502858428663752743e+00
1.121312549757141319e+01
2.423729014939182136e+00
5.100865327308051755e-02
9.843506697843633357e-02
6.120589114996446423e-01
2.955471532967230419e-01
4.891597260530506919e-01
2.463479069098003793e-01
8.257449963110592428e-01
5.345308909984441970e-02
1.015987477471084963e-05
6.607198131079276276e-07
2.017493554771014993e-05
2.869117491825294687e-09
9.460310329289956400e-04
2.012476445972977146e+00
9.398331751301033377e-01
2.378061800066420428e+00
4.611821535204959410e+00
5.920672954011686473e-01
4.542737415475042208e-03
2.879624249753199357e-03
3.801573464926227136e-02
1.131362558892067410e-01
1.764663128743030607e-01
1.330601556570570540e-02
7.320597316880971851e-03
1.404623221627391378e-03
6.078653114947553622e-06
1.756780412328776207e-06
3.907480047338880523e-05
7.438420240598984433e-08
1.105517607204379964e-04
1.179908553865120224e-01
1.022402043921281978e+00
1.353875617783440344e+00
1.783618895423098483e+00
1.317481437354321550e+00
4.780226437346982854e-02
7.944185572952549429e-03
3.231485872346568505e-02
8.405139981179051700e-01
8.979293488327437789e-01
1.448140895678926314e-03
2.891904358059175386e-05
1.961593142599415797e-05
6.955031078049635054e-06
1.219923892563097483e-05
1.114315023963823059e-04
2.423381522110608496e-04
4.676723123280125682e-02
1.715553787811341602e+00
1.170593216203997811e+00
4.482085534281194938e-01
4.882378147609839347e-01
2.368512082490188964e-01
1.561128719072463755e-01
7.153840170956861089e-01
1.268431267719150268e+00
9.252299911058222692e-01
4.555981482859447484e-02
9.353855133798196701e-05
4.838036201832349227e-06
9.594830787617218508e-06
2.079170004748352810e-05
4.974586340648838020e-05
1.792580319148492462e-04
5.211053021884167434e-03
9.050044853420685653e-01
5.416927961570377370e+00
2.523408586269595855e+00
1.035431436408478012e+00
4.001394054522255939e-02
4.633791871062083526e-03
6.193522456281395916e-02
1.163590774096588731e+00
2.630055865741937282e+00
2.407857686450783907e-01
5.229705023094980212e-04
4.538439826960467472e-06
4.684185100411872025e-06
2.670856450927474983e-05
5.665980189066425668e-05
7.736797834262916572e-05
1.567530957980777580e-04
1.389518447881509407e-05
4.861146578204261770e-02
4.617618897881585305e+00
4.580445507922840775e+00
1.749763632009558201e+00
8.618530214743595763e-02
1.708855449367108759e-01
5.282901499421484015e-01
6.982540424526868794e-02
1.322974897200143385e+00
1.699579799642248590e+00
5.453968422399141716e-04
3.406926761616617888e-06
1.225986382602211348e-05
8.086022724793586369e-05
9.314971348676071971e-05
7.098169084299972640e-05
1.124970307104146162e-04
7.589375526895028770e-08
7.301123488344982149e-03
6.242349936024186086e+00
6.031638008544637497e-01
2.656517655508244813e-02
2.399132749590738439e-02
1.799814201800589375e+00
3.887266979290765478e-01
8.200763878383744016e-03
1.738083097358517515e+00
2.174345798266027197e-01
1.580095201014291752e-06
5.486537546164967096e-08
5.443842182963117326e-06
1.134678117955801154e-04
1.079524671945498239e-04
5.952365174033314875e-05
8.608373895589359565e-05
8.805854965733233064e-06
1.204254552425321478e-01
6.549537759539509452e+00
5.207826943004736364e-01
2.907666436519066103e-02
1.983969179373255148e-02
2.030822219872221446e+00
1.778832978336261528e+00
1.326180144536909244e-01
1.925323944804391507e+00
1.485074139797599351e-03
3.699120841508070984e-09
2.494694597749689485e-09
2.952055216468953692e-06
1.208497399751913456e-04
1.083962003941488900e-04
5.379319964198595153e-05
7.728959759557974929e-05
1.145051424465948729e-02
1.823198347854099621e+00
2.462847543078751311e+00
1.584936048753401883e+00
2.701439303285778415e+00
1.203188885529937968e+00
2.997313951069687121e+00
9.637450985604802955e-01
2.545109638611306110e-02
9.379995272877307902e-03
5.263413660493776794e-05
5.075299613338585490e-08
1.445095963780198246e-07
1.931662261071204334e-05
1.521166999065559893e-04
9.212305661773012913e-05
4.997295557385593911e-05
8.051977071095796389e-05
1.025791837547240185e-03
7.351781379183763843e-02
7.121758954466965719e-01
3.190535295136495697e-01
2.727529524435670649e-01
7.342021742239737137e-01
8.828018088147156217e-02
3.554229656960457393e-04
4.977936232361898587e-06
5.516446216550250568e-06
1.078402143804962051e-05
7.408099642543815091e-06
2.313105742217361660e-05
1.107551497269002093e-04
1.265579432469262191e-04
6.160776380616133957e-05
4.579921039628588315e-05
9.089957307084193161e-05
1.929106892805722617e-07
1.818261933232914135e-05
1.217576940714799605e-01
7.220704430350577407e-01
2.252249945258606029e-02
1.245879178477990110e-02
5.693653026844244618e-04
1.059179403922097527e-06
1.011878172007896668e-07
9.794726546369679434e-07
1.742713386472716211e-05
7.248989934029754915e-05
1.209746536861115718e-04
1.153807049837435658e-04
6.866384424518811170e-05
4.246383965860997848e-05
4.735317263984242298e-05
1.109194444104270915e-04
4.757213448793019635e-09
1.343436356505064783e-08
1.670676228772479267e-04
5.113182127690994727e-02
4.248497842037619703e-03
3.456221093072750559e-04
3.553706632051698532e-05
1.948225672135556816e-06
1.847371880356535803e-06
1.546411483050787810e-05
8.078042572425707163e-05
1.275411036055800113e-04
1.062563252651118354e-04
7.369347628140014337e-05
5.182359984064818255e-05
4.722859522518681603e-05
6.895194591088646776e-05
1.606606781647587211e-04
1.566385118277464870e-07
9.885014819587245079e-09
2.233993521852330896e-07
1.493880558404304785e-05
2.723867309979340022e-05
2.149200729302097455e-05
2.803048546844851642e-05
3.423853175381359585e-05
7.613427480868325550e-05
2.024171680985170771e-04
2.721594329578769689e-04
1.945346864630272685e-04
1.248558652377484968e-04
9.520843148321355277e-05
8.714337564836366812e-05
9.984631814873591831e-05
1.512947865100210706e-04
2.920597481152818037e-04
