1.528842148631216069e-05
8.310406867826358260e-06
3.731805595732339252e-06
5.269795993268517176e-06
2.325344263335880142e-05
7.472749454220437948e-05
8.617015419890159593e-05
4.945392617051951154e-05
2.601890467510848814e-05
1.863186134562516382e-05
1.914146402994945987e-05
2.402615719453383487e-05
3.040459619991686118e-05
3.301818139933149741e-05
2.959596917193142636e-05
2.634472652115068495e-05
2.884846853933996803e-05
4.051785549484909310e-05
4.702185666664281127e-05
2.497081267588249418e-05
5.730829678524666735e-07
7.045265179235178926e-08
3.767481939517110706e-07
5.423646723399509252e-06
2.572487717996920420e-05
3.367812901803795081e-05
2.374188306407051807e-05
1.771374763081341304e-05
1.707821030172751090e-05
1.855044482862727180e-05
2.034172151605479213e-05
2.083047401771182696e-05
1.848035406562883540e-05
1.633627459459808121e-05
1.851582039596107345e-05
2.882393966935441052e-05
3.676529141428309163e-03
1.281062049562834912e-02
1.726873941825319338e-05
3.104087120982102786e-08
1.610096620742619149e-08
1.982599583928289031e-07
3.324051319102614425e-06
1.845970429406056557e-05
3.052788724657008545e-05
3.056510536126461064e-05
2.817614405849107057e-05
2.428893038863235603e-05
2.082447546717562667e-05
1.878939480093087209e-05
1.642306290144148663e-05
1.487387597735592368e-05
1.736048740242266509e-05
2.748483492358448957e-05
2.158849353069645580e-02
2.899061463530945737e+00
6.808666841411879778e-02
9.367191214857375949e-05
1.641453138015495117e-06
4.539891623166532436e-07
1.330006828049002726e-06
8.614228670563015670e-06
2.835818365529598669e-05
4.376095252812313712e-05
4.325611525220834447e-05
3.283708850701991391e-05
2.424474678292665216e-05
2.022286410548898586e-05
1.806262976074448948e-05
1.751712292870532319e-05
2.070289427700575550e-05
3.048301005050072101e-05
1.033581066149098619e-04
4.497465123519541613e-02
9.641551167621464913e-01
9.511383950798820708e-01
4.825948369137732924e-02
2.265913355662314312e-04
4.480855467429405978e-06
2.619421211897464692e-06
7.896561581625503545e-06
1.614804575475100649e-05
1.608938105188660933e-05
1.376291689431465205e-05
1.336931582082202626e-05
1.347039754334530559e-05
1.440445812874220378e-05
1.799890616255815984e-05
2.437465443554053297e-05
3.418614992422819808e-05
1.418449336616487810e-07
8.461045332319314565e-07
7.079356356043755866e-05
4.261866844205085270e-02
9.209753243568672421e-01
5.206826584040789158e-03
2.169639134534657175e-06
2.117499818496587336e-07
1.298356609189526979e-06
2.006437933817528915e-06
7.135197046294518198e-07
9.300648342820024845e-07
3.430481824388371114e-06
5.804778783358808770e-06
5.951355121220934607e-06
1.042405061888289725e-05
2.246684994715415640e-05
3.746672659705588867e-05
2.092333615131797526e-08
6.282854291304510101e-10
1.302458604392069562e-09
6.371389039668316030e-06
1.971098585023407096e-02
4.753426604777443993e-04
1.197596528639821460e-07
1.390550592007678246e-07
1.376905133345189672e-05
3.524589865284848363e-06
7.109670259178448762e-08
2.500171293870121853e-07
1.360899458510296342e-05
2.315939785433649461e-05
3.841194933370697935e-06
3.842723443743188492e-06
1.483083318113478616e-05
3.831326344904575871e-05
1.598190475069888128e-07
7.347215386450484991e-09
1.181652170157207886e-08
5.046892128416720542e-05
6.305636114807944281e-02
6.164484243165679021e-04
1.887216458628035646e-06
1.297516887744060523e-04
3.135156708491599470e-02
6.013292089285282886e-04
2.924392554875138979e-06
4.806505773219780798e-05
1.312769212353572489e-02
3.657277972358842326e-03
1.299782752621477155e-05
2.028452568274994362e-06
9.529579610534572379e-06
3.761854810730288291e-05
5.476863601849616843e-06
8.119081322771730402e-05
1.601306845904020048e-03
1.267767333419916320e-01
6.793803024404688751e-01
1.342800662937865090e-02
5.024407776832015213e-03
1.516342373889223716e-01
7.436175041607228087e-01
5.342998531583807026e-02
8.438265818406530394e-03
7.042509275841328520e-02
8.944584761292445618e-01
2.606657777365379083e-02
2.241730754081515688e-05
1.955522443268721148e-06
9.521627920811378030e-06
4.124732909396475970e-05
1.355748625297448420e-05
2.549636610059545505e-02
1.954624022800506511e+00
2.826845105704340000e+00
1.285042671071098264e+00
4.296069331353373766e-01
5.704148238042339170e-01
5.246176625110056391e-02
2.026711775146779887e-02
3.353343271395984870e-01
6.527269410372660285e-01
7.581259985240708377e-02
4.983735573127103489e-03
7.540936579404644308e-05
1.718294649717023229e-06
1.881505699716439664e-06
1.465546140370274891e-05
5.089320395648948297e-05
3.447958889132744474e-07
5.501878764718142953e-03
1.848481394728462401e+00
2.546421602327726408e+00
2.476419010240135776e+00
1.424297737296703836e+00
5.091443320746866785e-01
7.688618329556892554e-03
1.109194062858844844e-02
6.152526302568475103e-01
2.869473830817748650e-01
3.522167757826428353e-02
5.220197306946902779e-04
9.081351271658004355e-07
1.269469849899914623e-07
1.748906595776330887e-06
2.252390624094716433e-05
5.751028732377558788e-05
2.258275282457131248e-08
7.774761667646422347e-03
6.246667030267404108e+00
1.256466269193900587e+00
1.499391823337556717e+00
9.131078695799882405e-01
2.370271025349910410e-01
4.748932218263283295e-02
8.872207718195865289e-02
7.955217118678140076e-02
2.760805240697518370e-02
7.728006933826322422e-01
5.144988754198528969e-02
3.834714427562733779e-06
1.441992340239620408e-07
2.572620513256579328e-06
2.778216738122353866e-05
5.214511393056229371e-05
1.218207606246852657e-08
7.114371385564269290e-02
1.834947154311248880e+02
2.253282315832335403e+00
1.951468215377602400e+00
2.612368292677544446e+00
2.522218483953506118e-01
3.232513193839546273e-01
6.507665706940015671e-01
1.117254711144018003e-01
1.649543851093817487e-02
4.469209717368135409e-02
1.976449873996174826e-03
2.131253727048294639e-06
4.829040595523001800e-07
6.511771846289552921e-06
3.177995362091028060e-05
4.135313617751766244e-05
2.056974873722801582e-10
3.956956756408224629e-05
3.211634936853237310e+00
1.988372601654085026e+00
9.963583831093903997e-01
1.018564192196647289e+00
2.064958581180794395e-01
4.340114601159713037e-01
4.856817416598074311e-01
7.355322365971200815e-01
4.417667901160908517e-02
3.224457834357845689e-05
1.751390014655908446e-07
9.969466427408628848e-08
1.518921281572256716e-06
1.927093739467435800e-05
3.676900407414335269e-05
3.287756119686362162e-05
1.453640090815252799e-11
2.075719840302140596e-09
1.099274641572409693e-03
1.576101931921023658e+00
2.558095999775531482e+00
7.320360310179503394e-01
1.070753635153229577e-01
6.203934286948997907e-03
1.637987180410047940e-04
1.271517860264345873e-03
1.639553211822300559e-03
9.056604204462087638e-07
8.160359148970057021e-09
7.193901143733862861e-08
4.273897746565724774e-06
3.547412555706891206e-05
3.807098480404782576e-05
2.827232339666474985e-05
2.547447131453836682e-09
1.118400571054048421e-08
3.298559341212625924e-04
5.383291330513202411e-01
2.247818632740034017e-01
6.694646378987587076e-02
6.384593137733755863e-02
3.042408685488828270e-04
9.987886077515983157e-08
1.272073145622514538e-07
1.210060621360002058e-05
1.474047505274520124e-05
1.894663659642002308e-06
1.462638671268723078e-06
7.989915622960576511e-06
3.142394762179163086e-05
3.388071142658048907e-05
2.785628543175448083e-05
1.825030897001734355e-06
4.358187826462839700e-06
2.623886446834984131e-03
2.893393319906198413e-01
4.442842374324973420e-02
3.869274597300565582e-02
8.485092089087895584e-01
1.532224083486637307e-02
2.153076257319479581e-06
3.236976081585147238e-07
1.387974643656513115e-04
3.577314426949395471e-02
6.457615865739558050e-03
4.094319466370001284e-05
7.783395740126130928e-06
1.810883196728305361e-05
2.907767587456286252e-05
3.150345366092073925e-05
2.221739670932284651e-05
2.195817533201199989e-05
2.141015736937084291e-03
8.477988647977603431e-01
7.352327177035870021e-01
3.043499636103447897e-02
2.461202842537126012e-02
1.174510236229886137e-02
2.380787318373374633e-03
4.034890234361434083e-03
7.511630498935921441e-02
8.159155080968963913e-01
1.439876097111011770e-02
1.564725411514091133e-05
2.163640429235890561e-06
9.235949449752997118e-06
2.654378302004147550e-05
3.763719303833169702e-05
1.413978757839412630e-05
2.532429761170731302e-06
4.231599319761729307e-05
6.113254531432836536e-02
2.797870438906178148e-01
2.043084649396882809e-04
1.080655063419836143e-06
1.384766215148012371e-05
1.382365255273759405e-02
9.325861323462378838e-01
9.505317921755885857e-01
2.006170609416713935e-01
8.233530422588153461e-04
1.614054940534241206e-06
6.913434119101225890e-07
6.493700194335702704e-06
2.702755744590562212e-05
4.352608386204461069e-05
5.215899627659697982e-06
3.878569076383351830e-07
3.239815995803398032e-06
1.417640779301877069e-02
7.563263843424538058e-01
1.082381697823526492e-03
1.177869506847093411e-06
1.929210558157307214e-06
1.867421219054955946e-04
4.909448154074128740e-03
7.779825937154929982e-02
8.153155683060034908e-01
1.299041598541779072e-02
1.059748603714741405e-05
1.520502244445677374e-06
8.331147848797244862e-06
2.962344550161598246e-05
4.662671941520765364e-05
3.953923393819808466e-06
6.023633097144485092e-07
2.682589594180595999e-06
8.614069030788367538e-04
6.009979749651109260e-02
4.532354910427954797e-02
8.071210485570433357e-03
2.810743113402302618e-04
2.732797349848883216e-06
4.672391597247045154e-07
5.042711367957355029e-05
3.230921104264633525e-02
9.741777308271923688e-03
3.018549572300099180e-05
3.973959875282531877e-06
1.193044587016728721e-05
2.982638601735716329e-05
4.413247701897784277e-05
6.710495744922070937e-06
8.800730690855103922e-06
1.411687944814570776e-05
6.926170314639509407e-06
1.429560179105293131e-05
4.415068225935894417e-03
9.247935216223878152e-01
1.900692280610553203e-02
1.790552634005030716e-06
1.219464628764364790e-08
1.045538787746794642e-07
9.321226054544704516e-06
1.953211856914774760e-05
4.207232676784480921e-06
4.732247067746147870e-06
1.415261585873556295e-05
2.616366067149631140e-05
3.757730398484559239e-05
2.250991392145568958e-05
1.221095625987957817e-03
9.963792273892916121e-03
9.768440883160635422e-05
1.361652149312024472e-06
7.493527732715216886e-05
1.916380719260973517e-02
1.831678147798473108e-03
3.151507870816466689e-06
1.288416065608537968e-07
1.827766038937894425e-07
6.935001986649407553e-07
1.494493966271933334e-06
2.971013916866635927e-06
8.375795339533407622e-06
1.740401898382041375e-05
2.373251808450039588e-05
3.393707643345971045e-05
3.901603936177998311e-05
1.568549143050174469e-02
9.458912588925303400e-01
1.006728444105608154e-02
1.023453162217810366e-05
3.896613641447395102e-06
2.683131345846617515e-05
1.726680488122532583e-05
4.498469502659638674e-06
4.605838681403326637e-06
7.778803363085311871e-06
8.971260715587644233e-06
9.707011423654821709e-06
1.422483593414970361e-05
2.121868978591520420e-05
2.404568970134398414e-05
2.672059029258491814e-05
3.814913992768514467e-05
1.651518838145841928e-05
6.984329804242466952e-04
1.515167587216180618e-02
1.269605610637105156e-03
1.184689752489499443e-05
1.962127574437808138e-06
2.987986693970634461e-06
5.795297879807422989e-06
1.464367299515145590e-05
4.588802356271538943e-05
8.580549850381287771e-05
8.055673261131409476e-05
6.107215524221621826e-05
5.177542075744120216e-05
4.405270109285165881e-05
3.712629883398923462e-05
3.892766291119031881e-05
5.335950448905525548e-05
