1.093117660475491122e-05
6.659732422053464551e-02
5.926097286584323776e+00
1.020728256590715199e+00
2.330160372471026115e-02
3.499909712492835830e-04
1.604156986321595389e-03
1.922884360749683302e-02
8.710697972456913436e-05
8.910347524256042095e-08
2.944854868321232605e-09
5.970042182405096686e-09
3.159213535090934535e-07
8.834328434355560582e-06
3.736880840992009959e-05
6.496439099485815051e-05
8.223189048944264763e-05
9.280099385193894400e-05
6.433660646911998696e-03
3.932408881002541268e+00
2.997851945075939994e+00
1.094818054174737876e+00
1.846686730070578486e+00
5.009887279373061164e-02
4.746729138346484494e-02
8.366016822473302250e-01
8.827180420807947958e-02
7.354248326836381171e-04
2.475418825811633792e-06
2.823539351074933158e-07
1.611820004060580754e-06
3.658730471582194445e-06
5.584136539502161066e-06
1.582225737470772638e-05
3.846502897369321445e-05
6.417033872631064894e-05
2.839257054980889611e-03
1.723971046077384800e-02
5.444470969767283919e-04
3.949880807150988097e-04
1.189431827187351076e-02
5.028362805859138730e-03
2.152893833601292068e-03
9.223482550390512541e-03
1.019809348386935682e-01
7.924035120789095776e-01
1.112650019378812194e-01
1.406631771464428304e-02
4.354974175800003849e-04
1.482425065595563224e-06
2.518768380999474202e-07
1.705526209756400116e-06
1.315595202107117219e-05
4.322728057231278357e-05
4.047352212746764858e-05
1.363826649481341182e-05
4.901324894473997172e-07
3.757620682356756499e-07
2.556755933169000127e-05
1.999618166581250411e-03
1.025877342326944955e-02
9.270522906831046893e-04
2.803825621342038500e-04
3.457706407884359595e-03
7.681836739411086745e-02
8.167881936190920511e-01
1.266439955736630568e-02
5.548318835233227687e-06
3.085463975858962363e-07
9.272048580395617701e-07
6.540955932379293255e-06
3.303028796317485132e-05
1.587643347285305580e-05
3.899018165331986937e-06
4.473912427285624625e-07
2.182906235883780047e-07
7.672903937874519205e-06
1.393863307368251210e-02
9.394795957991977087e-01
4.910542401311886879e-03
2.069650697337302119e-06
3.153886003928551755e-07
3.905401345033291809e-05
3.113521760276937583e-02
1.367739631412453194e-01
1.181293814128437335e-02
3.695043676520534323e-04
1.390022479072059449e-05
7.896878610344491538e-06
3.059065759688528067e-05
4.095540533897542765e-05
1.386436551872059321e-05
3.436526803016025412e-06
1.246545919158703555e-06
4.796099156445621097e-06
6.032948697726980792e-04
1.487351373222868534e-02
2.646192109662204675e-04
3.844001156776278083e-07
1.937241613196421729e-07
9.686242831822373858e-05
6.175826694436329506e-02
7.868235110359150797e-01
9.169000873562846987e-01
1.999507590161708065e-02
6.303967964648755787e-05
9.327044050082868766e-06
3.178605624031775862e-05
1.491013646131797680e-05
2.610984575144416706e-06
1.425950393976431765e-06
2.007470694635420868e-06
2.350906491740281546e-06
7.568226196557717375e-06
7.020589665252112172e-05
6.115519467808703917e-05
5.534191197959722668e-06
1.561151863267972042e-05
8.155459674126163197e-03
8.353426468782262360e-01
3.273041644242689063e-01
1.207906207277343116e-02
1.473070104288248274e-04
4.026953930053066726e-06
4.077290473997319858e-06
2.715952867783414483e-05
6.260052810737591127e-07
3.626913181342267076e-08
1.266038328978742332e-07
5.627657605160901296e-06
1.770151518995345479e-05
2.360103398391210963e-05
1.336521736581920911e-03
4.033345712629498453e-02
1.839093515276058995e-03
2.174941966374558248e-05
1.737377843763756799e-04
9.722072639844034359e-02
7.695684628454595444e-01
5.293936883996288451e-03
5.348837580218838467e-06
2.151858883404480809e-07
7.050113242972935526e-07
9.908534305173358328e-06
2.060668694103238721e-07
5.964219048949381540e-08
5.566066662734519376e-06
1.719510330776635081e-03
1.279322381474203409e-03
1.792348216494900218e-04
1.112560441164777737e-02
8.630272791310671376e-01
6.151209236707933133e-03
4.439147523407066039e-07
3.119190595907358695e-08
2.831527483554791434e-05
3.843006537502698799e-02
1.766934453170166883e-02
3.416763729115410018e-05
1.830565666720687992e-07
7.606982667990585219e-08
1.010186005559365982e-06
3.633085795617296677e-06
1.103993107972096893e-04
8.946168643097551776e-02
9.487854021304517049e-01
5.068098908916817726e-03
6.800273747398201884e-05
2.515955504696942933e-03
1.476250469153570777e-01
1.146382185916024156e-03
9.104018701532316020e-08
9.635603335278913482e-10
2.448725138210696523e-08
3.279497738734502666e-05
7.788362411258614032e-03
6.132840992590643005e-03
1.713244784273608537e-05
1.083442383861278937e-07
1.797960646368107233e-07
9.519328472713929778e-06
3.652679324702941439e-03
8.134005523863283571e-01
3.778396342632494437e-02
2.187573496068290614e-05
7.079426837995254587e-06
6.859331342747689367e-03
8.652874916896508006e-01
9.164279824802244734e-03
2.327747414091590108e-06
2.368183178139446725e-08
2.330843384249777243e-08
1.465411735819817658e-06
3.276795196309285983e-03
9.204217933975272770e-01
5.607254507523289772e-02
3.614656084184822578e-05
1.162001273569934921e-06
1.844494164844962678e-06
2.071192537649610074e-03
2.047971550613693625e-01
4.523115439996708851e-04
1.426848789729510298e-07
3.596164762537360930e-07
5.729744015419350849e-04
4.066864630578490708e-02
2.149530874845246783e-03
1.329977948811328498e-05
9.670206268568355344e-07
4.434084501966818050e-07
9.790502979417889224e-07
7.025283838442369737e-05
6.031874295859607216e-02
9.275455925901204823e-01
1.142787580103994324e-02
5.147177212441160379e-05
3.198080788198441721e-06
2.552464405239231876e-02
1.178734740903736977e+01
1.756081852503977095e-02
8.899263485842025571e-07
8.183971758613732603e-08
1.089283669246312779e-06
6.338212334674155003e-06
5.228642716220909322e-06
3.586853703282992225e-06
4.657927655032254972e-06
8.443944971427764693e-06
1.280564198399707741e-05
1.271646890296117253e-05
6.446576406815934216e-05
1.402656387984629405e-03
1.359013628583267963e-03
8.941181172039086946e-05
1.796723607434199537e-06
6.164107856292607183e-04
6.808415141007607974e-02
1.870057410585412730e-03
3.158317354856526874e-06
2.773824064574989116e-07
2.823953395726518911e-07
3.837811060967566807e-07
9.584694207933954787e-07
3.116310912649420912e-06
7.962013113364748256e-06
7.948497287366494267e-05
3.482554451667888538e-03
5.180937143395075370e-03
7.624738351778179927e-05
3.298953722561216647e-06
2.978273222356545802e-06
6.823728620106146405e-06
2.484948295331352601e-07
1.102096982131910545e-07
2.035672133366967255e-07
3.222236073786825874e-07
7.378285475006145309e-07
3.072071106612686666e-06
6.581177387999680154e-06
7.314844442910994840e-06
9.125775689559639063e-06
8.511014479141815363e-06
6.117084145578274298e-06
4.136169206822586000e-05
1.084055335365796506e-02
9.076691282868010191e-01
7.310513554581854478e-02
7.827683524333090015e-05
1.284502080006182357e-06
1.917782159097783873e-06
8.231452735596727990e-07
3.606969099727728752e-08
1.053754942407963304e-08
6.391760573631447831e-08
1.985090715656926298e-06
2.854083731657124984e-05
6.683036642954002648e-05
4.838409689548314258e-05
2.465553390856926909e-05
1.224478975608175621e-05
1.210444376179117147e-05
4.908925873776014343e-05
9.083468753307852653e-04
7.960455630207950717e-02
8.914729447288018971e-01
1.471991364569341307e-02
3.074468377491582766e-05
4.525271812886973440e-06
9.649629533010494094e-06
1.453479400442919203e-06
5.092597953386158132e-07
1.132346206739332337e-06
9.160733407855038227e-06
3.933318247235022242e-05
2.864455024985371306e-05
8.302128450817376805e-06
2.948146290818842189e-06
3.189626191181725156e-06
5.434087432223394108e-05
4.418048814845459277e-03
1.470022827940991282e-02
6.107094047264800991e-03
1.170293206694392532e-02
2.777925595024255227e-03
5.295728359007853889e-05
9.662856801569293967e-06
1.896628064214588605e-05
1.091085117121731394e-05
3.282746568895531382e-06
9.114371689748403835e-07
2.133882898989072350e-06
7.393386559551546632e-06
1.852905655296067186e-06
2.715587461780204729e-07
1.255070968619956430e-07
1.081800590565430976e-07
3.239286183334397187e-06
7.856914574241622568e-03
8.478350779193050135e-01
6.932189108413927547e-02
1.100223234512809562e-03
7.625098825621951740e-05
1.445356585241593404e-05
1.313804612341546962e-05
3.282720996873498772e-05
1.733991422805654739e-04
3.628196635243191310e-05
3.697042325280933128e-07
5.324595401649886413e-07
1.282505425394202198e-05
3.332174776431154619e-06
1.195333546531886024e-06
2.047415836618782061e-06
9.601433269955790888e-08
4.871860127838609616e-08
1.611385515918274853e-04
1.195525818613180968e+00
8.881120782738944897e-01
1.690054470723716595e-03
2.271387144773677784e-05
1.002461060391885472e-05
2.120388939226995536e-05
7.522475677637254887e-05
1.181015819388168790e-02
1.532254423847330058e-02
3.217555643521247772e-05
4.332646239948819062e-05
6.296025705886866553e-03
1.931389343928266878e-03
3.902394872905312270e-03
3.664779717821437660e-02
9.864978512670454587e-05
1.460621426681339588e-06
7.273647744719842489e-04
8.356529629413239624e-01
7.688024785816249818e-02
5.824919710095665391e-05
2.676611852083488364e-06
7.200046572844336472e-06
3.180994907587127120e-05
6.440822689418090228e-06
4.866159433614979969e-03
8.522506018570504827e-01
7.946326729432487412e-02
6.260319708267819694e-02
8.728401060023448510e-01
4.743348387350063838e-02
5.177786035864895275e-02
8.091187831450756818e-01
3.955679286227810343e-02
7.751744928786617576e-03
5.185539333322227579e-02
1.653336984017179240e-02
4.172727049072775266e-05
2.417812399743302265e-07
3.303266977387355000e-07
5.944819769542416454e-06
4.007918415794562751e-05
4.060393048929872554e-07
2.549849625261809208e-04
1.209205984930717293e+00
1.823887512146958878e+00
3.604611404678057657e-02
5.947270334630486675e-03
4.760833597241540850e-04
3.927419688536119748e-04
7.010151503647833564e-03
2.085900977378848664e-01
1.809120534863491558e+00
2.085540407201712937e-02
7.247309588297982483e-06
7.173227715111145434e-08
6.286553337657176557e-08
8.998722245631959038e-07
1.280344858983410983e-05
4.694950553590226402e-05
1.039349074539699872e-05
8.529122224133394228e-03
2.848142926252328344e+00
7.797311307118516555e-02
2.066632419961507555e-05
5.353603702678687648e-06
2.199670709504235994e-04
7.105866651445092927e-03
7.377738185963556017e-02
7.985682958736962656e-01
1.068581830910547981e-01
1.180723249636534092e-05
1.394873987894294738e-08
2.857581507222821119e-08
9.272228847062736408e-07
1.148582882441786312e-05
3.374978901198530943e-05
4.784774618803505825e-05
2.515920645141849279e-03
1.004846110081909938e+00
4.030528924496282528e+00
1.338823022146005091e-02
2.006439609267815017e-05
1.507821273622467467e-04
5.811302729488488500e-02
1.851091359770056677e+00
1.048647853087031567e+00
2.020322444230648537e-02
1.174281097173419093e-05
6.761595379884479258e-09
3.673323391126282808e-09
3.831280772795292132e-07
1.755624598018419162e-05
6.002636987639703198e-05
5.494160991044120407e-05
4.773053089283206128e-05
2.918413504271161543e-02
1.896073005883047058e+00
3.166626499225186464e+00
7.643303517013919635e-01
2.328508890026955158e-01
7.751256417006882060e-01
1.205866057460810437e-01
3.235780321242527104e-03
2.336348465632947320e-04
4.129483371788557123e-06
3.141243571717600694e-08
4.929807184649031537e-09
1.039781198066764873e-07
8.489503224204700374e-06
8.113714643116391257e-05
1.009515820168705331e-04
6.716134081632991343e-05
5.660797748730766451e-05
