2.687653973014244180e-03
2.365382577293794267e-02
5.108834583842199011e-03
2.391214212026430280e-02
8.820122207762546296e-01
2.734878262318332642e-02
2.094751246648017862e-05
6.621815074451395324e-05
2.632249082825621712e-04
5.423563233405552575e-07
2.503625810410469639e-08
1.651609078889775018e-07
1.562124951934903538e-06
8.656188223233460461e-06
1.651955959028091121e-05
2.981730037182035874e-05
8.714359178819364670e-05
2.648979589336329611e-04
2.939149421607808663e-02
1.895434799611738885e+00
9.982712877024935150e-01
7.125456247565636891e-02
7.735860733354613106e-02
7.684301697202211567e-02
9.017490542086865598e-04
6.205730586609040436e-03
9.029980586505266249e-01
1.610742934095642509e-01
5.651713041229191985e-03
2.685320268286559790e-04
5.983734402979764758e-05
2.800436003661603118e-05
2.352494120999240725e-06
9.733463576244546958e-07
3.931454697112322347e-06
2.205232328351446880e-05
8.170510366771226369e-05
1.207065607317578827e-03
1.615488833149847092e-01
6.430000145259092692e-01
2.655298834515165129e-01
5.375390401646916727e-01
8.448651696735447192e-02
1.735071937711641366e-01
1.847500626957444991e+00
3.964876026202187820e+00
1.707344551367234731e+00
9.388097016359454872e-02
2.064370006772053498e-02
3.339670363753694578e-03
4.486699694376832290e-05
8.350319089390802806e-06
8.362963168352702430e-06
4.291674060671151061e-06
2.365642075220400205e-07
4.394694596634362796e-08
1.516438769266482754e-05
1.073626545190266464e-02
1.282562945120729325e-01
1.455297474076072961e-01
1.776846307887972598e-01
6.445165023946647365e-01
1.686700733178945755e-01
2.835182718460197426e-01
1.104144239403958228e+00
1.309931084540818080e+00
5.929338586607552086e-01
8.718653565875932043e-02
1.317489973672231023e-02
2.722548189593287579e-02
3.425224268002057329e-03
8.826056245678729690e-06
7.582676928213165160e-07
9.673901533189079722e-09
7.550703076419846402e-08
2.788725480614636667e-04
9.615249391386923028e-01
1.642722633070753613e+00
3.760631661744875398e-01
1.511497967562485556e+00
8.025363880591439569e-01
7.397301385003060004e-01
6.761171743352312191e-01
3.787699570031830110e+00
4.211421069869174083e+00
5.297480212329893634e-01
1.739181788139909646e-01
7.842970940479657704e-01
5.451606556601298198e-02
1.740350741418939350e-05
2.574608793925704258e-05
6.913678997303091385e-07
6.149904304865696604e-07
1.247397865920014536e-04
7.060102032223411483e-02
2.779168122741829117e-02
1.995941491434308820e-03
3.063770467047589527e-02
8.076727171079520762e-01
1.458104885232748504e+00
1.997786480293574640e-01
5.931598767554329132e-01
3.185679413104829827e+00
2.976789720259130245e+00
2.598612991210799694e-01
2.379699320787095895e-02
8.863469683086536242e-04
5.764636860526714018e-06
7.679791193070524243e-05
3.081787578169901254e-05
3.648689036155680220e-04
5.661408215020696279e-03
9.698117117669085435e-04
2.619520609369362037e-06
2.254308344796937456e-07
3.366237146020371228e-05
6.092981331019516056e-02
3.792085956663411750e+00
1.631977404816647104e+00
4.909350917200844266e-01
8.239950005914710163e-01
5.087761296494697660e+00
6.618801561284652912e-01
1.381562819232728554e-03
8.951598608840857243e-06
1.799750714198874920e-06
3.022653081406339063e-05
6.917954206538931604e-05
2.041926835128660481e-02
9.351934452014873944e-01
6.640547728303271974e-03
8.236950866190043847e-07
1.236300474596514726e-08
1.585361083592815239e-07
8.883481296698745417e-05
3.492016768944651572e-02
3.775654442847862780e-01
3.430107756160389321e-01
4.009047886340671996e-01
2.741095068941040491e+00
1.369436016472342255e+00
1.807681093666811938e-03
2.951016920617971272e-06
1.619869803890493770e-06
1.455809116811977103e-05
1.455331009180583616e-05
5.345301010271608869e-04
1.929115647174399484e-02
2.676199005861423959e-03
3.495519823569779842e-06
2.108206815133016681e-08
1.540174562532939815e-08
1.488833020631568063e-06
3.455685426096474951e-03
7.802921436227003849e-01
8.265101484530367193e-01
2.632159816129669427e-01
1.439889916776496026e+00
3.621384760702885952e+00
1.853269463520191770e-02
1.597765752298699858e-05
3.165532890813853924e-06
2.680539022791599864e-05
1.485460224914980545e-05
6.886661945586182356e-06
2.130789030582752285e-05
1.179376170533805114e-04
2.944309554685983240e-06
1.414841785181782904e-08
3.468777080909438005e-08
1.876875348619758973e-05
2.233217643242258604e-02
1.006842074280331012e+00
1.081572772459494791e+00
9.003223436949493452e-01
6.794297929913858392e-01
1.721021417179564583e-01
8.257373325599825023e-03
7.766333805563298460e-05
6.461545746498421735e-06
3.860962278886548440e-05
3.913517313571208750e-04
2.148376418901075846e-04
1.868992334422777161e-04
5.758149038917801006e-03
4.472748801187274100e-04
7.862049396750283044e-07
7.889746513576629207e-06
7.339229181568749684e-03
1.305801056612160803e-02
1.214695158183386539e-03
2.465422426916541801e-02
1.101047476120516899e+00
3.208569045136031722e-02
1.283154732059329063e-03
8.305296430445150216e-03
1.692890630935104572e-03
2.372533883709709352e-05
6.629792041757083834e-06
1.280766073026801122e-02
9.067790344715798145e-01
1.962691359931647839e-01
7.979176833560613913e-01
1.105818160261604621e+00
1.534605704511615189e-02
2.462631842984020977e-02
9.201507234902747134e-01
1.137763942073574328e-02
3.328215946697297631e-05
4.080650305904051124e-03
1.757405765268104325e+00
1.793440508379239851e-01
9.389882859525670866e-02
8.492032787284402584e-01
2.473573366101033608e-02
2.496619250599483816e-04
9.643955021797664596e-07
3.070114260164810358e-02
9.701945813424150344e+01
2.851606175133299725e+00
1.295317064029266052e-01
1.863204810943412948e+00
9.457401007737274989e-01
3.872773182067860281e-02
1.022460607722116936e-02
1.676102586641219712e-04
8.415560084782898993e-06
4.049164311559188233e-03
2.200504672194464995e+00
2.810450737423744627e+00
2.818502559379293171e+00
1.157411146700783183e-01
1.654969573630571487e-03
2.049501238993760646e-02
1.025063346727250375e-06
1.733389865735734730e-03
2.962899337963184276e+00
2.032102646479124974e+00
1.722050667137472735e-01
7.276506235529545119e-02
1.700319351319002368e-03
4.021326588281441343e-06
1.659448997477583819e-07
5.663568084516607567e-08
6.730558169297142513e-07
5.961906358526006082e-03
8.755431553923523902e-01
1.708110876892179886e-01
1.253970341776331765e-01
9.870522184427757851e-04
9.104911445279824714e-05
9.430522605910883760e-01
1.303555267345528394e-06
5.926162127104212635e-06
2.153274511958649517e-04
5.692209006163997248e-02
1.571741324703552767e+00
7.165248948191439357e-03
6.805067601710814347e-07
9.950364386416459478e-10
3.041142094863826044e-10
5.262741080215319475e-09
9.969700658211962030e-07
1.659960843391562052e-02
8.991110263430459604e-01
5.971170745939265168e-02
8.010633639190483102e-01
1.821730330459926314e-02
2.448170251714570182e-05
1.268685012855525450e-02
1.579600295240792191e-06
2.039713044549392792e-06
5.869021903440261880e-06
2.274318423068674710e-03
4.527581531516861046e-01
3.575145724670390594e-03
1.632014636134046295e-06
7.277393489920201336e-09
1.185224808942401497e-08
1.014964418241226593e-05
9.515187619041083188e-04
1.088646308143050578e-01
9.915330118184546571e-01
1.162120159979106171e-01
4.918402996729622778e+00
8.908161724427211825e-02
8.391318438815831423e-07
1.727513563324202439e-06
6.520707978616438417e-06
1.538542986241619136e-03
1.145685256108052059e-02
4.319869139258084717e-02
3.875114020214605048e-01
8.715129128829078586e-02
1.389911884025756862e-02
1.770597407662370876e-04
9.094170256336507846e-05
9.521074772104644313e-02
7.607030983801967849e-01
2.113824267377686361e-01
4.656084472926267925e-01
4.204695971860130110e-01
8.307328762183322501e-01
1.583629717903235366e-03
6.072533629333626853e-08
7.329738082929852565e-08
9.546104200631387628e-06
5.619114080065908817e-02
7.981539739792568033e-01
1.977366654518497580e-01
3.488269612109536344e-01
2.494303785196965439e-01
6.195278510671272665e-01
1.057029632565177207e-01
2.954936852912540615e-02
8.915421080011225463e-01
2.023442129109053855e+00
1.783351281664434518e-01
2.846206382154912728e-01
2.652123020553609045e+00
1.216815320586367849e-01
1.166928042699438127e-05
4.028120947423372837e-08
7.210240893945631837e-07
4.327576016530590865e-06
2.637676218813631100e-03
1.963386925453080092e-02
3.485723119822477928e-02
3.958456788440393725e-01
5.428282163476984973e-02
4.981545465731158917e-02
3.896727142653380049e-01
5.050329988246715640e-01
1.400273857608039574e+00
4.067616552725445089e+00
1.423367759262304855e+00
1.180377149088309263e+00
3.021292561194099058e+00
7.319838650946756953e-03
5.916756292945000030e-07
1.247057454661632655e-07
1.415338484204335597e-05
1.533656034582446236e-05
1.438606186350357714e-03
2.042677324268757366e-02
6.439894464808842978e-02
4.014147314783510501e-01
1.191879455597577575e-02
5.363855043623705181e-03
4.200789336671792440e-01
1.670795731438946108e+00
2.405410957299108698e+00
3.101201346957204841e+00
2.419577070227820759e+00
4.859940066885334531e+00
9.842189147908201319e-01
5.888606854476260370e-04
8.498418306589101188e-07
2.091582775858262804e-06
1.359308960296775465e-04
2.425625367015549563e-04
6.538972969500522064e-03
8.725941932465834938e-01
1.002598740774771180e+00
6.179838984396112123e-01
3.849834614930838783e-02
1.793350572811083440e-02
4.103543789432204658e-01
5.989763755497237163e-01
4.673889423230338513e-01
7.513114283713127062e-01
3.886508889577679593e+00
4.999285658026356494e+00
2.152855156472728224e-02
1.984395808396660665e-05
2.166542480956365280e-06
2.245412163860042250e-05
3.830496977278745525e-04
1.486791213665382937e-02
1.064995355224627842e-02
1.119044592700350282e+00
9.663393693591821876e-01
4.388796478594688688e-01
6.362146087665970784e-01
1.390267568546001087e+00
1.412455915468276979e+00
3.599360322304294701e-01
5.392617203549068261e-01
2.435103238776890944e+00
4.865239306048245282e+00
4.662719518204862246e-02
9.650791184224188647e-06
2.497632151451783736e-07
2.132678816285099593e-06
4.769382883561077292e-05
3.237745750311353727e-04
8.619080299482552165e-01
2.479179189941498329e-01
1.623198950198263990e+00
1.216026463611065145e+00
5.732065128685562838e-01
4.388663717508070605e-01
5.072710020442758871e-01
4.047323218694941493e-01
9.993201158969934328e-01
3.107848532233000061e+00
1.770598649608554176e+00
6.836844975822503612e-02
2.569274622135905509e-05
4.358902884106787298e-08
1.096637108148721141e-07
5.860427893745122285e-06
6.329340733184356683e-05
1.923593936080044450e-04
9.753991529429119345e-02
1.810705500912492827e+00
2.204774679721356101e+00
1.049836321028137176e+00
9.079807528260310789e-01
9.420504089150096017e-02
8.746286631753540791e-03
7.913309167641964514e-02
4.664099554850987595e+00
1.672899617028410779e-01
4.347889008153802142e-04
2.044021618456042731e-05
5.683867825680941412e-07
1.672601849619478518e-07
3.141756804534022659e-06
5.216851069505986900e-05
1.174037219370532978e-04
1.786614093167896800e-04
5.797865006356876317e-04
1.014983958356510341e+00
4.985839999313578019e+00
8.913320053892609396e-01
1.162305171391860181e+00
8.542153804564326380e-01
2.454243025074663923e-02
1.562826169777729174e-02
4.159601791888124095e-02
1.848087094342509588e-05
1.504375717058477675e-08
6.123430633539908277e-08
1.215661526614039645e-06
1.243828166837931319e-05
1.301545929954180429e-04
3.635844758670655542e-04
3.132176281140929843e-04
3.406333130721350732e-04
