2.871920872834146920e-05
2.043611003363523084e-05
1.788805708134261503e-05
1.723293480783618791e-05
1.713669255101157762e-05
1.872996123682534533e-05
2.178744693064264449e-05
2.402771439936818296e-05
2.537701000392146624e-05
2.656234921147763054e-05
2.534967891129148436e-05
2.235143367394965995e-05
2.136865390289207893e-05
2.292856370516999030e-05
2.462614997472693364e-05
2.465510924485117889e-05
2.420174778642181839e-05
2.693474409462801551e-05
3.013392289623741620e-05
2.209942683558336403e-05
1.921646534196260901e-05
1.718645534683426829e-05
1.502512105068718201e-05
1.521867686939981938e-05
1.814281540764488499e-05
2.020651051987719594e-05
1.968835763615260770e-05
1.870628997027860331e-05
1.766514023514897109e-05
1.679551607252219436e-05
1.723110109662203201e-05
1.865059725249009197e-05
1.940122082646292956e-05
1.909215320914884817e-05
1.940583780706377418e-05
2.311597553567407658e-05
2.578888523204056813e-05
1.976780622776646201e-05
1.907187658475861125e-05
1.888650955414743039e-05
1.700194398225254996e-05
1.695938049706455881e-05
2.023421984688883525e-05
2.228150139112844037e-05
2.030672130752780762e-05
1.777203254777240496e-05
1.653918065384913782e-05
1.651397997437099215e-05
1.761230473979109686e-05
1.902840843497333710e-05
1.919670413920822804e-05
1.853831124048942002e-05
1.950565346977852318e-05
2.453363148618717068e-05
1.628694865150711720e-05
1.251267842876238361e-05
1.459960348139132432e-05
1.895405326292757520e-05
2.058923658633517062e-05
2.143150923624587224e-05
2.467874524493394016e-05
2.631099800375489081e-05
2.350553729740175341e-05
2.046190136591351772e-05
1.983380050219068922e-05
2.075052353083309863e-05
2.188954443256025940e-05
2.237832344757071697e-05
2.110637659292420088e-05
1.944817035791576325e-05
2.072221948954423165e-05
2.729134539855502644e-05
1.372363180371876722e-05
1.126458861770984009e-05
1.479338736215220187e-05
2.034860530152034837e-05
2.028046691282515439e-05
1.751682590235546403e-05
1.810314354274993430e-05
2.029753494311024078e-05
1.915489605596260378e-05
1.679308117750638425e-05
1.816424539724515496e-05
2.305170083973290040e-05
2.667321948241163261e-05
2.594611092853323721e-05
2.221948263095980641e-05
1.906866942390060080e-05
2.000981031920174387e-05
2.727860932412810903e-05
2.814299589927644297e-05
2.781520488163577987e-05
2.998325232407702832e-05
2.224598633929719571e-05
9.451292305382442125e-06
3.922051138965952664e-06
3.577962734174281697e-06
6.883651634332403197e-06
1.003779740032369083e-05
7.800181581880736680e-06
7.747732553354977304e-06
1.388291282964780778e-05
2.383211061249352122e-05
2.674019940655629140e-05
2.276508684019041688e-05
1.884647466897945798e-05
1.892702613035362517e-05
2.533262652901173683e-05
1.115974915766899126e-04
1.156824873974547201e-04
6.460737040282919016e-05
1.863593339330388838e-05
3.677267980015924885e-06
8.106094188765196302e-07
6.767848532802319876e-07
4.189413191780589313e-06
2.123114915145679724e-05
1.120535050720193905e-05
3.579519556122638504e-06
5.084894329523092271e-06
1.448246061083056905e-05
2.471895292964327814e-05
2.467976972668847017e-05
2.081088664919589950e-05
1.948683978097228648e-05
2.398854925533937604e-05
1.983947303865636873e-04
7.594935821675038480e-05
1.098528227869899189e-05
4.379958850858859232e-06
1.139075938788430877e-05
1.753577210876060163e-05
1.155420533461610586e-05
1.072363963259577712e-04
3.237815102102767437e-03
1.253230997285165833e-03
2.044109975824867534e-05
2.877972423359097325e-06
6.344384838968614400e-06
1.832019963080967634e-05
2.554652082066450819e-05
2.317754813951108088e-05
2.040158665950160744e-05
2.305888699391535053e-05
1.616045158459149944e-05
2.617193337751696722e-07
3.604844821764236969e-09
2.591515814332536125e-08
1.383707317358777466e-04
3.091719335109206074e-02
7.160445491253091682e-03
9.172755858482881455e-03
9.669129825327065220e-01
1.027153045515196261e+00
9.142834308343675319e-04
2.997279760200413434e-06
2.015753705552401775e-06
9.615414453193329446e-06
2.211520550173642736e-05
2.308709360341136598e-05
2.004925839843022043e-05
2.213194579698523688e-05
9.815415285589053172e-08
9.825348336581301084e-11
3.278315716290545018e-13
2.009715552552166303e-10
1.239043909255802380e-03
8.759384653385048347e-01
5.641356040850874047e-03
2.035280008362086457e-04
2.219688946265193502e-02
9.359728560002271713e-01
5.358218987180824594e-03
4.819431540916370672e-06
1.065793268700023986e-06
5.683625832766818710e-06
1.822140474392696288e-05
2.084765510975714072e-05
1.822734241601765267e-05
2.088722520809798103e-05
2.273967190012011335e-08
4.501314530577669601e-09
2.392346062942410107e-10
2.233654876511976147e-07
1.255944188680658546e-01
9.738115588740499373e-02
1.005091259622934448e-05
3.476924665072088317e-08
1.270708588344719316e-06
9.581669338009680265e-03
3.401273132059128707e-02
1.261038578429789117e-04
5.383745485977538222e-06
8.258935699033110345e-06
1.830308717942688291e-05
1.889146504558365867e-05
1.605027831169465095e-05
1.919926716831321970e-05
3.027086159650607356e-07
1.240108244962246850e-02
1.022971643885466630e-01
9.224322038128110468e-02
2.526553062764572921e+00
2.072318778487022145e-02
5.382194444523112631e-05
1.059956159721201663e-06
4.423841834782501559e-06
4.275803524490156410e-02
9.539119434186007496e-01
3.817620232354373457e-03
3.674695311274376187e-05
1.558273897380377045e-05
2.120760115953813666e-05
1.972540112770575677e-05
1.625905305768765964e-05
1.928964776270196519e-05
1.244139649837844082e-08
8.803451713101169418e-02
4.832123142984327302e+01
2.482639532871669719e+00
2.019249864745700229e+00
5.637648419525210786e-01
5.848720324069046628e-01
1.563653477704672889e-01
1.007313078757592767e-01
8.190752936990143285e-01
2.186775192424299935e-02
4.269224316432173065e-05
4.225855999062552333e-06
8.419844890030139383e-06
2.006690880902550943e-05
2.298183867451136504e-05
1.964610783950999429e-05
2.180770860336641331e-05
2.737703951849385892e-10
9.253937657884074531e-05
6.452655264128749346e-01
7.947624723027779670e-01
1.516184507306963081e+00
7.907873912399254746e-01
8.545313423352114690e-02
6.040486066360611223e-02
1.626445756986161673e+00
3.375642108933274432e-01
2.661943970801973087e-05
7.272562470745872399e-08
1.854338711031763950e-07
2.572586744877424414e-06
1.333442152673727539e-05
2.274979510414469979e-05
2.226960206768175752e-05
2.347146941382380686e-05
3.768604699300737495e-08
7.441964880498376598e-04
1.387390396399113213e+00
2.055802589035711225e+00
7.125071730899901201e-01
3.416955793440714772e-03
1.896976438917077575e-06
1.790082871439663034e-05
3.908033126513072997e-01
6.437903750491871246e-01
1.118671109373450628e-04
1.444329556408066322e-06
1.844209286967134251e-06
3.286825020347118488e-06
7.490787364397825789e-06
1.642831780629020144e-05
2.104776322833446230e-05
2.333358248296844609e-05
8.306351910033809362e-06
1.013983091413227060e-02
4.894515835686799599e-01
9.193544257233774442e-01
2.393974706368279914e+00
1.531629297962033322e-02
9.278574749546504146e-06
1.257226939613523720e-04
6.285453926710149464e-01
1.259418526664505045e+00
2.482054489958578428e-02
1.129736324457434639e-02
1.233228066275980639e-03
1.927336686653170108e-05
4.852072090183843281e-06
1.055792597296875830e-05
1.878939381109251690e-05
2.367021696349195058e-05
2.095419677106065718e-05
1.089767577465045739e-02
5.595546869312948424e-01
3.699382863996319992e-01
1.404076335646534945e-01
8.105819642429251681e-02
4.182822575995177178e-02
2.337428153377660647e-02
1.570307451642687091e-01
9.610500513397343125e-01
9.545363120371045396e-01
9.322186189332554163e-01
2.093221203464873739e-02
4.576370197281748190e-05
4.280100131571580006e-06
8.614691867668959635e-06
1.734947497652136354e-05
2.337511883189113737e-05
2.095106633433170360e-07
4.457493652204149365e-05
2.096247006218254771e-01
6.927095664148730236e-01
4.137289241130301214e-03
1.392030293353706955e-02
7.816995011064753474e-01
3.038354606058383395e-02
1.832372296309835169e-02
8.599029895931793455e-01
1.057620903822797803e-01
1.587874276601504691e-03
1.150712914628967964e-04
1.073878491082414622e-05
5.469628226238822435e-06
1.071395037439558388e-05
1.683454658568882099e-05
2.101192948331502495e-05
1.997477364604359265e-09
2.528615754460896815e-08
3.115426604875718548e-04
4.363544690515292618e-02
9.648383123237890338e-03
6.504306151110245127e-02
8.826721891847513768e-02
2.006462804121520382e-04
2.496711193473651904e-04
1.017245050767539953e-02
6.413613812689739535e-05
1.836656585468777980e-07
3.340515919007041885e-07
3.319298327608014751e-06
1.106775810265771600e-05
1.723166122299376601e-05
1.785172335131560555e-05
1.944634835558248150e-05
7.408350829508794074e-08
3.591410441794159994e-06
1.656679593716536532e-03
8.527311675843377015e-03
3.272882473779864521e-02
8.607493502647373118e-01
1.155745678309349003e-02
2.059741263289596140e-06
1.492417173490427664e-06
2.411492056966540166e-05
1.028604248218833864e-06
5.649425325421257443e-08
4.503128343654730880e-07
8.162635056369723635e-06
2.475121997869511137e-05
2.477315335094012929e-05
2.010957775019251925e-05
2.071989600168843855e-05
1.597018314955074651e-05
1.781392904647398703e-02
9.210510096598678587e-01
1.498712031921959481e-02
2.281475523199960175e-03
2.973172160959841603e-02
1.029472713476199588e-03
1.555445165990426525e-06
7.303957440291153238e-07
4.815844270854532988e-06
3.497356244761354140e-06
2.523656853304124374e-06
8.931804056882483047e-06
2.781099555596795226e-05
3.205739370639287394e-05
2.403394255633374557e-05
2.036238485595467715e-05
2.299400563578408633e-05
1.394758194095018823e-05
2.192546554236267202e-03
2.286949680475895003e-02
2.300886779071038889e-04
5.643604381643866339e-06
1.487231860436633840e-05
1.481177418706077363e-05
3.589309679069544103e-06
4.974763780691140457e-06
1.543590514131871542e-05
2.352703314830234055e-05
2.814673486733769485e-05
3.526298019258006542e-05
3.289349657343461895e-05
2.315239443920773428e-05
1.743008550776610090e-05
1.775687918971790953e-05
2.360371988954481360e-05
2.677370626933872823e-06
6.073710153036708564e-06
1.139360547823701869e-05
2.166531056355462383e-06
4.537471780057658364e-07
8.288003418405363927e-07
3.052420387764826004e-06
8.198473723246184214e-06
1.849321688036216721e-05
3.000598593498022502e-05
3.445125019334303228e-05
3.414644196673782638e-05
2.967652828916071008e-05
2.237431275296800017e-05
1.658354440133196083e-05
1.442945577701392910e-05
1.660001607706579590e-05
2.385611752779389678e-05
5.235283464652158437e-06
2.327445375617773637e-06
2.269777569321953103e-06
2.826499444894067052e-06
3.484027324519489572e-06
5.483044382907753472e-06
1.082876318319473832e-05
1.973871441306625501e-05
2.645028593366661191e-05
2.646893802316243840e-05
2.372307219691169064e-05
2.167313894677893202e-05
2.048746020154956925e-05
1.966529756076611254e-05
1.887736252996630176e-05
1.867794619169868602e-05
2.103567037354845895e-05
2.791790975802002726e-05
2.338200191144413132e-05
1.460220712362615580e-05
1.577249832033999311e-05
2.441067417298117229e-05
3.207191884433833513e-05
3.291678131087114528e-05
3.213100084158099717e-05
3.071387091823669376e-05
2.741153926931386476e-05
2.327223561694674668e-05
2.001915711514467162e-05
1.912460269795322946e-05
2.153347995922050851e-05
2.665881148937421672e-05
3.141840807606889071e-05
3.326108433802851670e-05
3.451249637433196840e-05
3.907705094652312876e-05
