1.498650257947988515e-03
9.930014430504757739e-01
1.917472964219450793e+00
1.190274370728286457e-02
2.244286780358411074e-02
9.458198004794158287e-01
2.024852676034167784e-02
5.328837613100018161e-06
5.569439087779333340e-08
6.745282619502343667e-07
2.552129891014125098e-03
6.511744222268719962e-02
3.949391295586326695e-04
9.578960008669998703e-06
1.107708094048220241e-05
2.843509677689254491e-05
1.436744563627195533e-04
1.139521457236198233e-03
5.689667686266355190e-03
1.068515591438006007e+00
1.337183084505863262e-01
2.972096089458578700e-04
9.248910590443836454e-05
7.112169795541187830e-04
4.316988709468352133e-04
1.259643698681549825e-05
4.761822880258474299e-07
3.544165317045592565e-06
2.336250513171388501e-02
7.503074380722135617e-01
4.075032368105273306e-02
2.482720905875811929e-02
3.008120488293426070e-03
4.075783539975264620e-05
2.247377808081762733e-05
3.212597072430765032e-04
5.264833782702880820e-03
1.892495970547671380e+00
1.712826890130753732e+00
1.042739874064166766e-01
9.177894895458662758e-03
3.598060491162877877e-03
2.402516674234659103e-02
2.876293933043552395e-02
4.213204545637207199e-03
1.857929346305211204e-03
8.701720794800962833e-02
1.866084083450983977e-01
1.004419987722722507e-01
8.617524326396874823e-01
2.686531721167304682e-02
3.113326128404478294e-05
5.838042869431087488e-06
1.169014226061914128e-04
3.924946440520319853e-06
2.654818988683230532e-02
1.455509335026906603e+00
1.897554081060695230e+00
6.781962403750915191e-01
3.109401521007448821e-01
1.751934236159429892e+00
1.055725238735256921e+00
7.342235501381593199e-01
3.525322235117742675e-01
1.371812647965040766e+00
3.226409854457128468e+00
7.747091397795508039e-01
4.856538567285063890e-02
1.192202951628196662e-03
6.645890459217778171e-05
1.594628851943577269e-05
7.924625487233464269e-05
1.251920698321528566e-06
1.039604276438350905e-01
5.416013151714067497e+00
2.220846336079230543e+00
2.147369638638914946e+00
1.302859298335311777e+00
3.159000466577903232e+00
1.317294914209825363e+00
2.173400481293678688e+00
2.410151794688662807e+00
1.437358650633868251e+00
6.653423241261825716e+00
7.210848850651980335e+00
9.129432618002666922e-02
1.732263958881100421e-02
1.484150051839186295e-02
3.115282716662957311e-04
6.953538099998091777e-05
8.330644398518863639e-04
2.042983079757240361e+00
6.894602994382100114e+00
4.736231573271935780e+00
6.892438321751654939e+00
2.319492018820215051e+00
4.548789693054648531e+00
3.744950794403067995e+00
5.672904987118166709e+00
6.724945005410528864e+00
1.088752967528266113e+00
2.134399707312333749e+00
1.012120197463092275e+01
5.349155405439690369e+00
1.648148125003278563e+00
3.123961680590657194e-02
1.026637395949655959e-04
2.881652525501745901e-05
2.275730477820166880e-02
1.784164795592079855e+00
6.708650662050582802e+00
1.170406405269265093e+01
7.482646570451064072e+00
5.393590162527622134e+00
6.886863175972425033e+00
2.696866837199963562e+00
5.850157149612770446e+00
6.272532830430455952e+00
1.661177473977616170e+00
2.123731588208045640e+00
1.517997751620497660e+00
1.491456287227000388e+01
2.311451690076978593e+00
1.099324648939452352e-03
4.134003080084948817e-05
1.316552978489727525e-04
2.576283337974393764e-04
1.029300094604327087e-01
7.291487464874619739e+00
1.195326888184477632e+01
8.082307443774542577e+00
9.232209680780840699e+00
4.992625031445367512e+00
1.723122120384176226e+00
1.926350872693713301e+00
2.063414594005052116e+00
4.607967529098098147e+00
7.493473990210556046e+00
7.981605049855230449e-01
8.267683068755154352e+00
4.905051330216444683e+00
2.179881800158300562e-02
4.596062937128123950e-03
3.638623934745177212e-03
9.935406575584969863e-07
8.257200443373895887e-03
7.685956530215037219e+00
8.390743812766086052e+00
8.374732860051722128e+00
4.078077605763258617e+00
1.169799718867167382e+00
1.687543329616428833e+00
7.875505068366615014e-01
5.513727044722813719e-01
2.660334088037484612e+00
4.030998864806501381e+00
7.181802504807370813e-01
1.081709236845178390e+00
5.698935800682338737e+00
6.405312622158657598e-01
3.495608991504946597e-03
1.414997131766059955e-04
3.718646105061709178e-08
9.680272667722946778e-04
4.083937784353762090e+00
8.591284340087261384e+00
1.195040001500712279e+01
6.517250450439372678e+00
2.222435571394100418e+00
5.084593472294614891e+00
4.199974789496922156e+00
1.662230616509068115e+00
1.865550866130140539e+00
1.772383427888349461e+00
1.459953743781514879e+00
7.366169650607135022e-01
8.746767041883170890e+00
1.614103058440059968e+00
1.029049824505657684e-04
9.118742959816619931e-07
1.638032828656757172e-08
4.196596095846757209e-04
1.049093638156595176e+00
3.438970867984627588e+00
5.809291454082051942e+00
3.777732816126974313e+00
2.266825914143405285e+00
1.604768567604447416e+00
1.073841313534208641e+00
8.378570669442051422e-01
1.708951024123501750e+00
1.632800081003471071e+00
2.018042799879335103e+00
6.880308765910165825e-01
4.874617286674043370e+00
3.515013700922414053e+00
5.765877485861165301e-04
4.840221442190979152e-06
3.075649688334161349e-06
1.085568573308585555e-01
1.573768351980455549e+01
6.725017810750013147e+00
1.003221533119394948e+01
5.533882008931108487e+00
3.523794244046670077e+00
3.362216649337683716e+00
4.092901636992525738e+00
3.252891602448711783e+00
2.334847417730691266e+00
1.014874719748041665e+00
1.597671116716730122e+00
6.879241933152038246e-01
6.759567336334833421e+00
7.199515595335214790e+00
2.543619255026078815e-03
1.821939927250042061e-04
1.079523304705723880e-04
9.310194089737812151e-01
5.691567864497511664e+01
1.294682439554235920e+01
1.911788142689019310e+01
1.822302453364325814e+01
9.695233135192616203e+00
8.593390658341563793e+00
5.897132081753755806e+00
4.343105960831972645e+00
3.975590484568980010e+00
4.876317969027539334e+00
5.571467662238907437e+00
9.121901436559592957e-01
1.468461623789385051e+01
8.036626322405791001e+00
4.251078900856787753e-03
2.325554066952990190e-02
2.016885953457439940e-05
4.103840883472219953e-02
2.131430957506390911e+01
1.377691387885510643e+01
8.116840629508534022e+00
5.722644005953387847e+00
4.167348640259217696e+00
3.585895278797299746e+00
7.576540106862091895e-01
1.548929335332859925e+00
4.158482015523976116e+00
4.842584691587255463e+00
2.597062527913330143e+00
8.823025510932983595e-01
7.017845264489824153e+00
2.986553963854196247e+00
2.712643517503265239e-02
9.141088432416543119e-01
3.614906697712991622e-06
2.832022370965131455e-03
2.549594501001096525e+00
7.037231730617504510e+00
1.139578598002861831e+01
5.544794751107114728e+00
3.792684896182472620e+00
3.395886803455914649e+00
3.629631201334158619e-01
9.670752873548261741e-01
3.123017493850177573e+00
1.179496096063466171e+00
3.438609689704206218e-01
1.348551284936781780e+00
5.249200575379202149e+00
2.934598452518762279e+00
8.137818001601741791e-02
1.979262063247762965e-02
5.820828771893765131e-06
6.747142401527396645e-03
2.515322728764270099e+00
4.253432189642971650e+00
6.114347138819040239e+00
2.762576973267206970e+00
2.097569735491561449e+00
2.447338593183315147e+00
9.578461242719110702e-01
8.898977258168060400e-01
1.159240562171872657e+00
3.626508045649024514e-01
4.816441550449122866e-02
1.228381711851856295e+00
7.336760772664418617e+00
2.669194498390486281e+00
1.844897527391332892e-02
1.840525828309646283e-05
3.183884931731974314e-06
8.339955915744013196e-03
1.315679629810897033e+00
1.571988335928281799e+00
2.342418198803182250e+00
8.349441295768558202e-01
2.470137691065216745e-01
2.660745888969702211e-01
3.129637847257510153e+00
2.039899065039910919e+00
8.117246755432734329e-01
6.644743327884469197e-01
8.115022124071545606e-02
2.672800060083293072e+00
5.605644590732482335e+00
3.164815534319039836e-01
2.040616348368517498e-03
1.470460154265077719e-06
2.987821857817944978e-06
2.363859625468732809e-02
7.945399417897619498e-01
5.617499757101009905e-01
3.253325395052588664e+00
1.601518492547473471e+00
3.212113198809740666e-01
2.109597946475592345e-01
1.778084596849662802e+00
5.834446038615123120e-01
9.004090737256936761e-01
3.584077618257514253e+00
4.772182740361398667e-01
3.934693096303525817e+00
3.627376069975932094e+00
6.670348571182812547e-01
1.831596304470655898e-02
1.732687220758956939e-05
3.769538446560837023e-06
4.988181310432816817e-02
1.818580854404356906e+00
9.706848114399132532e-01
1.170219479113664418e+00
4.289010346361167569e-02
1.192799716310563064e-02
1.379486061916759265e-01
1.919987188173178039e+00
7.343753000757716753e-01
9.601282734661075180e-01
1.231483545933390378e+00
9.557860482646207689e-01
4.582578937085036941e+00
1.791226242613877861e+00
1.048077650756479295e+00
3.048396750069307798e-02
4.004315524821494142e-05
3.238444073631747120e-07
3.231410126835153589e-04
7.050018974289987139e-02
1.158550511475774591e+00
7.251104894302797810e-01
3.636894773391605423e-03
2.926382617011007332e-03
1.374469940999852036e-01
1.691824896722522453e+00
2.623444974132046248e+00
6.846086470175231087e-01
1.261247338800672579e-01
1.717551899620140210e+00
2.668593690032786458e+00
1.767048882637789128e-02
1.201484075664116958e-03
9.574073036410952488e-05
7.484660529576464327e-06
3.418782439119496257e-07
1.446291230186401834e-04
2.736822115734033681e-02
7.794863641365069595e-01
1.223437998020389328e+00
9.259243053874298413e-02
8.376566352856065212e-01
9.978718525790037930e-01
1.090899337878429715e-01
6.711449756020102519e-01
9.392460720260328300e-01
2.980444727799639870e-01
4.934261361958132142e+00
1.522334739555004202e+00
7.664572046498164181e-04
5.951976056380204613e-06
3.094428826968966866e-06
1.671590516671831762e-05
4.185258344281138770e-06
2.413127819593776160e-02
8.526321848983934304e-01
3.843899688702378525e-01
5.466473309071867570e-01
2.611602245099219899e-01
8.649557484274096320e-01
6.800342724770053193e-02
4.670746793802763898e-03
1.626242670967258941e-01
1.146613865633231422e+00
6.567146220350087438e-01
1.143400869330164715e+00
3.239117327892555021e-01
1.137415329954675038e-03
7.022922792854733126e-06
6.942510342430798896e-06
1.594631034080721047e-04
4.516896213956109226e-06
4.775512612575460308e-02
9.086673038567909533e-01
2.908194095873173346e-02
1.447826341757947263e-02
3.511250493137925508e-03
8.949327464265420789e-04
6.987484234309099219e-04
1.858008682643020465e-02
7.850274014398757050e-01
8.234076832350445407e-02
7.902726140993776224e-03
5.899147043285593583e-02
7.307557545780298813e-01
2.490113454778079827e-02
5.485934573868531209e-05
2.057607925096117501e-05
4.029749284316570292e-04
3.403790589099735145e-06
1.019487370920802664e-03
1.163166381440899032e-02
6.487688816700545435e-04
1.710098227531406704e-04
4.472862545884839883e-05
1.010794734896198087e-05
5.244828430609525756e-05
1.064485318181004371e-02
4.016071595729858029e-02
6.667278920354648239e-05
1.836320151762848924e-06
1.899362327177494549e-04
5.721133082002950732e-02
1.073147297312543845e-02
6.005475007416743435e-05
3.100118223670507287e-05
4.811342587876983341e-04
3.892834272025665819e-05
1.740281704845127728e-04
5.156247897857027746e-04
1.580977927938784255e-04
8.591261990105556346e-05
6.049435096037352258e-05
2.457098517530255339e-05
2.487401276211483026e-05
1.070458213795360988e-04
4.088199857285801852e-05
3.587257376392931186e-07
3.289992467764058437e-08
5.548798100138746134e-07
2.059095454919548257e-05
2.666231410055777161e-05
1.397816175614012130e-05
7.377852964423581533e-05
1.012753641855685055e-03
