6.348320304716428830e-02
4.763696623095419191e+00
6.389077817756949607e+00
5.575806203375913483e+00
1.392145107401946413e+00
7.257338771398252897e-01
6.740441665994664766e-02
1.607656512602852472e-01
8.728845986628406273e-01
2.594032423840074431e-02
9.115908086601575994e-05
1.470795670541625529e-05
8.094537726899336740e-05
3.197005651744226347e-05
3.315600956804460797e-06
7.030100049468083435e-06
1.032615013681294669e-04
9.032978531889321100e-04
5.664172558051488272e-05
6.657371366003864144e-02
3.894129908324541312e+00
4.008059362664885938e+00
2.055985222009089952e+00
1.874527277034084838e+00
3.023630113704893208e-01
1.378908258435615597e+00
5.368995692786161733e+00
9.302831985262965953e-01
1.248714326965852731e-02
2.819637982650529794e-03
1.500108334067768584e-02
1.372619173517039711e-04
9.221239623807201607e-08
4.865773195670292353e-08
4.026911338546683304e-06
2.378785869421434762e-04
4.415774604307468645e-07
2.254571255731070408e-05
1.305526218103120412e-03
8.199540106527966957e-03
7.246403372583717917e-02
6.827157608631414520e-01
4.006901784140328160e-01
7.011475903870645343e-02
8.111660967679650003e-02
3.730853423243897460e+00
5.172691899340966515e+00
1.934170135383479261e+00
2.965386197895698572e+00
1.591507960991827425e-02
6.279996857352450349e-06
4.036759348560183719e-07
4.515703093096244032e-06
1.645310900674066992e-04
1.317626845276590209e-07
2.687443696241807454e-08
2.071011861989768046e-06
3.537336890279894810e-03
1.040596667256406538e-01
1.971946863462671895e-01
4.549805657246641100e-01
1.199579285225363043e-02
9.148160785054444862e-04
6.866956842672179706e-02
1.869144551420209854e+00
5.200239973142533501e+00
4.840692852718440520e+00
1.029039360156878358e+00
8.375182715622141172e-02
1.418809686734561620e-03
9.322089925270378690e-05
1.981459233878188385e-04
9.619832158467785772e-08
1.444282297509095108e-09
6.421144029328291304e-07
5.165953544371543193e-02
1.466879557056519623e+00
3.886689525412186930e-01
2.353382534423867911e-01
1.183004837826243105e-02
9.164005703255855700e-03
8.423312413883773941e-02
1.592670299566598113e-01
1.508867168317991725e+00
5.541251389905553992e+00
2.867646496261998301e+00
7.534488205788832937e-01
6.844422619963369883e-03
4.796749771432497797e-05
3.698047332087406010e-05
5.514476172690210152e-07
8.189624838409346309e-08
6.656726438997380999e-05
9.715954281578631502e-02
4.295265420363590936e-01
1.556477338412677325e+00
8.200446068929752030e-01
1.013591872051659154e-01
9.575697531756522940e-01
1.625725934613853063e+00
1.656267824359989593e-01
3.129563283387702399e-01
3.459923183514530542e+00
4.066480544110996576e+00
4.131152612023545334e-01
2.037247177201969087e-03
3.899821900008502252e-06
1.030093341853837352e-06
5.660906768168297770e-05
5.202993544983827972e-04
1.296818606029029042e-01
4.657266454286234092e-01
1.290476161759390727e-01
1.600113697045969785e-01
2.298440576939436014e-02
6.191988295232841305e-02
9.464039452740710123e-01
4.987610668180058604e-01
5.943792697746205222e-01
9.141039300848791127e-02
1.061057433572225317e-01
4.253197314505046123e+00
4.405509933480819207e+00
1.707525006756548461e-02
2.745077115984564288e-06
2.358232531272311825e-08
1.221925772689608214e-04
6.249211805059847955e-03
7.979592657524787747e-01
7.289416275005201618e-01
5.371703603663403603e-01
1.237404631952554596e-01
9.015135570026031660e-04
2.091852529893630311e-02
6.908301683265418713e-01
1.177788352327458210e-01
8.941704399575152173e-01
6.491091482607840024e-02
1.245796578411448828e-02
1.709076903147482174e+00
2.460702859183757862e+00
3.242668325842949784e-02
4.557236284640568918e-05
4.627687104460145287e-08
1.043103368836445173e-07
1.336159795863981365e-05
8.913716735701449068e-02
4.799517467201740994e-01
3.904136736207509117e-01
7.048267609130591804e-01
2.500230653597223726e-02
8.817634754416661669e-02
9.139449047606842957e-02
3.432003922769448078e-04
1.810807669945290539e-04
8.154697148389039802e-05
4.375482208079615478e-04
9.972360312114191272e-01
8.078210940841730192e+00
6.888923921241547621e-01
1.297583813464833202e-01
2.366582848862615232e-04
3.268949872426336432e-10
5.149937300796970775e-07
9.686042670259531473e-02
1.034832547465111885e+00
1.904825691135255961e-01
9.343464349448081796e-01
1.227717679846115573e+00
8.051691267239554639e-01
4.695052729430858503e-03
1.138942321039359406e-07
2.175057363057103579e-09
4.248483273620253644e-08
1.270920451694010078e-05
9.041935328201450295e-02
5.598109747200923358e+00
4.456238082594371486e-01
7.115839791326513675e-01
5.348804736430132212e-02
1.633265465785616243e-08
2.562189084795083696e-04
1.994392298664407592e+00
2.830150684860283761e+00
8.977147460300008985e-01
9.414699557480289416e-01
8.535231005621282119e-01
1.032095573555284140e+00
3.042218131694909150e-02
1.697469004826203831e-06
2.540275021080417557e-08
1.429033452403615103e-05
6.812308866113872020e-03
1.387395053858573868e-01
1.115925187578036715e+00
5.619413013272596402e-02
7.923020881814969371e-03
4.575529114937647128e-03
3.256279919444042114e-05
1.655613141494478580e-01
1.641564267491051510e+01
9.068323174452876501e+00
5.234342599326963885e+00
1.769297885620236599e+00
6.682485738605895564e-01
1.364731557842617793e+00
3.795195397433981377e+00
7.441679960319112774e-02
6.135674116345830355e-03
1.408146285625851979e-01
5.977447557568180692e-01
1.822217139729458146e-01
1.560716719532187824e+00
9.706212518683315915e-01
4.043364787864421606e-02
1.616474986560097540e-02
4.382028034945568626e-04
7.626832777447801748e-01
3.681926405194522545e+01
2.858933589683588750e+01
9.984147009792771144e+00
5.178131069003282683e+00
4.165971413260260547e+00
9.707115896793805376e-01
6.710067897999624220e-01
4.217924710440831282e-01
1.417976719916689055e+00
3.853522437662025291e-01
5.792103185709823222e-03
1.495137177442762769e-02
1.660234993371478618e+00
2.761417639817506764e+00
1.085753285160392601e+00
9.311573237212272813e-01
6.688137826863232626e-06
1.830824957917010221e-01
6.933944421707482775e+01
2.226639811448324480e+01
5.082063441596306852e+00
2.938364363339773799e+00
2.541403081138218667e+00
3.402340471804392030e-01
1.871291428279235960e-02
3.089636105590030848e-03
1.978762540589918961e-01
8.473840035713415819e-01
6.055945169692150166e-03
3.260949419485487111e-02
2.994570527192899068e+00
1.614762771963385912e+00
7.586416039714376502e-01
7.555805743007167063e-02
3.444170243154548332e-09
2.087380613276038630e-04
5.050031772771244931e+00
1.257287980047794029e+01
6.016526692600661974e+00
2.859301712519850547e+00
1.896118235851569800e+00
4.095208899937938796e+00
7.850995052139252417e-01
5.318198178144275916e-03
1.440594634793325272e-02
8.344146191157647552e-01
6.905293249809114908e-02
5.885819930454720683e-02
8.175356697037535758e-01
5.432563833128215558e-01
9.391406309105145012e-02
1.268186552563381041e-03
1.162438913442609205e-10
1.650993251309193737e-07
7.766901004319073931e-02
7.273151140390845093e+00
3.171208729167187546e+00
8.942933899328162628e-01
2.274682548059368536e-01
8.263547733622637059e-01
1.062295481842209899e+00
2.437466252797912403e-02
7.134261838490550678e-03
1.296362943097050247e-01
1.160535655905448188e-01
6.509651638615575608e-01
3.677030831014076906e+00
1.219562550934241707e-01
1.192520705597465910e-02
2.188987551303859733e-02
3.499043803401044820e-09
6.793234302789819734e-08
6.664835722776654529e-03
2.431862112326064196e+00
2.268638421832561924e+00
1.655374950929388689e+00
3.815786423554820006e-01
5.102517119755821673e-01
7.992351184182575619e-01
3.362288691749083513e-01
4.948500654012933930e-01
5.196352867227670425e-01
7.558867664985971513e-02
1.255344527230195739e+00
4.091910682743916006e+00
1.109154864902611032e-02
2.546222652698416911e-03
9.194797066194729807e-01
2.811277687820758765e-07
3.442643829320740501e-07
1.340359985370288788e-03
4.903555006101146252e-01
8.394975996127825857e-01
1.109082318336491291e+00
8.188745139530839712e-01
1.275398285354612415e+00
1.401791325509109010e+00
1.198307498675179605e+00
3.993586333991388404e+00
1.058923775209087204e+00
1.545210778749084302e-01
1.797316969774385820e+00
1.924370353279632795e+00
3.557244345106228695e-02
6.076547966566428309e-03
3.718289821062154693e-02
1.994835385802772381e-06
2.506458356051750515e-06
8.448571859046006410e-03
1.651935238358938074e+00
8.552296604212855646e-02
6.138838765273458078e-03
3.101232856805392468e-03
3.917236741552644966e-03
6.295854674488367275e-02
5.738072080821484677e-01
4.041011956921409798e-01
1.528319470483129605e-01
9.682992116237980618e-01
1.187472363209936255e+01
4.248220378648224660e+00
8.391877327650423268e-01
2.205326835665488011e-02
1.236945974709832089e-04
5.631107173228813926e-06
1.749619842658736260e-05
1.335552166262835017e-02
8.730867882545698122e-02
1.116085116037879342e-03
1.493984823565080999e-03
6.997795786263213622e-03
1.877484701357712586e-03
9.447911526821566042e-02
3.332098159951265348e+00
4.347841060967079230e-01
3.167783384102045852e-01
2.570032796452138335e+00
6.340894240629413758e+00
8.455387866406814945e-01
4.492904359977881179e-02
4.062913309947263412e-04
2.549875166540929058e-06
6.743499503076925137e-05
1.755521170105884144e-03
6.657229926741550785e-02
1.564536584045097710e-03
2.863359160418509639e-05
1.313906225960320348e-02
9.265867584124203304e-01
5.628181743763661232e-03
3.870133087170575872e-03
1.230224875588508821e-01
2.941925529731957423e-01
2.909472896282888410e+00
8.980800963550182203e+00
3.456163086642263682e+00
1.156474185586895131e-01
5.566783056986696239e-04
4.335125311639107772e-06
5.031917070808570169e-07
8.212908907065807494e-05
1.538689360441470623e-02
8.127506825601138463e-01
3.923249642714959559e-03
1.166774822964898187e-05
6.056534533066013993e-04
1.312006846961244130e-02
1.650294057282452936e-04
3.136818269115065612e-04
7.534738943393197441e-02
7.427658877629231826e-01
4.808388746191643470e+00
5.382842669650631962e+00
2.232432560821708267e-01
2.313077349117323434e-02
8.277881468313777469e-03
1.439877146530744187e-04
2.555152890150881670e-06
4.868683617632686009e-06
5.418463292617472235e-04
1.590310177576500228e-01
2.545056822348530298e-02
6.277295568299111935e-05
1.728787684741373460e-05
8.528683946840763899e-05
5.889554509390936303e-04
1.139833087463780481e-01
5.742873167265569734e+00
3.074999690733251079e+00
2.716622811668759851e+00
1.415985152901447219e-01
2.457134746501687755e-04
1.495435460197994332e-03
8.943692398251389397e-01
3.308384098897491216e-02
1.964112494265990720e-05
4.765038687092086411e-05
1.013107002536766353e-02
1.932869465618050064e+00
1.903982269682513495e+00
4.401736192003002229e-02
1.842568712610339601e-03
6.876020345243603069e-04
1.169565152122129317e-02
8.069971494715624249e-01
2.945562122298115981e-01
1.419836673319383770e-02
1.351214607079626734e-02
2.196046390898333072e-04
3.380064911222781233e-07
1.420460810810992508e-05
2.823943918223952368e-02
3.380706128226353829e-03
1.415417944958987907e-05
1.383569449863139393e-02
2.972446756638966736e+00
9.011221191962928145e+00
2.068186357711252032e+00
2.969904290765146726e+00
9.797785678085091376e-01
6.132103884538962768e-03
1.098535888243533289e-03
1.107991854549191107e-01
8.225998774429914562e-01
2.546272427638026151e-02
5.829198564251793571e-04
5.440207243201582128e-06
1.131146876627812388e-07
1.052367988522511332e-06
4.954913046765472190e-05
3.569775036367380482e-05
1.696302318450573741e-05
