7.506860759938094318e-02
8.558785445953804860e-01
3.239955841360067090e+00
1.624561972042117830e+00
4.352416384741445432e-01
1.695884762252501288e+00
1.184207835932900910e+00
1.999728171420540532e-02
9.540120212245813830e-03
9.109474567322275451e-01
6.806463044400397344e-02
6.181091155613526494e-07
1.222063356706812304e-08
5.128150908475294423e-06
4.000848083571908093e-05
3.871938200648003726e-06
1.181574179993041732e-05
3.982125454842961351e-04
9.226186605196583512e-01
1.087342234738385649e+00
8.524331592984256689e-01
2.886020312972087387e-01
6.067337963528056655e-01
2.190012552000585089e+00
1.885295066392070007e+00
6.346204079995567682e-01
2.977129768680458199e-01
2.974152096284908176e+00
1.927733924946002153e+00
8.760435968638244928e-04
5.088939155681292679e-05
3.520311936264219899e-02
2.673664075082853378e-02
1.166700724430264135e-05
2.099860373966071716e-06
1.017579677288537655e-04
6.134498454194978016e-03
6.079480853495822928e-02
9.152295015808603607e-01
6.089145807736463106e-02
2.230209105612705051e-02
8.763252022925362150e-02
1.289286799771398595e-01
4.787882847823520249e-01
1.598249298877581825e+00
2.115458683563235631e+00
4.946195188150365851e+00
2.050229759317642841e+00
1.785876703951798927e-01
6.669264209797067799e-01
2.335479628527983159e-02
3.380734775429990904e-06
5.919137467315494222e-07
4.924784095163573856e-05
2.197667450556579022e-06
2.743749597018304556e-04
9.745302789126362164e-01
9.246515708159858127e-01
1.829219286103709319e-01
7.157257079146277512e-01
8.089566686161170361e-01
6.181647795093130338e-01
1.244032498550086130e+00
8.724124251550794407e-01
3.321772545941795718e-01
1.612805928781821940e+00
1.916972862494142005e+00
4.313941573377974015e-01
1.707351815842447816e-03
1.529481456806474676e-06
1.977978628253151817e-06
1.301419062585438895e-04
3.724550827451760461e-08
1.586713161459659558e-06
4.140127741794730198e-02
2.049376811747673610e+00
7.192718778462826590e-01
3.934822024492178327e-01
2.295419898621403332e-01
1.342565351493569814e-01
2.146997113674851687e-01
7.021963657100900313e-01
2.416091617953947807e-02
1.045583845349502307e-02
1.405121524337565431e+00
3.377921899260682981e+00
7.270542380535530667e-03
2.033930398635177151e-04
1.387816946574169357e-03
2.692733364444643406e-03
2.031349876860375849e-07
2.336405941606113525e-06
9.759364580576647061e-03
8.842624551021390777e-01
5.216738355906610503e-01
1.639086650042680393e-01
3.098278447074042652e-01
4.695033566316386131e-01
1.217065454708457645e-01
8.323909943256327937e-01
2.860417127444309648e-01
2.171418984663609289e-02
1.594610997441126221e+00
2.488861363246964054e+00
1.315194246356954193e-02
1.025826813964858114e-01
9.500666393726976411e-01
4.272277704778111411e-03
2.624197115629546250e-05
4.263457053776796178e-04
6.148277197004627798e-02
8.115554907460512668e-01
8.573395614408391152e-01
5.444429392825794745e-01
9.210332507424916493e-01
1.073083976970318876e+00
2.710671893509091213e-01
1.208399562788807780e+00
1.538703022059810577e+00
2.216742237810629193e-02
2.445957897382847468e-01
2.722253838758990963e+00
1.092753353344292216e-01
6.699367236590787478e-01
8.478847409868447982e-02
7.659135283243082628e-06
3.079516391956561958e-04
1.505942321898349166e-02
8.311468773793589948e-01
1.545397131826276471e+00
6.266652475637508601e-01
1.849511050410183710e+00
1.895430741259595209e+00
2.909318133085241898e-01
3.126096474300742445e-01
9.629479105644392911e-01
3.529557566331099627e-01
1.030790784722739658e-03
2.615999015784521622e-03
7.923571051712693381e-01
1.122901513617932556e+00
2.430295033301148599e-01
1.728601785271098926e-04
1.490900055536843927e-08
3.234027788158535217e-06
7.441104262574522164e-05
8.051389074708287241e-02
1.576546986565996455e+00
3.412679011515868943e-01
1.281574739187074874e+00
1.621001218059593407e+00
1.776187086619602229e-01
2.606549697425862844e-01
4.714130521949941310e-01
1.410954427518423371e+00
1.465720182489441692e-01
2.161414142635962807e-02
1.563482751547487226e-01
2.067638522966793513e+00
6.513829563375954645e-01
3.071743555183620474e-04
1.199997247943600121e-07
2.908949278822730566e-09
4.151074202219004547e-09
3.195062882015995483e-05
8.309200424798672546e-02
7.383048396674399827e-01
2.073177908468734287e+00
9.445497581628280459e-01
1.385470406077176531e+00
1.220074213166354893e+00
6.083990369958386032e-03
3.435225133132636076e-03
2.415476167504842231e-01
5.796750794845177968e-01
2.318377632252078824e-01
1.585129170261801113e+00
1.386175446998208827e+00
6.430667152112465312e-02
4.822650848807311379e-04
3.275591473240696099e-08
2.173808981044113758e-07
1.031179380227555510e-03
3.373651957991487538e-01
1.053249255089779846e+00
1.595536993503732903e+00
4.968428420931327305e-01
2.171256041507906964e+00
9.542254129816494235e-01
4.475106535559815669e-05
3.938830321595063799e-07
2.908027891143971969e-04
2.661031095286561093e-02
8.336328303402676387e-02
2.245174204919634153e+00
2.906475822717365265e+00
1.720282532901393990e+00
5.433130846900297017e-02
6.535999467551600970e-04
6.052582867101668346e-02
8.001783543408844679e+00
1.310065145551186028e+01
1.446334657852537786e+00
1.263639038576741980e+00
1.550509093543994021e+00
1.946007849330808170e+00
9.478558591587056270e-01
2.877725609725037634e-03
6.334638264694491823e-05
7.981698305730868317e-03
4.739216539489321534e-02
1.716562230376737774e-02
1.397314548032551507e+00
3.355410799977740943e+00
8.264263465353750837e-02
4.761830754042451624e-04
1.288014673960437631e-02
1.842531278725029198e+00
2.204450132270453366e+01
2.213368895315757001e+01
4.465096009086553686e+00
1.766133006687124363e+00
7.204118072763350256e+00
4.297474175525607620e+00
1.878504667649366189e+00
1.098986495804736840e+00
6.814568527262584996e-02
7.421701471698379793e-01
1.012521129472692127e+00
1.939728995298159106e-02
6.240918793398283482e-01
1.639243392977329128e+00
6.415349028137021887e-04
8.944043841865750834e-07
7.005438689658634625e-05
1.059447235243941438e-01
1.103131576471081665e+01
7.876217739031976528e+00
1.207616559399719458e+00
4.085339764950296493e-01
2.027096162679490998e+00
1.237568457173316760e+00
5.973949058363139386e-01
1.475747174502137771e+00
1.129999358219671707e-01
4.136506150157394091e-01
7.890418699371739564e-01
7.618301193173879216e-02
2.461357171100084784e+00
1.914161265564899017e-01
2.405223170016038832e-06
2.126392290656886418e-08
2.018357140552938003e-06
3.326391294670166462e-03
8.380174397819625254e-01
9.999999024873295062e-01
1.156614519701532728e+00
1.448206208217414526e+00
1.019047212793947832e+00
6.328003400699901970e-01
7.510432788178649233e-01
1.748713875389848182e-01
5.040220677649023817e-02
6.154150121369541537e-01
1.045109724506922827e-01
3.147697830446188200e-02
1.308144963481398193e+00
3.155788064631912318e-03
2.995423194170627862e-08
7.566877801544232005e-09
1.100247025037773094e-06
5.193772335688478815e-05
3.197975314020439636e-02
1.368196221754065522e+00
1.589778046231016262e+00
4.006373854702661719e-01
9.924625172458761968e-02
3.342614263077222092e-01
3.084029463758003242e+00
3.394838231551388502e-02
3.059548058786915048e-03
6.222378669666465967e-02
3.688382984056266800e-02
1.268036359368055477e-01
5.954016802605394121e-01
9.789706480615792406e-04
7.919195550009225119e-07
6.242244262019339005e-07
2.391397608904011786e-07
7.983939515944313407e-07
3.255701849904060925e-03
5.520972315907420880e-01
1.007188006237223488e-01
2.198736346249819118e-01
4.396491110508364830e-01
1.754609279856119974e-01
5.157395115256580009e-01
2.331562131979878980e-02
6.080446281131196215e-03
1.542794752315568459e-02
2.569777127345429166e-02
7.228741956526153478e-01
4.141385743121759333e-01
1.243283965418151386e-02
3.470585103754929984e-03
6.129784477825317825e-04
3.737964169888310217e-07
4.548088045017889613e-06
5.020937763041911917e-02
1.431939371134153927e+00
1.284278074979758877e-01
1.722701987456515704e+00
1.241652056271135063e+00
5.275488604124912301e-02
3.570524900536301005e-01
1.292507145068776842e+00
2.789761849820280748e+00
5.058766566685971716e-02
8.440949587576108320e-04
5.604805031246879593e-02
8.448859618478740119e-01
9.389837619446836925e-01
9.695612969770806000e-01
1.680148204873080711e-02
1.703624758801173213e-05
1.863647423395719269e-03
2.008642730873181126e+00
1.296284431814967109e+00
1.461828006417987928e-02
8.738296436714348275e-03
2.081840809210152177e-03
1.913352103768424734e-03
3.275517895712228289e-01
2.892919803854893779e+00
9.678460932289596474e-01
5.878807382355423147e-03
2.704321613882504491e-04
1.262804942270597253e-01
1.998270036912322523e+00
4.676572516785967165e-02
3.654406669917206144e-03
4.976997856643079103e-04
3.229773763343108360e-04
1.766740963993072150e-02
9.185970561750546048e-01
8.848130321515724761e-01
2.682829456823411854e-02
4.227042248209828858e-03
8.086130691733899728e-03
2.035779905483278349e-02
7.128440442301009483e-01
1.215842728961860075e+00
5.489923223662234592e-02
1.257517826159516156e-02
6.131778347393834760e-02
3.717538229926119264e+00
5.429489408780060339e-02
1.483899958696854588e-06
8.702884656171482418e-08
3.681170520937895662e-06
1.839367267738059814e-04
1.985357864978727789e-04
1.406357860294757530e-03
1.669020360236862510e-01
7.130305739820870237e-01
2.954390696841948660e-01
7.002766612195195917e-01
1.077870400044021043e-01
2.023934327926281695e-01
5.979935494003209007e-01
1.579195547909945929e-01
7.492110681089383384e-01
3.110129703165760873e+00
2.152338415304773989e+00
1.526595597249470098e-03
3.735879148371951912e-08
1.017079567421232340e-08
3.950424578297833212e-06
1.139301207410133943e-04
6.682673784030322264e-06
3.872328051242122221e-06
4.322981355343344747e-04
9.928355380542808889e-03
1.387386896922170390e-02
1.915298376305001049e-02
6.748179349029131968e-03
3.479171725563363904e-02
9.533570610815425561e-02
1.338535338065231506e-01
1.999986815555923947e+00
2.036518476359151286e+00
8.452453451139778640e-01
1.187012363135988777e-02
6.912584161869026299e-06
1.445537888923381083e-06
6.674095345091309863e-05
1.628180888661324988e-03
1.231822424684266308e-03
5.596586181246114870e-04
1.463521064893577453e-03
3.856054355390132939e-03
6.977499682081573368e-03
5.336356667759423709e-03
1.757974858896753714e-02
8.060040813264777171e-01
1.072442934339278509e+00
8.636838096111519869e-01
9.709341099878409098e-01
4.028804088378504927e-02
1.724208965815575770e-02
8.562775975090310479e-03
2.018658059884042655e-04
4.980165081584540197e-05
3.239333132963301666e-04
1.327215504140875045e-02
9.287791258126260052e-01
2.151152541234359727e+00
1.716027044992756156e+00
1.355210613824384014e+00
6.553055052305220007e-01
1.447811192665931501e-01
3.420783432988621503e-02
2.303502502297456039e-02
1.242646746289869861e-02
2.761529803284042822e-02
7.575491677817434294e-03
4.804370730021340768e-05
1.169637342497310755e-05
5.634909493279838998e-05
7.385401760710999877e-05
1.102009942663065430e-04
4.712550818683184533e-04
4.478523568054386395e-03
1.045449440605060065e+00
2.839694215714494874e+00
4.327506162588725225e+00
3.554026507634671095e+00
4.429341383678966904e-01
7.399572140662437070e-01
5.036251674577697096e-02
2.325821139555134251e-05
5.038489632851734400e-07
4.163367608603727017e-06
1.436760021961784821e-05
2.187274435330088652e-06
1.861353554353256311e-06
1.558507157612997921e-05
9.205704095400810507e-05
2.934564472920235599e-04
9.023187310697081782e-04
