3.876490463926096582e-05
3.447118627821269926e-05
3.451391108445958482e-05
3.569122588618013663e-05
3.425281234984806452e-05
3.075871850030128087e-05
2.766383220037808339e-05
2.615916696513679974e-05
2.617962256782683486e-05
2.688543130286061804e-05
2.690646020423429849e-05
2.590551123705165501e-05
2.573682030888226548e-05
2.737964579647805108e-05
2.873787265475054051e-05
2.824964580222361462e-05
2.839522676653006512e-05
3.177002492792499493e-05
3.131845469170999079e-05
2.529495383089472565e-05
2.390152619822961892e-05
2.417984763904134098e-05
2.400321207676027070e-05
2.378536199846126000e-05
2.353171230771366953e-05
2.272654609171165805e-05
2.186016070094855799e-05
2.145491482385336734e-05
2.097701274772390638e-05
2.014226933899185249e-05
2.017999935354111726e-05
2.175696556439691057e-05
2.320395307156242036e-05
2.299766367240566736e-05
2.303712335863589418e-05
2.608123608032941182e-05
2.806580742964929101e-05
1.895880357039866166e-05
1.302036946796260486e-05
9.650290891161889014e-06
8.912200307756555786e-06
1.106212915883439652e-05
1.555486715650207858e-05
1.954490346334226337e-05
2.083087619699389867e-05
2.029329088035821205e-05
1.896593742114843583e-05
1.775194338062911472e-05
1.778677900801199291e-05
1.913701353031932090e-05
2.050345587131056292e-05
2.084009793549013856e-05
2.125541266033147914e-05
2.405344393046446953e-05
2.841649564996097873e-05
1.379008660761918164e-05
5.646622480155373461e-06
3.084989526872767522e-06
2.787677026175203574e-06
3.693059429029130684e-06
6.723891377347233180e-06
1.338639133398978518e-05
2.038023783671726131e-05
2.189697981925938723e-05
1.935076615557000619e-05
1.710197237245037510e-05
1.692303040602182040e-05
1.815127356454210913e-05
1.960348204120417558e-05
2.076623827211630888e-05
2.202178770508429374e-05
2.486576907573770530e-05
2.796839228003701334e-05
9.740550917880456131e-06
4.641159732776154676e-06
8.506659718333791124e-06
1.782410884777088867e-05
9.243273067284639392e-06
4.548113891700803098e-06
7.611627262075962867e-06
1.763802894374552537e-05
2.361021126151610628e-05
2.051271470193197086e-05
1.712165685061146702e-05
1.651933730853161290e-05
1.763745816358542690e-05
1.939158696650430258e-05
2.143789813074118344e-05
2.349137158093124572e-05
2.636957263918847274e-05
2.396670987108671111e-05
7.695825409967211068e-06
1.571436006887932718e-05
9.026618012599128263e-04
1.445777453623043989e-02
8.432027849045111052e-04
1.241843656530318184e-05
5.005429512003366829e-06
1.375286442140991108e-05
2.475267598780577018e-05
2.312420756738060881e-05
1.878650297309716836e-05
1.705249165656709111e-05
1.720343597936873766e-05
1.861255801427555152e-05
2.093815915576083112e-05
2.338398065307041224e-05
2.640153323637102356e-05
1.248758083724273458e-05
3.257042433846149901e-06
2.166251836664850837e-05
1.487923063598034848e-02
9.441406199812899525e-01
1.501931031233146030e-02
2.291599111240885900e-05
3.146310302864019079e-06
9.712650946388044348e-06
2.524566828333223660e-05
2.878203938488380225e-05
2.401455855298405409e-05
1.984684242872018599e-05
1.755751480779695219e-05
1.737924329384653638e-05
1.901245488124999054e-05
2.160138640486538878e-05
2.528536200787434649e-05
1.238139331937887928e-06
1.526290747883509151e-07
1.018611999142113162e-06
2.675524780484365051e-04
6.176348851297360637e-03
4.264323790450253739e-04
4.620818575179436326e-06
9.711641137809801134e-07
3.641581836707259982e-06
1.731398288053276625e-05
3.199807965757687486e-05
3.177427450211444353e-05
2.543144575885021897e-05
1.995809742577928794e-05
1.760989735792837881e-05
1.810245528671553840e-05
2.060115729214852202e-05
2.500532451064874537e-05
1.150916615775078976e-08
1.908632340308921701e-09
1.621764419310890235e-07
3.137970520968808231e-05
1.058887678484554321e-04
5.441433151470277885e-05
5.020941659618295190e-06
2.837253676498639950e-07
3.988639491426847027e-07
4.256411555586163010e-06
1.961750914144838771e-05
3.118590718571948332e-05
3.078180032069007953e-05
2.483970904728761666e-05
2.037732431664964486e-05
1.920324880113676586e-05
2.068581758651926789e-05
2.475833599148014104e-05
1.815084109618903632e-10
1.094817122582730161e-09
2.790403848691829557e-05
2.722749924961932744e-02
2.157940126037658640e-02
1.509426222550094496e-02
6.480315759452309364e-04
5.966016003074488351e-07
6.464484329982705193e-08
8.031517822806014691e-07
5.449149545984720374e-06
1.380431624764951448e-05
2.581890120144163689e-05
2.946148372507028515e-05
2.466452819052697721e-05
2.084724083968374244e-05
1.995685363160163345e-05
2.242807873179661126e-05
7.602752703330887857e-10
1.306584347919194420e-06
1.243702703835583984e-01
7.702617414673798457e+00
1.169807570304834954e+00
7.950895336799362889e-01
6.827486519220875294e-02
3.636957610756795902e-05
1.518458512922564577e-06
3.611730000912443858e-06
1.662775667641896095e-06
1.858545257562657335e-06
9.649792579954521215e-06
2.622364156062552022e-05
2.774913272180972327e-05
2.220574399688927172e-05
1.900975800467785188e-05
1.995792622444532863e-05
3.819279284611712512e-07
2.718696648414762121e-02
4.783336334270648393e+01
2.230377567085368185e+01
1.933959380591605992e+00
1.175862469168494240e+00
9.004589249571351983e-01
2.406696195598544835e-02
9.082417600409073768e-03
1.338761459418183562e-03
1.613902709497578387e-06
1.286753767399999250e-07
1.622654144196508929e-06
1.444302551604562655e-05
2.543658078544885269e-05
2.329320753051000449e-05
2.000924553270640451e-05
2.044489406112979686e-05
4.018195331501738128e-05
2.069902726815791016e+00
2.527740622391771126e+02
5.935578513001862433e+01
1.226717595001751882e+01
4.531545560218495972e+00
2.622933135628979340e+00
2.814475359041933578e-01
7.987503865428083882e-01
5.811924397444245827e-02
3.191989570105266038e-06
4.580649786092317880e-08
5.361945485815011079e-07
6.398837299582654832e-06
1.663299649014255099e-05
2.165563603842582071e-05
2.245063242333841276e-05
2.404842755346888727e-05
1.138603532959275990e-04
9.075682681043452105e-01
4.532887680716752499e+01
1.653043109017029622e+01
3.701511157644273187e+00
6.003066766385247721e-01
7.716768530437863316e-02
2.037389384085823603e-03
2.774504218570267907e-03
2.269321737175741382e-03
1.790498560923951073e-05
2.368965184905280031e-06
4.590883128852583716e-06
5.730859919355307058e-06
8.466221261568630455e-06
1.604253749538085173e-05
2.331041589344470203e-05
2.802010341602183242e-05
4.072659942330262959e-05
8.043074191065059664e-02
1.712079061152724790e+00
2.336369745196280601e+00
2.585622811635647444e+00
2.136290294914515164e-01
2.904488624337947175e-02
4.183961310492739414e-04
8.485566934992032524e-06
2.452316220439454435e-05
9.255952524026326254e-04
9.773176782800001641e-03
8.703184647235969774e-04
1.480207706737225239e-05
4.595573785111309210e-06
1.049167341755808744e-05
2.168806329758258172e-05
2.996585868198919307e-05
5.059901706447698927e-06
6.869607013367209263e-04
6.416128335337524351e-03
9.358351915215662453e-02
8.317622388280057066e-01
1.907892200786973080e-01
7.836624835577192805e-01
4.416372839615435864e-02
9.115569244542939909e-06
4.489693089056631987e-06
9.339146293484600764e-03
9.488104971899372631e-01
1.381745498153406568e-02
2.309779308424279867e-05
3.180277519386048124e-06
7.988901413779652124e-06
2.015689921995980681e-05
3.084449597049566889e-05
2.568295095418176073e-06
4.015987056699274124e-05
1.001262382665023525e-03
2.903235469516510583e-02
1.353169279188904707e-02
6.596565624478265954e-04
1.511404363624271191e-02
9.718970838967624926e-03
5.158673243473635282e-06
1.068162562582902802e-06
3.989913589915592600e-04
1.407379262415150468e-02
6.237436553031073042e-04
8.178641418167521975e-06
3.180760435053423054e-06
8.773262592361538403e-06
2.073778655107817005e-05
3.188356198497044070e-05
5.527390379065726948e-06
3.872710907896266297e-05
6.696363295812008017e-03
8.880691005596214049e-01
6.705118527429271280e-02
7.908440362114623422e-05
1.971492477251184124e-05
1.361122098412508824e-05
6.607000097310391038e-07
4.545056051454750533e-07
6.456440312443766745e-06
2.789072773989091390e-05
1.047079331945655392e-05
3.775041673322067907e-06
5.496596824158016053e-06
1.297231803748367315e-05
2.287748363885041183e-05
3.184819305040729521e-05
4.546123892536452472e-06
2.396687618453013170e-06
6.941653619232137891e-05
7.408966924156269729e-02
9.184660602128934537e-01
5.015753095801970922e-03
1.733361149491124389e-05
1.657098733812041955e-06
9.621118375713276641e-07
1.632531914111715575e-06
3.593987877790669031e-06
4.778098317908307072e-06
4.915265948062017118e-06
6.875091731391253209e-06
1.235383618529010928e-05
1.911959466799071017e-05
2.411553981141945354e-05
2.942142949498037765e-05
3.339842092197636920e-06
1.262348443485931355e-07
6.030383315387380340e-08
1.452372778570900031e-05
8.286134777350634070e-03
5.210642451597803995e-03
6.010944735210831585e-05
5.439546220695693279e-06
5.654124441529771501e-06
9.994372101240886738e-06
1.262472819998278260e-05
1.244703162447709634e-05
1.325873360779220222e-05
1.660807879221343325e-05
2.072905579380433775e-05
2.269859716133146348e-05
2.346217555377493706e-05
2.648772325632152796e-05
8.675035640061838974e-06
4.359725343236854213e-07
4.209428485625201164e-08
2.798246128889393478e-07
2.065711719496453704e-05
8.445399525035951482e-05
2.289067014678876553e-05
1.129928112179842171e-05
1.603825214454488219e-05
2.359920485915292850e-05
2.588006317878877214e-05
2.448252515425906184e-05
2.303058039806168139e-05
2.270122326564274768e-05
2.289870174631877917e-05
2.253763543806399167e-05
2.246394597497430927e-05
2.522783872632385053e-05
2.751427136744504651e-05
7.072689841735115282e-06
1.561032926075881839e-06
1.425536032349443440e-06
4.800151683243299596e-06
1.056268765603409118e-05
1.167984441638021926e-05
1.456543393973215484e-05
2.095335235030871402e-05
2.549063069187338244e-05
2.586712528180931856e-05
2.418823325358561503e-05
2.211621881698024134e-05
2.099196133690827795e-05
2.109736293645846593e-05
2.138856056268608860e-05
2.205681781886399090e-05
2.528655616106031888e-05
4.231333561130080760e-05
2.824449893649380740e-05
1.603423096560644862e-05
1.139782244689351204e-05
1.162106954745333306e-05
1.321033069481935120e-05
1.502486878803372778e-05
1.783740216606914935e-05
2.075366262626586816e-05
2.211724254653809265e-05
2.185133719666724697e-05
2.062706004480499190e-05
1.927597953013028366e-05
1.902330684604457267e-05
2.008284280061638721e-05
2.123677025945017716e-05
2.246079976478585234e-05
2.593105414434146894e-05
4.201957015079426484e-05
3.566992404891236590e-05
2.926062960634188270e-05
2.483642253004254065e-05
2.281370057114699945e-05
2.211625601856418051e-05
2.171254116976573283e-05
2.142348991799369724e-05
2.148123895728735425e-05
2.183373617142156479e-05
2.192874403410425288e-05
2.118817706948918566e-05
2.016456780548162719e-05
2.032839675096590842e-05
2.191317362891434512e-05
2.350481829416921126e-05
2.492874324185598896e-05
2.831743158405529466e-05
4.144122701355492538e-05
3.664963071103153914e-05
3.298612061167791130e-05
3.115180403807451696e-05
3.086935559118539514e-05
3.068546645689015776e-05
2.929057116688344202e-05
2.732091507009798588e-05
2.626822491761754037e-05
2.653756459244392671e-05
2.714414288728729505e-05
2.674341248397280136e-05
2.570779870560977777e-05
2.586121413332983056e-05
2.756179929267989692e-05
2.929629909437524881e-05
3.075682320339286448e-05
3.373503169768395522e-05
