2.336973586890027724e-02
1.948872470195427198e+00
3.090904115743546399e+00
1.858760262796368856e+00
1.129767579499949992e+00
8.201245162618603368e-01
9.175837720910537398e-02
1.076165865171707647e-01
8.787691846793760364e-01
3.788557488440059268e-02
6.779519079270709528e-06
6.234908484773729317e-08
1.012805662540558749e-05
4.286058102786653246e-04
3.534075517080601230e-05
1.572810815024082369e-05
1.519888698951980658e-04
1.235671199110954755e-03
2.004499917314130769e-02
9.352777256056700184e-01
2.061302842139956848e+00
1.969604560335987742e+00
1.260629332360317378e-01
8.557339677293471919e-03
1.625198947786095013e-02
7.069751972575201160e-01
7.208464206448521594e+00
3.967611041083256129e+00
2.281009265534361327e-02
1.807142629022055443e-04
1.285044772596020436e-02
1.376014779559793337e-02
1.121834121705740017e-06
2.645690532762097466e-08
2.278383464465957711e-06
2.814629532460025964e-04
7.620807430536953369e-04
2.801774249101973355e-03
2.368513505348689846e-02
9.456262507611093993e-01
8.838999607502989742e-01
2.385031606066360249e-02
9.581427417227134785e-03
2.579389455986206836e-01
8.391939183483360098e-01
3.092170421370519673e+00
1.165125660630240745e+01
1.401743427633028283e+00
2.708905992424736731e+00
3.642829056546581512e-02
5.696565385233802107e-08
1.261119426757150417e-10
3.069199062336571632e-08
3.991153882375622056e-05
6.808478298026823797e-06
8.188058878793609857e-07
2.374362945342582717e-06
3.489218670925577233e-04
7.497189605561922765e-02
8.857103561605828013e-01
1.112469089923660670e+00
7.921499085804079021e-01
3.084882837636476402e-02
1.977345272885382491e-02
3.278797920991717074e+00
9.657637515700775666e+00
2.143041243487627590e+00
9.753826455266322026e-02
8.929759956816416561e-06
9.539837891918678022e-09
5.179894155862504191e-08
7.549638758827746734e-06
1.557532965704701720e-06
4.898164733352930079e-07
4.129371911161036290e-06
6.288119690053323076e-04
2.068147721307576903e-01
4.945865409631880816e+00
9.355350110744561354e-01
2.078148570628313152e-02
8.756976699766490929e-03
7.956001702422703381e-02
1.791207601509895886e+00
4.052724757199769101e+00
3.374819887682627861e+00
4.468709357037661256e+00
1.725593513707530113e-01
1.623500469225393943e-03
3.091695391985731001e-05
3.863050050501966318e-06
2.811035669263159124e-05
1.140355846492660920e-03
6.701884365118791764e-02
9.168717227803000469e-01
1.638748170008395011e+00
1.087165190354882460e+00
1.613341750387368434e-01
3.082713843486354060e-03
6.806144635192615255e-02
2.819163730271708967e+00
1.529854097103710009e-01
4.993024158002975360e-02
1.374783002861558856e+00
8.760816997795986438e+00
1.661522980891245505e+00
9.886534845444565622e-01
9.296765245469421068e-03
3.365877936924840380e-06
2.125970288613548455e-04
3.825974964515421045e-02
7.842096319280270622e-01
1.295381351877616938e+00
2.152240119604656166e-01
1.125246529229327747e-01
1.470954692924836937e+00
3.627343665414220486e-01
7.268742001992986035e-01
1.085156400974611079e+00
1.220078684147596348e-02
3.976040631898105152e-03
4.934837723822678712e-01
1.133049854794580114e+01
1.449846338609710461e+00
1.916897375487627952e+00
5.486801479213086058e-02
5.076768594242134995e-06
5.256337879951306948e-05
1.133934017844551428e-03
2.787938152613174750e-02
9.665426187554951865e-01
3.362971415002500297e+00
6.529741537680889829e-01
8.555751650776058925e-01
9.002248791946727557e-01
1.202294472433773187e+00
9.311753346880532467e-01
3.036139592233715878e-01
2.574985377549134369e-01
1.598435448170498541e+00
1.052485199153087514e+01
8.296319344378394689e+00
1.721107945073971246e+00
1.203621888948431216e-02
1.111490303991356547e-05
6.112334647363864936e-06
1.877289331470960139e-04
8.537567232395924799e-02
1.143805573670077846e+00
1.336775318023152304e+00
1.270790880799244960e+00
2.730867308509052349e-01
2.661667252318498100e-01
5.872828128965618122e-01
2.413452587546868477e-01
3.638259601232258778e-01
1.053250973649815458e+00
9.965002773124219670e-01
8.436284045428549261e-01
8.531889687681065482e+00
1.303059989972093380e+00
1.111251124339195789e-02
3.786308306520239151e-04
1.371182440688412618e-07
3.326577446034660265e-05
7.530599923234011506e-01
7.907664950391433134e-01
2.783346461896284152e-02
5.423544729144944565e-01
8.849612444666643540e-01
5.378674818640056809e-01
3.276945042180749446e-01
5.527815027017742716e-02
2.166132973997000610e-01
8.275453073756625644e-01
9.206383531750800264e-01
1.342724986592569669e+00
1.246279783879553626e+01
4.303735968380406618e+00
7.974424176049844659e-01
4.468698622563418987e-02
4.340464005979578959e-08
4.070488915179534513e-05
1.526604315812657209e+00
3.786580318658337774e+00
3.203889407779947351e-01
1.224955957411922647e+00
9.964981471949038161e-01
1.786248005964541363e+00
1.480568495910059790e+00
2.220413906751234068e-01
4.580346057576160645e-01
1.949591161514437343e-01
6.549635069164484735e-02
5.999899802850939823e-01
6.497995069979412897e+00
2.847733410375611118e+00
9.549287855888257681e-01
4.972543450076610805e-03
1.060783684458311837e-05
3.684470352721161412e-02
2.132967959628680532e+01
1.541908157291440062e+01
5.539929715350913497e+00
1.775821122567311505e+00
1.121379665389915736e+00
2.299195235927081082e+00
9.854270950894071790e-01
2.516864802799887446e-01
1.734684621774750246e-01
1.389236970068186139e-01
2.192067657058480862e-02
7.711816528701959106e-02
4.914379633625601151e+00
2.869761157348528879e+00
2.490549613179065813e-01
4.866143892456801893e-04
8.795481245555892202e-04
2.002715035967431056e+00
4.047055873065114184e+01
1.280324167284696379e+01
1.122787556285924637e+01
3.438699982554077383e+00
5.808439054230434273e+00
3.461843985671101187e+00
1.594557628592517817e+00
2.325269573058618366e+00
2.516715528258414158e-01
1.411973302525781682e+00
1.067164357751361869e+00
2.035825597811587173e-01
8.623129255752330025e+00
6.409834438520670474e+00
1.567365329743847013e+00
3.423327082569872781e-02
8.665672172359589840e-04
9.942819648364367158e-01
3.863290145991050650e+01
1.820895984985801164e+01
6.708370511640105782e+00
1.579362416861288310e+00
2.170477735383752105e+00
1.444721868321747982e+00
1.677761036157003671e+00
3.062213960099900323e+00
1.716722064575987305e-01
5.459227261441645940e-01
6.526830678648576356e-01
1.747983637917740196e-01
8.048581418244467045e+00
4.994219255999107432e+00
2.177190485317570978e+00
1.048313811104110371e+00
4.403938487928956796e-05
2.635487781574270480e-02
1.315164619612936647e+01
1.495262773308223991e+01
3.099348350370906946e+00
1.634096584372734418e+00
8.172210178523475754e-01
4.921042854381348919e-01
2.548362287634065582e-01
1.868851541141573758e-01
5.889787549681188006e-01
8.560305530603393720e-01
3.399402254994041139e-02
2.772030167861140593e-02
4.753381385081123511e+00
5.004929249955069714e+00
8.515297294035238940e-01
9.568316302374091364e-01
6.243169662599074280e-06
6.096330040758614430e-04
9.537086682576769725e-01
6.014879867222520105e+00
3.006966200895216268e+00
3.190699689353973856e+00
1.087555771757014789e+00
2.804009281262560993e+00
1.576694930660456739e+00
6.317883959416048523e-02
9.742918278592602177e-02
5.722234859678507896e-02
9.491266072642834395e-03
1.406409557955911604e-01
7.097326647192187643e+00
3.173750259036741905e+00
8.621746114057664279e-02
1.292451465843886399e-02
6.121358903973633940e-06
1.928475497562292607e-05
7.589988234207897637e-03
7.793055375519952754e-01
3.204430904504052879e+00
7.686742602830312077e-01
3.210018776379546662e-02
4.875153178477386468e-02
1.348811583016616134e-01
6.886080110150195888e-02
4.287379539279930624e-02
3.774263645483509882e-03
1.647433215978576573e-02
3.661952530661178873e+00
1.407980468002222629e+01
6.193881823813502940e-01
1.302056330227631701e-03
1.495607958062931656e-05
3.414815190812171768e-06
1.552824268271552332e-06
7.114201873198630057e-04
3.830928597484991038e-01
6.884042126071940881e-01
8.616826485635127597e-02
3.125944325812458902e-02
4.994572498154811052e-02
1.398797787356707567e-01
1.851842132231015015e+00
1.788894118653028720e+00
3.080919621431725541e-02
8.589277414005740130e-02
5.116508644594417454e+00
6.162216753947832970e+00
2.978385154436514193e-01
2.479451967680744483e-04
7.486636649880768883e-07
2.098030759449507204e-06
5.281518433279916875e-06
2.216426950956836700e-02
2.619823529630850079e+00
2.233560124524224533e-01
1.228156698486397719e-01
9.111374054447708426e-01
1.841272414096972510e+00
2.669198853067026089e+00
3.280279571665936089e+00
1.318109630722759107e-01
1.414948357779117691e-02
7.840650067805824408e-01
1.222408513907690519e+01
5.473897349639587517e+00
2.873831066489124453e+00
1.287964376488236716e-02
1.265015683830861386e-05
2.872642519776793169e-06
2.595494870837311078e-05
1.730911414665408862e-02
8.258422140268890932e-02
6.332735526486840683e-02
7.155672433420503520e-01
1.574282688175600853e-01
3.590087490078406468e-02
6.081117050803892532e-01
5.332804200502867520e-01
1.270094087457265472e-02
2.543361701354372034e-02
4.195399530418681522e+00
1.053279112953994812e+01
1.860536573939292504e+00
1.853479433881303429e+00
2.505418275115605178e-02
4.726587299911312639e-05
2.473498187048464093e-05
1.638182642166170462e-03
4.843025659249461379e-02
2.372944797900591613e-03
1.636139975191938699e-03
3.041638546577157126e-02
4.026207631655929348e-03
7.708139413890578197e-03
4.469521941340705018e-01
2.285601598329896900e-01
1.727160003298036373e-01
2.706415293307788517e+00
1.316262433478055449e+01
4.141421950174368760e+00
1.417416294944334743e+00
1.079036576907333456e-01
1.301452306010309411e-04
2.361591764231074141e-06
4.089822359589783307e-05
2.389841506342946925e-02
8.265610985711310255e-01
6.386979887299732914e-03
7.241763752716099431e-05
8.944471380556849225e-05
2.618016360849082522e-04
7.599824072508178964e-03
2.020101289117403054e-01
1.957889916320693924e-01
1.652486306364190805e+00
7.396285429593087990e+00
4.571176953717201563e+00
1.299207791602783546e+00
9.129661238276780277e-02
2.766135406416346402e-04
3.812300769154937938e-07
3.199167418057320496e-07
1.450684723987887430e-06
1.054585590170123086e-03
1.323394572337767694e-01
2.702745534174998826e-02
8.599284275647391855e-04
3.973607394337376865e-04
1.974859444465207510e-03
2.191096170084889591e-02
8.615843207359370481e-01
3.968797917158977562e+00
3.901300086370115494e+00
1.123927851341525314e-01
5.034705862584701319e-02
8.178402306943152178e-01
5.473758873787491069e-02
2.888514720931247072e-05
2.461546515709767579e-07
2.029415695437203968e-06
2.742190516964537049e-07
2.502884008024130330e-03
9.057084732880502642e-01
1.078277403375900834e+00
7.245984506284903759e-01
4.531163298971632170e-01
4.038496339864897089e-01
6.045062163274524947e-01
4.520405296004802231e+00
2.391004028242009305e+00
8.703908761199852240e-01
5.584012598253217108e-03
2.035649991741187868e-04
6.402232530216109274e-02
9.254463992423715979e-01
4.174356159839872835e-03
3.323698844855978971e-05
6.962588123308602664e-05
9.795966524907984598e-07
7.830475230160027778e-02
9.815908112894224047e+00
1.274986670219396823e+00
2.788620772228636913e+00
3.111888728634997658e+00
9.649942495250242169e-01
1.037879047580299918e+00
9.030942625412529123e-01
1.159102465523265402e-01
8.821140530767035415e-01
4.136789119406662774e-02
1.137765766308766937e-05
5.719854232041539919e-05
1.421222569974552562e-02
7.392516148912414535e-03
4.512520668644061242e-04
5.603894153914484562e-04
