3.557146018585511998e-04
9.019574187659951114e-02
8.098058749445535831e-01
1.185004921439410053e+00
1.865713864870702121e+00
1.070040286641532834e+00
8.686916480558461995e-01
1.504737803207788216e-01
4.280235577368781547e-03
1.402668555724897017e-04
3.616292937535646890e-05
1.840831674713943971e-05
4.991494168634882113e-06
7.921406478795740946e-06
9.073217037094469245e-06
5.329122317350917172e-06
3.198996220028347442e-05
5.800313216726308641e-04
1.539624898375714819e-02
1.838816754460999014e+00
1.334679017729005990e+00
1.701243531358913375e+00
1.193465787924033572e+00
1.377996512701058947e-02
2.028212394577259478e-02
1.884238326682026177e+00
8.755106439395301532e-01
5.797847170935679743e-03
3.689883996254392055e-03
1.204423737063555627e-02
6.632446753090153781e-03
4.662005553610934494e-02
5.010843285636432977e-03
8.227519715979898584e-06
3.555430409762813695e-06
1.406799668095160168e-04
3.376859797559829445e-04
9.353947052241642912e-02
6.705674782455761651e-01
1.372848137755921405e+00
2.556513732427957653e+00
1.623673495813265921e-01
1.718447887361403831e-02
4.971282442132560903e-02
1.476771213111276737e-01
7.026536283434621499e-02
1.079759110999961136e+00
2.821828745745388112e+00
1.286909539422671223e-01
7.566458804833054996e-01
4.624151763354598932e-02
5.738623527785430677e-06
7.746241730401137672e-07
5.032166532319425111e-05
4.817213332740747218e-08
1.699241532067498258e-05
1.011481380972015648e-01
9.968630085450567169e-01
2.304524864823494779e-01
9.416706428427920050e-01
8.189466720754916551e-01
1.387456291469694458e-01
8.025158231266228404e-01
8.745146337600688824e-01
1.861964754602727812e+00
2.121779860075979851e+00
8.049070076307318633e-02
1.307031452740328170e-01
3.268520670091458035e-03
1.574200920417287661e-06
6.604859425530859427e-07
2.120522868372293651e-05
6.244255765908830947e-10
2.121606168097700751e-08
7.310371986611076227e-03
6.680101497017323364e-01
5.222000824851990609e-03
1.061174472377079611e-02
3.231892982261513197e-02
1.298223229004569559e-02
1.008946951378745682e+00
2.204937470727597049e+00
3.672619577430498716e-01
5.916661482523110083e-01
1.044069494176522728e+00
1.859668371743407267e+00
4.269036010964066818e-03
1.648825650300891549e-05
1.513878745793653419e-05
9.455929914920371021e-06
1.656791024080843376e-08
6.292679225704420960e-08
2.987545077698795619e-03
3.772097808366379756e-01
1.423522422604581693e-02
1.991820706460236887e-02
1.664264027678713856e-03
5.436009458573972064e-05
2.468127348734912296e-02
1.662523239787888629e+00
7.096182439119607110e-01
4.010190069146608582e-01
1.039272306357466258e+00
4.940891537955498514e+00
4.191488623178177969e-02
8.190151472212116313e-03
4.863185034681491090e-03
8.052381753529477289e-06
1.275864792047109547e-05
9.865447975367951290e-05
1.018719713809833338e-01
4.217166314242744574e-01
7.995965469909090129e-02
8.782805612806604545e-01
1.899096098484039791e-02
8.085423242348141666e-05
1.137849937440995989e-02
3.492959668774319182e-01
2.795448176041076538e-01
3.665601111249536803e-01
3.582696552041989002e-01
5.635534401748578226e+00
1.500879129812286328e+00
6.729511388659669135e-01
7.781635802367443955e-02
7.104063897668934716e-05
8.408123607597443969e-05
1.340849719296915727e-03
8.118521584375002487e-01
6.730574495857936101e-01
8.173611003171129055e-03
9.042593366406715544e-03
1.074331207515306788e-03
1.713369093697745648e-04
5.085260676912003314e-02
3.835440426058401853e-01
2.924211268188416923e-01
1.056463090879782962e+00
2.015208070630035708e-01
1.849592475635713829e+00
2.754607811846739196e+00
7.197553687701102598e-02
9.271466505989572199e-03
2.225977561889406348e-02
1.198938964279025998e-05
1.029187990363754558e-04
1.715406882272163536e-01
1.300388478550964955e+00
8.126497483259297050e-03
3.118195122752329389e-04
2.559484669224191823e-05
1.391607579472259504e-05
5.392859293583220949e-03
3.819425774901526460e-01
9.108623329562755000e-01
6.559235076485334659e-01
1.416641786476347496e-02
4.768661190396435851e-02
1.311232701946728474e+00
5.435108900193428433e-02
5.592096374760321259e-03
9.188032853191249183e-01
3.833559982018604483e-05
5.279118051483264228e-04
8.473128737417835732e-02
3.488236454398468966e-01
1.060322951076683312e-01
3.920353536000226180e-02
3.893620031158269088e-04
3.872876907791134694e-06
4.263401240363276913e-04
7.575505583143091748e-01
2.114710211165807596e+00
2.912135416316027348e-01
1.649037110051786506e-02
1.982075220954414296e-02
1.564451492139431021e+00
8.996864713466005137e-01
1.586741806946734973e-02
2.788646387747218541e-02
4.180262410022105100e-05
4.697767068583033612e-03
5.655340982708659814e-01
1.127960410273084912e+00
1.814303586145029845e+00
8.300509608183562760e-01
3.777044014426012486e-04
9.213880186293692537e-08
6.773361792221660601e-06
1.167306225664677399e-01
7.421177161132223032e-01
9.601708882179048610e-01
7.734592120463287257e-01
9.098390273972635500e-02
4.511536757272348597e-01
9.997381139205946399e-01
1.014231341038017847e-01
4.151671154771196734e-03
6.183104071298770738e-06
7.126250341263529360e-03
4.674826463011130251e+00
4.510052459241936873e+00
1.179531747522435836e+00
2.956926513341233687e-01
8.994391897325585816e-04
6.533026430237773917e-07
1.586720136368342712e-05
4.439767965301690683e-02
1.597608282228753507e-01
1.173490154683501485e+00
3.029794038835902814e+00
9.902629579704370633e-01
2.533536736755203744e+00
1.174362879144180249e+00
7.074425543223212820e-01
2.219971925591741196e-02
9.209276779721367785e-06
3.065954172178313869e-02
2.314952673348906131e+01
8.771061968866241898e+00
7.833102864370661278e-01
6.905424622535983881e-01
9.421356119159720599e-01
8.315401683976625380e-02
9.919533510790648489e-02
6.500204646002237796e-01
1.772521036701054375e-01
6.020932619560157573e-01
9.653350176152948325e-01
1.389324290927951955e+00
9.357018367379433821e-01
5.896388938965334975e-02
1.885876436019742197e-01
1.592891818627902370e-02
1.285713802837828872e-05
3.904386319850047631e-03
1.674750880332917413e+00
7.318517906359372382e+00
2.074657820097131289e+00
4.302851055935957292e-01
9.542299982542181702e-01
7.509612686168652962e-01
1.303863070927208379e-01
2.618492528653827006e-02
1.922278311956136104e-02
2.218603040017214922e-01
2.088902942657877015e-01
3.880370205152834928e-01
1.875908231340121246e-01
6.274804248134256690e-02
7.824393402796343544e-01
1.877149143809487761e-02
8.994655372811262005e-05
3.509011818127361678e-03
5.408429833769017314e-01
2.560808901659909598e+00
9.294102735795614079e-01
5.669767842042516826e-01
3.246108321567636179e-01
2.676600516329489046e-02
1.552056371557096817e-02
3.084455332827353707e-02
1.367146835730815857e-01
5.846800945462796717e-01
4.427899492494339478e-02
3.307795034175571303e-01
3.082883414549824508e+00
7.805333319794299785e-01
1.032368826363836839e-01
2.196550089137680223e-04
6.141044904017812502e-05
5.946710696601066343e-04
1.914397987138189705e-01
6.874865194493503529e-01
4.436359672701672280e-02
2.411099492891446983e-01
6.741845218939110929e-01
1.985144168792461056e-02
6.317385450758293552e-02
5.919027420730055278e-01
1.133947054177939950e+00
1.130328852857960031e+00
5.526941365089258623e-02
7.734735103452557992e-01
7.745486561410889870e+00
2.633217262658270608e-01
8.612032102593414600e-04
1.514468103093442222e-06
5.570643201599740179e-07
1.060119644955530375e-07
4.974170650535589055e-05
2.581949299091191100e-02
4.358278240148941163e-02
5.872579416457553853e-02
2.529941036967767523e-02
6.040251771902694494e-03
7.960871650855425030e-02
2.244906297119428351e-01
3.209862498267323505e-01
1.263437421069268263e+00
7.410236124988627271e-01
1.537719192646472832e+00
1.625287078341089320e+00
6.322374546829561126e-01
1.454877254322295768e-02
3.088517923143347342e-05
1.856398394927641285e-07
2.271976220826819508e-09
5.668439444800420912e-08
1.055588865356860920e-03
9.792224185406585013e-01
8.198898664303485573e-01
5.474044974616664588e-02
1.658660582945004347e-01
8.619721812216947221e-01
5.870851838156893043e-01
9.058368930082502102e-01
6.155011615206694708e-01
1.152368894866315330e+00
2.446671546426362642e+00
6.136188238159132613e-01
1.576351101052357040e-01
4.035124304769512754e-03
4.778674808378765790e-05
1.321272711718367120e-05
6.174220009692003849e-07
3.774701445118205029e-07
2.769456009668488884e-04
4.017773165588121864e-02
2.591222297840233696e-02
4.794857875893127758e-02
7.971017815287668729e-01
7.039605896337944868e-01
1.208882779548243080e+00
1.211252601543296281e+00
6.534271721647592901e-02
4.674689666586179237e-01
3.894900640980767381e+00
4.090361916599608710e-02
4.219322481418118112e-05
4.790540465176276087e-07
4.938332579253509683e-07
5.084421958134874818e-03
7.692855862119080297e-03
1.098230003485214457e-03
8.350517245748249884e-03
2.123466838908000861e-03
3.481815697614418356e-04
7.833135705618412409e-03
1.632823309146991531e-01
4.152985933991920620e-01
1.802866724716805313e+00
6.639686794915720114e-01
1.375801485232890087e-01
1.374483764151587684e+00
3.131563271199539145e+00
4.781108860879189175e-03
1.588147207141399786e-06
2.157071649493839880e-07
1.252511931356695157e-06
6.199871513588865735e-02
7.951785988459307841e-01
2.712956267616586925e-01
7.354894755047390875e-01
4.995044458040796137e-02
1.566877800870093013e-02
8.088870233342589089e-02
4.250693768393071226e-01
1.309335065329477299e+00
2.339509812400361877e-01
9.182189630271878067e-02
4.621369153339810465e-01
7.228871914085674977e-01
8.030641370839625148e-01
3.008144274755165590e-02
1.089055372824823979e-03
3.622295948424861418e-03
8.580285841725154199e-04
1.157635083262873333e-03
8.039096208036000668e-03
3.725741130140070717e-02
8.427224702445224036e-01
5.378519539202835098e-01
3.931530905536641529e-01
2.786172776493834324e-01
5.176684880072460748e-01
4.761436350639183801e-01
2.616175510883116118e-02
6.937976888368393991e-02
9.510932858797893630e-01
1.974514510741550266e+00
1.872842681949382637e+00
3.647149194129060273e-02
1.976308253430347772e-02
9.302684212598262281e-01
2.856249442716166098e-02
4.296578792665683844e-06
1.057434739577341372e-05
4.589848155467543241e-04
6.345395693583665009e-02
5.185764469784855946e-01
6.499644969027779107e-01
5.592478148198510857e-01
8.506759556888114915e-01
1.503653807732910908e-01
2.109441209413480955e-01
1.688957520908017429e+00
3.339635849902128917e-01
7.680719427460280802e-01
1.251906913862126380e-01
2.447101346793331155e-05
1.453971001444184034e-05
7.957766111205608756e-03
3.093667354402451861e-03
1.354746185498959431e-06
1.938609987684277212e-05
1.430531646609497576e-03
1.698162837552992174e-02
2.539796639858413752e-01
5.832301839984860292e-01
3.743165524903557251e-01
8.828420921990469683e-01
1.135688217161438945e-01
8.249949788449628674e-01
2.034329139823396915e+00
2.844893659677307386e-03
6.397003507222649146e-04
6.077746769756697890e-05
3.148099991290203308e-08
5.386029071724081853e-08
3.718135635998184255e-05
2.597347435229261877e-04
3.088402572052015993e-05
2.414630656464148914e-02
7.961001588526857908e+00
2.951366802070562123e+00
2.062609444557379046e+00
8.929591023385267112e-01
1.558559850745056263e-01
8.124823424244700387e-01
8.316365122375807273e-02
1.545818025599946140e-02
5.237192729999315226e-03
2.903469078286081739e-05
8.346254454214120809e-06
5.349640319538653481e-06
3.241011268981097804e-07
1.178918795639915545e-06
6.748274868186111071e-05
5.024716399236567018e-04
