9.936000766233406213e-05
5.350158844697581323e-02
5.040405464872969254e+00
2.741932551195058299e+00
2.975310261505527687e-01
8.325528672673319086e-01
5.632257589689904781e-02
8.776762811479321691e-03
2.325867474802611329e-02
1.430913607757404549e-05
7.311586414320574972e-10
2.132514651782408003e-10
2.460048025872192835e-08
3.945574419063567733e-06
1.207180610233478792e-04
5.141561029020687984e-04
6.924059911818083914e-04
1.037589189251110879e-03
4.602745637542730861e-02
8.164269347846795366e-01
9.919039674559400332e-02
1.417468038482845860e-01
8.623135690525121078e-01
9.621683470379432945e-01
3.070030404673259813e-02
1.759733478543320032e-02
1.737284931709684344e+00
1.198319506836829307e+00
6.216107620024856123e-04
7.675738463903301053e-07
8.416988999982187491e-08
1.968494736920531949e-07
2.213868549683946747e-06
2.262955912608215743e-05
1.089254399296178184e-04
3.699674929630591708e-04
1.981350703499311101e-03
1.354750785511340920e-02
3.857026015797627994e-02
8.849999662438112757e-01
1.136021708992433904e-01
3.242990707944469822e-03
2.092719456259769725e-02
1.174252440174553686e-01
2.600131418213624812e-01
4.668108499167876069e+00
2.949795968583074579e+00
6.656935377144332366e-02
1.029487311062640643e-03
7.110998619197441205e-06
2.422325308696890520e-07
3.116671675135825237e-07
7.151852007189151088e-06
1.296639452651298914e-04
4.048514545798678380e-06
3.039169240256059715e-04
7.703410478674797834e-02
8.079518948055373073e-01
4.084175814678351474e-03
7.269329742124288393e-05
2.215397688632135889e-02
1.430405046851914719e+00
2.244550269861863012e-01
1.491196895686782153e-01
1.669815466502612700e-01
7.713020534729456701e-01
3.060810445884073694e+00
1.292263283799035579e-02
1.399779599176189556e-06
2.644925574462016827e-08
2.046795804414482083e-06
1.860204366001382969e-04
1.930394107681807827e-06
8.488333710348457822e-03
9.355668917484502023e-01
2.527475240247938904e-01
5.902788623805185070e-02
2.301446733346340298e-02
9.094266618483018427e-02
5.344343844231256302e-01
7.865907569604639882e-01
6.301948484073545131e-01
1.229147166484561571e-01
2.079790012003774613e-01
4.852040492973308083e+00
9.959582657927894545e-01
7.653658587804629222e-04
7.568298418101675300e-06
4.325245192388873952e-04
6.563094229828896585e-03
1.899148545464176356e-06
4.720586912473261065e-02
8.034587282641849626e-01
6.059546140168188544e-02
5.467426652142000076e-01
1.107159465146100308e+00
6.184065185139977494e-01
9.080781424260502277e-01
8.108140219814581329e-01
7.862019137866522733e-01
3.437639489559401462e-01
1.235888580986345270e-01
9.612498014513954914e-01
6.188089860323583657e+00
1.771235788253006982e+00
3.122824818330998675e-01
8.189628331303178133e-01
4.333000547935298569e-02
1.186940914435837620e-06
9.083322583377000797e-03
1.068938506403256244e-01
5.133454785978551482e-02
4.704766315609118510e-01
1.069052650625514495e-01
1.680847580871849267e-01
2.143759494134366062e+00
2.075668418108413960e+00
1.473366240449954567e+00
5.059841465309958819e-01
6.484297884420617275e-02
7.550215736366205910e-01
1.423308780321663214e+01
5.806009865085157706e+00
8.545925171721867608e-01
4.773880121673990118e-02
8.367636164755026156e-05
5.494494716147775455e-06
2.702952120969146291e-02
8.354317744837250759e-01
1.161310290962249470e+00
5.039939392948698860e+00
1.198480187386004037e+00
8.397777712465515076e-01
8.547473498278115311e-01
9.242217429290351394e-01
3.385287019574461986e+00
2.516520138310973209e+00
6.107172854963277553e-02
8.231473471620438798e-02
2.689620398090176501e+00
1.419829742534476136e+00
5.626398650680519697e-02
4.004280913877889198e-04
6.286136865811408273e-07
3.560267816377118724e-06
5.304606556663466962e-03
8.779203208337380548e-01
2.251159522590953976e+00
2.631794842654747946e+00
2.142369910985944870e+00
1.618309422828962729e+00
5.689215919977144154e-01
7.670664365106798499e-01
1.067098731045165838e+00
1.972423692121172190e+00
2.137743060797853700e-01
7.765167000228586150e-03
1.324733235563506362e-01
7.707821105604743650e+00
3.846047110494589027e+00
8.741637743294902729e-02
2.698674541220229413e-04
1.907669144251907355e-05
1.552809066078377842e-03
3.185699345226604140e-01
5.386698536232849222e+00
6.647593357592914032e+00
1.970569817976057569e+00
1.034021655154314878e+00
3.014771467451774267e+00
6.595044207607489106e+00
1.340676168751749664e+00
1.027010213523554150e+00
6.343596290669408777e-01
5.135882964257210137e-03
6.538651516435112047e-03
3.085058455648884923e+00
7.218624851422161370e+00
7.969815951661034514e-01
2.748645412246810901e-02
6.398957990928227750e-03
1.018531036574599619e-01
2.331050555604123442e+00
7.263063515245206325e+00
6.556704064802320708e+00
5.389882719168728187e+00
3.983272287210517071e+00
3.810779218815506741e+00
6.438474613530799084e-01
2.408384931847596666e-01
2.764566643085143438e-01
2.082958404730818058e-01
1.443931060634090664e-02
1.691369418019324569e-02
3.880871931202982239e+00
2.091596274477622863e+00
3.355665426010501912e-02
2.571798803905176074e-03
4.761576286226630941e-03
6.407339409358207005e-01
2.722752061790541234e+01
1.877400645259007916e+01
6.813719559952564175e+00
7.402704139548115236e+00
5.013104458510388106e+00
2.123514119978252790e+00
3.206440415051887149e-01
3.843230082751459276e-01
7.439903046239539908e-01
9.478972989821689010e-01
7.722324214469666881e-01
3.738694080597295688e-01
3.681739734080178739e+00
2.827157391429715005e+00
9.622373443476958665e-02
3.157722843517431210e-03
1.926818535351589674e-04
4.491818525723808575e-01
5.571270341603533893e+01
4.027138323985529667e+01
1.994924391438963696e+01
1.374862282255375057e+01
9.909532673099198163e+00
6.236759199878289195e+00
2.171052868104235589e+00
1.836033590840395746e+00
4.134769883344491248e+00
4.230403352927646132e+00
1.988122124926538836e+00
6.428302177304642262e-01
2.465701567650264714e+00
5.396241202476245391e+00
7.127544278514363896e-01
5.821956324911882648e-03
7.224393670146733856e-04
7.129509581945205898e-01
3.270467099186668491e+01
2.872267926263387494e+01
1.106071891999344281e+01
5.153232160847538879e+00
6.257421011034583813e+00
3.245465833615163387e+00
6.555340508650049358e-01
2.693687065014316318e-01
8.099452868510574888e-01
6.961096697540842815e-01
1.619137042291676487e-01
2.715810989706392009e-01
5.523419965366448636e+00
4.406698472163921743e+00
3.703469899378513674e-01
2.811547135180573077e-03
6.703812384597066833e-04
9.826095871839655993e-02
2.798348758138298642e+00
7.409023846721370710e+00
8.726360604716374425e+00
4.422537611759981502e+00
1.912672279126547359e+00
8.545529244057871177e-01
8.752808453581389925e-01
5.092478376586864197e-01
4.442540651177355748e-01
9.184797760082644702e-01
3.617321145605582045e-01
2.152738884520179752e-01
2.094485863723741126e+00
8.788599982573669367e-01
5.492728403251847524e-01
5.003286506653878418e-02
4.302885280749224920e-05
1.854585625299531859e-02
1.963681084155961987e+00
2.121694301015408346e+00
1.666094976377611614e+00
2.924154659972025616e+00
2.889537739011146300e+00
1.448780506615893637e+00
9.500036623845750094e-01
3.668094230516018572e-01
5.119975890677959107e-01
1.392302919935963335e+00
1.473182406488467155e-01
1.141009916043249223e-01
5.576920929589879172e+00
1.551861080195548581e+00
9.618614556584989539e-02
5.702022166083779708e-03
2.041846019177523542e-06
1.318870032244754374e-03
2.853285433767760448e+00
5.999469299066213068e+00
3.739481652822468916e-01
7.677877590276885322e-02
4.043631303396590104e-02
1.880192860708042035e-01
6.024823435033050956e-01
2.388841896425535349e-01
9.650696202363343579e-01
2.060400731706455990e-01
6.767243142776637778e-03
1.263983211467180345e-01
6.173574266950566880e+00
3.909118526529165583e-01
7.718345072771643899e-04
5.005284793055866441e-06
1.124260899579618414e-06
1.219279369735199169e-04
2.809038678959210333e-01
2.785528076302328238e+00
1.695992785818901671e+00
9.792895377557147008e-01
4.218482199890132012e-02
9.738504360888924904e-02
8.464124824342367237e-01
2.587562808229887379e-01
5.500159541754099379e-01
2.078622863139080110e-02
2.183067993161448214e-02
4.696037759247752241e+00
3.937541311531279398e+00
6.948980533582522767e-01
1.149442621689548798e-02
1.148052622481942631e-05
4.843545919820857790e-05
6.735117281841609613e-03
7.495376788433621984e-01
2.384289144537750926e-01
2.790549239026069439e-01
2.917378082446217213e+00
7.278356675679598098e-01
1.257502840381870879e+00
7.778592500226818585e-01
9.434840837451839712e-02
2.595106890452733572e-01
1.532755442382381129e-02
1.737476046282947773e-01
1.287931822665943216e+01
1.491088536542638510e+00
9.323338646339133229e-01
2.669322275655748589e-02
2.422629726501772434e-05
1.062808139586936918e-04
1.274426274831858864e-02
1.076260233579939163e+00
8.898742219472125514e-01
7.759331809741104591e-01
2.434184954875621698e-01
5.891219984738692989e-02
1.929523697568007901e+00
9.978321267234405711e-01
2.021141914502506132e-01
1.451192003990898094e+00
2.770642863043320525e-01
1.619477541432240653e+00
6.245881706457526050e+00
1.545144240080488673e+00
1.181960505636762138e-01
3.907992041015099816e-05
2.126746509048332757e-07
4.872087377337692304e-06
1.097926931641707747e-05
1.034983376857514224e-04
3.508111654793732645e-03
1.165778390277799836e+00
3.609460967810092846e+00
3.332542196099504972e-01
7.874104616897519282e-01
4.752959863995373513e-02
5.134398892499775560e-03
3.100006027522386742e-02
1.915860393431066955e-01
2.907612699757723185e+00
1.845705046188971521e-01
1.491025016409626598e-02
1.353788622573014709e-03
8.812682144113943030e-07
9.514130333246336205e-08
1.816030218424872602e-05
2.589094191957302781e-06
1.888462492963201621e-08
2.444070155452210321e-09
6.068919389371930855e-06
1.123494711940717788e-01
8.493983793883592703e-01
5.791603076052914689e-02
1.798649129364357589e-03
1.769062757651183610e-03
2.527361990044864684e-02
1.003548756006957143e+00
2.862766871107186084e+00
6.731739607694729862e-04
1.770909530317183461e-06
2.968361008298419279e-06
1.677873470403086638e-06
5.261268471863581861e-06
4.754131102687124411e-03
6.239048287655929101e-03
1.634663314016485702e-06
1.344346593728751865e-10
7.975428070887365155e-10
2.464070256194441009e-05
5.260233862268924240e-03
1.038649804617236549e-02
9.054894835385682295e-02
9.215291391420437073e-01
1.938830995226724641e+00
2.001493951704366836e+00
5.845536333984750060e-02
7.288590785981198633e-06
6.776291636181947624e-08
9.174101735798741495e-07
1.958042110305819431e-05
1.767919163599454525e-04
2.135977994452896087e-02
9.206180222184999762e-01
3.870616028954251137e-02
2.552244962450574920e-05
2.432819271229470912e-06
1.599264482406473039e-04
1.849419692005788108e-03
4.406685987776098878e-02
2.812668471978723161e+00
1.346567783370724580e-01
6.718031614951212090e-04
8.388124103614272439e-05
7.147342553706057699e-06
3.744954317765907966e-07
6.792897931881154629e-07
1.798874767651594637e-05
1.920481287562644411e-04
7.041828631108290387e-04
2.386005783952485789e-04
2.113425529279161497e-02
2.038642946302851922e+00
3.885910538011069892e+00
1.126568826451979977e+00
8.880708989278923715e-01
3.916580781943699435e-02
1.253267236515338834e-02
1.300804516128134178e-02
7.697556135790264393e-06
1.093431727193619777e-08
2.548783140345903326e-08
2.908137359766360730e-07
2.287070140796826535e-06
3.788366805479639464e-05
3.642011777820517533e-04
8.226379834323670941e-04
1.245887438060248225e-03
