1.430303412892317515e-03
1.086975937274389015e+00
9.797147031327515521e+00
5.198901520809189769e+00
2.656313725566763484e+00
1.390118769237974172e+00
6.491492666828417857e-01
2.839291596355221214e-01
8.473585693838141530e-01
3.808648933092336625e-02
1.464300535971910060e-02
3.811056931725506809e-03
9.556232836106284191e-06
3.676927155918458998e-05
3.764618405328889767e-04
3.636642592101221503e-05
3.527711632440970739e-05
4.552591811851767383e-04
7.642872262965710178e-03
8.956438447008624459e-01
1.179104666736233931e+00
9.857022944124384234e-02
1.323360863057466454e-02
3.895847078320002765e-02
7.572914175987258689e-01
1.448674110114034130e+00
3.309394662454686387e+00
7.109463719165891593e-01
5.255425417792340959e-01
1.125392425096678195e-01
1.403017088219289405e-03
1.353513280549553319e-02
1.398734695337201794e-02
1.767642464230574054e-04
5.456843457364531541e-05
1.074779333588849324e-04
3.844976461983719675e-04
4.811819060573006152e-02
1.823993458928073963e+00
7.928682485197965368e-01
1.891108271302413199e-02
2.937854849551602403e-03
7.228470521546184746e-02
7.384443618879107385e-01
6.574821007569969789e-01
2.101700708143619423e+00
8.883116612693420677e+00
4.354338055119837847e+00
6.418315392496040106e-01
5.106716840480177710e-01
8.066116586704413782e-02
2.129656439893995099e-02
2.719937392392393714e-03
2.612707876029849371e-05
3.001494250082387081e-05
3.989184264874000123e-03
2.354773605786145974e-01
9.916500731324652540e-02
5.102045742514255827e-02
4.013017363127728554e-02
1.429851831828043152e-01
7.301311317164010939e-01
8.844847042136048942e-02
1.524505439701219767e-01
2.542002056660066067e+00
8.521856462417584765e+00
3.250651733570026014e+00
3.962249142868582430e-01
2.876640250366355178e-01
1.749766817552369957e+00
2.763803649445206040e-02
2.857502147138393766e-06
2.992126976394554356e-05
6.395986499148693938e-03
6.783344069707569757e-01
4.309020597285995874e-02
1.775993821339281326e-02
3.320641007077234641e-01
6.380274630181551609e-01
6.055986271692801459e-01
1.513050486918969539e-01
5.420597851009333751e-02
2.407082432878829004e-01
4.545197062440335500e+00
8.878899268180070692e+00
1.598678518991547115e+00
6.486533423017085687e-01
1.133828425348599955e+00
8.508002482251769694e-02
4.181451653502040713e-05
6.562994039663474099e-07
2.916631954099366950e-05
2.123268422477856132e-01
9.800286317887390020e-01
1.072449547266202813e-01
7.612757402586469713e-01
1.187606744073349763e+00
5.950185110514615294e-01
9.267134044641075485e-01
4.762273287751702111e-01
2.323777837947580138e-01
1.138011704951810366e+00
1.018882866190678094e+01
8.373324681010503312e+00
2.609840943788634959e-01
6.985461751414745457e-02
8.025140534236596679e-01
3.214883344065275206e-02
4.207612132458799763e-07
1.856810689911180314e-06
4.644853562676807927e-03
7.175229828532927456e-01
1.877175029459792643e+00
2.537288794416887594e+00
1.235650746188197147e+00
9.461855234353291344e-01
1.531909871300449977e+00
3.070359916747754880e+00
4.615806421452641750e-01
5.168688384549728621e-02
6.403330582441013608e-01
1.981282483290078034e+01
1.679211251489292289e+00
1.684112861620708917e-02
3.267660778287489326e-02
1.084513879626426876e-02
2.086954158695564362e-04
2.989450072524461096e-03
4.481206982766651470e-02
1.371814058251296653e-01
5.962213901898443247e-01
6.135535084604446521e-01
7.947875538260185113e-01
1.346157808990656068e+00
8.268656992153203822e-01
1.838169662416081485e+00
3.170042531964112897e-01
8.130781787049093379e-02
5.493126759561447470e-01
9.881767750282000051e+00
5.360013137956443074e+00
3.799212988626638615e-03
7.794071882303721529e-05
9.074532290120982531e-05
1.017685996840515540e-04
1.499834547048137755e-02
1.651976936475711533e+00
3.378570176371754830e+00
1.913509342450372630e+00
7.923506825817949739e-01
1.047637179318849920e+00
1.257956189919819057e+00
8.544489970732371820e-01
5.212344127337501520e-01
1.537356542795930148e-01
8.945491950804167480e-01
1.013728785345322736e+00
1.661010570136311371e+00
6.428358421047271953e+00
3.150248403438949546e-02
1.487582558559076909e-03
1.828918824150030679e-03
1.839855105191606943e-07
7.008361375133533076e-05
4.749683804045810032e-01
6.435781295768057575e+00
3.864534222060349133e+00
2.760025480484554539e+00
1.251894118768637654e+00
1.555181777536004839e+00
2.537688925984081134e+00
1.716390595751120074e+00
9.061041247086533135e-01
8.927916688608089624e-01
1.005720348404710168e-01
4.697006634774981149e-01
1.310642103648446799e+01
2.396865668249806625e+00
8.100256570155019986e-01
3.651705128016843882e-02
2.206868222395524705e-06
2.418815345371523855e-03
6.594442282378429887e+00
9.365232141108256414e+00
2.890229303203981637e+00
3.191672525069404021e+00
1.604162376743727192e+00
1.944834016583887548e+00
5.565354205515682384e-01
1.380821015722936362e+00
1.931710986558059506e+00
1.867979309995584092e-01
2.602488860792212880e-02
2.989077758855343547e-01
9.187502827610247280e+00
5.476288646551434880e+00
1.026476579433499153e-01
4.805894790036831156e-05
7.528502259256567020e-03
3.090471896714728661e+00
1.621143710926353094e+02
2.598590603330701043e+01
4.436712976193609492e+00
2.458654166110255002e+00
1.251705050586865653e+00
1.620884624555166909e+00
1.531502075187791134e-01
1.037880077959937086e+00
1.561567342136591874e+00
3.529397680528994496e-01
2.917037553659811433e-01
5.196954402319885480e-01
7.843786120159055741e+00
3.488625145611327305e+00
2.234692631809078942e-03
2.170543841526536766e-07
2.412921312672288224e-02
7.696769966526948004e+00
1.183557426696900734e+02
2.235499281095568946e+01
7.649378625717003111e+00
4.355510615166333643e+00
3.631126536025284679e+00
5.856303133930281568e+00
3.430768477833752716e-01
1.290177526998740776e+00
1.916728836848591744e+00
2.505984601196546979e+00
1.784119174334012570e+00
3.100320738634986251e-01
5.423578755676484953e+00
5.290294234253869909e+00
4.000181530200305757e-02
4.766785861927909959e-05
1.550834690013942386e-05
1.843264710797585804e-01
5.891789863919664327e+01
1.217504523718404386e+01
2.802282546350834291e+00
1.961525716147229481e+00
2.369894613878649192e+00
1.995918701672592999e+00
4.112891495463976699e-01
1.548757228569261679e+00
1.095222802513345473e+00
1.509258577223283604e+00
8.928740732313015238e-01
3.075620229608448941e-01
5.944167555270934322e+00
5.109855590224285038e+00
1.830617299454321500e+00
3.849643245379537337e-02
1.758028192548705739e-08
6.089688497137345832e-04
3.610865267297806991e+00
3.528962261367793563e+00
1.476162937989788704e+00
2.868596757914889217e+00
1.892502671802678949e+00
4.799095263114667720e-01
6.328635275549429062e-01
9.623940161272875882e-01
2.535429482939446366e-01
3.406751877262536587e-01
2.729027767121661729e-01
4.973739561399951326e-01
1.206335503255060004e+01
4.120266987729653607e+00
9.107940059434888047e-01
2.058245706980241924e-02
2.915926177576512410e-08
5.152510704846020319e-05
3.314935135441951508e-01
1.487221267282603954e+00
5.664401575698901903e-01
1.979068314320865829e+00
2.005235276849860249e+00
8.938302665983127726e-01
2.807344999204133718e+00
1.670864536000623568e+00
1.373418954936723058e+00
2.987080611597022095e+00
1.353169442444650317e+00
1.905018387588802264e+00
1.573530450355340804e+01
2.814044600917615657e+00
1.820813453046459807e-01
3.156588055620462331e-03
7.131267786962433193e-06
1.849464194583193624e-03
9.072804387250337221e-01
1.303707426052518992e+00
3.430168557140484964e-01
1.384215640384853785e+00
8.202486995048601237e-01
1.662621146077761236e-01
1.001003138328074638e+00
1.598787982297803723e+00
1.252073267384058219e+00
1.151273212573173055e+00
1.533180118375355949e+00
6.267050065603710252e+00
1.493155772416738714e+01
3.574980772717535782e+00
6.367816500204218633e-01
1.352698753836760123e-02
7.001564273621054034e-05
7.900582738613180778e-03
7.515901644249135538e-01
2.916951674154701468e+00
1.922933661766323077e+00
1.158475847334556441e+00
2.310630043381574072e-01
4.939962644364039035e-02
8.475141796365940339e-01
2.510327413236319583e+00
5.985251638356863246e-01
3.149012669974367018e-01
1.134664061357210540e+00
1.578520184025637541e+01
1.127809018621666937e+01
1.182142106833172779e+00
3.674770302459040572e-01
1.145269672196014624e-02
9.675476021506712826e-05
1.483014832671470697e-02
5.183150957082054422e-01
9.781044801264167088e-01
6.223829977820503068e-01
4.900772683912704153e-01
4.085918206337624814e-01
1.664865590390902372e-01
1.924926343069512491e+00
1.751934970030185834e+00
2.656757689103576570e-01
4.697326264508602800e-01
2.935101996733974872e+00
2.541217637766723314e+01
4.330694131127467372e+00
1.126963708406629516e+00
6.201566659180824947e-01
3.674011558351426756e-03
4.759335082797802016e-05
2.139800516726750312e-02
2.112111178044385085e+00
4.998412643746432682e-01
7.994598966094121351e-02
7.778845450591802546e-01
1.246726267298910784e+00
3.018544877779848895e-02
1.120587699922966606e-02
3.660352622209984454e-03
1.944304425880375234e-02
1.425459561247009344e+00
1.431281589289747203e+01
1.526846974901261511e+01
9.188737623706588753e-01
2.818090713425037475e+00
2.435808508009657536e-01
1.296041399125166118e-05
9.898363170307779566e-07
2.262223144569618430e-04
8.932528960920287364e-01
1.415168478195418356e+00
2.526653502896577738e-02
1.171961784781585802e-01
7.718122412840987545e-01
1.195372121185765135e-01
1.215407176420606368e-02
1.768453157256430659e-03
1.357809154421029396e-01
1.224128237428119625e+01
2.096687287164796132e+01
6.372011027725488219e+00
4.966754367898409406e-01
7.959938088563134340e-01
1.063296806461513054e-03
9.472925620932133921e-09
2.113499660587127879e-06
3.742506648901683841e-04
1.307755730023964835e+00
1.395630309285242676e+00
1.938502382379381781e-03
3.586315840188704167e-04
3.837275895330863502e-03
9.798277170334482311e-02
5.005384037635135508e-01
4.517332742755043595e-01
7.572134275821179372e+00
1.274682245997034080e+01
5.316748216538382366e+00
3.353086001672338501e+00
7.310231832127938034e-01
9.757891116638364726e-02
2.857728714728141741e-05
1.069828926415511132e-08
2.165933745949375389e-04
2.658854365930342703e-02
1.425286100467441086e+00
7.611168099723101266e-01
1.019711709940510774e-02
6.185312719615482973e-04
2.145363560875675885e-04
3.996885088119040211e-03
3.854859057958953117e-01
4.749531657141903729e+00
1.407489680510646579e+01
1.818632699901249206e+00
1.080864605005413398e-01
1.299477647268576855e-02
7.320837806364588127e-03
1.963933702924941516e-03
1.231142210684050986e-05
9.686172563787552817e-07
1.523430042255529034e-02
1.935275023899736047e+00
5.841561302645924769e+00
6.063710812021669838e+00
2.079664389381130629e+00
8.283383808664300796e-01
1.959178149474130881e-01
8.016276547353897719e-01
7.886672545514247901e+00
1.054572061079259715e+00
3.741500702140104079e-02
2.826841658717973039e-03
8.300829263456118432e-05
3.202786559635904598e-06
9.178036154316161519e-06
6.117220802282576130e-05
3.254706765367285749e-05
6.103018438790888916e-05
3.835520426996050919e-02
3.910306934735415130e+00
9.219557112369537677e+00
1.077343666444774684e+01
2.153298722248789598e+00
1.960433870899170428e+00
1.950053184777704729e+00
2.102536401055338455e+00
9.954520134319310154e-01
2.894857839901543092e-03
9.357279573313198568e-06
3.645319289253662699e-06
2.583370951369487510e-06
1.195484811311983930e-06
9.325396890026516419e-06
1.461344886362083394e-04
4.275865691407862391e-04
1.258915466969131322e-03
