1.786156926885063635e-05
6.195811023446678317e-05
1.331301688410649678e-02
9.295470088359145677e-01
7.805606978181447997e-02
1.317672133451736679e-04
4.992738371077275695e-06
6.676061820558865044e-06
6.368012197566494728e-06
2.835443804885563701e-06
2.523868671141863252e-06
2.154524062918575166e-06
1.107269400440267115e-06
2.017049131079956466e-06
2.081049880649952515e-05
1.739679083739954584e-04
3.982628958930379539e-04
5.682253682464871248e-04
4.533283823478226911e-06
2.286626905878000736e-05
6.863697608696745986e-04
6.186850114897821801e-02
8.807065468708155098e-01
1.512006698574362706e-02
1.469573767401271380e-05
9.757197834345004909e-07
1.162392167936234648e-05
2.147423536246200523e-03
5.318805958633949366e-02
7.979642278932061808e-03
9.912993635235965435e-05
4.549372887816045541e-06
3.564198162116315844e-06
1.633302705421260382e-05
7.011141512810779928e-05
2.224485361725481278e-04
4.334339678075526677e-05
7.246773779518637763e-03
1.852804569146159624e-02
7.940745298028920041e-03
1.439571408509811822e-02
4.767001662615867868e-04
3.476997050455173919e-07
1.556708093066679544e-08
1.305557683369644925e-06
5.624765140979866990e-03
9.007730369565032369e-01
8.904066184500183390e-01
8.126998043619632073e-02
7.484739270372665464e-04
1.233912452758617462e-05
5.696444937195695166e-06
1.702602546743534981e-05
9.582826072159546802e-05
3.989901257533324435e-04
1.054919285957604425e+00
1.750160462344413359e+00
1.516495141375133471e-01
1.851073729041021257e-02
3.607601007481156421e-04
1.756036540553556772e-06
2.381474173990489200e-07
2.437560170804417772e-06
1.085884258129694906e-04
5.483251748796789081e-03
3.141387194662911830e-01
7.752394991454673034e-01
1.186636457038906314e-02
3.518486934934145867e-04
1.068231455013477903e-04
4.539004873642821383e-05
8.576007475160206286e-05
2.441855863899000233e-03
1.899405990384099407e+00
2.389578537829229798e+00
1.785530529126004184e+00
8.196979925301812742e-01
9.134274041472739691e-02
1.005790321697301246e-02
2.310701804075006652e-02
5.285795688048015861e-02
5.537610680944753810e-03
1.689782532039088223e-02
1.749040127391891186e+00
1.111170294429718819e+00
2.928087882443483961e-02
3.043781118237289321e-02
1.240956752222715544e-02
3.103811871158561027e-04
1.073545296613351524e-04
1.584642254859052191e-01
1.747401527084039063e+00
2.067336908557231734e+00
2.696960296273570368e+00
2.778050353484875945e+00
5.294125825280636688e-01
9.394614278982264810e-02
8.351526047830781785e-01
1.898341256152811907e+00
1.043628544934971369e-02
1.274877641497878036e-03
7.957098754273310426e-02
9.661615979020730105e-01
1.181445645051517168e+00
7.294791848749249130e-01
7.630809351979015928e-03
4.231894819279718436e-05
3.490336392162359089e-05
8.080619322386075609e-01
3.012853966865527977e-01
2.876677378577761512e+00
2.291831829485071026e+00
1.231692359822450067e+00
3.338954726819430840e-01
1.363599140934688980e-01
2.616487547833996619e-01
2.820532756705439875e-02
1.091023647402989785e-05
1.592095428885188282e-08
2.464926186315081664e-07
2.382024439705167189e-03
3.611691514892712451e+00
1.466769033055031368e+00
6.913355154349959614e-04
2.843235203937559650e-06
7.329863833478811948e-06
1.750551545864454869e-02
3.959254634700934417e-02
3.702695036404628492e+00
1.277328241089587202e+00
2.015698594620510264e-01
9.470929652961282419e-02
5.833119189778341873e-01
1.611009795399206856e+00
1.338838035810634430e-01
3.776331596997407983e-05
6.121775462777927030e-10
1.965528308334167541e-10
9.684259961706221867e-06
4.618928629325013135e-01
1.428073014391178841e+00
2.593304047049927591e-03
6.986671839150819696e-06
2.644056031955797989e-06
1.816621174272528951e-03
1.042127400960583816e-01
2.966960524982785508e+00
1.881580317785696232e+00
7.838980391927216074e-01
6.383514402761331086e-02
1.687304817035710502e-01
7.115446950651979074e-01
6.187155777903136089e-01
8.133446654352106259e-03
1.012769930229059354e-06
2.886867591153043407e-07
7.624054370624223486e-04
6.383368008650647241e-01
1.488933192510947245e+00
4.456965627237174932e-02
9.989947102152001916e-05
1.146393750628426801e-06
3.160727813090380943e-03
7.741697147362355258e-01
2.278468904236973902e+00
1.173927168094020645e+00
1.827213018023459590e+00
2.563252053277363940e-01
5.765659630636756905e-01
6.323421232115289392e-01
1.708322630377991369e-01
1.033028353638959229e-01
1.093522114661401624e-02
1.822819047475794305e-02
4.255454117351863824e-02
5.470149664044422072e-02
7.557005149158326773e-01
8.769535761850248967e-01
5.419519665766897587e-03
1.130633937046454585e-05
4.518453152482745688e-04
3.307860232106603071e-01
4.241963182474806082e+00
1.373600726158014096e+00
7.291470781356047537e-01
1.699979633178444194e-01
1.777230722180845879e-01
8.788517098749874801e-02
6.981828847521981407e-02
7.976570239937842421e-01
9.958605464653333961e-01
8.961520889533779455e-01
2.355391241256651197e-02
2.263539867466312500e-03
3.762332055747409365e-01
1.820579911121434913e+00
1.568876638848572536e-01
3.774031179531079847e-03
1.929155237049192122e-04
6.012357547035200867e-01
2.624258128045005023e+01
1.088628526479391745e+01
5.110014661994023655e+00
9.526967137609353431e-01
6.393631271969529850e-01
5.107806019006677634e-01
5.217387002739481972e-01
2.455358003799789302e+00
7.440798726116121253e-01
5.210989328109221219e-01
2.557640455235067334e-01
6.654844070858043081e-02
3.156405146380339310e+00
3.781338020184855875e+00
5.154430164044579987e-01
3.411155926146437062e-02
1.299835741073090533e-03
4.419117591141440649e+00
4.548778132574256716e+01
1.545595818837332658e+01
9.541789692337221851e+00
2.320554706277818013e+00
4.048390809677289148e+00
2.548889912576767447e+00
2.749812512048000479e-01
7.534796155791961825e-01
1.971420220716713745e+00
1.011803626825395153e+00
2.138970675769636731e+00
1.442927796240476956e+00
1.155229451511070948e+01
8.320222705954712694e+00
4.156136491936577859e-01
5.584129641232278389e-03
2.181219015784299515e-03
7.337664036669100387e-01
8.108419064371609863e+00
5.284162893722438525e+00
1.522250644566842670e+00
1.691601144780415122e+00
1.219606354927673664e+00
1.140237381655532095e-01
4.384697533513016998e-02
2.330155293826720875e-01
8.340887422385148131e-01
2.446043795848765190e-02
6.713086964313996763e-03
1.061578680541178099e-01
4.208508125725904492e+00
3.678000401982163492e+00
6.251842996364130878e-01
2.243156228648171199e-02
6.015442575612599437e-04
7.277930237657991019e-02
3.382300902329904879e+00
1.068644331333925335e+00
2.951193949952184842e-02
8.721805160684973357e-01
1.810210969799742609e+00
1.278415027936929682e-01
7.076840044610347435e-01
9.335826081086018302e-01
1.119140364286489581e-01
1.360498910139792440e-04
3.137182054082621418e-06
2.484403727906766158e-03
4.484125402318801967e+00
1.771616438546553596e+00
8.823210474231965583e-02
7.713712545971767101e-03
1.070847803371267936e-03
4.483721025681128985e-02
3.163982450991481010e-01
1.196909625664930726e-01
3.148516889369571987e-03
1.302381841568131526e-01
1.186048167823758326e-01
8.816219375704887696e-04
4.529822800656352171e-03
1.738273004803982669e-01
8.967140519057702486e-01
1.985002653887538767e-03
4.240948780029956852e-06
1.758000971315541467e-03
2.578852775289488974e+00
5.661628585312687006e-02
5.043712049265237343e-05
4.946014347775367404e-06
5.788026710872511138e-02
7.877965709543154338e-01
1.251747670744116636e-01
4.129385214989911290e-01
3.237168691184938996e-01
6.783653207050329703e-01
8.813162013672215522e-03
4.679780569441905341e-06
2.072875298642654630e-05
3.648208856292406432e-02
2.873486852512856071e+00
4.164656361057123696e-02
4.212322576368618854e-04
1.627707517878396529e-02
3.458119296545356658e-01
7.896941331279181591e-04
3.521861778901142950e-07
1.361588811281332285e-07
1.284684689286399138e-02
8.906801688029759578e-01
1.995566668885055683e-01
1.258787225404132570e+00
2.934482715669672892e+00
1.114592968043533056e-01
3.313876987644054318e-04
4.070072766131679464e-05
1.153131454412443732e-02
9.279971380595221087e-01
1.016405009126265663e-01
8.317780311253086117e-03
4.706866968852258665e-02
9.083831396498369681e-01
7.510071748052058460e-01
3.867280130848090892e-03
1.125403136734424279e-05
4.896076876451501584e-06
1.235393475514009998e-04
1.938849118713224517e-01
7.293750931651171721e-01
8.782998986148025100e-01
9.630295535245996241e-01
2.858142956911648158e-03
5.033596816082234894e-06
1.612772751809815250e-04
9.915523106128411035e-01
9.893091371599226358e-01
8.227243954780087860e-04
1.297665762575110409e-03
8.135363838444130691e-01
2.231181563977298499e+00
7.569981146375268088e-02
2.300774100187022962e-03
1.833678112075521217e-04
1.477246064419953731e-04
1.139625509624405379e-04
8.400119576242723873e-01
2.184337954238045665e+00
1.282391658075394958e-01
9.497619764456211033e-01
3.700765517227997542e-02
1.532161582111346481e-05
2.785197491782983041e-05
6.831307002157854628e-03
2.012588357106812054e-03
1.698455452944314190e-05
7.787184414666392532e-04
2.165712143626306041e+00
8.064157676088022919e-01
8.956300108559303195e-04
2.663184770956077379e-05
4.211043766613010520e-05
2.331108680491563953e-04
1.682764395163606364e-05
1.143352994334562722e-01
7.896698946837633626e-01
6.432410147428616054e-02
2.974330066059661881e+00
9.693148039279507744e-01
1.121370715755594854e-04
2.123458323551178515e-06
1.387110017974284617e-05
3.185839395202537866e-05
3.322374937858739219e-05
3.141423826975698816e-03
8.921093536099029553e-01
8.328264856692908780e-02
6.359356296614494613e-05
3.676795871284336307e-06
2.195015093518119128e-05
2.465383462955689112e-04
2.545092488346283011e-07
1.452465817085114364e-04
1.297252868420069490e-02
4.295349431205664620e-02
9.316171618973086987e-01
5.096960615295518388e-02
8.577285543300995478e-06
2.123925879613246633e-07
3.470285707927716196e-06
6.060246617868242716e-04
1.567884816070960405e-02
2.308475819901679299e-02
6.832718631025314245e-03
1.424563073236292520e-04
3.015208593795254766e-06
3.584528333116657948e-06
4.231055161444748525e-05
3.038270283701386527e-04
4.139551402945912116e-07
2.637240252565090656e-06
5.665096740455843286e-05
7.032192632951257639e-04
4.407386736652454430e-03
1.732028771429424666e-04
7.100235086433727898e-07
2.261894649926664754e-07
1.339987531950115314e-05
2.017141632643693408e-02
9.233770935358945886e-01
1.833854369773437604e-02
4.420332530970426063e-05
1.773458455596719895e-06
1.718239869867495794e-06
1.292323957080267422e-05
8.913751189995024139e-05
2.822416763961370953e-04
2.466418337302234625e-05
1.105229512195687663e-05
1.387132900434564475e-05
4.138030205122011587e-05
1.081067282133314848e-04
2.933082928662520197e-05
4.363633927446155087e-06
3.551742309996619678e-06
2.626362460096678549e-05
2.077356174484756759e-03
2.039594706807642752e-02
6.710167631711615481e-04
9.826141521146515510e-06
5.006331968681638497e-06
2.268190008293246101e-05
9.570309602112818414e-05
1.795813596844152821e-04
2.844484074768681902e-04
5.722995240173349126e-04
2.321967475088258857e-04
1.239893887638849842e-04
1.197455435526713103e-04
1.672016152444830595e-04
1.685843983229788189e-04
1.410597350187846799e-04
9.087872180193638317e-05
4.804918299827578058e-05
6.070999971020183929e-05
8.975904502974966950e-05
4.383575297481236003e-05
3.161212558692996972e-05
9.199360129878585330e-05
3.056193378748724783e-04
4.543318479349480973e-04
4.101555934688465950e-04
4.900752834251442206e-04
