1.563204337383940451e-04
1.216589785566195986e-02
1.983888114652356593e+00
9.032857189643276330e-01
5.795559838576627709e-02
8.851348863115534107e-03
5.953290766562814931e-03
4.588289182589301574e-02
1.560535663925019002e-02
1.470692411740279464e-03
8.287739135672180923e-05
5.789201987715581580e-07
7.347005534955974707e-08
1.123114931092103765e-06
5.257379532134548352e-05
3.606888668979619573e-04
5.413439263638987952e-04
8.484554382813048242e-04
5.655080943263819719e-06
3.079545640784107842e-05
6.015974727020171817e-03
1.617256496472549709e-01
1.054791994621145923e+00
7.427167602543174318e-01
2.771037962995849258e-01
1.585302180068880684e+00
1.136597557292884586e+00
9.267266301232232051e-01
3.796603439810970065e-02
1.005461782193459795e-06
2.334387424303188787e-10
1.031951184505682391e-09
7.524275282958771859e-07
4.688848294324790848e-05
1.425069229485737758e-04
3.118740161571951185e-04
1.045277132936032631e-06
3.362524386261339884e-06
8.201002746613429706e-03
7.349741233365831850e-01
5.733914128649865438e-02
2.546122523535945554e-03
1.174982226980355801e-02
2.443131178473283427e-01
1.288474012604022834e-01
8.749250175988774192e-01
4.022034176025933938e+00
2.040451754539589213e-03
8.327739850612161447e-08
2.420638825071645820e-08
3.876760129496402374e-06
5.865362202442957928e-05
7.198371869801767570e-05
1.579144847617903536e-04
8.229387400769010802e-07
3.109792437897832321e-06
3.133115451039981958e-02
1.204893233480881065e+00
1.826750031972679527e-03
1.809750389749197486e-04
6.113001825484987856e-02
5.645233900063574284e-01
2.660902935060483181e-03
4.863297271580656659e-04
8.637573055401380484e-02
1.855512296325241062e+00
1.528702958090107644e-01
1.185401497519155550e-02
3.843720854209316251e-03
3.730972076810041985e-04
5.801674821318058233e-05
1.061391278786417660e-04
1.468881476364299939e-06
2.200686419001909981e-06
6.741202773389593644e-03
7.453220057644451835e-01
3.885832044121464296e-02
4.856979882210071126e-02
1.896188983473284129e+00
4.347860609336592352e-01
3.846263847414251882e-04
2.309407958137138164e-06
1.619207495210313826e-05
1.553014382430221128e-02
2.884088833743987390e+00
8.275467817778426882e-01
1.188726591590375491e-02
3.771430145445900102e-04
5.371014241110087562e-05
9.333668875206657190e-05
4.415854254387499586e-06
2.344024815213979837e-06
3.802112456919830167e-04
4.943687715194227533e-02
2.007203145119431098e-01
6.737810596232919336e-01
1.184128804867639495e+00
5.916269107111880032e-01
3.463534138385861855e-02
6.115547629907903873e-04
6.020112427937828067e-05
4.071619001476653498e-04
1.347125410771241871e-01
2.525630126356177008e-01
1.286674375150656698e-02
1.803235740420626974e-03
1.669733087011872818e-04
1.091594408620004462e-04
5.572003527738388730e-05
3.873527113419646486e-04
3.606567868257513215e-02
2.647171465519639333e-01
4.106366863541405232e-01
7.435048038749212385e-01
5.739132312157129157e-01
1.631668300814246297e+00
6.232760866849765824e-01
2.149016059912727261e-01
7.278691885793684424e-01
4.378228585418849628e-01
2.461814946349323296e+00
6.002974857901524075e+00
8.473806243926627069e-01
2.353420896312796023e-02
2.092973087849909022e-04
6.566965360861422361e-05
1.475490576579682365e-04
7.094365873890191160e-03
9.003622223080494091e-01
1.446850507375961881e+00
8.700167846124017279e-01
1.024975052204303516e+00
4.935083423837131056e-01
1.351945363205793393e+00
3.905713304580391565e-01
1.093410070027321102e-01
1.778147815154400568e+00
9.217696878470476030e-01
1.976043844124418802e-01
1.148711047549437980e+00
1.044190796500829244e+00
3.542028224108348649e-03
9.716150041632299689e-06
1.093362676348839794e-05
4.766058175044141337e-05
1.653086786874734867e-03
1.595213502399378258e-01
5.231712057558932649e-01
5.228675403319088533e-01
3.463282092011473190e-01
1.210229246206032533e-01
2.874234574593020342e-01
4.954961446845862483e-01
1.216961059194806849e-01
7.943527285758163192e-02
6.419708303145785222e-02
3.523760006986289411e-02
7.904878238219349429e-01
3.028305860751120626e+00
1.595989481562240520e-03
7.650390126288244912e-07
1.290492357703974255e-06
2.979757200469821227e-06
1.264396843892897715e-03
8.001256380651490252e-01
1.750701328484262964e+00
1.610776620308344009e+00
1.829535161057379788e+00
8.268986710643254634e-01
4.720470525372563730e-01
3.792496720566220225e-01
5.063763260943395794e-01
4.941040964308265893e-01
5.679554624578985189e-01
6.359060489961472495e-02
7.308236789973780734e-02
9.451962993453916217e-01
5.540307417336667352e-03
9.708563709215415789e-07
2.177781248447664785e-07
4.919731591386833002e-09
1.051796818977577321e-04
1.106700281886121795e+00
2.065486291024784649e+00
2.066647490173340262e+00
2.308549366208349607e+00
2.887434120475288690e+00
1.788816101425180882e+00
1.576696541918107819e-01
2.227578087064247814e-01
4.973745671869995721e-01
3.622111809780768632e-01
2.593551631686457845e-03
1.858770353034689115e-05
1.421214201501239810e-03
3.391146390249150794e-02
5.747492822761868226e-05
2.921273705736660318e-07
2.269395089146178265e-09
7.654370918348788909e-04
8.189586643666450172e+00
9.576057304747129351e+00
3.401503796266300395e+00
8.652865326289342907e-01
3.215944726479122107e+00
2.444669534877678796e+00
2.091791134214555092e-01
6.871299380262809731e-01
6.531350178241555060e-01
5.982795102155195055e-01
4.783480540268868209e-02
5.304116608400902245e-05
7.597474241203641156e-04
1.943698400750601740e+00
2.894077957984633742e-02
4.047285118191770587e-06
1.367974288108249644e-05
2.117308007823822114e-01
3.702898811037909610e+01
1.347594453337021214e+01
3.155081003446565280e+00
2.029346564652938056e+00
5.888199553141430620e+00
2.687836908562422522e+00
4.416248255306070014e-01
1.129796871081154341e+00
1.494007950922235040e+00
1.341716188380790875e+00
1.779499762221294024e+00
8.188449830359806336e-02
7.357146534993876108e-02
1.906606912550752764e+00
1.497041267709473163e-02
5.308209542220192511e-06
1.787258379391699209e-02
7.135683129276881864e-01
1.813685110030312941e+01
8.581700816721097524e+00
8.766099016834206781e-01
2.552128637472206751e+00
2.666844656005552761e+00
3.033373316018635801e+00
6.075849357981644161e-01
7.940123476838213679e-02
1.209183190976999667e+00
9.804253394286513990e-01
1.351701568290814004e-01
8.735848492166045087e-01
2.040821107505355059e+00
4.038621442884171575e-02
3.175787772388578156e-05
5.993858103310216572e-07
2.571974050557850749e-03
4.944656834820398278e-02
2.489887745051493795e+00
2.147661580457675079e+00
6.084837653642611865e-01
3.218654116226002504e+00
1.235272291196243266e+00
1.403606397581967258e+00
4.521997101947950459e-01
6.537476976356947078e-02
3.739895237143319395e+00
9.026554059540736752e-01
1.979169087037107363e-03
4.586259055618102654e-02
3.845231972203642989e+00
5.595623061210989319e-02
4.599730585963612112e-05
3.503907350192333451e-06
1.117547328786650302e-05
1.411688327890627155e-02
3.507783454858608985e-01
1.463907367723329411e-01
1.052457173364522491e+00
1.180940145684832965e+00
1.884907291155656084e-01
2.209895441551799622e-01
1.240878408794510307e-01
1.898522907044360164e-01
1.068120419310857772e+00
9.317321904356395956e-02
9.524094204904401915e-04
2.258628015768966366e-02
4.188818921460899070e+00
9.032180319300353588e-01
7.836774023338655137e-03
3.613441479733411421e-04
1.146737946695715564e-06
6.344508524341320455e-02
2.483345005266969441e+00
2.581302850984836805e-01
4.579166634212045728e-01
1.624395273884491134e-02
1.866765490365090638e-02
3.799276086248591366e-01
2.968857553202516320e-01
2.456654241457932653e+00
3.296769116180157777e+00
7.762152332243095199e-01
2.076491916364813506e-01
7.339485086358945587e-01
9.430677145771708680e-01
2.111890138000700745e-02
1.252691428709946236e-03
5.979948178945396599e-04
3.722578099745593484e-08
1.557474184067659108e-04
1.643084014417729721e-01
9.813016186230513194e-01
5.271046968580033187e-01
2.673251275342709756e-03
6.360015691641901850e-03
3.214089993374832921e-01
1.650163491757084822e-01
9.385699514150569467e-01
1.134230826191319874e+00
7.766647134523123608e-01
9.436256082992582339e-01
2.247122299452446903e+00
3.213609668195924196e-02
4.548599566534661881e-06
6.077083193092632934e-07
2.740510814927058829e-05
5.071697175193789248e-08
4.281747278111943658e-06
1.723629144859921067e-02
1.010177533303755926e+00
1.205703006900727070e+00
1.216340445100539125e-01
1.387323396932771125e-01
1.499241582296069852e+00
1.140847291096374283e+00
8.567178364428882364e-01
1.527438004868167387e-01
6.667537882865089138e-02
2.447544968306033797e-01
6.641139892844156734e+00
5.560816955075726514e-02
3.397293807008260737e-07
2.487564956911552572e-08
8.233304402457842583e-06
2.359207484682122988e-04
2.381939009473774127e-02
2.988257794281262036e+00
7.842805744910528176e-01
2.868023398264024082e-01
1.440395442341748655e+00
1.217955040688020629e+00
2.022447923056853281e+00
2.191139209154425505e+00
7.445166519522471438e-01
2.050427268782724077e-01
5.229477057251232797e-01
1.162398856803781078e+00
2.026324832410784094e+00
1.347355073889849007e-02
1.058627137185360655e-06
2.274899747409267637e-07
3.658993432575376702e-05
8.187561098462879661e-03
9.177593004276757283e-01
1.058890158172472118e+00
4.335316176110295266e-03
1.333485801241416887e-03
6.141034279921748357e-02
1.193490208746089243e+00
1.848244463962647854e+00
4.901737693406428564e-02
2.263057457768594474e-03
7.725508068389510055e-03
1.288103904434907632e+00
1.895513322126445743e+00
7.939634678664056477e-03
2.483822840677203366e-05
8.836770104988930246e-07
4.228168575484069649e-06
2.058306564829258812e-04
5.110300749324728290e-05
3.728326820782155299e-02
5.872428447135972368e-02
8.217260099505699356e-04
1.509431378743537932e-03
2.559354954812203403e-02
8.881303946414225159e-01
1.897509619907906231e+00
2.807677248338038764e-02
6.436715939679215487e-03
4.341003906003956109e-02
2.780857001798104466e+00
1.057808752714376910e+00
3.064296619753549469e-04
1.370314900790563252e-06
2.042582893151830473e-06
3.427622144701017893e-05
4.526708050020661605e-04
1.187857905715012242e-06
2.699848296518083182e-02
7.959788400460003910e-01
1.260061432780115454e-01
8.443421055646015416e-01
8.617698849778843151e-02
2.144284979096829861e-03
8.128976335798629785e-03
2.590794043757366216e-01
2.723624011511954990e+00
1.259599625169162962e-01
1.228822865961667898e-02
3.824324351473656208e-03
5.212556139190387025e-05
4.806806817875535535e-06
1.725147121704425409e-05
1.145096131845688598e-04
4.687161851895389861e-04
1.352800751316062238e-05
6.854925993766738945e-02
9.136005660037078702e-01
2.597948833136328739e-01
2.789212951926102413e+00
1.052425800693525260e-01
1.906924410489913111e-04
5.031959372973841826e-03
1.851021471392878315e+00
6.673903996994730303e-02
1.890651326253343106e-06
2.525135771977574651e-08
6.755854147648951735e-07
1.034386315957795774e-05
3.720661253910962675e-05
1.088461807348405942e-04
2.082587016288579970e-04
4.252255110784406312e-04
1.662690610434979302e-02
1.896641311887129477e+00
4.189795096396471408e+00
6.571920352054546610e-01
1.368834124756576065e+00
1.686616024832529925e+00
1.999741240418724808e-01
8.619108320744081064e-01
9.309067609187417214e-02
8.684754263990457279e-07
3.951659254060786377e-11
9.223376714251148167e-11
1.327713502129139510e-07
3.377257921895464744e-05
3.029590633376380831e-04
4.643869763357662034e-04
4.393660001833812044e-04
6.453961396551375100e-04
