1.460185903867124331e-02
1.031876981747048561e+00
1.787520953568814575e+00
4.334732440262929920e+00
1.809236298368418483e+00
2.774149144301825756e-02
1.842758546579508980e-02
1.014287314154387748e-02
1.381749962604785636e-03
1.039565196048905689e-02
2.591527522849609031e-04
1.321079642594730876e-08
1.283510002169104395e-09
3.040742708991156006e-07
3.701005604587124501e-05
2.033719986272945605e-04
3.644467397266545373e-04
8.905289210801291830e-04
5.001719495871958902e-03
8.652895681980788956e-01
2.550167169488540608e+00
3.211985698346623064e+00
3.235673344793561501e-01
1.775932555402029737e-03
1.217757412919391949e-02
7.801851857944985813e-01
3.035735598642830269e-01
6.829663679441619895e-01
1.741419815470824084e-01
4.084834887595095990e-06
6.097998803239444899e-10
3.809727370653564816e-09
8.871623082002486661e-07
1.188853499352413717e-05
3.600025361199009284e-05
2.089150431529762295e-04
6.413776248031768023e-05
1.108612440160667290e-01
1.354307463993426497e+00
9.666222293022975753e-01
6.991681622341150426e-01
6.433533239580599243e-03
1.082005373330870374e-03
1.219862736431558958e-01
8.358745932673146140e-01
2.646851596471030965e-01
1.732710561972890195e+00
1.190386568096223584e-02
1.447192408749511639e-07
2.757579222092751878e-08
6.475430891113738114e-06
3.133744536563768806e-05
1.387549198689818178e-05
5.910043102563255764e-05
1.112544844289293493e-06
5.038283638836999097e-03
1.352562184205986062e+00
2.452644104429871241e+00
1.824554490018442054e+00
1.287697617370482939e-01
8.454223592736394982e-03
3.199993539032462697e-02
6.813336765213862112e-01
3.028205775932670818e-01
1.992179416628959698e+00
3.110353417378697305e+00
3.004413497157529169e-03
5.198748951869376286e-04
3.001077846813516095e-02
5.408360546340420898e-03
3.752452449716304269e-05
2.731129756349807600e-05
9.397159724409296920e-06
5.274627174929821978e-03
7.589464451706041670e-01
1.352264737799139693e+00
2.420813898433447076e-01
1.922331908563615355e-01
2.384535043358232187e+00
1.784207080468480200e+00
1.740697673159249836e+00
1.916657238280980557e+00
9.117607089440901147e-01
3.787245713976191031e+00
4.074087505835280787e+00
9.940898637465037657e-01
8.706454175269722207e-01
2.078422177955616124e-02
4.626351425667389367e-05
1.593717815427387859e-05
1.380133320383777039e-04
3.229032955051533687e-03
5.221411021358517146e-02
9.612349609502472969e-01
1.524734429557209614e+00
5.509107100606527169e-02
3.054345824032595469e-01
4.107783739915500831e+00
1.508542920905374007e+00
1.889075044995732533e+00
3.008501553284837482e-01
1.686286608645217455e-01
4.896726551285837559e+00
2.061859118600267049e+00
9.274480238276254507e-02
2.556181572580199218e-03
2.294495307888130809e-05
8.050944955187614398e-06
8.240438443815293484e-05
7.586139619693708014e-04
1.169907537240171165e-03
9.538409827860715173e-03
1.216414961078882584e+00
8.960527053654675222e-02
1.300770181707041825e-02
1.575939057427343526e+00
1.860857300784277024e+00
1.741289910638718297e+00
1.705998409988417563e+00
1.196961566043882458e-01
7.052463587460814365e-01
6.159665088079279371e+00
8.959384936936785060e-01
5.295469081151243408e-03
2.395364695831799561e-05
3.159476471139973335e-06
3.185900781343892283e-05
8.515401074788745209e-03
1.270855138514199144e-02
6.485713464133189502e-04
5.686293996868811707e-02
5.138637620810202478e-01
1.438762617952455691e-01
2.410930598682092807e+00
2.808375224982165186e+00
3.976516204480956773e+00
5.674801838514500041e+00
2.112756899296518720e-01
1.736424117783730015e-01
5.996139537468681446e+00
1.913411681465275738e+00
3.324207196718375560e-03
1.141990078815934717e-04
1.545524259633613041e-05
2.823018296648674132e-06
2.028227712307909686e-02
8.093336060895720552e-01
3.903295834583853097e-02
8.607665558094211578e-02
1.952185525329838134e-01
2.514649182010071371e-01
3.218649108398574654e-01
2.775610797457412904e-01
3.801268687668851065e+00
3.574094352254121087e+00
4.944347453355735222e-01
1.782564722260345236e-01
6.070744780077753644e-01
3.047845787772455184e-01
6.041863078670377252e-03
3.728171620673347009e-02
7.582635761973829415e-03
6.754844277042418032e-07
1.084829526950683264e-02
1.281109023446306283e+00
9.210856533599051099e-01
7.513077136960252256e-01
6.612594978437920379e-02
5.926153145449813975e-01
2.471637744584286978e+00
5.801962683889730910e-01
2.238695398561765249e+00
2.146127692918637475e+00
2.233902719582658403e+00
7.054710131184731559e-01
7.111384146657007133e-01
2.504876177752670241e+00
1.537316320958800053e-01
7.051368946593599141e-01
7.455633876326671350e-02
1.222699469466672421e-06
4.304444809185596632e-02
5.462206922105593776e+00
4.445606081896647410e+00
1.984791595369210349e+00
5.895345720646719134e-02
3.645219028991171784e-01
2.464703313747464541e+00
1.113241389378182733e+00
3.165026861663315927e+00
2.571508260877724883e+00
1.880524363820841094e+00
1.145234108803716344e+00
6.524281713836181940e-01
3.756797333640743197e+00
4.734323289135732304e-01
3.648022256759063386e-02
8.360402705896353591e-04
3.328797318449748463e-07
1.658065079487687152e-02
2.229641373508139779e+01
1.506373529757396312e+01
4.207915349049621057e+00
1.822649549487964205e+00
2.907212148081194769e+00
4.194720025169834110e-01
1.557067578958303555e-01
2.385110210209308246e+00
1.963541343136708139e+00
5.203594844348018444e-01
1.523874244778642639e+00
5.414239224384068683e-01
2.356385254177359556e+00
2.413021234605255305e+00
6.829260938316563528e-03
2.029502203001056182e-05
1.758501174181437211e-07
5.446853385595279429e-03
2.980404667278135733e+01
2.065675303931731221e+01
4.161870801620638716e+00
3.927891557727178018e+00
4.003813786516304596e+00
1.453117959099418988e+00
1.086785105371889326e+00
6.653093925849929313e+00
7.639600076966698516e+00
3.159191661341244739e+00
3.867160796765788167e+00
7.996546193647885437e-01
5.493717154740938469e+00
2.526135018762830420e+00
4.138970419878119206e-04
1.636436516742992336e-06
1.197310430246340783e-06
1.705790073307492452e-02
3.407156062108513339e+01
2.544690073024579036e+01
5.890758140185094582e+00
9.372740064311509967e-01
2.837725282346555966e-01
5.254163065370593966e-01
6.635855047680480068e-01
1.358875818668323632e+00
3.572970200089758297e+00
3.416980685313011801e+00
4.509328339000024943e-01
6.832894495609440066e-02
3.444957595439204212e+00
6.442513654630643849e-01
3.130045654981618341e-05
5.038656546692061976e-07
1.059629537288203344e-05
2.701953958249778479e-02
8.859856241425859480e+00
4.820127774047345603e+00
1.543485914776922652e+00
1.459186957315617539e+00
1.497475627390111086e+00
5.422508298742304556e-01
3.736660024220397891e-01
8.708729242452863950e-01
1.197837339962572356e+00
1.836220158353537801e+00
3.690506891762396768e-01
9.336742673566365835e-02
3.577648797218194954e+00
1.949310977908902676e-01
4.334773072812129227e-05
2.238128025938740066e-06
6.780080618746178739e-06
1.683617602973284412e-04
3.117275615987783952e-02
1.094483585060308961e+00
9.163225521148616881e-01
3.016644050347693229e-01
5.175229836832345720e-01
3.329351802088016954e-01
7.652645929341654885e-01
9.307025098679514441e-01
5.517571346172406299e-01
2.717309189910161571e+00
9.488009653243288932e-01
4.349051810144768382e-01
1.975639870595932157e+00
8.244485879720467314e-02
6.049186303714473509e-03
6.523936263356284624e-04
4.579352769762234705e-07
3.171743456637876254e-08
2.595455536087926713e-06
3.331252079089080942e-02
6.127289677527840706e-01
4.687019184614551331e-02
1.131813801769460948e-01
3.871869716686823781e-01
1.488507719554505782e+00
1.691824060500044524e+00
1.391459727609548169e+00
2.102797480615349102e+00
1.832179092525694497e-01
6.884434262085937783e-01
1.840007729165446193e+00
1.040145290892827284e-01
8.006185697924063094e-01
5.656169876270092378e-02
1.203801468687226521e-07
3.370100902043931501e-09
9.596793151855931820e-08
1.026415643209553251e-03
2.899310458752298314e-01
2.901592372033507949e-01
7.399317566858408801e-01
1.294494736300574766e+00
1.918653244461560048e+00
5.873700453122641107e+00
6.797670303323000596e+00
7.059351993239134648e-01
3.393784818093016631e-02
1.040323620127732163e+00
2.244122396603052572e+00
1.453570257182958819e-02
2.736210710378442559e-02
7.668371066354781260e-03
4.614537355692349287e-07
6.015125912980667844e-06
7.247987034949627183e-04
3.677108877270214571e-02
7.614999092723289120e-01
5.351996933254217215e-01
2.562501321522582254e-01
7.997681746236628975e-01
1.300228089025105893e+00
3.709184418119545246e+00
4.762884738977276378e+00
8.372239333328246325e-01
3.231941864780666362e-01
1.857426278463894631e+00
7.427209427789852603e-01
2.649555478513574737e-03
1.084475306179147466e-03
2.213885115013791705e-02
3.367311736302888969e-06
1.743418067844886704e-02
4.048591908654097793e+00
7.981934734482948324e-01
3.855528251456201705e-01
2.036612942946316174e-01
1.396343222308626675e-01
9.995587025372308920e-01
2.407159620767483688e+00
3.815268592877192777e+00
7.538187629247604660e-01
4.115017369739763509e-01
3.505976357435407031e+00
1.210180659767949196e+00
1.887210412001911752e-01
6.477339080810726527e-03
2.579631707604026353e-03
9.434227141910964676e-01
1.894560631308323185e-05
3.329325545176101825e-02
1.706425357541452525e+00
1.488186073787217678e+00
2.469365373753921400e+00
2.003915327811558456e+00
7.926465297744370586e-01
7.502221858642864616e-01
1.032376594290435046e+00
9.090742318509833497e-01
9.011106782174357899e-02
1.257328503391325347e-01
9.026045423439282844e-01
2.076339491179262642e-01
6.791511835421923937e-01
6.861462696432141239e-02
5.182860186957608320e-04
1.756252967154827566e-02
1.937190263260710850e-03
4.439028407800738041e-02
2.031343819145626228e-01
2.679808426174143055e+00
3.127577685981279831e-01
4.339518001247040339e-03
1.840536808093597501e-02
6.801586220415468675e-01
6.436594827130478480e-01
1.886920745954664969e-01
9.883610622361501674e-01
1.851596366156471607e+00
1.323654189992687184e-02
4.807810628716373703e-04
3.583026680323098817e-02
9.058847444293667908e-03
6.787056293996566821e-06
1.249983291644153173e-05
3.884478863735636028e-02
7.505017969508493980e-01
1.175421820253809813e+00
1.878840438048951400e+00
6.206699846221469617e-04
1.282177042104592079e-07
2.065158381430735578e-05
2.070815203731522502e-01
2.151994919537664475e-01
3.710969665350411645e-02
1.851848594672501624e+00
1.180225470989080261e-01
1.336223260573064062e-06
2.116121313325696871e-08
5.375874321787917651e-06
2.526771502668386519e-05
1.009906956301552932e-06
2.732697672564008036e-06
1.533242568593518604e-04
1.088036736016225192e-01
2.944638638018368226e+00
2.042714999400198295e+00
3.917903403289635551e-03
4.665607053372137914e-06
1.897158446402123679e-04
8.765833872890156364e-01
8.533685932057717416e-01
2.300684215832857551e-02
1.035550468544667486e-02
1.553563458326717934e-05
1.270888493674774105e-09
7.715272962754688380e-10
2.815058021279229947e-07
7.468945697160081428e-06
1.117851721364971352e-05
5.068703324724118693e-05
2.055318603351264006e-06
1.666940410736769684e-02
6.900351437366381901e+00
9.115420628116570612e+00
1.901737316749610773e+00
3.018909271064736458e-02
3.387249658546120142e-03
4.272722047194239814e-02
3.956618143078975691e-02
1.249859705595900367e-03
5.401868796548871206e-05
5.602388700266775373e-07
2.467901051302167626e-08
2.681394195210673269e-07
2.070540695630323634e-05
1.990500461481740002e-04
3.894454239887541898e-04
8.860161818332344457e-04
