5.675741931693778567e-05
2.915660561135280087e-05
2.595005009642677689e-05
5.047303779941115977e-05
1.577322935178421389e-04
3.412434812319108460e-04
3.198718690280554638e-04
1.844302415528424469e-04
1.123649483757268105e-04
8.753306141620400822e-05
7.706018743760132609e-05
6.427236745384579055e-05
5.789848522299261132e-05
7.149258148565784156e-05
9.242134239266881150e-05
9.210645337373295368e-05
8.832619782198919834e-05
1.104965552109458022e-04
2.115972038294915681e-05
7.856936002869936771e-06
2.943849136490364766e-06
1.670295585524572474e-06
3.345525564719642550e-06
1.070779243123986826e-05
1.558587663614107978e-05
1.213992032560916021e-05
1.017865200055330733e-05
1.544497304078096180e-05
3.522270692155828780e-05
3.195524872091609067e-05
1.103332816747111898e-05
9.184449109632221846e-06
2.101588101925845061e-05
4.053707488974007478e-05
6.025110123290549100e-05
9.804782101496563979e-05
4.893834665421058379e-05
1.042127080151108114e-04
2.630804027697165810e-05
3.506922545353491181e-07
1.453126609078607321e-08
1.563154016006130759e-08
1.023562098287318845e-07
4.882783816310912996e-07
5.262281226464957642e-07
1.254886660749659671e-06
3.503109579354041485e-05
1.114283158826539550e-04
5.440215168026136883e-06
1.131026625926590063e-06
3.875508646975749574e-06
1.273450748104407042e-05
3.253506400740758885e-05
9.008678621644644342e-05
8.919627245286726490e-05
7.256541125325892926e-03
3.121655467869655087e-02
4.913714431459644720e-05
7.281420957853862534e-09
5.276771603606732320e-10
7.789812425140054369e-08
9.991320428811085232e-06
1.705044554089856884e-06
3.470375675763706940e-07
1.276697530709541882e-04
7.731253662652533970e-03
1.078516432618601274e-04
5.829721965055959457e-06
8.428047572288940528e-06
5.075125525799583925e-06
8.510064591626147125e-06
5.270756460085034093e-05
1.945461096526401499e-06
8.984820033823284150e-04
8.206407734493647022e-01
9.289620664062817057e-02
5.237386823060800222e-06
1.194344613014870184e-07
1.891009815716211185e-04
5.511780215764253837e-02
5.595680962496099326e-04
8.333625522302302003e-06
3.614664417038564777e-03
9.384099053616451469e-01
3.953701054790395575e-02
6.566254769929173903e-03
1.109043217346176958e-03
5.681703381491105935e-06
1.340969331853274711e-06
1.819272954972334140e-05
6.692371742705106076e-07
1.589153870762830326e-04
2.957354633566278701e-01
8.073740998829386228e-01
7.605727935044024257e-04
1.764907863942461483e-04
1.198612676650489123e-01
6.943305158466471783e-01
2.212877351670066925e-02
8.509695783690153850e-03
1.725338174414231540e-01
8.065588214986348925e-01
1.874663567486437865e-01
8.352455987975996310e-01
4.827751498933073593e-02
7.663315849852370278e-06
4.216287245070085388e-07
8.447119247672434919e-06
1.003630366420654382e-03
6.500589313937986391e-02
6.475299626773469708e-01
1.807458270973786862e-01
8.970285258531632234e-04
3.756602185955068996e-03
8.062047166786567853e-01
3.619522523844144746e-01
2.533387987324561830e-01
6.459784147476330673e-01
2.729262983945145507e-02
3.780202477259873091e-04
2.214951245559878309e-04
1.108425820796548646e-02
3.544166435105545847e-03
4.863020651026630204e-06
7.769199410179925108e-07
1.232283921179971772e-05
3.367189929156572809e-02
7.928005989659425712e-01
1.366094495857283153e+00
8.832451257056114224e-01
3.014952079374141544e-02
7.468814378218122108e-02
1.045234714480139493e+00
8.031804611371522462e-01
2.542466016261614392e+00
4.195183981346590762e-01
4.717056361356906165e-04
1.116400233543313524e-06
2.705308956773719222e-07
6.355050945919521788e-06
2.561027989736567478e-05
4.883251740224585877e-06
5.633534755034570285e-06
3.847810904519136061e-05
3.464152165416354082e-04
4.990979326417077644e-02
1.097475040043129901e+00
2.611015435406898177e+00
1.165838681394041565e+00
8.126124795460228922e-01
5.217664698107165461e-02
3.936429755830512384e-02
1.539996140281510772e+00
5.848059905589787499e-01
1.381541649312510896e-02
8.286534090085303822e-05
3.622066970787289015e-07
2.690395229339946888e-07
3.486824569202498779e-06
1.460763679378393711e-05
3.490802762352842925e-05
8.593132948285597090e-05
6.410267662981213199e-06
1.157497391698492951e-02
7.309053552754455341e-01
4.368033649187627043e-01
1.041203393990084880e+00
1.985949276783174788e+00
5.519959105584153897e-02
3.205224471616822252e-02
4.648319396708772144e-01
4.062622592461074822e-01
9.144450805091562939e-01
2.440486660842049182e-02
3.723549276094102430e-06
2.372816227785631436e-07
4.446752904753324611e-06
4.182123759244287659e-05
7.090758537640391582e-05
8.523090414720988276e-05
1.414823015990139906e-05
2.684105776417159903e-02
1.112257350091603536e+00
8.454810382939188518e-01
1.753091607312348588e+00
1.978126067491702056e+00
9.369563437492854918e-01
1.722333600065947268e-01
1.012034511507208488e-02
1.455535210692173419e-02
8.865640610663403365e-01
3.015973071749062165e-02
3.232629510247374151e-06
3.470176998387424643e-07
9.148170197258380756e-06
6.453353362534156013e-05
6.086316022463959628e-05
5.253570180680114745e-05
5.767777407173249301e-04
9.843784810950382269e-01
1.198703510400199335e+01
4.010396733867463759e+00
4.056739123943495784e+00
1.649285835620186047e+00
1.433863070317853872e+00
1.470113719518959527e-01
4.285100169642606406e-03
6.782678679772587149e-02
1.038557393293666919e+00
1.399336889470022965e-03
6.488731767558304145e-07
7.532119408030479581e-07
2.302574337530462179e-05
7.848091589355299662e-05
4.544128250365315509e-05
3.564068906258827655e-05
1.707011691761954500e-04
1.015509772352613638e+00
8.380623105791224248e+01
1.242431595928782073e+01
3.642829358850893762e+00
2.285153816863784826e+00
1.832855179309249793e+00
5.653462376285642854e-01
2.003637808328241621e-01
6.801904299601545523e-01
1.908459899976704816e-02
3.163598124482013049e-06
7.936416278792189327e-08
1.657464791199062148e-06
4.924355939848239298e-05
9.438362283778364793e-05
4.544626012495792176e-05
3.685156859018868874e-05
8.840563905897199258e-07
9.862155150993472119e-03
1.717436836450936610e+01
1.038923554469752730e+01
1.708039630209068571e+00
1.290276661223668464e+00
1.503646293643978060e+00
1.259138319765658487e+00
1.887672239747559599e+00
3.439183057651442055e-01
1.203244120576056560e-04
5.672378145523897444e-08
3.900658507574168271e-08
1.983406148995326182e-06
4.218470440666338478e-05
8.652438962505291107e-05
5.708457839391331459e-05
5.404203783920526828e-05
1.610265913617438079e-06
1.462853105663995332e-02
2.004622566122130412e+00
1.380141559244741911e+00
5.290788099182139881e+00
1.120798262116808663e+00
1.924434555917832815e-02
1.861896836922522294e-02
9.374731595144376595e-01
7.189086119798024921e-01
1.050617623539613172e-03
5.588099501020282740e-06
1.109412201755869567e-06
1.721567525859934528e-06
9.493888199162417647e-06
3.813347965943587051e-05
6.036456840204229834e-05
8.148328319920450358e-05
8.324986533090697832e-06
2.983016883013794168e-02
5.715440921605783320e-01
3.067082307839474886e-01
1.118732171459801972e+00
4.164286449977250455e-03
2.838250575488996318e-06
9.141862189749705263e-05
1.373209319906064096e-01
1.262885224225896996e-01
1.814566457519650039e-02
2.267111083473623279e-02
4.193567738206314477e-04
2.236942048536629871e-06
1.251440129441263276e-06
8.282261170868651616e-06
3.650192783675363067e-05
9.047122741420497531e-05
1.539638140022875095e-06
1.179374486339092873e-03
4.322649562869233519e-01
6.424773702689718924e-01
5.496171258626503242e-03
4.459972239055275949e-07
2.263790219187085859e-08
4.869610757985053323e-04
7.915418988206085471e-01
1.968441140020426791e-02
1.470321776715098096e-02
8.962433928271990036e-01
2.097629994192178049e-02
2.220535749262625254e-05
2.150363198131291695e-06
3.527545724634298881e-06
1.421267583534525995e-05
6.560811717542952841e-05
7.114830198034703477e-06
1.565887899790052544e-03
7.100081524221709683e-01
1.530593711059051731e-01
1.938271501928317698e-05
1.887699242751530789e-08
1.193609968691011644e-06
7.906285444342331381e-02
1.051943495746942236e+00
8.253952741093140578e-04
1.601786098062356150e-04
1.184050289184858905e-02
3.637416561044196084e-02
9.006956079942500526e-03
3.781135891783315192e-04
1.003101212998821092e-05
6.494156324273693258e-06
4.016726818208305068e-05
2.073553628360305987e-05
6.194711727551491806e-04
1.008346050957054096e-01
4.252271243742282436e-02
3.177487498792372041e-05
1.996564089043068809e-06
1.629002929594624205e-03
9.008434931289716063e-01
1.597796726834218098e-02
2.717662898071519784e-06
2.590233202478143371e-07
1.616578222833520799e-05
1.224546170975900246e-02
9.178662375837672860e-01
2.242199119545908170e-02
2.620057638236256357e-05
4.614365498920097394e-06
3.212429232419908721e-05
2.800588533068702563e-06
1.078606608960031604e-05
1.011886893905574077e-02
8.700141907809086916e-01
1.517190994932644810e-02
2.659217634448912530e-04
3.964582914126479722e-03
2.573200629323154492e-02
1.629506306680905626e-04
3.414879061704181554e-07
8.103920625076464145e-08
1.425453789643887900e-06
4.689390681379483313e-04
2.264416322936236431e-02
1.110928067673331524e-03
8.678583385893174628e-06
5.137325301401542016e-06
4.010376565433623628e-05
2.313264038020004522e-06
1.625693333398435207e-06
2.853770059532324431e-04
3.854706154523643291e-02
3.806930744998254963e-03
3.858736859460502828e-05
2.209025563688916656e-05
3.871985498434799526e-05
8.605631104913466159e-06
1.981234002851042879e-06
1.933458586149055044e-06
3.825725671777351900e-06
1.438063503512442167e-05
2.857948440017333584e-05
8.172454414563746290e-06
3.242708042007932512e-06
1.028966446170784306e-05
6.147539103522087645e-05
1.292292509016282825e-05
2.133528043415507951e-06
2.739610519276351416e-06
7.581317336791045703e-06
3.931959855550884357e-06
1.333681759977879675e-06
1.738772131782254196e-06
3.995568046914129646e-06
8.122241880522760161e-06
1.848089439391855879e-05
3.112484203319999723e-05
2.158293637739225820e-05
9.183102154107376024e-06
4.548082349316335410e-06
3.806139326826804534e-06
7.446786175858601659e-06
2.579117521030258319e-05
7.979661480398505841e-05
5.522039871137951478e-05
9.238528014150110244e-06
1.548355461446180933e-06
6.505250042038500441e-07
9.427712704805097922e-07
2.881124303494472422e-06
8.051449970108350238e-06
1.529484665114575701e-05
2.713648653206598724e-05
5.093620448405946770e-05
7.064244697629178669e-05
5.346723796384054896e-05
2.796895053649120323e-05
1.713876360725285621e-05
1.684081271828525650e-05
2.487923819188663164e-05
4.361315755002374470e-05
8.023572423316713742e-05
1.145836600729757400e-04
4.887298459106215951e-05
1.738585449455505322e-05
1.005825460580586236e-05
1.470831741376627155e-05
3.186349366953466388e-05
4.940502273054564816e-05
5.192775317626860583e-05
4.983606411593577488e-05
5.234335935016870469e-05
5.734190476245552663e-05
5.618407465836198784e-05
4.955199507212161190e-05
4.439111962146289757e-05
4.249106372232485827e-05
4.424198148451260597e-05
5.368401168246295633e-05
8.160003034164512185e-05
1.657488591057266212e-04
1.311879486664540976e-04
1.045744738235193254e-04
9.691598209175315251e-05
1.131790670063122640e-04
1.300116085768027478e-04
1.194550698534967804e-04
9.359688714882933626e-05
7.069431677886848803e-05
5.908564515686911135e-05
5.849827149702259177e-05
6.207238510061721876e-05
6.526223743773318430e-05
6.715119053460712932e-05
6.652774982625801823e-05
6.696561976582105457e-05
7.734462860100312857e-05
1.095454111545747917e-04
