2.128056002186132112e+00
2.748572353207586971e+00
6.385435113050723643e+00
1.353270476609510808e+01
6.335183484699862255e+00
9.638152636946264451e-01
7.523491415946609306e-01
1.382140247527472665e+00
7.698854256170352128e-01
7.666550317385970037e-02
9.326999134590258089e-03
1.307691902483889852e-03
6.757519881033055998e-05
1.845053496136795013e-05
7.750104822416068308e-05
4.304260711615541632e-04
8.797528328689502687e-04
1.651448702769502770e-03
1.789783317879057423e+00
3.492358699705472858e-01
4.346004394911389568e+00
7.982119510933263662e+00
3.138995353047052017e+00
3.122275329991611170e-01
1.868278699394361198e-01
1.549172198348908180e+00
4.081312123197474939e+00
3.143836231557639138e+00
8.436921062632380952e-01
1.905224198933889654e-02
5.394236041233382709e-05
9.635845213482066073e-07
1.677816393280660678e-06
2.442859252404601991e-05
1.835991448656312927e-04
8.810687187072157450e-04
5.323229167344648016e-02
7.713861651458100988e-02
1.194325937499658874e+00
1.246355042051190409e+00
8.206940085425910025e-01
6.274699987294830583e-01
1.161687107226756360e-01
6.757824593439513972e-02
4.344369696941641767e-01
2.493809247931288553e+00
3.275595006085374017e+00
9.998845264782035835e-01
1.737089750815320674e-02
3.065059902738171376e-05
1.324261632311977817e-06
3.068387171115960369e-06
1.861642576622461688e-05
2.329845476776399107e-04
4.812384519585898024e-02
7.409990784204769643e-01
1.060605756994605908e+00
4.986503695983258710e-01
3.558556229310258501e-01
1.304374518853092857e+00
6.246231530162352774e-01
2.265146124130350269e-01
3.708447387328723255e-01
3.725855031104447490e-01
1.022483678631820547e+00
5.738389019445612860e+00
6.038770276661720615e+00
2.532465026813752670e-02
1.061176414367610745e-04
6.552644809864215829e-06
9.553115890251229868e-07
7.552859993600855703e-06
1.108634209855013627e-03
3.929712855371539360e-02
1.040882402655619821e+00
2.689568454167976075e+00
4.014913524539302503e-01
9.704682574355384395e-01
2.183923625320999928e+00
3.118341984051905769e+00
2.118971278333173114e+00
1.342901685961565228e+00
1.395841353138637775e+00
5.892580083576131056e-01
3.890339327394108704e+00
8.770035596302589997e-01
4.641894281209612422e-02
5.789716133911768916e-04
3.351424810429197107e-07
1.645065064995144799e-07
5.300699884023528803e-06
2.459897032851842183e-04
1.618632168428105478e-01
6.819467377973563726e-01
1.277096510568965781e-01
6.284186039485574193e-01
1.088348491779363769e+00
1.656269497782814293e+00
1.909962218818391122e+00
3.767086491142262794e+00
2.148945318247778680e+00
1.285121227137464850e-01
1.333596439354378438e+00
5.822845125316015391e+00
3.591599590893157945e+00
1.140066028074189081e-01
1.166005960960828727e-05
1.926581028727584527e-07
1.035440124691624823e-05
2.323068299093584282e-03
8.599287165477513817e-01
4.309524473873274641e-01
8.380229567072006169e-02
7.343934248795422337e-02
3.613803729158161088e-02
3.555840866446661197e-01
1.042832608796057103e+00
4.742786165783562380e-01
4.880004085989434470e-01
2.644315213197864223e-01
1.281425425919102912e+00
6.441919031582638233e+00
3.139046928397542846e+00
9.697985554398381725e-01
5.517102010657504683e-03
1.660461357884583877e-05
1.907649674166427643e-05
1.186177337847812464e-02
1.901426781487943751e+00
7.308475119581917534e-01
5.805301997805624170e-01
1.526683925619652660e-01
2.374761661909652322e-02
5.876369765588593808e-01
2.021322062431436528e+00
3.031479394697627061e-01
9.333562172093571307e-01
1.186536938154342913e+00
3.974856761991901188e-01
2.903750307961948440e+00
2.470064810820694845e+00
7.776869060611014683e-01
4.073556381040176894e-02
1.501061077372527154e-04
3.608577458846424932e-05
1.185894912394102815e-02
3.352492009561358066e-01
8.867071711760952935e-02
6.446343105789787975e-01
7.308344425590331817e-01
1.992631156183937574e-02
6.031399071660447503e-02
3.592849401467315684e-01
2.107173175769657403e-01
6.454551207079853858e-01
2.062252080314149194e-01
2.218496641507872180e-02
8.132953056982811235e-01
3.639564015150513310e+00
7.117523570470143945e-02
2.975991247112550028e-04
6.422119240349411480e-06
5.320606160469962915e-04
2.473915515823100694e-02
3.314241154887936913e-01
1.374763052792509210e-01
3.404458610507513083e-01
9.915883105197601521e-01
2.918514375206247013e-01
1.047064539899567048e+00
1.611262492765255461e+00
2.769484166638033068e-02
5.741229214997626944e-03
1.865467201762317090e-02
1.583345023537269247e-02
1.168480388811206361e-01
1.368378124076789604e+00
3.971535066417060389e-02
1.371552591079262673e-05
3.100580804496688625e-07
1.451105933782371798e-03
2.634858487782667374e-02
6.589155140299440827e-01
1.094444039587218809e+00
2.796435944890172665e-01
4.195172736186673634e-01
1.446715272330553193e+00
1.870774041325267589e+00
1.688313545021811191e-01
2.086896870121888038e-04
1.157024030085063794e-04
1.316676621843020367e-01
7.071156276691902276e-01
1.171429324730197952e-01
1.534850914544129141e+00
9.126818779498702128e-01
1.187567853310148990e-04
1.202549989916859582e-07
8.623677238751848969e-04
7.527522782114181021e-01
1.793969624288308751e+01
9.830194983099158179e+00
1.854672983084359572e+00
8.332180683236808383e-01
8.331694221522207844e-01
1.832662742523000765e-01
5.151593763714133745e-02
2.655094596138247044e-03
4.789471497847693632e-03
8.563369955084145779e-01
1.158238419947314801e+00
6.692019399725224194e-02
3.076089138946784263e-01
1.171748378403835167e+00
1.908459674113549640e-03
4.350099880929008118e-07
1.271649462057012356e-03
5.496120179697653541e+00
5.631406153599417053e+01
7.435916579877656751e+00
1.781071239209692791e+00
3.088781910316295232e+00
5.664392011333577948e+00
1.172208222479013129e+00
1.484392351541621968e+00
2.980242733677447298e+00
2.356429011784466176e+00
1.568038063226419920e+00
1.555720816174158250e+00
3.250187210380206526e-01
1.593120541519164601e-01
5.178441484672759998e-01
1.213429792486404452e-01
2.666586781942996225e-04
1.691081184586769662e-02
1.536238496249297425e+00
1.751692950365622181e+01
1.085901194807589931e+01
1.759634199919962505e+00
1.698392490869399918e+00
5.169323283360036658e-01
2.760008153121684127e-01
3.597579225032832007e-01
4.217351312714359146e-01
1.991324992764409219e+00
2.099296839226227451e+00
2.904716273852306241e+00
9.759257579810747263e-01
6.494584690449086706e-01
6.756776797468092566e-01
7.257412061097374689e-01
4.762516084285151746e-02
6.750827312468134743e-03
1.286182829857902554e-01
2.383067857896312258e+00
4.731909192312155454e+00
3.708789643827224314e+00
1.081233453187187665e+00
5.414509968095916614e-02
9.070128894889424309e-01
1.177961421909581752e+00
4.131565020036482433e-02
4.195923627521599975e-01
7.778555645372597915e-01
4.445099063264094236e-02
2.831523563716209849e-02
1.539079110103638071e+00
8.463780743612562274e-01
2.834561242609458243e-02
3.568829793603240340e-03
4.854308656951631165e-05
1.628109915120063214e-02
2.203232755025517520e+00
1.953292728935478673e+00
1.795152101669997613e+00
1.949037109667226986e+00
4.468844939946114980e-01
1.513493482181096361e+00
1.756492695405915905e+00
4.783180182989266171e-01
1.177724302806242074e+00
2.889076129244976254e-01
4.156580664742288121e-03
1.000519847899410467e-02
2.403001080077677987e+00
1.142696235244123448e+00
4.294199725066146292e-03
1.087097876257351594e-04
1.647973811437218409e-06
9.588182488269844693e-04
6.968120950873381014e-01
9.909901981235165191e-01
2.753085386809663859e-01
9.947238456834736064e-01
2.512678736995945350e+00
4.195420304469721362e-01
7.791530345389440226e-01
3.846881919518193360e+00
1.234667026024804937e+00
5.031366720156741357e-01
2.065375872912378064e-01
7.939290454354638316e-01
3.738163289486819085e+00
8.196762483392353582e-01
2.102515831545423083e-02
3.937652643310569564e-04
7.234122381382521446e-06
3.897144867749389226e-03
1.494658586080203078e+00
1.915246890873364638e+00
6.376165987393485057e-01
4.950420868109700057e-01
7.935604514962352196e-01
1.083208072989457760e+00
2.071160587725844326e+00
2.824194185317549621e+00
1.373596404077251476e+00
1.008234062952007459e+00
1.016780169543219925e+00
3.032339596865210485e+00
3.939602905652265230e-01
1.115531838727354223e-02
2.089106023809455138e-03
5.675442290117237686e-04
6.384330165936702460e-06
1.372667630820454017e-02
3.228122526250991164e+00
1.406684455797988509e+00
2.022773869280731773e+00
1.515058143857553441e+00
4.930616169602929366e-01
1.762205342885562853e+00
1.727436221451013942e+00
2.580350288086519672e+00
4.456620077512329026e+00
7.177451456364960514e-01
5.158547885258996102e-01
3.540295745052785659e+00
8.871196070424444136e-01
6.423752826939153025e-03
1.560618442927733714e-04
1.225814262420895544e-04
6.931255890874662635e-07
3.999992435454386916e-03
1.897149979450657664e+00
1.350864873324174154e+00
1.578042908939498501e+00
1.759580536848810217e+00
1.154974989229605953e+00
1.607003632360305190e+00
8.627866089429075958e-01
1.085541820508704625e+00
1.331448333811187767e+00
8.232618780690794669e-01
1.977770312932243257e+00
3.778231716261083228e+00
1.831911545826877763e+00
3.106553359395016964e-02
1.611029227183676047e-04
8.269472134410087052e-05
3.265804667781218722e-05
4.853581977566095995e-02
3.007907915061703186e+00
2.647353014811815175e+00
1.285607023258491965e+00
4.150892143660958045e-01
7.664906912698030705e-01
2.357418371733329465e+00
2.273107346050156519e+00
7.447221442940151759e-01
9.513472570577637955e-01
3.056712286231315190e+00
6.818294026351042980e+00
2.539485944135607021e+00
7.921826124014985648e-02
5.362890903612955009e-04
2.042053509825388503e-05
8.100859145798640923e-05
5.295767159913702948e-02
8.687642382730753621e-01
3.968687438910138088e+00
1.728613535158461723e+00
1.120790861295373642e+00
3.748920418475727434e-01
3.007896161377448530e-01
6.159315669202667376e-01
8.309527291660433468e-01
7.513784212708501942e-01
5.859554549144688096e+00
5.825172600021735647e+00
3.528639006075747542e+00
1.138034755793074115e+00
1.323756734214606365e-03
2.221585335017145954e-06
2.175473877764794697e-06
1.124965556472625372e-04
9.343088414315039447e-01
1.472787559525116641e-01
1.945228634265321110e+00
1.265844560246760064e+00
8.923815433395625440e-01
1.591272163321307165e+00
7.443807714757941785e-01
3.900233977478374525e-01
1.050850156740644525e+00
3.792604880132631529e+00
9.425208691332953137e+00
7.806007536661029311e-01
7.535671365094231966e-02
4.671602071897615858e-03
6.196735692749286811e-06
2.168597532771023834e-07
3.745150405153294893e-06
2.873361953727048999e-04
9.255198819904958407e-01
1.754353412874959384e-01
6.769090749723712719e+00
4.994213507773106464e+00
1.031876832450922876e+00
2.273069573202528115e+00
1.482914584455950147e+00
4.115993130082004070e-01
3.024119805900598035e+00
8.953375519778253633e+00
8.916771282169949631e-01
2.805820257756656139e-02
1.137402572019593399e-03
2.419676611195347845e-05
8.410447552522110574e-07
1.595859000182977933e-06
4.190111477160833874e-05
7.177294145275086310e-04
1.065318317076175747e+00
3.856309572823226173e+00
1.413067661211866621e+01
1.603231133545722642e+01
6.862957860789261844e+00
2.075253369415796634e+00
1.002706761469389862e+00
1.028087837552696060e+00
2.837557205478629996e+00
1.238903596863059342e-01
9.468077021738678005e-04
3.312354416023995953e-04
2.142004149070326970e-04
3.939754835250569836e-05
2.536823625156777630e-05
1.132744919594333687e-04
5.770204765493158793e-04
1.804462413676468247e-03
