6.387534111409355783e-06
3.500618084438625321e-02
4.887489944511791862e+00
5.230978510390930758e+00
2.699187220542357935e+00
3.614584699344611796e-01
1.819100245565166807e+00
2.070827724859026997e+00
5.390484192786324652e-02
9.499904530144997333e-03
1.285372134455111358e-02
1.577999032462901879e-02
7.300835189910094255e-04
3.576928671242428808e-06
7.217354801969698535e-07
7.156650688320060159e-06
4.746133709091164673e-05
2.001827465605127121e-04
2.678179182127930471e-06
3.351932963716533487e-02
1.192968058167878631e+01
5.028189950555801424e+00
2.984117418449465209e+00
1.810470118024867014e+00
1.912663307164283344e+00
2.999114530814149582e+00
3.901196778947797483e+00
2.851240812346131026e+00
2.046791096016242317e+00
9.356195945052574459e-01
1.335259223837908203e-02
4.613818421276092501e-06
2.625215265498596707e-07
1.342731196477242370e-05
4.193193969666277700e-05
1.456666248734306930e-05
2.512883986180118002e-06
1.880819227849143624e-04
2.088662822347642049e-03
7.719971524396793301e-04
7.853551199998927423e-03
2.916140885841172481e-01
1.798316971416298038e-01
8.814654318815343115e-02
1.054931251816638493e+00
5.243969983500107901e+00
5.101234573870234712e+00
8.352722360973033888e-01
9.797030153356844906e-02
5.541080152249088864e-04
1.005160985819533622e-04
2.431798772746746745e-02
6.394579674692165913e-03
1.093287007902236459e-05
1.703072540785223013e-06
9.739395830457586462e-07
3.422839981837060564e-06
9.032427314005766149e-05
2.572761101796156719e-02
1.660696399243591692e+00
5.821256875910970630e-01
1.427943124991511437e-01
5.200496088669869232e-01
1.254606629815886665e+00
9.096896380792228953e+00
6.036406925760425146e+00
2.357172414353891021e+00
1.637968195366855950e-01
2.403372563287396041e-02
8.522798312768492535e-01
4.347214222011024781e-02
1.284582742938397293e-05
1.938455617072068942e-06
6.585050073818293445e-06
5.302149614817921758e-04
7.333796123514536858e-02
9.023885252576034910e-01
4.976500321254777592e-01
1.810700878438361583e-01
2.790486927364344005e-01
1.655145903756589931e-01
2.720458247964095341e-02
7.775266398161891912e-01
1.294220973736845615e+01
8.614109081062023776e+00
1.880190042972594400e+00
7.255353509083889429e-02
1.466115713813518143e-02
5.112169554682336045e-04
6.790275545103306400e-06
5.829179080285603787e-06
4.292190189055928445e-03
1.009985637483483023e+00
9.598640826267685888e-01
7.592603105938074970e-01
8.590133508907055182e-01
6.549568111212560328e-01
8.008194445632021985e-01
5.766996846433747326e-01
1.666895058902857774e-01
3.304388496232780748e-01
1.675500589000392004e+00
2.944714952383118423e+00
2.535278298427690924e+00
1.885636736808666003e-01
2.832892242279788295e-03
6.918730073894270095e-05
2.152124598194461762e-05
9.811751946552560018e-06
4.404494404453063866e-02
1.868203907814248943e+00
9.846763507014429095e-02
4.527609026993285046e-01
1.994836821527349757e+00
2.779567269817314057e-01
1.790816947440213580e-01
6.217072961004993514e-01
3.665733300730722899e+00
1.581978075519195892e+00
5.877696607434123033e-01
3.734636053757777852e+00
8.923097671532064012e+00
5.375296236860931387e-01
3.126011011995313751e-03
7.809056803969092022e-05
1.028357156050412345e-04
3.389185333122756396e-06
5.412064278853028409e-04
1.022270568362487232e-02
2.794088929198569257e-02
1.489921798239026707e+00
7.896519303748352758e-01
9.029750252061087556e-02
5.988299868851748586e-01
7.037940780884684999e-01
1.808081743611666958e+00
1.994601705632918165e+00
7.690049857626995999e-02
2.457484723648171443e-01
8.990113162682739301e+00
1.551289890518025683e+00
2.031398503838697991e-03
2.038800209988338969e-05
6.505877101262894471e-05
1.020564201046979273e-06
7.097263241871923610e-06
9.988895217153033208e-05
4.518749082752599767e-03
3.948807845687947182e-01
2.761452244197455941e-01
1.282492885214296663e-01
8.406148394637443788e-01
5.112116546327235556e-01
4.415584745304326209e-01
1.575115749881764504e+00
9.929000751455442642e-02
6.061221853364530399e-02
2.743437754262010753e+00
4.550420739672377479e+00
5.316544666492025936e-03
4.662931904878951237e-06
8.785308918953200835e-06
1.382690446096385552e-06
1.055202536112477584e-04
2.380986441537153494e-03
2.813823275652691663e-02
6.260243135437201234e-01
7.673068138889608258e-01
5.991728394169330008e-01
7.965066787884992339e-01
1.000329949499812354e+00
9.359455968832537387e-01
2.068171583791967194e+00
2.307330123325149085e+00
1.354658698570133435e+00
1.760536796812035121e+00
3.154416610455980763e+00
5.010691213064628717e-03
4.013051991542281162e-07
4.178718119732958876e-07
1.900259360914944242e-06
2.018072286441956534e-02
1.007147606989223787e+00
8.993739320197149389e-01
3.292985354244686746e+00
5.763433460359811411e-01
7.140195884033470053e-01
9.034268777938313510e-01
2.224946023039275356e-01
5.353546012572037993e-01
7.402553679016564692e-01
8.441489772338961473e-01
5.673274688848137792e-01
1.716892477743765244e-01
3.941794850229438651e+00
8.942386135724654517e-02
1.255801464803965476e-06
1.856577310157718966e-07
1.604043650842351569e-06
5.381562698467834416e-02
1.263080461380786090e+01
4.796186074119972886e+00
5.914357341252507005e+00
1.019792019399899496e+00
1.229377704302403895e+00
9.307327845155144441e-01
7.424148204145589180e-02
4.409539450153220908e-01
1.350142381351757404e-01
1.034640350596245234e-01
5.019731072988982135e-01
5.724863028951177740e-02
4.708418817869898909e+00
2.936916761273519860e+00
4.083844173923478830e-05
6.923448545830218797e-07
7.231590185487151822e-05
7.904758606196261861e-02
2.911322940863940900e+01
9.491016262381075208e+00
1.925699305819220220e+00
1.853604464362667459e+00
9.857232220196985306e-01
5.534166392208056395e-01
5.213450426318442243e-01
1.953954969865652425e+00
1.201025413513672618e-01
2.468517488520051428e-01
2.945333801231696302e+00
1.409290274381564123e-01
4.423706746611609120e+00
4.065533353558348217e+00
3.002366191788740832e-04
5.095790864309356214e-06
9.150476291171884616e-03
7.623118844242871006e-01
2.241339189515774422e+01
4.532350788350245629e+00
1.168217432116199994e+00
2.392537590881900655e+00
5.083951417643313153e-01
3.275272004279436988e-01
1.408030279602305423e+00
2.269089343241966095e+00
6.524538707426783546e-01
1.894032644396567377e+00
1.784169334957979025e+00
3.624326977633693936e-01
7.064655941789591331e+00
3.054157935312110883e+00
1.394069780387419306e-02
6.395707124933003654e-04
3.229873800343269815e-04
1.546550180102233274e-01
3.595740628586646892e+00
1.638604440467006151e+00
1.669405431965164777e+00
2.443274675274293095e+00
2.664097732276683228e+00
2.602372964854405168e+00
1.550118078544889144e+00
6.962487533037369225e-01
1.398325713989207131e+00
2.089805652576685713e+00
2.580342627643960052e-01
5.990174035829038957e-01
5.921544214309864884e+00
3.107295775756082623e+00
8.711142570461055668e-01
2.643534570695883767e-02
1.059215397405323910e-06
3.774029232892138225e-03
1.066854503576003754e+00
4.726061134321787982e+00
4.002182596628876432e+00
1.021396071914358661e+00
3.091653455746306012e+00
4.219591752223502468e+00
1.870884508560600734e+00
9.965055254573431665e-01
2.877535269846339894e+00
6.021367319463362122e-01
3.343552239620938005e-02
1.117804362961405396e+00
1.424861423334228405e+01
1.879032567179072633e+00
6.582538170672673494e-02
3.562126514942947210e-04
2.001007817549480720e-06
4.671152322489137421e-03
9.616110356422067351e-01
2.333636990337416783e+00
6.928999520369739651e-01
2.715123926775545038e-01
1.506297172960518127e+00
1.425215874369377911e+00
4.555741560247061339e-01
2.723639230848750037e-01
2.117973422255984062e+00
3.027905116583163303e-01
3.312576369712262603e-02
1.931243434159851668e+00
2.698159268374255237e+00
4.184593417270404334e-03
1.248336903177213595e-06
1.917264477768607998e-08
5.688122659595642826e-06
9.499279047010200649e-03
1.876835622868422426e+00
9.399922607572878119e-01
6.803793077738438944e-02
9.950680549722769330e-02
1.028740583376566153e+00
1.884214144233703703e+00
3.779380666062543970e-01
9.374499522703848287e-02
1.458937360254644044e+00
9.438770159896925360e-01
1.056368355831420525e+00
1.778136655535196553e+01
2.576622071857247231e+00
8.314899986206991883e-04
1.126371433088308337e-08
2.078864231717302452e-10
5.388586706907214865e-06
5.331827416972123417e-03
2.112216805285979326e+00
4.090277278222647972e+00
7.681365660706105380e-01
1.148930900815551714e+00
7.511050392494595940e-01
1.522414486364837893e+00
1.936057823403840805e+00
5.257090306075662411e-01
1.098264222868368556e+00
4.320576139042198727e-01
2.401675153365830262e+00
9.745505704400610369e+00
1.957821661346339726e+00
1.124756852038789057e-01
1.634554119194861978e-05
7.776272739178489416e-08
1.079092971873308422e-03
7.859534354358348185e-02
8.258775935883814201e-01
3.863386552461284040e+00
3.381083920349540417e+00
3.641235546135262346e+00
2.656144089292294952e-01
4.908465189386459482e-01
2.130017686263005139e+00
5.176513417464843059e-01
6.384599759694993271e-01
9.067487340010275121e-01
1.052757258677950070e+01
7.205592922497798369e+00
3.035435832086962882e-01
7.191057013587400792e-01
7.426889644565200232e-02
5.297219064543337401e-03
6.836311381743048754e-02
6.619286163474443763e-01
5.242062823361629542e-01
2.693763877419665498e+00
1.227945811813686117e+00
1.678800536175578895e+00
5.431331730141750747e-01
8.248480817590213565e-01
1.351989876819114311e+00
1.523661830693093522e-01
6.389122952446933956e-01
4.767942972208385477e+00
1.075137334399657263e+01
3.347218044449910224e+00
3.307647165904157444e-02
9.033353890671752540e-03
4.179710265607294861e-02
9.439077907207334972e-01
1.016686215499641071e-03
7.593162022445301695e-02
9.595985532638744431e-01
8.328414807668956810e-01
3.078542802182321000e-02
1.593848924755807972e-01
4.776172955132612086e-01
2.228874203232572015e-01
4.852236539027665052e-01
8.716778460507961235e-01
7.596129524503839825e+00
7.985052586998547142e+00
1.439517913065393229e+00
6.497376102037980550e-01
4.948380039393398752e-03
2.499442455616033028e-05
4.678571041270456122e-05
1.559822950151286067e-02
4.864417438485691560e-06
7.598121645526754661e-03
1.912600837437283374e+00
1.794027970383476889e-01
3.313838551284641141e-03
2.143426665744165016e-02
1.059711506863578456e-01
1.980761614474473575e-01
2.356257498785233828e+00
8.319188535777268356e+00
5.092839545263721845e+00
2.086322188820233237e+00
1.715647143111815653e+00
1.617061394382917905e-01
1.491685518986863982e-04
5.377265900251186064e-07
9.395992267788186520e-07
1.317261765117875866e-04
2.946817583774677950e-06
7.647177983289730682e-03
7.023967346413519053e+00
3.925747522993411120e+00
1.026974024610423974e+00
1.772385203735341141e+00
1.290026781186478511e+00
2.516151620250324239e+00
9.624388876878589016e+00
1.664077446376668545e+00
1.536241209923430544e-02
4.815976423972740186e-03
2.694335121512752076e-02
4.975129077732070573e-04
5.696747822573610356e-07
1.499109876625188674e-07
3.183280165714096232e-06
1.247569381323326235e-04
3.852912498644850810e-05
1.818190018776658784e-02
5.949090064404987110e+00
8.074335295551746228e+00
3.922042890870103715e+00
4.184991327257003846e+00
2.767690988185292689e+00
2.276793940391317772e+00
2.732429301751488904e+00
1.214070922485569054e-01
1.158231940032722064e-04
7.697556983310919665e-06
3.774420469405682628e-05
5.610606359365288887e-06
4.599368854549340415e-07
3.515080700426990896e-06
1.257070573679845704e-04
1.218162130677675342e-03
