2.458188483495523538e-05
9.291913739835627541e-06
4.661536894956775773e-06
5.559303701855366113e-06
1.198048848069272942e-05
2.845758940963219414e-05
5.660001517392687349e-05
4.867176757993030967e-05
3.389219552991430164e-05
5.174007757725691760e-05
9.715215304616503652e-05
1.020601468991541453e-04
6.922305826424828218e-05
5.195545383834900178e-05
5.542218926350338736e-05
7.246087248020846279e-05
9.839492890948553895e-05
1.440244047902435086e-04
1.024033601664995182e-04
3.721870039193007624e-05
1.854480875425099331e-06
4.204222676400758189e-07
1.071722599936010127e-06
7.153391671653734893e-06
5.233844358164269620e-05
2.618075605604894407e-05
3.607711251124139496e-06
5.922856007976357778e-06
3.622866912005818173e-05
7.723541929910767042e-05
5.592378070178480819e-05
3.369790987328858268e-05
2.815175625302889398e-05
3.278336805128397675e-05
4.779754999556321546e-05
8.625568337385660061e-05
7.103213496615749974e-03
2.001094046992433345e-02
9.583604838739422495e-05
1.972943255093751816e-06
5.242538490228086346e-06
6.816097313491219548e-05
2.244596444728289529e-03
3.097358409880209777e-04
7.977022167559441833e-07
3.941439565118258106e-07
1.018833427301043508e-05
7.363665513683869724e-05
7.682892114099421402e-05
4.057069521230241891e-05
2.489829741567968778e-05
2.361569198923792092e-05
3.465775507922108981e-05
7.052581940809630003e-05
1.603487525485375060e-03
9.008753912642600836e-01
4.156154875655887482e-02
9.164188445187969149e-04
5.140958744921072035e-03
3.102938058891384007e-02
9.553915313063174874e-01
3.260709703821863120e-02
9.227771858831809397e-07
4.540144064643198592e-08
2.554478823519078526e-06
5.476703095865946341e-05
1.015947982806318135e-04
6.268942396326301100e-05
3.329357648743510808e-05
2.677232939383303455e-05
3.762638950561701841e-05
7.618763127112533303e-05
8.291230415961594391e-07
1.073457242858705807e-01
9.277070985808759662e-01
1.253215922966496032e-01
7.112362791585258304e-01
2.750070990393398973e-01
8.207697897621238914e-01
3.757272700893647677e-02
7.426983619167066848e-07
1.648411800432227857e-08
6.749605937223545519e-07
1.282292755765185833e-05
4.271864267346087623e-05
5.961212008415302764e-05
4.310201961758905584e-05
3.296538314403637518e-05
4.262422901319096972e-05
8.159793512748193063e-05
1.080237178109587876e-06
5.599206818039576677e-02
6.525735292133946208e-01
4.280974136283938192e-01
8.198214171474594858e-01
1.926514259161665049e-02
6.584120818626682664e-03
2.242842726559804607e-03
1.940110420605686117e-06
1.879045516113626261e-07
1.173043723636386368e-06
1.113253563014040842e-06
2.961420467769768247e-06
2.189261030779724313e-05
4.312283434803094334e-05
3.552381880989586801e-05
3.885647754048341610e-05
6.954969228705346952e-05
6.027648786336998153e-03
1.034070468757323891e+00
2.184857106859547926e-01
6.480556904654296568e-01
1.117479877135846955e+00
5.420293786052182011e-02
2.476965409497668830e-02
3.288624777136733152e-02
1.058008080287409138e-03
1.075458940996250161e-03
3.209932958252215184e-04
5.612489236551077062e-07
1.639266189060928754e-07
6.139506763681966039e-06
4.623862678239004821e-05
4.234611309270415778e-05
3.388337538904404852e-05
5.210286390671801016e-05
6.156664002472606728e-02
2.486789646900510409e+00
5.362385750098547232e-01
1.676356787176066954e+00
1.374983483394028205e+00
5.017158614860917076e-01
3.088761024300738511e-01
5.488265174699612503e-01
2.695059923780028233e-01
1.859380868494404204e+00
7.563305226062430608e-02
1.459373375642500363e-06
5.791054254187351344e-08
4.620293286982847101e-06
7.808183213403980204e-05
6.923254147763303976e-05
3.651674907177172700e-05
4.252165303464987620e-05
9.198008850800729053e-03
2.514825150161894118e+00
3.513259903094954506e+00
2.961260683966858931e+00
2.290358014660335506e+00
1.807251645723470190e+00
3.694034596326100650e-01
9.429464586625414535e-01
1.230953841455358688e+00
7.371092976706071775e-01
3.338592630922494406e-03
1.935268964566540202e-07
4.034807147452106996e-08
6.728864070539645925e-06
1.469166143124702513e-04
1.212229475190131463e-04
4.663198727728463228e-05
4.133402723222613222e-05
4.092523326806720395e-03
3.440595519616044484e+00
3.602454020090786191e+00
9.205059555494341517e-01
4.764482952607036914e+00
7.040665074706272897e+00
8.148134114944307616e-01
1.866031626997992410e+00
3.801771115561930259e+00
3.942639694313925247e-01
1.563023737352548295e-04
1.280478865687344818e-08
7.548000980842647043e-09
2.512600740971534956e-06
1.126143914642523336e-04
1.418266593339767730e-04
5.725046217845477110e-05
4.692500107202170537e-05
5.178589157313582154e-05
2.947496772476976834e-01
2.684362492508947540e+00
8.472699430020921296e-01
3.533060293535972729e+00
2.692963738439153598e+00
3.415535293038108877e-01
8.983631167784307536e-02
1.186162329571625179e-01
5.832241875161614519e-01
2.813390687480699353e-03
3.607455752089652780e-08
7.762750922568980684e-10
1.344936934147315884e-07
2.392067104193929499e-05
9.295244939675621797e-05
5.896930656271348505e-05
5.577270415586920024e-05
2.783676951144656211e-04
1.211710681941234657e+00
1.959014574854981561e+01
6.885362021365095231e+00
5.684613110406462333e+00
2.982593080437170752e+00
1.226848472052973760e+00
1.461170598281796851e-01
2.637266591967195317e-02
1.836665370035654721e-01
8.785256354572490434e-02
1.147844503492854691e-05
7.028601833373856710e-09
4.560949324905486761e-08
6.432161022064069858e-06
5.148548260650382460e-05
5.232248115987128944e-05
6.149410052986323347e-05
1.369405613804644366e-02
1.138860932956019489e+01
4.977829334304748699e+01
1.394303825675089037e+01
7.412281984449106353e+00
4.966268653254587662e+00
1.767826305023354028e+00
1.661900689413682297e+00
3.987242016751770368e+00
2.059840185254442790e+00
2.734790382567609424e+00
1.020445994279929464e-01
4.326129067785950663e-05
1.896614938446511254e-06
1.121627643982779456e-05
4.375778139639636017e-05
4.870405252917223501e-05
6.509113206708112506e-05
5.102956514699617634e-04
1.659999279234808167e+00
1.152249100361688683e+01
4.370360260864223356e+00
6.348137629079697142e+00
8.366801563957020349e+00
1.739496532745310464e+00
3.817282000064592951e-01
7.251570838981472589e-01
7.238393675462780064e-02
1.409950562095346471e-01
8.779894097239862027e-01
4.619878421961916802e-03
3.060488731476203761e-05
2.329576559481675674e-05
4.729179778647339688e-05
5.122962143156665343e-05
6.948360499705031311e-05
5.763615374752772497e-05
4.574987075489120869e-01
3.914895343948864070e+00
2.534461696933974828e+00
2.758161895629001048e+00
1.401434254051378225e+00
1.436244028831059394e+00
1.772702485474971779e-01
1.428131288200730313e-02
9.398611807896321314e-04
9.237165351630936480e-03
5.165516306231535126e-02
1.067878076268987270e-04
1.695071078746951548e-06
6.938321569792452600e-06
3.689938194943884008e-05
5.269504614609005124e-05
7.149092873701534798e-05
1.227317269266971905e-03
4.723233315177635672e-01
2.215414837806520598e+00
2.488178857578102310e+00
2.861507229555021681e+00
2.743812049234118922e-01
4.327138773466226995e-02
1.261363767808837411e-01
8.047887112996672254e-01
2.162009722013364665e-01
7.560342041509782174e-01
5.870481725961151226e-02
3.119188463096119079e-06
7.232065649102335748e-08
1.912912340696487041e-06
2.829865922967058329e-05
5.342886667767228020e-05
7.390883323892934935e-05
1.054214919870337219e+00
2.559405079121984006e+00
1.752407256368804234e+00
4.446855232782924161e-01
3.232354942090034822e+00
2.570333188601859664e+00
1.215605844243506685e-02
1.401226858873506551e-02
8.614982128424388819e-01
8.378846061741226925e-02
1.657363403178973779e-02
1.491802962818676538e-03
1.563898626504480396e-06
1.965680454768158049e-07
3.931542377097299792e-06
3.546259783654891559e-05
5.880676867807826675e-05
8.024120517135999696e-05
8.941309780590530609e-01
3.357520494145051493e-01
1.327456948163248995e+00
4.912142412496373622e-01
2.106970529377233170e+00
3.963721700223718614e+00
2.644263005096054164e-01
1.520670207253456245e-02
2.090035779610149619e-04
4.007823007161771547e-07
1.542912009534165789e-07
2.029458426074038274e-06
2.491646836711297676e-06
3.977005013544912888e-06
2.058745037412792274e-05
5.143915983746157142e-05
5.989883023725272091e-05
7.997818710291710231e-05
1.407980086187069282e-03
1.120333747014769059e-02
3.917333384845069766e-01
6.476227326045901345e-01
1.593857857002741740e+00
4.378201146217238771e-01
2.426410236268049747e+00
1.172763576410916359e-01
4.883092364077127358e-07
2.213655736383582111e-10
2.700298733092426094e-09
7.588667837207077724e-07
1.541217061206424504e-05
3.880968842944240011e-05
5.285175469728361597e-05
5.199336457877189112e-05
4.927200554000068058e-05
6.895910584440485694e-05
1.972366151479953609e-04
5.796356893742003052e-02
1.847491875280211082e-01
7.398726064851905704e-02
1.647559129879915041e+00
2.625412799064939517e-01
8.523530696534234452e-02
1.516023850822559998e-03
4.484637320174864315e-08
1.365709476148792850e-09
1.501556435270096459e-07
1.731561666936340347e-05
9.612495698004646630e-05
8.492987504828574308e-05
5.236420014863527739e-05
3.951412231248960585e-05
4.029904219917620931e-05
6.350354994103962509e-05
8.814736803449210473e-04
1.964914299622497307e+00
8.513470608450979249e-01
6.123989365752845367e-03
1.648425205159934903e-01
7.980336731261432615e-01
8.977260461784496853e-03
1.070922868455926215e-05
6.258016766094755662e-08
1.919644969011352281e-07
1.308669133978616730e-05
1.384864493653914703e-04
1.418363312107383354e-04
6.041092687576692625e-05
3.226013940389166860e-05
2.917890094745199923e-05
3.835280087384900389e-05
6.988874836251569357e-05
7.694776161411259047e-05
3.463658578406285382e-02
1.818679646137985259e-02
1.937106507760211863e-05
6.622585345369067769e-05
2.187774537120021345e-02
5.776168926488607983e-03
1.621140328557439027e-05
1.331750548900591555e-06
8.313711196411956248e-06
7.865127160365699421e-05
1.357840220702115027e-04
6.925931236997977204e-05
2.917976760200789575e-05
1.977791812603341194e-05
2.341753969380595495e-05
3.756315043032090918e-05
7.504778684165827759e-05
1.069851791835312605e-06
5.923034018223231539e-06
5.093748225197879557e-06
8.884236985434011277e-08
1.281327307805214585e-07
3.153268228671153985e-05
2.265437425362535966e-04
3.056420025785718626e-05
1.396302219626106955e-05
3.685905872257779929e-05
7.398082933997047073e-05
6.073662384669305676e-05
3.237344488419936837e-05
1.975510251015834092e-05
1.858029150157013045e-05
2.443088274060028697e-05
3.718248064558076068e-05
7.021267046229249414e-05
1.544962097321590109e-06
7.593246523872661500e-07
8.214759640290184407e-07
3.428609519649109720e-07
4.676042785567451068e-07
5.322869803376987409e-06
2.711060582365013648e-05
3.010003179800266324e-05
3.488361894198797842e-05
5.177196979726890800e-05
5.679858318186766598e-05
4.340529733360398159e-05
3.094468718784470758e-05
2.808540323094087544e-05
3.316429996443004765e-05
4.023483785218153635e-05
4.829581776869123501e-05
7.589230762181462941e-05
3.470409097460992384e-05
1.927660226374156344e-05
2.274637467379884815e-05
2.593300918997104018e-05
2.867616645017396790e-05
4.259279279394980714e-05
5.966372420591914573e-05
6.720939644701779206e-05
7.498618674110649543e-05
8.307171612784036859e-05
8.162689643429915404e-05
7.098031288899157290e-05
6.423873644017899802e-05
7.209107977127672691e-05
8.971403914143419572e-05
9.631063780349025669e-05
9.611528038034191995e-05
1.244016469713744540e-04
