2.871844570824246358e-06
3.528540621056567433e-03
1.069621333481381109e+00
2.804211837848287647e+00
3.133988495801522944e+00
1.139120600946379902e+00
7.672374501656569201e-01
1.995426427377040013e-01
3.626186710861943954e-03
1.612814664670298887e-05
1.983764237540116635e-06
1.008010283370916718e-05
4.140625083417067082e-05
1.468420023012539965e-04
5.105490250112221587e-04
7.262067167196188406e-04
6.898844488406935451e-04
1.221524888316420513e-03
1.200248515418121381e-06
4.968689900121371628e-03
7.605525558538873687e-01
6.785724333977452005e-01
1.317286589924637541e+00
9.156062255713964815e-02
3.892723022975142638e-02
9.097639095783348617e-01
1.730282899169784727e+00
1.270598782480541755e-01
2.271700847007602012e-02
6.068802198788420931e-04
2.195921433125766760e-06
6.767432611223612488e-07
1.008635397757119235e-05
8.673375098016462175e-05
1.975866351126830144e-04
5.415789706934479551e-04
2.804374437032262912e-03
2.021035113030790475e-01
8.795962315138217136e-01
5.312166887633845702e-01
6.097624737224359714e-01
4.593765093949239015e-02
4.263512515369417832e-02
1.599923910244343273e-01
2.184575323537036595e-01
9.753247535606561769e-01
2.822965723334497135e+00
1.175226587082398196e-02
7.649750598730185762e-07
1.336893274838433730e-08
2.834716414481462927e-07
1.607246083122363593e-05
9.747040140858218211e-05
3.743289989946962633e-04
9.736176602701236416e-01
2.747516576412904143e+00
1.252305131668985938e+00
2.443313294912925926e+00
4.282766636010072681e+00
1.127815494383800576e+00
4.570089916212136671e+00
3.000695443278746044e+00
1.698803019341650566e+00
2.205625384131344013e+00
9.982219685674826870e-01
1.622572331327407913e-01
6.731935418722385846e-04
1.680655076813182700e-06
2.908926751252455161e-06
9.721875629796152994e-05
2.153847392471478677e-04
3.708873636894494076e-04
1.594069952089965936e-03
1.724210317345029608e-01
1.758149667410871642e+00
2.716563587807806268e+00
4.112350423653459153e-01
1.081421475449971664e-01
2.368160166841977166e+00
4.103308005227257027e+00
6.212032969012514450e+00
1.678420172759055751e+00
1.421503323185833723e-01
6.727280383117234530e-01
9.956737552656930168e-01
2.216459242470619068e-02
7.629917301295465089e-03
9.416703739605007673e-03
6.536679505833859058e-04
2.605640549807894737e-04
1.363953408338548030e-04
1.108444934446042723e-01
8.729303013436366943e-01
1.499786732197395001e+00
4.736086753363999979e-01
2.035603259130654707e-01
2.231170718105074613e+00
3.289806161072406976e+00
3.555419590421004195e+00
1.427022653591302204e+00
8.850889027077062376e-01
5.330092286981716887e-01
6.482309072616557755e-01
1.294773655325451633e+00
8.086383817949409636e-01
1.299182196643921920e-02
3.442352890737256229e-05
1.992270075980230427e-05
3.419416688302730906e-02
7.667682177791229625e-01
1.413673061562899513e-01
7.981607100947620825e-01
2.947410371071976787e+00
3.842272984056345209e-01
5.580411155636726822e-02
2.448363972868745908e-01
2.918048260864576360e+00
1.188686341265798641e+00
6.446053626712382467e+00
2.735906405675136988e+00
4.695515554778342815e-01
1.548150545719425786e+00
1.237533087015830091e+00
1.251527474785008292e-03
2.086920783101411321e-07
2.719632324644494791e-07
2.670893303458686703e-03
2.990901764471201249e-02
7.935562048277304548e-02
1.007413331851543470e+00
3.178669796510120271e+00
6.526799343380820240e-01
1.125122176094877496e-02
3.370173665367644233e-02
1.612578751105820940e+00
2.781356819454805507e-01
1.155517534281053971e+00
6.659664931563646029e+00
1.192754082232923452e+00
5.656296612847624417e-01
2.791706275089087530e+00
8.774740427884012567e-03
1.280833053377596461e-07
3.725662576484410650e-08
1.097298381922521301e-05
1.057374547533447041e-02
2.180004543422397578e+00
4.518639678951307914e+00
1.389832046708638247e+00
7.270552240537406785e-01
1.274876243426754097e-01
6.651518800471514781e-02
9.874092705329515773e-01
2.258426876440265740e+00
4.418198393181374861e+00
1.080990106571447384e+01
1.186051617184964879e+00
1.383824249769338433e-01
1.650138748999344429e+00
1.418915398203548228e-01
1.633477935664271838e-05
1.141725107558340540e-06
8.245882434170378691e-06
3.496160647049031261e-02
4.479696127170555542e+00
5.775968707885176023e+00
2.426167717902405929e+00
6.186290954491312499e-01
6.782936397177442567e-01
8.473309569697654031e-02
9.306578032505209708e-02
1.601209150810303905e+00
2.467261110261663948e+00
4.236893184330848605e+00
3.942962603640582042e+00
7.011823629112687861e-01
1.494025972909938105e+00
8.726935459263553962e-01
5.445053901223812637e-03
2.317089393791120521e-04
7.319712349768394614e-05
5.379319101882153870e-02
2.319431115874380556e+00
4.936275847323746468e+00
4.425464765471263995e+00
1.299996663485178283e+00
7.402757970638955687e-01
1.636436132363038379e-02
2.936355451324532302e-03
5.657554785811803877e-02
2.657417981476038471e-01
1.085104011151304615e+00
4.516120968466554864e+00
1.879975897558119557e+00
2.799934907604497258e+00
9.262166099426546451e-01
3.409384023548472312e-03
1.278271678620400041e-04
6.612402999189965439e-04
9.052688734760623301e-01
3.877960971009225943e+01
1.767124585463631803e+01
4.236499739390411357e+00
1.259339682456027676e+00
4.194589132535599396e-01
2.766522742416531802e-02
1.081175052979960541e-02
4.341898901749095818e-02
2.639509400051592847e-01
1.479711495659364440e+00
3.030303932438487280e+00
5.392249021231420025e-01
9.258371872539193914e-01
2.146460721011302364e-01
1.540238176847375320e-04
6.620260295267855986e-06
2.362553150732781980e-04
4.077091488224631632e+00
1.203510750937126090e+02
2.405700830201741169e+01
2.204280213702228153e+01
1.137261260143782415e+01
4.886319121114547137e+00
1.954683217365750458e+00
1.637176075135571063e+00
4.840365390759670539e-01
3.707299024360196094e-01
1.717340375876591940e+00
4.773228367665179661e+00
6.534259267992450493e-01
8.787811567832695125e-01
8.695815604563922330e-01
2.261732664173124289e-03
5.637388329863182571e-05
2.356008342584515198e-05
1.005326474986163232e+00
5.625919330578294364e+01
7.871225351127580261e+00
7.664620065747157263e+00
9.065211726049955843e+00
4.823131160354745539e+00
1.938949077012658284e+00
1.725451438527044301e+00
9.337432369615105143e-01
1.277238631027041160e+00
1.725538631780002552e+00
1.831508333151485202e+00
1.492981291692849766e+00
3.221694927869161340e+00
1.015312830000241862e+00
4.255025852139862966e-03
2.081374868200855756e-04
1.763008848774885327e-04
1.437774683712504109e-01
1.037638377567438575e+01
6.422244497609630010e+00
1.150197558213330140e+00
1.074877943014344028e+00
1.916027593584135991e+00
1.466012947013493495e+00
1.201873383420193619e-01
5.523657314500119569e-02
1.674635689982745923e+00
5.228457912375824357e+00
2.319726067081370413e+00
2.446364313451030892e+00
2.739644882442462848e+00
2.491217949827863667e-02
1.743571436856091646e-05
6.600686072031061174e-06
2.336505979556116955e-02
6.747357192040558393e-01
5.225114412801560526e+00
8.694368036065297289e+00
1.875961786527576836e+00
8.986488945997270772e-01
2.066836454618384611e+00
1.746415085560772962e+00
7.340872204376222565e-02
7.886040155454847322e-02
1.465176319870915345e+00
3.426834983206008545e+00
2.952593045669765104e+00
3.875145816688600475e-01
2.422681970988197486e-01
3.353052774982270227e-03
8.523513113728664148e-07
4.850325687743868431e-07
5.801268706913947784e-04
1.727741592221351263e-01
3.908441275677573046e+00
4.219644732785091001e+00
2.110631239495408984e+00
1.188127220374799453e+00
8.362193441967473717e-01
2.562986963531724283e-01
1.048593273094285960e-01
8.461101775989747775e-01
3.037395547111080063e+00
4.443679852318941137e+00
3.239088502499631428e+00
1.597496620637874620e-01
6.186182883269939481e-01
4.777682444695718900e-02
4.034236924258234892e-06
6.629710231571457530e-07
7.467075842719480985e-08
2.595299188316533287e-04
6.107348068501365912e-01
5.064823070729462806e-01
1.345612532672169348e-01
3.407940521956002167e-01
8.121915186584285351e-01
1.007134571419006974e+00
7.493827943711145467e-01
1.255480327737753532e+00
3.923819447977806796e+00
1.067752295425123776e+01
1.477255158198359286e+00
1.495069641213488121e-01
1.042314095074716951e+00
1.340647418063692711e-02
1.422152764768496986e-06
8.878712108656874359e-07
3.699690429046651642e-07
2.496675909878108470e-04
1.622384149524371377e+00
1.071529773755840687e+00
2.413293221473132577e-01
7.234082732622308942e-01
8.003435454139591343e-01
2.516540538671198313e+00
1.573518139095143820e+00
4.221077903278884769e+00
1.000869607230290015e+01
4.054514851126036490e+00
8.493960902910649979e-01
6.736615401805455816e-01
1.113006420909741889e+00
1.537852765546340872e-03
7.236150499568726897e-07
2.370160176036657196e-06
4.528635285277706445e-03
1.264330039977433831e-02
2.223474815741538713e+00
2.083988989264173863e+00
7.283983954939790006e-01
1.899552506242786931e+00
7.559643294015385706e-01
1.937787593773460326e+00
1.046344830544084559e+00
1.134444418046934722e+01
7.111501789559489417e+00
9.437306748677419810e-01
2.209817141898029025e+00
1.217191737218504599e+00
8.627139444072069452e-01
1.510625532604976430e-02
4.610673135199083809e-05
4.225785496066503436e-05
9.603655339884558106e-01
7.754511830945992612e-02
6.553235755957661501e-01
2.938179886805119878e+00
6.418869466120373790e-01
2.343982453593875803e+00
2.517407609979760874e+00
4.447868625395555497e+00
2.424929872284375953e+00
5.513187853174525976e+00
1.578350973638164900e+00
9.214512117205992947e-01
1.600042384884966307e+00
1.792533219437264513e-02
3.497712826563232832e-03
5.001589138278032982e-03
5.414252826192077683e-04
3.148878961205778303e-04
8.015206233834516747e-02
1.606682288831998928e+00
5.329648882217704831e+00
8.555219081502412948e+00
1.825363000257705037e+00
3.519074330957162378e+00
3.046371646296872626e+00
4.407402167238119617e+00
4.633971717814326929e+00
1.376495119947445556e+00
6.312347570160222743e-01
7.319498099095794741e-01
5.821240942412481134e-01
8.992915627473261481e-03
2.986011083735872948e-04
2.392071794359639056e-04
2.089359912460000946e-04
3.913065436373820835e-04
4.097504858444264325e-06
2.257903537755997503e-01
8.490769187092618964e+00
4.969356964413814914e+00
4.563282438229751214e+00
4.140697080985384027e+00
1.354190239619486258e+00
1.189283939872949336e+00
7.381724077300598763e-01
2.579281947380578366e-01
1.762342646339872365e+00
9.147393889187521721e-01
6.907836501115711958e-02
9.709657358834783078e-03
5.644005557085671112e-04
9.666170853911910173e-05
1.010835914426180739e-04
3.660841311129462653e-04
1.831020173711007012e-07
7.015294354627563470e-03
1.138366119316583047e+00
1.526262200830862836e+00
1.824757398472744097e+00
1.324242900618209706e+00
3.267179578448863864e-01
2.014313670167523426e-02
6.609407941829446116e-04
4.298374467164145897e-04
3.586776226464963302e-02
2.222003259776052578e-02
2.082665853130539124e-04
5.977416057252070750e-05
7.484089198835224845e-05
8.208924169469783135e-05
1.456643241243621629e-04
5.080203018722035356e-04
1.152377685670752556e-02
9.174045383966680234e-01
3.055261431540357897e+00
6.088120021854632746e+00
3.723408250208275927e+00
1.277375520843258450e+00
8.339130992389062191e-01
1.527407313179591705e-02
2.085410823682031474e-05
1.246244917308484122e-06
1.555460366410776278e-05
2.621153039414135077e-05
2.911287922784981852e-06
4.855172998650470694e-06
4.986603966017953904e-05
2.415337611693277016e-04
5.209986894498949087e-04
1.243435907173814350e-03
