3.405373796187006601e-05
8.708600439754132783e-03
2.954606885642975467e+00
1.981501467425484941e+00
1.037253209707105661e+00
9.361257564885037130e-01
2.988727084789828334e-02
1.252543991814378255e-02
3.190513573802248194e-03
1.947538646023582788e-04
3.184016556445192023e-03
2.798361839889068094e-03
6.560824286900773103e-06
9.988787421545374002e-07
2.275965743799677698e-05
3.302567587505053680e-04
7.168325065431655234e-04
9.382401613304181161e-04
1.423022817515890334e-05
9.547060940031264209e-03
1.115040863834347640e+00
1.031546964519548457e-02
7.790681813202569340e-04
4.072366493395119906e-03
9.791335015605453530e-04
1.902092189108878922e-02
7.733224125173371322e-01
3.395834424813861663e-01
7.598715074981883255e-01
7.710571002632139737e-02
3.145781513977694661e-05
2.132703859265135661e-07
7.214372933539127662e-07
2.585375689576614017e-05
2.620538673493947733e-04
7.026053891298617146e-04
6.770919078529107397e-06
5.101351756356536926e-03
7.266087212546139540e-01
4.716862696289601982e-03
6.374294546618142860e-04
1.240125568435643255e-02
4.630474191906293682e-03
5.581649339585804948e-02
1.156616998249162975e+00
6.468142673251160435e-01
1.195229576020877760e+00
9.573866064908568285e-01
8.327127737541769117e-03
1.997118851667308431e-06
2.512998876344465247e-08
5.142219278683247188e-07
5.389314295673797351e-05
6.173308255906596658e-04
1.340795540800063127e-06
8.422384990458402785e-04
1.410391466717388020e+00
8.974578291606117864e-01
3.339014350331777070e-01
5.685632182041508997e-01
2.964619023681145382e-01
1.698985039619362647e+00
1.619422193572845614e-01
1.089108969187074956e-02
1.666231137819288166e-01
1.818806040007248770e+00
1.035619608897259125e+00
2.736834124431349719e-04
1.988723490131848133e-08
3.186594612045779116e-08
1.153695022049390415e-05
5.191085444704628604e-04
6.785175997168437079e-07
9.748820222864568001e-04
1.523560696617102028e+00
3.940649428859249959e+00
8.126520575933227075e-01
1.182736303464840544e-01
1.978104029935511821e-01
1.753284357294523810e+00
8.790595568012755934e-02
2.730672534802272566e-02
6.215038597836094469e-01
4.252091550365665329e-01
1.765319247349971921e+00
1.200351315720540879e-01
5.306493689767872861e-06
1.473985230485683915e-07
9.030622825791259731e-06
4.559410389468570419e-04
6.999174084728970164e-07
6.854802374017397032e-03
5.704431042472066782e-01
1.203476893835771361e-01
7.434980008034083876e-02
1.238386721476588265e-01
5.445970569383541404e-01
6.383310146261357287e-01
4.685796947309949223e-01
2.516200333015025326e+00
8.156497268433917647e-01
2.830754395847880946e-03
3.521206663766209694e-02
1.882166670475804438e+00
1.649525638307373313e-03
2.554008407992993800e-06
1.009670762320560926e-05
3.268262102509293557e-04
2.532576073508812300e-06
4.374688026264819674e-02
1.124546614619585050e+00
2.598319774046229935e-01
5.020671896024010428e-01
1.361734797804966535e+00
7.549305902423200099e-01
1.974950975472120757e-02
3.860565232622951981e-02
1.773105964444388949e+00
4.799893257603603941e-02
2.800380105867430143e-05
9.919379778269266611e-04
1.098213466114179360e+00
8.911423157560294586e-03
4.449706070672662887e-06
3.699241052027373915e-06
1.251836471073552602e-04
2.732080528272038105e-04
9.360744534644388493e-02
6.186042158136823010e-01
1.143556705334479728e+00
1.965059984886581512e+00
1.123870815216643670e+00
2.655482403899396895e-02
1.442550985898036289e-05
1.045124036047180822e-05
3.571913398377833671e-02
1.138959936980935561e-01
3.174403584490152037e-04
2.918276815833899598e-03
8.934528495030311657e-01
1.338681098771984587e-02
5.457487041479096818e-06
1.256737009193459220e-06
2.895073513991246132e-05
2.851377006034107667e-02
7.450458276495834919e-01
1.693200287894958578e+00
1.501577176554497406e+00
4.324585111858992303e-01
5.422907076809416749e-01
1.512780481203493399e-01
5.251717814267209145e-04
1.309238176622579087e-04
2.035452450409171166e-01
2.692640320756131356e+00
2.070725482465704537e-02
5.234870134597954285e-03
2.266398143303482993e-02
3.711459486560631481e-03
6.438841788801535047e-05
5.305658946933866344e-06
1.074753239517195351e-05
4.978491911029509246e-04
8.916834852540676815e-02
5.659228961843358885e-01
6.636335614026224461e-02
6.399594343464368694e-03
1.035798531841944023e-02
1.797477753161255132e-01
6.671594971548761022e-01
2.760453953132931404e-01
5.056433132392283980e-01
2.758114652683051893e-01
1.028135678548614956e-01
4.494868473475483600e-03
6.944671065891162669e-05
7.546746826200328648e-04
2.080754149917222323e-02
7.675811750552626392e-04
1.607734203882783879e-05
7.446761679896028736e-07
9.779361239402555375e-03
3.477691357090886837e-01
2.192040611889400914e-02
1.156408348182593089e-02
2.222266049961894082e-03
1.206572004967213429e-03
7.166174787590070400e-03
4.149701269902900114e-02
1.772623127176840840e-01
2.328713195623811905e-01
1.576501068638820779e+00
1.652594171662162895e-02
7.487654734377657922e-06
1.101730483050178833e-03
1.921227933393074627e+00
2.445706613695099174e-02
2.367690909958647833e-05
6.277123821816585891e-08
3.109505569614314305e-02
5.429551242197270255e+00
3.265646549836239143e-01
5.933742359432792046e-01
1.138947970450024244e-01
3.645313750059209039e-03
3.142546433823126804e-04
4.356021091430295478e-03
7.280511472654265237e-01
8.711718888255935989e-01
1.209110616214049916e+00
1.402795032217075966e-01
1.750173207688554122e-03
4.879674130365994206e-02
1.009346389076105632e+00
2.152674894894948763e-03
7.269545316956141887e-06
1.859207722948368507e-08
2.815614905042804900e-02
1.945007922903527131e+01
1.829337465903696280e+00
1.299976202492387989e+00
1.075913982688144088e+00
8.085081947848269390e-01
8.360950668525382601e-02
9.088684924700388135e-02
1.429709381945635793e-01
6.849281063174865111e-03
2.105995751146729628e-02
7.314690639206963274e-01
1.058171788070018771e+00
8.978653453770699677e-01
2.528781723287000863e-02
1.908165696631408887e-05
1.748594798987057079e-06
7.471493505300833444e-08
1.006943907237973189e-02
1.428919151810655430e+00
3.495101754511191761e-01
3.314701767913100228e-01
4.389288541191289084e-01
6.236473487052568432e-01
3.246658194362841976e-01
5.695266753686660799e-01
1.260333419356222118e-01
1.138299280322876104e-02
3.462369579310964340e-02
5.608551281913306402e-02
1.591395422625771841e-02
2.080556276139845437e-02
6.514448395910474483e-04
1.006042454503931488e-06
6.834844763956248571e-07
1.107295054472183033e-04
1.128992975285427469e-01
2.944844849140622611e-01
1.154464294372698208e-01
1.861691710769924069e-01
8.807158843654897540e-01
1.900252012072047025e-01
2.906850734452963610e-03
8.469385237918063136e-03
1.462114210237795975e-01
7.045881790137392686e-01
2.028846561542476223e+00
1.011757690097540158e-01
2.438495620959682704e-03
1.776393897973709696e-02
1.600446139791888295e-03
4.148040910976621038e-07
1.297467741263992372e-07
3.981582364163030463e-02
7.366716835852168410e-01
9.143568989070178787e-01
1.551491094092684708e+00
2.238713627340325196e-01
8.743872998656742057e-01
8.573626840840914420e-01
2.367343502753211943e-03
1.572263490590488982e-03
7.003615705318311235e-02
7.316752130450555891e-02
1.693753701702596925e-01
5.874217880196745956e-01
1.465004397351718779e-01
8.464763078416331910e-01
2.589675095638086649e-02
7.053890787893913321e-07
4.122887745632519829e-08
2.332979005250980856e-03
5.514287143089311588e-02
1.499654161224857951e+00
1.039780365728690592e+00
4.474031256945495212e-04
2.487862467203546765e-04
8.004241656305632890e-02
4.101160636247812297e-02
2.318012865691445462e-02
7.034595360639201989e-01
7.528975624411891887e-02
4.810163816494214366e-03
8.010751371291956191e-02
3.058043235241702518e-01
8.248448980936906594e-01
1.135505386474144895e-01
5.447567408970723987e-05
1.121108054145250421e-06
5.206542932739703208e-06
1.195707985800120851e-03
3.790558927914508547e-01
8.549720226852184843e-03
1.633112648955546776e-07
1.234562411581389779e-06
1.246003154239720551e-01
8.267990473924661243e-01
4.837214752812491608e-02
1.313715075688821843e+00
8.423633174888450759e-01
5.261469700197361418e-03
1.601013739355443277e-02
5.051207371407747670e-01
1.350456105904313864e+00
8.066139715629752072e-01
1.740716674333735170e-02
2.272528273430730915e-04
8.510505196138354238e-06
1.396552316243042293e-03
6.376558849348568092e-01
1.623423136587722609e-02
1.111593452567424875e-06
5.439191535917294848e-05
8.232493219312645438e-01
1.008617371871608936e+00
1.320257442589899965e-01
6.959635206314732647e-01
7.210243096983304234e-02
6.291937671550079268e-04
3.606969113947982794e-03
1.366655995894392905e+00
2.806507196550519279e+00
6.203324739297216145e-02
1.774544937167257938e-03
2.380551744626834866e-04
1.706470876197758654e-02
4.799322765387917245e-02
1.220735602346192605e+00
1.050917837439013791e+00
3.341043411344894482e-03
1.356521531433099031e-02
1.363417629145834975e-01
7.454163480046364920e-02
8.379168106742300726e-01
1.187592521353069586e+00
2.739496567141795971e-02
9.138417087022386934e-03
6.912461070158630594e-02
1.693186880188716437e+00
1.049469540551104807e-01
2.257139360605479403e-05
7.019452469472811186e-07
9.080819026899050652e-06
1.022257432779487329e+00
6.900101965141680616e-01
4.106568785575882008e-01
1.128937631942839026e+00
7.268919290120713361e-01
2.413507274691869764e+00
1.277552861180029531e+00
7.419731181707182044e-01
1.345887375954647247e+00
5.238624998805843092e-01
4.126947454139333060e-01
1.523107621286842628e+00
2.161527890900423465e-01
7.114387625497808725e-03
2.955024168355843708e-05
3.695198255118863787e-08
3.729939999170368663e-08
8.022780284131929328e-06
1.058105345299421591e-03
1.611333075880862220e-01
7.644350213330763921e-01
6.557305396399046860e-01
6.207280969027516582e-01
1.535867629646592014e-01
1.061590477044756092e-01
7.847330820784195193e-01
8.129821861003870553e-02
4.028082764931786158e-02
9.908560719954958573e-01
1.097355851362155299e+00
4.425212582969152708e-02
2.422352540115132265e-04
3.378322690194733142e-07
1.726152384840231445e-08
5.101332244288093952e-07
9.276560745813512774e-05
6.810458937358292258e-07
8.577273351793526443e-03
1.911455794992027446e+00
1.773463213108698922e+00
2.694512118393392955e-02
1.257394191747443535e-05
1.057753288295111594e-05
1.376458159727547183e-02
5.519818474657394586e-02
1.048855176148022900e-01
7.016585790857308158e-01
2.570482101481167958e-01
7.476094355435731753e-01
4.092591558938857982e-02
6.578940748643204449e-06
2.724971926523420701e-07
1.046386127451094871e-05
4.880362243771529940e-04
9.695693500780374748e-06
6.266045139578561851e-03
5.266049836696060776e-02
1.312030428864510712e-01
3.643922849782330400e-03
4.655860319437049858e-06
4.236536382124190338e-05
8.877959434773755043e-02
7.657337339539803667e-01
1.061555424214867538e-01
3.972989535909558605e-03
6.551018996959640526e-04
2.688022019784621144e-02
1.615951355311214671e-02
1.627905021293618649e-05
2.079460404512197538e-06
5.075593619694444863e-05
7.586406297100728099e-04
4.072036198594474604e-02
8.791958718428237729e-01
1.145976340814199024e-01
8.897282973309954546e-01
9.430181282747583937e-01
1.516262272074821726e-01
1.795552052400734899e+00
1.117417899807249926e+00
9.513287857356226423e-03
5.688162962610194705e-05
6.319175953766751489e-07
1.935221258677119142e-07
4.363899178313377663e-06
1.515352545581261330e-05
3.549347845274591849e-06
1.068930373893716158e-05
1.833359836695723022e-04
1.056845925847607181e-03
