3.544490876759754825e-04
7.057518960778632906e-04
7.661446304804633985e-05
1.622965806844645598e-07
1.098833825433683349e-09
1.088962226724729497e-09
2.441974979891748125e-08
4.349153318435148853e-07
1.924416446280556683e-06
7.165692017653529973e-06
4.506907515326171810e-05
1.874598172823756822e-04
2.649995346163598370e-04
1.674220997087298496e-04
9.010439915423527533e-05
7.442493754022179876e-05
1.094078628977582159e-04
2.101202918346669745e-04
1.253268307349325985e-04
4.158907632382704243e-03
1.513095974409844717e-02
1.032221726278533356e-05
1.606250912580213195e-10
3.583890229365766092e-12
1.716288362577562834e-09
4.091288562753782158e-06
2.417168831016744434e-05
6.026987384968892227e-06
8.352724728970894156e-06
3.208748819395988705e-05
6.061033073822980348e-05
5.223661128286005673e-05
3.323256611425215218e-05
3.196663823591507146e-05
6.383079680125800729e-05
1.691775046223267906e-04
1.599973217902005884e-06
4.595110762528286080e-04
8.554261098980739941e-01
1.317391260763251248e-01
2.585128490233424747e-06
5.587902242349904065e-09
4.428728022602361396e-06
4.672972218585286913e-02
1.624556417560055893e-02
2.025759329303484434e-05
9.291394895819045605e-07
1.159351005965573416e-06
3.913343839198077567e-06
1.286238293551182169e-05
1.287026173294111367e-05
1.046740783097098326e-05
2.731185835590148615e-05
1.203567559026383051e-04
4.685319357620509311e-07
5.282571036689831957e-04
1.335657500999285485e+00
3.551309262975150816e+00
9.832514292227698127e-02
6.107882203803743221e-03
9.549774407319533420e-02
1.739338782134687955e+00
3.772157127291996329e-03
6.011914084537817260e-07
2.642433001389238081e-08
3.772819379217050818e-08
7.119290703436088787e-07
3.945296076207447245e-05
3.912702051089976839e-05
4.374645432502020401e-06
6.555329078528216913e-06
5.707318110891386367e-05
1.049498235516428198e-05
3.315403596186820845e-02
1.561752908027227882e+00
6.593425337537071051e-01
1.830996175734306730e+00
9.511413001147859259e-01
8.678607396739099755e-01
3.953368684980642089e-01
9.314135193456923683e-05
7.461971625787911920e-08
1.395539508965204873e-07
1.082128748205624951e-06
5.053635152726189449e-05
1.442133295245310969e-02
3.226883351840888290e-03
7.431718471135007010e-06
2.041196956714727257e-06
2.719759286795058519e-05
7.566995467456212266e-06
5.642530301603172760e-03
1.468355749103722740e-01
6.117151590497853508e-01
3.035134267464864699e+00
9.058359551353351025e-02
7.959841752144224125e-02
5.994747315849939806e-01
3.074653978054132583e-03
9.623406670802397934e-05
3.300315131862870295e-03
2.794197451860721410e-02
6.198600608901135012e-02
8.862481632107560570e-01
3.473867573898041516e-02
1.764144967843721319e-05
2.214520651248713211e-06
2.838156116817796759e-05
7.332963799566741701e-06
2.481152752249950189e-03
6.358541887712479412e-02
2.581011794302378037e-01
8.159257306255304210e-01
9.231995828583348940e-02
9.381713756065167276e-02
1.208635726106393610e-01
2.781207131502898625e-02
1.082628524303033413e-01
9.393639239004718533e-01
8.380814551447179905e-01
6.358337185917496692e-02
8.033780653412972081e-03
4.067789187718512975e-04
8.734231898601698790e-06
7.063794442881419929e-06
7.295734911885212693e-05
1.549500352106663380e-05
2.296892785475504115e-02
7.328565342236390556e-01
2.687822999423927772e-02
1.696768526876947644e-03
1.238410414257970493e-02
5.934027720462824451e-01
1.603897554728689612e-01
7.164557631096865609e-02
6.400081286786358792e-01
2.390517671433461389e-01
7.286947118140227331e-02
2.622421363981572960e-03
7.787975264508925207e-06
5.356863667611492070e-07
1.459859517409770815e-06
1.987566487782972520e-05
1.932974516552410827e-04
5.747684056791760597e-08
8.700308708598716455e-05
1.328183542683883944e-01
3.735707083696498260e-02
1.456352216083736304e-04
2.855000684176496389e-04
4.282847101397247447e-01
7.580561493265057793e-01
1.773649522057336655e-02
1.064371371904014041e-01
1.089642579780792930e+00
7.986312903171605138e-01
5.638838095577860914e-03
6.906970174067660691e-07
8.756367280452092987e-09
1.544507052795438481e-07
1.441487576281092626e-05
2.001972804373082710e-04
4.029230007252285499e-10
2.801244328139998703e-06
8.325357011206724334e-02
1.748595620197125111e+00
1.279333387434146707e-01
1.249230082418193583e-02
6.565943538852889727e-01
1.207643112743657932e-01
1.506583537889988022e-05
2.273615950810187842e-04
8.004516474412726179e-01
1.108505434552118585e+00
3.150305649570502020e-02
1.473380185093044283e-05
1.296171361950729804e-08
4.527680147580382587e-08
4.620093843946149180e-06
6.813896993754215261e-05
3.438939279802686627e-09
4.304733643605049937e-04
7.792706318806246202e-01
1.380837158645124019e+00
2.635433935474031042e+00
1.103484380886580879e-01
1.144584969858805368e-01
6.205810523200740170e-02
1.394303014336931222e-05
5.691675056370975748e-05
7.498468108237803242e-02
9.864148674281215945e-02
9.270212927002854375e-01
4.790822348192331354e-02
7.532860213662441493e-06
1.883033295538816699e-06
1.358812327094399228e-05
1.835161379473459318e-05
2.086239382259763783e-06
1.750879381547734703e-01
7.856232929591460135e+00
1.134206146025171780e+00
4.067745660359240567e+00
8.853524912423488269e-02
1.093385822737281445e-02
6.083862656003053981e-01
1.733178326825372539e-01
1.041645503986134008e-01
7.168172619552175551e-01
2.055313719240924875e-01
3.696207668243243649e+00
1.018749503779816434e+00
4.606550076085348146e-03
7.337112094337198444e-03
1.339547343292116048e-03
1.173611280379655076e-05
1.086538692065512764e-04
1.786545911485006632e+00
6.015172127687960568e+01
8.856793995123762642e+00
7.824083574573723610e+00
8.281677490767548333e-01
1.058981670974468298e-01
4.866112327346791555e-01
5.546382348124155870e-01
2.128346310712196932e-01
8.106440308489443192e-01
1.143864186538141814e+00
1.249355906822206430e+00
4.698473265945769112e-02
1.551197106050564156e-02
9.204933141289266540e-01
2.938595603657636127e-02
1.145766353925121429e-05
5.788599050298917597e-06
1.506385553834005131e-01
2.500447475418200227e+01
2.963906758721976509e+00
3.161591369224229786e-01
2.847132296700772836e-01
4.753120623987081017e-01
2.384810206208307776e-02
1.449277802055706256e-03
3.989299317668097526e-03
2.765437203840510616e-01
2.749494254047175179e+00
6.594488363736105141e-01
2.585118677246904355e-03
3.126823381873257445e-04
9.961415465318637294e-03
1.117648589236092810e-03
5.288570220407420768e-06
1.789887805487829965e-07
4.477095984721041200e-03
1.654606726363481606e+00
1.424719172835794412e+00
3.170459813053118081e-01
1.066294718499602723e-01
2.543325289571036207e-01
3.189906777409082239e-02
1.591955909211668213e-02
1.738332395188657842e-01
1.464294399424362236e+00
1.467737488138065149e+00
2.610338187295965229e-01
1.207731439407941322e-03
1.534309291920549437e-05
1.702940353055548659e-05
5.562481993635446559e-06
1.776510991833416905e-06
5.867921664009038681e-07
2.019008239949029049e-03
2.244008985270405931e-01
8.812191880876958372e-01
1.171136325293412828e+00
2.903285896210145434e-01
4.258143496806434669e-01
3.928997026100660150e-01
5.544588692523667595e-01
1.480853680978029829e-01
9.295402629001262018e-02
8.491722921825811676e-01
1.589946563439118332e+00
9.855757494870116819e-02
5.463959572270512231e-03
1.839836695009409366e-04
2.154276116106093455e-06
1.130304987807352618e-06
2.176495180182580117e-05
2.430033960924462069e-02
7.993748716284638789e-01
1.144318734754060873e+00
7.796267561868113205e-01
6.020302519349314541e-02
1.806724195701876409e-02
5.510391543046315455e-02
8.157471668952256949e-02
4.265242680144593242e-03
3.725669281082567147e-02
2.202422044142152036e+00
1.414819967754683827e-01
3.976923738774961609e-02
8.894646253181981432e-01
3.123633258364542573e-02
1.039078009738074111e-05
1.351441442449428561e-06
3.021483575035136646e-05
3.496512475851654752e-03
2.310594004839046714e-02
1.794848298728136254e-02
9.800311405761170241e-03
2.419767669066085055e-04
6.589585871119669146e-05
1.402882864405077118e-02
8.522806422453087505e-01
2.438394855911923120e-01
3.661757723830779465e+00
2.842267269353213166e+00
1.559585552411599479e-04
1.104426931806087219e-05
8.558634280871644379e-03
5.975609580751958458e-03
1.162689200425675243e-05
3.003339175985686335e-06
3.284959581882813013e-06
5.463378094937889191e-05
1.516700157548531679e-04
1.095945721577996083e-04
6.199695991840398137e-05
5.596068673071532626e-06
2.346026172816939617e-05
1.569286104316706607e-02
9.848203199589261603e-01
7.707199280164011013e-01
1.400135352950622414e+00
4.565084499046167393e-02
3.275720264638279624e-06
1.844963089965353928e-07
2.188148319259183004e-05
7.505106044642520578e-05
8.951486371618418310e-06
1.300859492225769565e-05
8.601126815455766491e-06
2.013766603865561888e-03
3.128376466442774062e-02
1.575230743499125494e-02
2.604142724713038974e-03
4.976609620431312773e-04
4.540960224828343578e-03
1.183463335516422681e-02
1.039470610786154443e-02
2.340472155135356058e-01
6.744514090008688623e-01
3.293469844361380117e-03
3.728139429111540393e-06
8.686687060001865856e-07
8.591671382954036074e-06
2.266469536489020933e-05
2.078678105472895726e-05
5.202894466365175707e-05
4.509478705580588319e-05
3.865882627324989523e-02
8.357548113594749362e-01
1.068392726495905221e+00
8.152305890634988783e-01
2.431668344783691482e-01
7.802869760569960400e-01
6.955240435185813808e-02
1.304813475791751290e-02
8.274531986406501449e-01
1.498533460552783358e-01
5.424080721712945904e-05
1.207140915583105877e-06
5.262595494980235847e-06
3.454503649656137686e-05
4.903100095290564717e-05
4.988698678608608096e-05
9.555633760549421085e-05
1.534973328411896388e-05
7.028982612920090575e-04
1.078307294103587888e-02
2.391240047166842131e-01
8.637426103659808785e-01
3.228883133026623498e-02
1.064440596209558464e-02
4.875370271841501964e-03
5.636362683679540728e-03
1.383566749272080801e-02
2.688378144234406756e-05
2.416236862703063778e-08
7.667095173938530980e-08
8.342461518482763590e-06
7.603091004044191820e-05
7.189575005849530953e-05
6.020348134108168410e-05
9.995771351043321014e-05
7.727593308494755547e-06
7.191239303695963925e-05
9.584237211954839755e-03
8.185129919480537142e-01
6.375041032610824498e-02
2.028710441084823047e-05
1.039318484926973453e-06
6.229570301648892654e-06
5.314310096769802471e-05
3.059880782858004480e-05
1.677723563049575063e-07
9.154434684610311367e-09
2.877381003836097315e-07
2.275255702725067150e-05
9.058177232866429854e-05
6.300320913847570899e-05
5.452552592115757977e-05
9.547602873747843965e-05
1.524599328935278745e-05
5.633795691810890619e-05
4.751495824774927719e-03
4.133939174323783550e-02
1.909860670558653946e-04
1.108960574037140982e-07
3.652987081074175623e-08
9.511766777601357189e-07
1.286669953087032273e-05
1.427233491780857771e-05
2.423885934384914008e-06
1.877940323504590126e-06
1.573528506185076312e-05
8.984499750353677695e-05
9.497125453888336129e-05
5.626266902688280074e-05
5.614947842258612805e-05
1.040530856795135749e-04
3.413954214665848515e-05
1.561025474357288323e-05
2.474563875334981206e-05
1.379826080818834182e-05
7.096620452166092176e-07
1.121787765888389841e-07
6.964514434080279066e-07
1.465623919279994410e-05
8.773295609321376143e-05
1.287422830871100363e-04
1.037705067799568436e-04
1.222301389500018141e-04
2.001666845390725558e-04
2.024605879862710915e-04
1.156978342357793611e-04
7.396288784126462648e-05
8.392874356534034918e-05
1.508064232213610252e-04
