6.136821443693879963e-05
1.252245442854487790e-05
5.515973735522846666e-06
7.429364023034368373e-06
1.300796358098100162e-05
1.873197069925550419e-05
4.321162662515621331e-05
8.841630821332205380e-05
9.599013794440421153e-05
1.217389683766133051e-04
2.107731771124804802e-04
2.851266189649965740e-04
2.238244590909753493e-04
1.230929382901774271e-04
7.640713793955385147e-05
7.122777970479371836e-05
9.647370123946865576e-05
1.813671740330738001e-04
3.742770662158330432e-06
1.184532383012896601e-06
2.111061508631162494e-06
1.982494777102125660e-05
6.299684927921768939e-05
1.706182730277934061e-05
1.344600966354440215e-05
1.417342206104077615e-05
4.300930955841360721e-06
5.057813847199776139e-06
2.561073100396238294e-05
9.019273930093689581e-05
1.359339330638230381e-04
1.060718168573641067e-04
6.372096283198392091e-05
4.639167304961636893e-05
5.271236395890579188e-05
1.045941804693870016e-04
7.598244443931853463e-07
1.679769277869723091e-05
5.386726924064526171e-04
1.151646576047917966e-02
1.947708222387662183e-02
2.565802732557230211e-04
4.886277958141395042e-05
2.053523877994204599e-05
4.111804807770573328e-07
1.871598419155676754e-07
1.626020775501791692e-06
7.419855637722626471e-06
2.670963311320498048e-05
7.992505468898443845e-05
9.739417078770112987e-05
6.403085660211895770e-05
4.970608373725132631e-05
7.956150675789819661e-05
8.749778579842918032e-07
1.049677097020128638e-02
1.044482337573234165e+00
9.603255824790043471e-01
9.152087196137647096e-01
1.162936287950670604e-02
4.625576501646955045e-03
4.279639329875403915e-03
2.262424084055217154e-05
3.487822378171175992e-06
2.459002096904767629e-06
2.019176082818083407e-07
2.859846985362850065e-07
8.013357716441480921e-06
7.892879325221909296e-05
9.695071136208692367e-05
6.013655463886632361e-05
7.129143337147021242e-05
3.415840481780487462e-07
6.428009195438047496e-02
5.637916802660766002e+00
4.459122212714821676e-01
1.632274732879452017e+00
5.215130427631824439e-01
6.304502105839601134e-01
1.106569618804143174e+00
3.177936170224571200e-02
1.757296717569674718e-02
4.484752159417404460e-04
3.693780985951009159e-08
1.166222258877915507e-09
1.092200517919110285e-07
1.587313963371409853e-05
8.810930734486005836e-05
7.226654601013718447e-05
7.465427295087428516e-05
1.530531123986383186e-07
5.337274594581560561e-03
2.242379796778900314e+00
7.991923524904006593e-01
1.257857760730924701e+00
1.219823220263162922e+00
1.722199059301800395e+00
6.157930610336925792e-01
9.792582539814063958e-02
7.744008637604302692e-01
8.253524060567542231e-02
5.701917493734202466e-06
6.785528541150016743e-09
2.452408112218311077e-08
2.900770249611450007e-06
5.263723093089128275e-05
8.455175450791436889e-05
9.629730133828683244e-05
2.225467742994245788e-06
2.036560810531944706e-03
7.330898408974455549e-01
2.085274913420986032e+00
8.832510797589544493e-01
7.536909902365569458e-01
1.347882466531559853e+00
2.032908975723148881e-01
1.952411323995830450e-01
1.213124645154679326e+00
8.141094190457643931e-01
1.015790774967436361e-01
3.279924727471452903e-04
1.507929844727617442e-06
2.295994907896697421e-06
3.343289030669292620e-05
1.030757535955140197e-04
1.453401305563392729e-04
5.832899551316631512e-05
5.963729053163580388e-03
3.260784120645767725e-01
8.695824879706701704e-01
9.636251951752982103e-01
1.596584526932768977e+00
1.182774335398158794e+00
2.546694325869895414e-01
1.343819242660483804e+00
1.964369221708352375e+00
1.864917300068493766e-01
7.694138657355381605e-01
3.865837193032575086e-02
1.163561755745121284e-05
1.350047924027875837e-06
2.064786167024963183e-05
1.229099031175902182e-04
2.150316584121579058e-04
9.228318964768562107e-07
4.173343267183846051e-04
1.505091043670526929e+00
2.604240135142831480e+00
5.817721936005461059e-01
7.269955195728052821e-01
4.019105098830461631e-01
2.729563294415829344e-01
3.269144179007100193e-01
1.033126256313945390e+00
1.034243243041449434e-01
1.526153654685273066e-02
3.280504154086073929e-04
2.090461656021330319e-07
8.309895084821689992e-08
6.648139462669705044e-06
1.156003252022410900e-04
2.758478152541787983e-04
1.043455705593104452e-10
2.175561623645029716e-07
4.423700791600910232e-01
3.216604020924710206e+00
5.150776731243824624e-01
1.282444382599521759e+00
8.983189994822344815e-01
3.031733658174894153e+00
4.211880139624699648e-01
1.609122010970303718e+00
1.792313803861172783e+00
1.955562491248044044e-01
8.035231846656400905e-04
2.885111470822211894e-08
3.552936496760204501e-09
1.049639764596578551e-06
7.303450148934979489e-05
2.973673482276191992e-04
1.741063392241943378e-09
4.084356165619805703e-06
1.059345716045503760e+00
2.867882677272102665e+00
1.045379546229606715e+00
2.677140592376300976e+00
9.614091875386736596e-01
2.622459596363841072e+00
3.694633313616715320e-01
8.260188801552579285e-01
1.645789829471559385e+00
2.454993017335111549e+00
4.656749144733981355e-02
2.937666184268766302e-07
2.763319629761171174e-09
3.874450962757464842e-07
4.392067154103844798e-05
2.712896083248499905e-04
1.315042726982502725e-04
8.186370776480134115e-02
2.742501481176098110e+01
1.664927766448586866e+01
5.500856060525760149e+00
3.538599099761366329e+00
1.363592318494149858e+00
1.519642205602370622e+00
8.846118617458522682e-01
2.911696013187298870e+00
3.485058074178446486e+00
1.928826499499976865e+00
1.893069657054428645e-01
9.684797914202868986e-05
5.451744326766582924e-07
2.302255040186043512e-06
4.769276666886596239e-05
2.357512250400152953e-04
1.797770574002048550e-03
1.829054927615880954e+00
7.389716335641071510e+01
3.427833678631803593e+01
1.322609436748148148e+01
6.108018687486646670e+00
3.690377689720042653e+00
3.518858780650571560e+00
4.091491866622344986e+00
5.981797843609659715e+00
7.557027324821618208e+00
4.653985826982381724e+00
1.595514799088161073e+00
2.441402225052758876e-02
9.463580349557311347e-05
1.799455529128658277e-05
6.347788447206498057e-05
2.132050515154241448e-04
3.248178853439441045e-06
1.530897591467470509e-01
8.106440330350218915e+01
1.853620703022546934e+01
4.093044145189250749e+00
1.549085267229125540e+00
1.349810034404449466e+00
8.991002574766198130e-01
1.104742451136262238e+00
2.996598171012362588e+00
2.884479536872324168e+00
2.697864570815807994e+00
2.082279230039849605e-01
2.997623183075891293e-04
2.971816766684606452e-06
5.302048628719972095e-06
5.144509408572118104e-05
2.045189136060216958e-04
2.000354078906042806e-08
1.482357411373494199e-03
4.599649241702672420e+00
5.022854875350871495e+00
2.368111586195957408e+00
7.849209607869185312e-01
9.351310118888218614e-01
2.306228001989769627e-01
9.527097561931700820e-02
6.402308357092875157e-01
1.020137074450297110e+00
7.698126520744855705e-01
1.927124215112540305e-03
1.168063919635930149e-07
1.338025564494001308e-08
1.088366224797561258e-06
4.711739853548224720e-05
2.253525239038023733e-04
1.596862968429709542e-07
5.525168341932363723e-04
3.779996210769366871e-01
9.302962897471929171e-01
6.735877434162986788e-01
2.355376919001887226e-01
6.413154634757406436e-01
1.302011968918804108e+00
6.423754832278402160e-01
5.806058314575522905e-01
9.464105726821767650e-01
1.239381015316084467e+00
1.744101611817919532e-03
1.815942683797889510e-07
5.750681064286998112e-08
3.705983069035445852e-06
7.651736961469605394e-05
2.601909138608477683e-04
8.354831508705670329e-06
6.729158495299802749e-03
6.505866177406453010e-01
1.348824783560084173e-01
4.984803379313756250e-02
1.347737457353568591e-01
3.325014786993022997e-01
6.626613435629808979e-01
1.977403893997355500e+00
3.826292075223415079e+00
2.782220168661451609e+00
8.224166979497201657e-01
5.621808486392188518e-03
1.681813273759137937e-05
5.390995529883927069e-06
3.018904838549815850e-05
1.125672825278937344e-04
2.387737289054649159e-04
4.123413412869067806e-06
1.052698336355105228e-02
7.209696980750439188e+00
1.033377278821201006e+00
8.098553976790529019e-02
4.858427498343653173e-01
8.870215786394135549e-01
1.906304966058876837e-01
4.764099531586530323e-01
1.652281667381074071e+00
5.489265444548921957e-01
3.298793805476470109e-02
5.335818842279254574e-04
3.303715993185997376e-05
3.096521993329791144e-05
6.417212984492389730e-05
9.796189253482900971e-05
1.699526115721740761e-04
8.599793547990110375e-08
7.857370185504204251e-04
2.887939692708414441e+00
3.568221439342118106e+00
2.759171658579737674e-01
3.049807586490945743e-01
1.291648490123348925e+00
1.534040255914329132e+00
6.745762142914616177e+00
3.273546080949162995e+00
4.842594434063766662e-01
3.928287001928674332e-02
2.043633398585170289e-04
1.087625999117438267e-05
2.126233847962347051e-05
5.201867043785575391e-05
7.029107391307044264e-05
1.242279903006095567e-04
5.338119492049943903e-08
4.700361634990934089e-03
5.122002741055723618e+00
5.750159722413084040e+00
2.243542198796027787e+00
1.256137608556513685e+00
3.225201976657077640e+00
1.084109088460476045e+00
2.428710002774224552e+00
1.378006158160380856e+00
8.657398206120432704e-02
5.376243646784004127e-03
5.660536139903232067e-05
6.750301605839171827e-06
1.886085242021178101e-05
4.659674022371503862e-05
6.197741973316651064e-05
1.127062677665252355e-04
1.849333981238061725e-06
1.297089709802227431e-01
8.348897063442867861e+00
2.783951455805579123e+00
1.191996011431922131e+00
2.626690419568661339e-01
2.001569070884206880e+00
6.514985349298900719e-01
2.703473508237508316e-01
7.134381021281315238e-01
1.692382007742419814e-02
6.316921137059324691e-05
3.216086554406459071e-06
5.498251971788293641e-06
2.804294779366461391e-05
5.711909044488327206e-05
6.983438142529656224e-05
1.208897157251163272e-04
7.897110664314857618e-04
1.897238975072291112e+00
3.809416161005974022e+00
1.200268556843977708e+00
7.143035231066485746e-01
1.191702184777898750e-02
1.874819157594536517e-02
2.518377161621389304e-02
6.444817867457815035e-03
3.883073414677789409e-02
5.766930669885537639e-03
2.451593040147932476e-05
2.936702071379085970e-06
1.102176474810675294e-05
4.361813062180846249e-05
6.554863812299429509e-05
7.576914313027848891e-05
1.265972189562014985e-04
1.458995161485077520e-03
5.057035847456452932e-02
1.151524700657349104e-02
6.989253987062604354e-03
4.357976657554071820e-02
1.450733398717516526e-03
6.044851524099470729e-05
1.245363778864036955e-05
2.211143763427698200e-06
1.284200465128865027e-05
5.981672593349709587e-05
2.027032629685379843e-05
1.369589783866921576e-05
3.049421406451906049e-05
5.265836907610332081e-05
5.815813387926405353e-05
6.704013152754437124e-05
1.169284683259135205e-04
5.454269033175350460e-06
2.320639955359776452e-06
3.165594881394278891e-07
4.060577695396401690e-07
1.352169318546623977e-05
2.671640325990089809e-05
4.457236738586845112e-06
8.151492440055634720e-07
2.410178678861891780e-07
7.361327391080124744e-07
7.230760534626848918e-06
2.730826639820402673e-05
5.009636578469506409e-05
6.661916802725738459e-05
6.726470124847349925e-05
6.284078544070065330e-05
7.165258333910698332e-05
1.261870692260224735e-04
1.558871908861205894e-06
1.365080002315840427e-07
3.277647002378829108e-08
5.297823260397831293e-08
8.007256792722692050e-07
8.820991884616039130e-06
1.913440743920834862e-05
1.643215263788896956e-05
1.197653186147319313e-05
1.821679912508297695e-05
5.136219672752138584e-05
1.166225670409116305e-04
1.590895077087357379e-04
1.557406685188333050e-04
1.384569415219599959e-04
1.271450600716568264e-04
1.401568531298770504e-04
2.200331867239955445e-04
