1.670715634612884241e-04
2.830067796571468855e-02
4.120372002956385948e+00
8.724793661751391483e+00
1.192077182323336260e+00
9.767171158026597411e-01
9.516798889156842245e-01
1.309959538857648556e-02
1.600040155713566988e-04
9.401688585097760340e-05
5.017918388186738975e-05
3.794093997471054792e-05
1.346932685762863120e-04
4.556128453893278480e-06
5.426883634811137233e-08
4.588608524889644738e-07
5.746902982139599840e-05
7.309009001369877728e-04
9.410512403448178728e-03
9.561799308688688770e-01
1.719956247083797241e+00
5.560316478481235336e-01
6.285617240404924866e-01
7.383409745706730198e-02
5.305012412413936777e-04
5.249592283937240853e-05
4.536133688784096517e-04
7.518638451156185558e-03
4.152338588374497770e-03
1.444901097715725006e-03
9.727331190315043757e-03
1.817017086731025825e-04
6.606090504671366643e-08
6.115729137778841373e-08
1.184264518379861487e-05
3.971173797735819393e-04
4.262755205021094790e-05
4.818373642921989879e-03
2.872710660639326563e-01
5.289785590720906816e-01
2.004612110914609224e-01
5.213113517449939616e-02
1.495317207207017950e-03
1.299025535841247985e-03
1.030402875179870226e-01
9.271807410403374305e-01
8.738514517954267813e-01
2.714832286865003219e-01
6.519286478837444943e-01
2.020310226135726139e-01
2.585735370283274667e-04
5.306249925397193930e-06
2.808441648676512388e-05
3.630253989042100666e-04
2.405495373354792175e-06
8.418397355627765290e-04
8.549610872955124563e-01
1.212075426362269948e+00
3.741129485713623470e-02
7.789953516397875033e-01
2.057606308347122770e+00
1.146370655823297641e-01
4.041759580772200100e-01
6.067871684790537845e-01
1.730593711004043245e+00
3.957230925426879153e+00
1.367557118184467901e+00
6.493780173707427439e-01
7.658172988445752748e-03
3.273633140878402120e-05
1.972031441858215420e-05
2.114497674423642976e-04
1.100310970531591251e-03
9.025792210774798152e-02
1.935457687293197671e+00
1.910720086348920876e+00
2.100501741853177951e-02
2.059802610416715252e-01
2.735928464450061881e+00
1.413446810708437196e-01
5.383358837796133889e-01
4.754879068540472375e-01
2.528666621203827791e-01
2.765871203207757478e+00
3.892980699606034989e+00
3.084093384464290377e-01
2.270625392441575079e-04
2.767306060833845091e-07
6.195128418398606452e-07
5.208428928838589430e-05
4.775127136546276213e-02
7.011484749604093292e-01
4.003725996919560437e-01
7.943646422715070488e-01
4.319461198933336951e-03
1.178645077068776059e-04
1.690214564405002765e-03
5.162725406199318579e-02
2.436302524501201550e+00
3.131243955331654227e+00
1.318159202032212152e+00
1.065529275431979173e+00
2.040722514627813400e+00
3.718423076078764211e+00
3.444242971492911861e-03
5.711625403240338200e-07
4.608243014031913930e-07
4.115237369782704535e-05
3.491385995285967744e-04
1.180095172935364811e-01
8.440404821986340345e-01
9.216753664584226291e-02
7.478461130363062761e-06
3.141343163689621178e-09
1.786792498797007694e-07
5.311577573066714360e-03
3.818323180342825252e-01
2.365472092611495825e-01
2.190254570342635709e+00
1.002571659330278864e-01
7.842075018807657255e-03
3.072174141490054300e+00
2.163394193452701231e+00
6.412088397149482821e-04
2.035501030331808854e-05
1.344714017687365733e-04
8.400808446786033906e-07
3.433339470868523521e-03
9.552283189814597675e-01
4.748468933333608796e-03
1.463346508020019005e-08
6.814203306050282608e-12
4.372922149361729752e-09
7.390956572292967965e-03
5.350192412164401778e-01
3.308165991296357217e-02
5.654394287004425035e-01
7.843178937208951373e-02
3.446543226149939750e-03
1.081646547304099704e+00
1.604882058699048875e+00
5.460611115048065022e-04
1.125871294234437821e-05
7.512230487414165564e-05
7.832269594356138905e-08
1.342629635355915980e-05
1.071842988159770436e-02
1.410514106100636171e-03
1.298076353959272005e-07
1.257606520332414285e-09
2.015070704622852142e-06
1.272046344274667951e-01
1.791545816715049422e-01
8.434210701996127171e-03
6.464291888858639812e-01
6.773702083036176047e-01
4.284990119798492980e-02
1.774590003939922056e+00
5.956633904277937042e-01
9.794686653579660917e-05
1.374088402237417794e-06
1.550275920529338783e-05
1.104189084953377486e-07
1.122802472751059816e-06
2.374485791991337927e-03
4.882109289943956099e-02
2.609218551741604940e-04
1.643872859527475749e-05
1.285149182185787477e-02
8.136463137166403126e-01
3.651127750500281276e-04
9.425666425906403066e-06
5.152154801558991165e-02
5.504407508594442167e-01
4.844625275011948083e-03
1.252507824415977633e-01
3.410695453021908463e+00
5.601211218748310301e-03
6.775439190379536439e-06
7.352863712068250544e-06
1.548969292564054174e-06
5.674851636965681063e-05
7.424719575239015212e-02
7.915783547825471222e-01
6.246744276011945325e-03
9.713482983473681028e-05
3.519285770078288064e-03
5.457815302513079059e-02
4.689229234704248657e-05
4.808344996951194646e-06
1.515733357408214355e-01
2.310240935464805467e+00
1.379882485424908847e-03
3.665941287091550871e-03
4.173607509500870116e-01
6.742912787082860036e-03
5.706292831475358958e-06
1.502145662260492305e-06
1.756050667239560960e-05
7.464812118868063319e-03
1.883199408859424384e+00
2.243483657561153422e+00
8.402614300833907701e-02
2.201393342262673771e-04
4.079213474006159509e-05
6.173751003235273919e-03
1.835400646316072762e-02
1.569318408361589090e-02
2.820904964338719623e+00
1.544964731471344832e+00
9.047285981248915851e-03
4.300940350856279071e-02
6.662260992932780290e-01
3.202325320360209504e-02
5.594243873173995773e-05
1.616178661676820482e-06
2.275840321200565890e-05
2.691923169559312309e-02
4.012038056359400251e+00
1.917682789403307053e+00
7.389335789525867115e-01
1.582265939277905861e-02
3.064531322876679498e-04
1.615185866365102807e-02
8.792065629404406391e-01
1.047332609993715691e+00
2.083489644136970576e+00
5.681613521055008942e-01
2.849054460930477428e-01
5.996929860976367710e-01
1.354485027638955952e+00
2.921034216658490390e+00
2.109589367046514272e-02
1.747923222870165826e-05
1.431197143438940547e-05
5.809302058824673994e-03
9.381732354091351089e-01
1.715950212451926027e-01
6.590418421131277738e-02
1.322907341966031436e-01
6.221641423963830166e-03
6.312167316014020545e-04
2.556993801803078385e-03
1.031422234017003309e-01
9.115455736970838885e-01
3.056187614695803911e-01
5.468139984141204835e-01
5.098609567005618626e-01
8.671166346261569569e-01
3.935689273040556824e+00
1.396743050851013447e-02
6.773821944414904935e-06
4.856865040016321750e-06
7.376777135992630457e-05
5.158271009693760067e-02
7.309235990163019947e-01
3.362848393769458655e-01
5.790640531915483002e-01
2.144402355679175115e-02
5.814098008960860970e-06
6.538909291276093475e-07
1.329467661010025337e-03
7.595529655415533821e-01
2.603013420115085075e-01
9.333758995680228876e-02
7.320609035987991620e-01
3.951776517962495294e+00
5.657897659899628617e-02
4.271211688725311683e-06
4.664707184493213370e-08
6.534456940386822100e-07
5.238976741462869236e-08
1.918440231839941141e-05
1.429161437260758893e-01
6.181721745158711423e-01
3.211751360011674827e-01
1.457766238397280312e-01
4.339641193523447469e-05
2.450935187621771695e-07
6.410878608715202655e-05
1.522353900043442454e-01
6.596016356336064090e-01
2.965376150305307906e-02
8.724992914041058978e-02
1.103254946781576429e+00
2.602276789428045658e-03
1.221873406974531459e-07
1.169295667591596014e-08
5.191662566135152087e-07
2.557496700287717086e-09
4.419647811310249064e-08
2.248860084058554049e-03
1.478102938688717338e-01
1.056927470740806618e-01
5.188039278775349317e-01
1.174390553645206052e-02
6.900681414167806910e-04
5.985080858826387004e-03
1.724949240288591035e-01
1.002035785288193814e+00
1.076229709173116417e-01
9.461212417356378024e-02
7.195187559093079166e-01
5.571971864482971187e-02
8.034988942083568669e-05
1.866158074726223580e-06
1.755005134320195733e-05
9.032511550003578177e-07
1.391584896879899304e-06
1.008618889983473044e-02
8.053163522658404183e-01
5.204866715162621837e-02
9.755869203464807848e-02
4.303264421443180332e-01
9.248997039923049224e-01
8.201340138576032057e-01
7.432537315385687737e-01
1.167439033589308783e+00
8.041989194654353135e-01
1.788261047237040602e+00
2.421915743362222706e+00
8.434351051343328409e-01
2.204490586665680540e-02
1.663266408870477022e-04
4.025551563589638976e-03
9.108820809283194389e-03
5.072911319625165354e-04
9.338651119570252901e-03
3.461943970214129140e-02
5.534314276545823814e-04
4.196201761294894410e-03
5.860262109565402833e-01
7.522598984556686519e-01
4.742601962420201489e-01
1.297969151291388901e+00
6.228457796861689433e-01
4.791946804811821337e-01
2.914282494479938368e+00
8.282300104363184978e-01
4.189736027552617287e-02
2.123093059164676572e-03
1.066946371145266009e-04
3.316660954199462247e-02
8.970934476512396616e-01
4.867762974720667851e-02
3.667837956759053414e-02
7.993961945196137453e-03
6.425185402890056907e-05
5.581052275807617822e-04
1.751443513914508199e-01
5.635014474960909903e-01
1.389287025327410108e+00
1.788396559152138243e+00
1.992546850729901842e-01
6.664179157580479851e-01
4.127570298352580380e+00
4.500235014029594499e-02
1.015111060251675928e-04
9.553068856514770467e-06
1.592835180341016851e-05
6.654399055017495195e-04
1.325975063421754724e-02
4.439362003732376383e-02
8.818612477465994637e-01
1.963856872912021823e+00
5.523087323236191420e-02
2.430907052158961384e-02
8.555250059793273465e-01
1.620562617945582984e+00
3.199266494151556950e-01
1.351472912408070437e-01
1.166692424696981478e-01
1.031775560569530903e+00
9.375869985081657365e-01
1.749143065133838089e-03
3.813638410032050454e-06
1.721168815625712121e-06
2.150350697500048072e-05
6.118894641878265932e-06
5.248472655102833435e-06
2.293679991324681813e-05
9.120349722170318588e-04
1.306461593344633576e-01
8.142148420255785890e-01
7.641003852766065085e-02
5.157636249887687790e-02
6.073082799488268430e-02
8.718729903634246658e-02
1.829042759570927990e+00
2.835608924732583969e+00
7.045035560594208046e-02
1.557206067023929373e-03
6.301744386846707031e-05
7.673916107873808085e-06
1.251921323603427823e-05
1.084085674988983204e-04
3.220121212745306581e-06
5.308761140609831281e-07
3.845000349549736375e-07
3.828686259904035190e-07
1.869934115246874723e-05
4.122407165249201283e-03
7.226013688312603843e-03
1.074442076936957952e-02
8.273293177253680797e-02
8.004486255672209616e-01
2.136578625425545663e+00
2.641800598885852419e-02
2.077067006027995228e-05
1.441099982484270753e-06
6.954097116115326250e-06
2.933043709370002888e-05
6.860471635192231588e-05
2.299838449531372534e-04
1.747628130433455580e-05
2.461157806268092239e-05
2.560241555422614577e-04
1.056639528759466799e-04
1.009497347628615145e-04
4.499096971790410467e-03
7.251738633933155209e-02
8.176673652785841906e-01
1.051952256217599357e+00
1.736806405399113351e-02
2.337551067280121844e-05
7.228902233926935252e-08
1.785967635200521916e-08
3.837657955088838365e-07
1.738338352272185040e-05
8.668521041204270297e-05
1.151200570734365485e-04
2.201126680521146677e-04
8.661521944727486929e-05
1.745585156551002432e-03
1.026721510061517462e+00
4.904236851205915571e+00
1.140046483502819674e+00
8.342919579446529399e-01
9.253279024828418853e-02
1.698176617682236808e-02
1.761008654867522293e-03
5.166732561568824839e-06
1.304304766239717342e-08
3.283674316674003026e-09
1.479857826054737247e-07
2.146263454195444431e-05
2.918863832192761265e-04
3.335699938021272114e-04
2.220821818313731385e-04
3.148362863846700804e-04
