9.880480964241985110e-06
1.980780684801124181e-02
5.911901372586058301e+00
1.171732746649835288e+00
9.105280597468574655e-01
1.964642938367244795e+00
1.943735303349533247e-02
1.232084727044837355e-03
1.673296586885730103e-02
1.599051554350194859e-02
2.323471055770773167e-04
6.426738406361963863e-05
1.987439096063017428e-04
8.349009238418503428e-05
3.684478238774645600e-05
8.915270432490733264e-05
3.183146896251710305e-04
1.084801321646715160e-03
3.530731967695114638e-03
1.738579519627941605e-01
2.782912554027992424e+00
9.344546637299866454e-01
5.322810506470265768e-02
2.124184384900630260e-02
1.593181114037428223e-02
4.702784862771583474e-02
9.054645716311939818e-01
9.376502793167281746e-01
3.121500609011456859e-02
6.752605890955803991e-03
9.705174485161939708e-04
5.018234406987839633e-06
3.679377290968684003e-07
2.227100284356581815e-06
2.752109595217741312e-05
2.581243375103291844e-04
8.666393483808924880e-03
4.638392303495751379e-01
1.874717748090070302e+00
4.512919787775168778e+00
2.474041219111711598e+00
6.193870406259606165e-01
3.498969840540319121e-01
4.582765805604928078e-01
2.569571257409535736e+00
5.778621537488287885e+00
2.199961493757685016e+00
8.557592691676246810e-01
2.458966235205314876e-02
4.009493324458787000e-05
3.894741551430228166e-06
1.604798063850261557e-05
3.688218121867082395e-05
1.462675968419326750e-04
2.195669172642129949e-04
6.840263182990332647e-01
1.860859430275965565e+00
6.218144022549403349e-01
1.288192789468147526e+00
1.557325135104326463e+00
1.341137509972813557e+00
9.832211360094856856e-01
1.071961528972886546e+00
1.380336342840978947e+00
1.652097280602092821e+00
3.194734577012166010e+00
9.501802371067519237e-01
4.947317591075279380e-02
3.181396841904357564e-02
1.025444690453032777e-02
3.123027584545979879e-04
1.509583912455797982e-04
1.809887683405432546e-03
1.442313606381931068e+00
7.996299127019935726e-01
2.939892385623127727e-02
2.218623031968334006e-02
1.266190523260573575e-01
1.107318892406492949e+00
1.525721592941431837e+00
3.004739305838627916e-01
3.202646510696189330e-01
7.617128802193537940e-01
3.357844279442459445e+00
3.668695177888305015e+00
1.151457893523380793e+00
7.455662060583270190e-01
1.258169108135965587e-02
6.065834716111229732e-05
5.130002126867784550e-05
1.071832539401983142e-01
1.479721324691080919e-01
7.472137049887437321e-01
1.323186780445981148e+00
6.985075368251968397e-01
2.536202227045854518e-01
4.487271068111042260e-01
1.831308695776648010e+00
4.459253279357607291e-01
1.006671669289328497e+00
1.743560703741341200e+00
1.237501010103395194e+00
1.463460561199621868e+00
1.854395401177276081e+00
3.684947198277986335e-01
3.940069568262754597e-04
1.865043114350099519e-06
1.012560663739984817e-05
8.512295432087567670e-01
2.973986266891337840e-02
2.292582921940321539e-01
3.868092451163593348e-01
6.363615354643451516e-01
2.023426247983155513e-01
8.725505851357977238e-02
6.771182392867611810e-01
9.559610782086469527e-02
2.715047705773578901e-01
9.689699293948937919e-01
2.000454836728991492e-01
1.058648648161777617e+00
7.846363666337841991e+00
6.034817809159758184e-01
4.764372583889975549e-04
2.771004504426548061e-06
9.733110656502932316e-06
2.999708970708119676e-02
8.782491914157466995e-02
6.237770462375057390e-01
1.084114048721609991e-02
6.615965457151620766e-02
1.043722824899876667e+00
8.440705178891140525e-02
9.633978228820247111e-03
4.515169987025373951e-04
1.451108340902560606e-02
6.598256227668254370e-01
1.158774618638189757e-01
6.087888880101026690e-01
2.295307854695805450e+00
4.141499225861012268e-01
2.187678634757969295e-02
3.552522976255546470e-04
7.714647270142727293e-05
3.073088937300082763e-07
1.255476685439626714e-04
6.686045022456385545e-02
7.848098450986549721e-03
9.766662348585140874e-02
1.556454579456430620e+00
1.995190974655303932e-03
7.135011480240462713e-07
4.207889738745991496e-08
3.541901824748780442e-05
7.260067910577230887e-02
2.824177207545063850e-01
1.126399631065015727e+00
1.957163607795753046e+00
3.419604828334422031e+00
2.019926806531931351e+00
1.024789011651768868e-02
1.687083561156528879e-04
2.882584330111055348e-10
7.646845993738327991e-07
2.588249065723968734e-02
1.606227156038669002e-01
7.395506880388341697e-01
7.046356704424481254e-01
7.814766260920744763e-05
2.429356485459362274e-09
1.030889033872105306e-10
2.312611645373240401e-07
9.360783650477740372e-03
6.147290231423122586e-01
9.126902397397076427e-01
8.328970248839190349e-01
3.854179616212670911e+00
7.628832694089462407e-01
6.634888912314203160e-04
1.440236571590315713e-05
3.273492671270113639e-08
1.841074720276367357e-04
1.046637929890999574e+00
1.533109491174099448e+00
2.396232308931007360e+00
1.127374075628599925e+00
7.358148373500530103e-04
9.704341368841143654e-07
1.421725863823193246e-07
6.229345605843661544e-05
1.013020965335887924e-01
2.128696729466698079e-01
1.952537361700811269e-01
3.793426308540223668e-01
1.735643223219510478e+00
5.776345048299775797e-01
8.923801466582368964e-04
1.685376104406077465e-05
1.848781988430390946e-04
9.413878020401657276e-02
4.650663841906827578e+00
1.786380627077161165e+00
2.690905119009999513e+00
7.725288110166823596e-01
1.803870690258443932e-02
3.088472772493800617e-02
1.868725550307574756e-02
7.052224053603772802e-02
6.271440519747776277e-01
1.207382583584390434e-01
5.054867515081652440e-01
2.691127213259382867e+00
4.479501651910370086e+00
2.129968021539311529e+00
5.623829669937523319e-03
3.683284558533929983e-05
1.532033070838339714e-02
8.312648627728966844e-01
2.658803801662864430e+01
1.407496789724533670e+01
5.160898917073641456e+00
7.154613485279060825e+00
2.442946453118823857e+00
2.542653565532817961e+00
8.475829458450385989e-02
9.996146684577489339e-03
8.130420719440249744e-02
2.775546230611722898e-01
1.319798607071701602e+00
3.212287806817042402e+00
6.554187246081816909e+00
2.970021753128616826e+00
5.368201595074462325e-03
1.819886711402977011e-05
1.401345852001540304e-03
4.598276678031819331e-02
1.447700456653669043e+01
7.693360215254372747e+00
2.988300571828767516e-01
2.430002972113789017e+00
3.672462083112535414e+00
3.199592894349721495e-01
1.496285926395411921e-02
1.197758805965994447e-02
8.426009148802557358e-02
4.467468430081132369e-01
1.646693189214816000e+00
2.251000878758973478e+00
3.022971810200100418e+00
2.120504892965310528e+00
1.840701201706165802e-02
7.849122450339104755e-05
7.657766074761106689e-04
2.974897290268798539e-02
3.659351719466457098e+00
8.003832395789762799e+00
1.080234056470705584e+00
3.707208037532481182e-01
4.705601035046851344e-01
6.959108533096255433e-01
2.366501684348343293e-01
4.819247991437803358e-01
3.570095058896371465e-01
1.505017202473653282e-01
9.203773903448339011e-01
3.861559426397225714e+00
2.804724559047310439e+00
4.821877530502682307e-01
4.163827896494002451e-03
5.790593260168835470e-05
3.447641210973152563e-03
8.877952602179148833e-01
2.442248673952682747e+00
2.793455399594687805e+00
4.145972013951413793e+00
9.695517916215264098e-02
1.149398062680959676e-01
6.242558275936939127e-01
8.694283858486434591e-02
3.687924061281175891e-01
1.671744981309227107e+00
9.862218765489788597e-01
1.905394965542738683e+00
2.506879106432766235e+00
5.705415698907484234e+00
1.832346280253897897e+00
4.286751731370798228e-03
4.860453850486718742e-05
1.209686888698754403e-05
1.270219355392373795e-01
1.302919910089904709e+00
8.220956321307995029e-01
3.220487010878318124e+00
5.157839681476543703e-01
7.415564271160602905e-01
3.568265678307458999e-01
9.567777097879946735e-02
7.197840708391569642e-01
2.212316340321058838e+00
1.992695862889737324e+00
3.934133986918419534e+00
3.657526512722744538e+00
5.355751387833082688e+00
9.838257404408107254e-01
2.002085612228874170e-03
4.629617458949181517e-05
6.585905760178358618e-08
5.044008126331860770e-03
5.812958024905463539e-01
2.136835988256475527e-01
5.046097236556147392e-01
9.071748956282021936e-01
1.410061889206190466e+00
3.780691552208304551e-01
3.867620654912713452e-01
3.493212893981204603e-01
6.153652489926544344e-01
1.420802799880899414e+00
2.940228222691010806e+00
9.179624924667848518e+00
3.765932620856693447e+00
3.336939747796498906e-02
4.921306891034554700e-05
6.675858946733245770e-06
1.101742592082532240e-06
6.823978220023830393e-03
2.325544732731108510e-01
1.362297277484892377e-01
2.154309336384247486e-01
4.797238268540729433e-01
3.072234425858074158e-01
8.251039706110446792e-02
1.381075634950299780e-01
1.229827811812560651e-01
1.331277521798028829e+00
4.312432690842918248e+00
4.040620876702020858e+00
9.175158282204865401e+00
2.896927608096342865e+00
1.051036340731232033e-01
5.493538197740921794e-04
3.165652419052477072e-05
1.192423777050321838e-03
9.650237497603791903e-02
5.624819603702982951e-01
1.166151674522603932e+00
3.708166457475485789e-01
7.602774443812966298e-01
5.179792894492186717e-01
6.595326987703384325e-02
4.207145898411422391e-01
2.508640120704397347e+00
4.994417640528975966e+00
4.125624112869204829e+00
6.072543345482960930e+00
1.376606578823057259e+00
4.144214804157727583e-01
7.476372021353003827e-01
1.748737650343318989e-02
2.139218410945229419e-04
4.085189146026198259e-02
7.115103422525428378e-01
1.801616746765100530e+00
1.378938663404319698e+00
5.454522497420040417e-02
1.026678351463510136e-01
2.662699580035741143e-01
2.102571314248339873e-01
1.645472980797683560e+00
2.233691094258890786e+00
1.035948802116944734e+00
3.139744742594196225e+00
1.042966581787267089e+01
1.006752878857983813e+00
6.103304491148630051e-01
1.700096798597918735e-01
1.908451019946809911e-04
5.863906642751047218e-06
4.953417946737689002e-04
9.969471603548174521e-02
5.381161761352816209e-01
1.894911296618856933e-01
2.818928301907391298e-01
1.707688596185689578e+00
9.868797893098961715e-01
1.685628327474829602e+00
3.231428813886596529e+00
1.943151255511110342e+00
4.054255893159652402e+00
8.696235439405196388e+00
2.649422149308898966e+00
1.179771833394860497e-01
3.186588748662589482e-02
3.179353155528358526e-04
2.178719661090376673e-07
2.466824876094754150e-07
2.859435496961659488e-06
1.227999707183906504e-02
2.229274943364429606e-01
3.343375592892953302e-02
7.015008522213602715e-01
2.086390925511678152e+00
1.123820437975911746e-01
2.159735433004676131e-01
6.011284040176277932e-01
2.409849811152734222e+00
7.394178114559654347e+00
1.774969892940516658e+00
6.110252402210487876e-02
2.585560775990501875e-04
6.899985453761734682e-06
5.504850943573428642e-07
1.250474874885312694e-07
2.932065498020165152e-06
3.706002729488537917e-06
2.492433836988812434e-02
1.720823624882440672e+00
1.448173566560238545e-01
7.204262466428493217e-02
1.101839729573508841e-02
1.767667988079014291e-02
2.666146842296871267e+00
2.895624020478190008e+00
7.134437412423794145e-02
2.664347471445377598e-03
1.572223947431520370e-03
1.338631858406206642e-03
1.867930323363604150e-05
6.509713104215723204e-07
1.165404276095825413e-06
1.076834406197784485e-05
1.918984507042272470e-04
2.751477783616769817e-06
2.445303617272194313e-04
1.121338197540014958e-01
2.933653323195696050e+00
9.606014877407230701e-01
3.514876743469813603e-03
1.474572709833379741e-03
1.101380935621948665e-01
2.059380232130346780e-02
2.065290721406098318e-05
3.672603999821037716e-07
5.456106510963802637e-06
2.591535344093093707e-04
1.531683978208834619e-04
4.871149920656324823e-05
1.345790553589051636e-04
6.002962562082143124e-04
1.856404721208420108e-03
