1.033389533043244808e-06
1.073024240436867849e-04
1.302456907042882639e-01
8.546538670295477091e-01
1.181523495519405664e-02
6.385447292274138737e-06
4.350295761464629375e-08
6.825954088700695995e-07
5.820723454531262758e-04
3.183264974772369305e-02
2.869329108742569960e-03
8.145250754873260103e-07
5.047336307420902102e-09
1.105892234324653107e-07
2.714006514734973850e-05
4.396200302992352301e-04
7.666301802810299290e-04
1.118372478003222797e-03
4.354203189877717592e-05
1.440025445837999490e-02
1.699198861790020887e+00
3.016831685289163567e-01
3.232733258072668925e-03
1.377174458651066214e-05
1.377211536515637019e-07
4.512718775559009593e-06
9.071411422249863257e-03
8.581357048101938556e-01
1.048934461771800830e+00
1.320302134904145774e-04
2.531516899498962026e-09
1.157952500643075322e-09
3.987014658756457836e-07
4.237790572408995705e-05
2.726963277700113339e-04
6.637107219150393308e-04
4.792046016753651744e-03
1.209129741193475660e-01
2.071344802225563164e+00
1.970384627035776770e+00
7.116709019888945997e-01
1.431743322393154716e-01
2.909340110161133964e-03
1.933102995139785243e-02
9.939664812249368042e-01
2.996536758054445526e-01
7.428124224247713014e-01
1.290464752100046741e-01
3.612612801950559281e-05
8.894348585708025704e-08
1.024823565046335219e-07
3.844770547832379286e-06
9.733135454883430908e-05
5.940141772015034927e-04
8.062804777137175596e-03
6.423096859829677818e-01
6.451989069550829292e+00
3.454933393436300904e+00
2.735728444292252703e+00
1.547873509431908046e+00
3.673518756675520081e-02
9.803130558682111861e-02
2.594644015792451075e+00
1.018724120945124351e-01
2.894942151643091835e-02
8.253818890748569892e-01
1.055903603373679722e+00
1.379898733081355230e-03
8.776309082230579370e-07
5.781247759688530153e-07
2.677691566294397214e-05
5.683772150006550930e-04
1.109676887380495804e-04
3.454664723505231905e-01
4.488735767934652898e+00
1.393508763323461297e+00
1.674097249232588736e+00
2.095451408229839496e-01
9.935327280969422081e-03
2.070196548051632390e-02
3.989049475841385806e-01
7.161253138627882153e-01
2.841557789095407460e-01
1.886585615089693968e-01
7.826104036957576282e-01
5.347384015979992494e-02
7.456009098189633766e-06
9.639250767457864721e-08
2.928959796991679591e-06
3.082347686925245131e-04
6.056842328265044919e-04
9.010499502606033051e-01
1.110723402758987843e+00
2.940289191569545602e-01
4.295846153851847204e-01
2.124415556680386563e-01
1.031304619617348983e+00
2.791673758936251915e+00
2.855037364141939094e+00
3.258250058200840904e+00
3.284817283960832501e+00
1.506397341251416166e-01
1.871498326819285435e-02
3.438282950700263102e-02
3.098388066610058928e-05
7.691565647750167997e-09
5.578407539804328042e-08
4.985817892859609733e-05
1.191024639930129102e-02
9.341201451030948233e-01
8.828017026695764713e-01
8.375785644447237832e-01
4.535162078521699502e-01
3.161216204563377929e-01
1.249033072520227883e+00
6.526015910712842372e-01
2.500858088823458836e+00
2.446952643968416830e+00
2.410815243981616174e+00
1.905109604724021244e+00
1.901349130602870141e-01
8.225857239548449718e-01
2.366323716629243398e-03
1.485337424176221920e-08
5.224570353761062849e-09
8.449713201412475076e-06
6.084079877644333343e-04
4.128310553512652692e-02
4.053496208137768453e-01
1.774743466392854740e+00
1.624492152484924512e+00
7.220552616411766156e-01
5.006747647619782526e-01
6.310226175716043828e-02
2.686678183930552577e-01
2.104735158893120239e+00
5.272263377575623799e+00
4.401543313984728201e+00
1.645171070312438921e-01
1.871767241358801570e+00
1.235738744479129014e+00
3.204271749771782411e-05
1.196521162869639783e-07
6.499476840054221161e-06
1.052179230508946461e-05
9.611660032895420064e-03
3.645167576656310193e-01
4.896909374311811392e-01
3.874179130782568481e-01
1.162397836537504836e-01
7.004750139213175020e-01
3.756954164083073922e-01
6.527881287532522059e-02
8.354757691160488164e-01
4.706795034252917453e+00
1.615941795695020611e+00
2.977393558455646710e-02
6.873087380723751083e-02
2.618405138207121396e+00
5.264665047332384509e-03
1.116460655385363701e-06
1.816542710096837911e-06
9.515161733847008190e-08
1.608170132283788653e-03
6.042641522877840732e-01
6.033372761121869043e-01
4.035961623923376429e-01
6.809100789789687691e-02
4.637539281421217408e-01
4.700787100450839473e-01
9.197816597008851014e-02
1.225840192222723335e+00
2.145258128946149867e+00
5.439090934507960995e+00
1.819189387607520025e+00
1.062160647522097101e-01
3.896251852212405109e-01
6.037677440093253481e-03
9.355136437796450414e-07
3.357995851085281140e-07
5.239411806638101626e-08
2.270983664960217821e-03
1.358282412495979363e+00
5.238654534249084227e-01
3.198866517334758020e-01
1.876151938752215753e-01
1.104374371499896812e+00
7.693270293501409673e-01
6.584884660951109692e-02
1.245645887779651545e-01
3.912987228432013853e-01
2.495910116489057806e+00
9.693847023047182931e-01
6.636291992324014344e-02
3.929223567018347296e-01
1.173188412931597813e-01
1.105884079300155376e-04
5.318422164704001391e-06
4.229598362139933812e-05
2.514427197252807611e-01
1.816991307370098951e+01
5.911740983433321439e+00
2.583126401639325387e+00
8.440077222458423067e-01
1.134887581121095668e+00
8.905294026844805533e-01
7.546848661764278543e-02
6.040136306228954810e-02
1.540087754257553065e+00
2.442896086365973218e+00
7.504987806449565924e-02
3.704913753853889685e-02
5.502644836297728714e-01
8.235865926417230698e-01
1.356240984069998629e-02
3.159781028013836329e-04
6.882064220002019443e-04
1.491059870526235009e+00
6.823902892236444018e+01
1.977553609574006188e+01
4.291710586507420544e+00
3.333451150927234430e+00
3.452222420165318884e+00
2.800707937404204984e+00
1.183642810257433897e+00
6.653103838242930834e-01
1.669711863321689416e+00
1.923879686304725167e+00
9.963875578538092803e-01
1.657527342722126207e+00
8.068085246639885577e-01
5.999567714961936971e-02
2.447492918761132608e-03
3.100071201637083582e-04
3.661545629258221041e-04
6.183055370043017973e-01
3.353295039399839084e+01
6.515463738254940296e+00
6.085941442803126655e-01
1.863481657970905259e+00
2.434133649198739313e+00
1.027377844868368806e+00
1.095100062294316112e+00
2.752411837267616512e+00
3.271455833836536709e+00
2.452819996900826638e+00
3.273507144990383644e+00
2.425293180867555964e-01
7.242326983910545154e-04
1.553418708763836439e-05
9.818558787304238990e-06
3.887812060363210508e-05
3.905292773787597677e-02
1.468013421023572462e+00
2.422923603712986651e+00
3.211830216377737468e+00
1.853864161037727554e+00
2.367238842017744371e+00
1.450116743477153580e+00
1.219620487894822691e+00
7.464529671573837399e-01
7.052598394906848256e-01
2.663186589195892129e+00
1.720137754245641748e+00
1.476305674037835303e+00
8.640469843439767261e-02
3.834261938591164610e-05
7.007765196903629585e-07
3.860311224214908533e-06
5.483557504380783139e-05
1.754336805552154498e-03
7.814534338331881325e-02
1.890325580107119763e-01
1.316988799863353377e+00
2.474462088634118206e+00
6.159827254390133344e-01
2.371788427907913499e-01
1.172512443416828809e+00
1.432834199688794330e+00
2.271850094010360588e-01
6.908453364894286963e-01
7.564028283208403813e-01
3.465502912512656297e-01
7.448585018951344727e-01
6.369832730122165776e-02
3.168977457418869180e-03
1.285333726389002382e-03
6.107955607897620895e-04
8.681756306406464999e-07
2.051655322867468670e-02
2.832534979835827915e+00
2.722355094488314808e+00
1.249569689408077888e+00
6.939555635346396079e-01
5.821235965070123974e-01
1.235005220946616245e+00
2.323646258466470549e+00
1.811137931433796311e+00
4.430856085107476972e+00
2.917680249878829901e+00
2.266988727185248464e-02
1.846218224115516240e-02
1.081625906528046466e+00
9.036858513962580108e-01
1.434586855824970635e-02
4.662803349164197533e-04
3.244278997922228836e-05
3.224952678881700674e-01
4.310711319368987660e+00
2.011074283992106082e+00
4.516076129050553556e-01
3.384108938017839630e-01
3.903363400735928579e-01
3.730720445422312515e-01
1.209226614622736840e+00
4.663101030542271097e+00
7.918328691354753701e+00
6.893373777089124133e+00
5.259348189022167164e-02
1.783990988818382611e-02
9.267938971456505248e-01
6.256863154668990123e-02
9.283181179830172342e-05
1.360894455533665684e-05
1.930066307536559139e-02
1.282316326368254655e+00
1.466301317649217451e+00
3.402414235637331696e+00
8.716373070689329428e-01
3.910629308951814043e-01
1.629196785606350784e-01
9.190187758381768157e-02
1.362390057739241822e+00
1.469986172441312355e+01
8.854878690719869994e+00
1.466246882536002438e+00
1.934550304438226176e-01
9.275470648667443196e-01
1.004098736962647287e+00
5.186577644473829496e-04
7.822034791782665774e-07
2.346694555773879117e-06
2.067457914192875612e-01
1.208902786224909320e+00
4.398255580414955901e+00
3.322162455403648629e+00
1.390063484595843724e+00
2.562009910774815769e+00
3.389490302113232989e+00
1.719077240345890489e+00
6.614565007240696737e+00
1.049341867181193066e+01
3.708502537935922216e+00
9.520979592409842818e-01
7.702181958334669565e-01
1.018028110341749670e+00
9.762563460408778954e-03
5.897750292666668492e-06
5.222802152520236168e-07
1.247160352495487022e-05
6.511972247724733265e-01
2.776170753222549914e-01
3.693724759402741142e+00
4.752977546463475811e+00
4.790688534948920996e+00
1.199167109297704981e+00
1.874223309925834968e+00
4.904527963923536404e+00
2.752585320613308628e+00
4.054088008089515999e-02
3.287845248068252749e-03
7.533209780846578107e-02
1.105790143565658301e+00
3.050338250886634739e-02
1.559142624787273907e-05
4.183413782363949793e-07
3.149181392460121538e-06
1.261768614289357309e-04
1.158095749569146987e-01
1.496074024902105115e-01
3.680911770654978987e+00
8.289665416351954974e+00
6.686255578200990257e+00
1.188260129717907843e+00
1.170533104094223731e+00
3.746762797686864488e+00
1.999612646903579538e+00
5.262225772339657222e-03
2.423124168689537244e-04
5.802019966270870188e-02
8.644239028010555215e-01
1.667592495228452506e-03
1.592045055754564717e-06
1.006355273984629716e-06
2.675067542669610943e-05
4.493958355395270008e-04
2.554752165166510047e-02
7.024604727624141898e-01
3.543010065784637064e+00
1.214408081656776606e+00
1.026986213176686924e+00
3.244474864377498768e+00
1.697899288489272407e-01
5.610386917060140692e-03
1.045069683925936577e-02
4.406111438228851526e-03
1.353801885075147510e-02
9.001327320301941715e-01
8.308414763618841847e-02
3.781600798676014355e-05
1.093102527570269507e-06
7.383091455882596164e-06
1.167855315756329319e-04
6.336209400699926563e-04
1.897882895219022651e-03
6.085857220926983724e-02
7.997983890093923742e-01
1.437696579499553762e+00
1.366307732996771218e+00
1.386585799800274410e+00
5.802117866793472800e-04
1.620723746959970768e-07
5.975317824324351846e-07
5.031764526753371375e-05
3.998692993152658075e-03
1.672180238483803039e-02
8.041302379187086199e-05
3.886251794306827313e-07
9.028065874345348135e-07
3.021126642505138566e-05
2.491248443585634097e-04
6.761251798622293537e-04
6.790157415013561013e-06
1.047787365030170264e-04
9.704373963338079612e-02
1.733544324839747297e+00
3.603793053712733840e-01
7.836103000494527571e-01
1.051511027165464435e-02
3.045470089287093478e-06
5.302263702000479714e-07
8.128874854520071297e-06
1.036474892994624709e-04
7.071631646576193996e-05
2.554477270718929999e-06
7.474271090250087651e-07
1.062498909830112018e-05
1.938102937074733705e-04
6.264847518670297504e-04
1.077551386306318691e-03
