3.952763414541639087e-05
7.114003352810946076e-05
1.621500450726593920e-02
9.553301760330603631e-01
1.542566906401103034e-02
2.659316535615939962e-05
4.906245292674267982e-06
2.324556416015097712e-05
2.800100720066672549e-04
6.816325147961419624e-05
8.934104405616748915e-08
3.096232658941619954e-09
1.162706111917719661e-07
1.922900107337425051e-05
2.400458809541457965e-04
3.164152072740255379e-04
2.247680959252976532e-04
2.562375729636320854e-04
1.028145270172956472e-05
1.901650797975545492e-06
5.118937259133322113e-05
3.832673497727642070e-03
3.864155125315739099e-04
7.431289621712919516e-06
8.547683172017278485e-06
4.981911761959713207e-05
4.926911718236258626e-03
2.584654875604656607e-02
1.146410857109709700e-05
6.637551674401938712e-09
1.293971665664089240e-08
1.085661157028829253e-06
2.681744969118578909e-05
9.370350371815122257e-05
1.240046959161441426e-04
1.852441854500994404e-04
1.075714197949888273e-05
1.588896884254962495e-06
7.358585414930024699e-05
3.617175199031512356e-02
1.325656210942769558e-02
7.868735862804506192e-04
1.769198781583609069e-03
7.782667059674930202e-04
8.252242852065237722e-03
7.928263434917021124e-01
1.397044570846435740e-01
4.723733185846189708e-04
7.910527205217655506e-06
1.282671419805195869e-06
1.564508617636759173e-06
1.015248941933470046e-05
6.685078363312437215e-05
2.213547602770793248e-04
2.848015783801964378e-05
1.210202610521593714e-05
1.323178696066131975e-03
1.000674392714646643e+00
8.128549949011506515e-01
2.127016779499860399e-01
7.800879450077569111e-01
1.246053042079634521e-01
6.220924298029048560e-02
2.461221627016125235e-01
7.733002054680365722e-01
9.773741122975834195e-01
3.409793161916519627e-02
2.003339575825165305e-05
8.257343545260837341e-08
2.862831178692277756e-07
1.831173007391180861e-05
2.773127486655869263e-04
4.090096619810460160e-05
9.512935977659292720e-06
5.245924541173887070e-05
2.729814662763594118e-03
6.068025293295063738e-02
1.058474360843128181e+00
9.126116677882957218e-01
1.574984501899326095e-01
5.028569343067311737e-01
1.119353821149504657e-01
1.155945216689849113e-02
9.808992285400544575e-02
9.072721721390378802e-01
2.607241870231652089e-03
1.727278059282869292e-07
2.830481679956057404e-08
3.461291255793274671e-06
2.212422959376731508e-04
2.886502762550480827e-05
5.336467549955016502e-06
6.306020497918013017e-06
5.853098792351744430e-05
9.873689348950977218e-03
8.698446810216948766e-01
5.733491633571915352e-02
8.282549057601892167e-03
4.022045038750592383e-01
8.568887095013112409e-01
7.647539033557618215e-02
4.076668956707905911e-02
1.930619792445417815e+00
2.139272697259349432e+00
1.667528477386776150e-04
1.303191422100997755e-07
7.912659316660354803e-07
7.344917103570856658e-05
2.008161062355565555e-05
3.814255335278901360e-05
2.068458214465107581e-03
2.650341676337974670e-02
2.785713011017110913e-02
1.223458767514409851e-02
1.108323050492701850e-03
6.350337858064786060e-03
6.009514503284152376e-01
1.260386147342066998e+00
6.362788929124512105e-01
4.165876839257604686e-02
5.230594442616646328e-02
2.741428181146656318e+00
1.657715345384611072e-02
4.681691300633741151e-07
4.670805559660510678e-08
5.082150257741786241e-06
6.605207301814281572e-06
3.119151445326988088e-05
2.374385918069415666e-02
8.729390478019800614e-01
1.490397108302188821e-02
1.807947580239212243e-05
4.251608797799962607e-07
4.609233809845335989e-05
7.300162332212983829e-02
1.241912075245582836e-01
1.467568316475286183e-01
1.297572815265319035e-01
1.086940436832572153e-02
1.862203936542244920e-01
4.478622053030962419e-02
4.732430229122809258e-07
1.247287898090765500e-09
2.102311608095776761e-07
1.037791303104506653e-06
9.466732505720690355e-07
1.457474476162601642e-04
3.477119063852953523e-02
7.022399413153995740e-02
5.437621606694826443e-04
1.207838464371277922e-06
2.304541419577407416e-05
2.141019966839671773e-01
5.138495503949481735e-01
1.892228319301789696e-01
1.481144111429031573e+00
1.892748382416512831e-01
8.020697044191815728e-01
1.928940589156775021e+00
5.679997134990589423e-05
1.128720096176587572e-08
1.117888700125236583e-06
7.065808136350250500e-07
3.592329855631288028e-06
5.495780379677206581e-04
5.544830688599881180e-02
8.912908647364695680e-01
9.413994019435143468e-01
3.757708261651730719e-02
1.918540861999997946e-02
7.799947719041417926e-01
1.216748418555268385e+00
2.955097417646185831e-01
1.179707407915708134e-01
1.108618601591286959e-02
4.709217537928401393e-02
3.016972200369698154e+00
1.159679359883927646e-01
2.396297829626782181e-04
6.174521377494501459e-03
3.327875090481336632e-06
1.173586497933921642e-03
1.019540596007776134e+00
9.425240648656078024e-01
2.554454372220323760e-02
8.998481645296566023e-02
9.153343224773532461e-01
3.202086992069266835e-02
2.337909015876985484e-03
8.227006628352777351e-02
1.383916824599104478e+00
1.042724793809758632e-01
1.850901772689389838e-02
7.050244586984564035e-03
5.385574349651795628e-02
6.910435608151446196e-01
8.813720912106078054e-02
9.390565498542660094e-01
8.871443857043927433e-05
6.713756622613101244e-02
1.477165207420923210e+01
2.134334202172997408e+00
1.318711614176165149e-02
4.150878256579014491e-02
1.922488650414949429e+00
1.010740792377073788e-01
3.784890206308854938e-03
1.277972418255774456e-01
1.246839234249950579e+00
1.848526366953189004e-01
6.285146481604151347e-01
6.756357696573149496e-02
2.485288763277079122e-02
2.230720544949148787e-01
8.675963620846306734e-03
8.582151034792791580e-03
2.133759944012115703e-03
1.900762922507188923e+00
4.246076266789000897e+01
7.749852078050311732e+00
1.891967015243018801e+00
2.134616524586312458e+00
8.045370894726124877e-01
2.113922578960037990e-01
6.016160005547357414e-01
1.157469705334738697e+00
4.263712154253788689e-01
3.989971095023391867e-01
9.921171321920463360e-01
1.165530952140048787e-01
8.989159687152682432e-01
1.812162927366641529e+00
3.689190291991992069e-04
7.923811593498442752e-06
1.586511570803902764e-05
8.151438429789076290e-02
3.128910405699873820e+01
5.548993522197131156e+00
8.376671881313499934e-01
6.277037558805449724e-02
6.020153086280255087e-05
4.293634222337586875e-05
6.609296992124891190e-02
2.924994500657820962e-01
1.246933334250254627e-01
1.698968108519305353e+00
8.871519670847759498e-01
1.121940711745922359e-01
3.973029834320460196e+00
1.394056646491309559e-01
9.351154839377121632e-07
3.175305793333295350e-08
2.969153192231642067e-09
2.555761375518536291e-05
1.647512237951776148e+00
1.581315851896525349e+00
6.077096230273323907e-02
5.292687108316861469e-03
8.646680425262952253e-06
2.191945437944190360e-05
1.306197194101717529e-01
1.362476637790631218e+00
3.817125318224737218e-01
1.554469003232522573e-01
4.111682939249977457e-03
9.498983693613481660e-03
8.765784571788767243e-01
9.145699331456324382e-04
9.484049650904569183e-09
7.246299007681270493e-09
7.283225110256788520e-09
3.018082301055696162e-05
5.140619345848166377e-01
9.648503260501917200e-01
4.448633040580511899e-01
6.137333388087380381e-01
1.046342803397716237e-01
2.014441110315521866e-01
1.500015964219500786e+00
2.888073751051583482e+00
1.241182808894995659e+00
7.967820286837850804e-03
9.606921708220483367e-06
6.677063125425324432e-04
1.100305716486364105e+00
1.986688169412646580e-03
1.870447464438292469e-07
3.453399015098542827e-07
3.409716716117011475e-06
5.982074284351192317e-03
3.655889030901333658e-01
1.822801558158271829e-01
5.793381298316113703e-01
2.248638152881013708e-01
1.433972289136108968e-01
4.651844428551505928e-01
5.957887815098078521e-01
2.440217431225811584e+00
1.560041632267122003e+00
6.272709975321923148e-02
3.239336590797791868e-04
1.146593769521342399e-02
1.879451713703948590e+00
1.453374443528284744e-03
1.649443873633988966e-06
9.536654186468537266e-06
2.378814621907527941e-05
3.612951704738958519e-02
5.862517568837453119e-01
4.836841082037236783e-02
3.710631699622163413e-03
3.716016788685233893e-05
2.778504537724591199e-05
2.078189423697234233e-03
4.023477088112267230e-01
4.218225433559565474e+00
4.969802520747492736e-01
1.296378575472359129e+00
3.694709737516407855e-01
8.224243730830779198e-01
1.353750195528906075e-01
3.616566420578941489e-06
6.612871507949096621e-08
8.379693906213973357e-06
4.034836179427580485e-07
1.372191261408118007e-04
1.684430197074716640e-01
1.403133080084325301e-01
4.260069170413821626e-04
5.941799971331779856e-06
1.770428406240354518e-05
1.299951034655987860e-03
6.845770718285878464e-01
5.429091911170799145e-01
1.096871594532130255e-03
3.627927685783983395e-03
1.192107547003488227e-01
1.881593566501199355e+00
1.568784333479565293e-02
1.479788464754902052e-07
1.761266574359597310e-08
7.658664815199278894e-06
1.725296976657840528e-08
4.114306901015003159e-07
1.256976495483141075e-02
7.144715726258298316e-01
1.519186804367181690e-02
7.228266601231776722e-03
5.149923616080943033e-03
9.943329107915102518e-04
1.834704079548452049e-01
1.632220694700926789e+00
1.168173657168406930e-03
1.925074050160620483e-04
3.564077846709091252e-02
9.864550895069914560e-01
3.894275161596313581e-03
6.366236422162956553e-07
3.495194788467830541e-07
3.512709951060069167e-05
1.220939499770940704e-07
1.698433787935659138e-07
2.752256123813496039e-04
7.000566889867192166e-02
2.330796693867180913e-01
8.503986139468038274e-01
4.539671018102476446e-03
8.387882035224185833e-07
2.262998081940775419e-05
4.164661222890887748e-02
2.821647756561966938e-02
5.022117194008463709e-02
8.840365310942408517e-01
4.370617211677451514e-02
3.241989820366093957e-05
8.163018763347438735e-07
5.654179735043993067e-06
1.441976561381358912e-04
2.492786053699984427e-06
2.730045505824474995e-07
1.027599823701473225e-05
1.028654457522717308e-02
7.978980279236873585e-01
9.568581628281051799e-02
6.509472362009101799e-06
8.202930325431358997e-10
9.894207889440355455e-09
1.462553801535324070e-04
8.745746606374787957e-02
9.085165557949230752e-01
4.925464910320192374e-02
1.887716654169420866e-05
1.283635097629279121e-07
5.526813419968063623e-07
2.308379452413254711e-05
2.624448136760044732e-04
4.625801797788877328e-05
1.348122034734194551e-06
1.435336646309039247e-05
6.213930208921351894e-03
3.414312173022757135e-02
7.285135074567741342e-05
2.311134643541444640e-08
1.448992547502482165e-09
2.067822999052778752e-07
2.647041616386139763e-03
8.933286476057410441e-01
4.866562954326440066e-02
1.147014272067082939e-05
2.792701722254692986e-08
4.646454187148818680e-08
2.867720255652239064e-06
7.489714921232326769e-05
3.255313830303380759e-04
6.113939044704858397e-03
1.407654497407860605e-04
1.191344530223847464e-03
1.120895003278476326e-02
3.444866512594261295e-04
6.922937977294329806e-07
3.781774903228056222e-08
2.166947308652093966e-07
2.261442753245239371e-05
6.224163436404136357e-03
2.588546972072646932e-02
8.259562221935842557e-05
9.889475236954094035e-08
3.648756329116661466e-08
1.237621742891646709e-06
4.042919031604429132e-05
2.020672253715769255e-04
3.667300004769057944e-04
9.611457950745613266e-01
5.724358009709037270e-02
9.507856991934773294e-01
1.000024809637186651e+00
1.878991557999689418e-03
8.519285541141151125e-06
4.342478072964908175e-06
1.862182535945652401e-05
5.661563599502648578e-05
9.302881758213944524e-05
2.933254571544068401e-05
1.608687858237757224e-06
4.260622198109433557e-07
3.079368815294464825e-06
5.745448302316618548e-05
2.859243917200959850e-04
4.077966392796527435e-04
4.685521463787700085e-04
