2.528135933506800349e-06
2.726913972725688272e-04
1.120551868190498013e+00
1.822949381973913541e+00
1.287743228421465713e-01
9.774529667886024953e-01
1.549201970616964803e-02
1.583947499423068207e-06
2.811163387014873513e-07
4.237861794084293133e-06
4.660394822169046970e-06
1.882674094558478294e-06
5.231602764002803986e-06
5.361267075242335194e-05
2.898671131962568602e-04
3.662393515375191749e-04
2.621545147132331465e-04
3.439216547447461751e-04
3.554666605197169532e-05
1.061014930788794011e-02
1.829564462803296543e+00
1.037972306060703509e-01
1.352517687899727240e-02
8.237210488294369748e-01
3.696316592517828042e-02
1.502862488075912028e-05
9.113029135645568863e-05
2.662448115745590441e-02
3.551860586060005646e-03
3.984333969812765377e-06
1.152844636910286430e-07
5.522055358568068032e-07
1.668296739230655103e-05
1.285337374142535858e-04
2.128860895898973169e-04
3.235175861684331817e-04
2.306197695317473544e-05
1.136745355540635547e-03
6.336329696146623947e-02
6.623920939334809743e-02
1.162016326725251285e-02
7.629889575754743303e-02
5.113502418491540358e-02
7.361108731925169882e-04
6.156894342019818278e-03
3.907718402489565257e+00
3.031542578667661747e+00
2.293853108256350276e-03
2.258287665645470957e-06
2.702203803140474136e-07
2.211520757423807998e-06
3.824140869967430494e-05
1.943793674299987295e-04
4.760503268886072717e-04
4.655288307335763223e-04
1.194975539784997459e-02
6.783463675184150943e-02
7.670706762552110813e-01
9.015286641729034489e-01
1.154610936042842928e+00
8.346921761020389408e-01
1.043122020883224116e-02
1.626185990095071945e-03
3.626031639491836267e-02
9.413066682230938342e-01
1.991236937182745415e+00
5.432151886186205314e-02
1.143263681406518498e-04
3.447826337131835150e-06
4.723868112534206892e-06
3.142672060747059293e-05
2.355247924630219649e-04
3.625165084742198313e-02
8.756057291113520380e-01
3.825939705479600855e-02
8.751909373092758848e-02
1.276942369675195366e+00
7.055611527694456431e-01
7.728739543991736127e-02
1.775595008823390233e-02
5.589080212746035115e-02
6.898306988691438324e-02
4.637926123511172671e-02
9.989134003736948042e-01
2.895116325770870969e+00
1.005996701358866791e-02
9.835663661640975999e-06
3.880759068337768189e-07
8.362233129393597535e-07
1.991389658721313768e-05
3.738656678957794424e-03
2.207053221949962021e-02
7.294896282329086691e-04
6.127021978117385553e-03
6.846833087961856634e-01
2.919413921892395347e-01
2.206806783178126563e-02
7.817458639298703604e-02
3.731939433703579834e+00
9.109853230494879828e-01
2.263630462318863730e-03
9.876697216630290783e-04
3.163116193457171654e-02
2.410435662789897279e-02
4.176112194671258659e-04
5.766181206836042445e-06
8.125675229804889046e-07
4.772057389598828499e-06
3.472388348046392324e-05
1.667254815193061721e-05
4.497045485625246719e-06
2.466131541054554662e-04
1.014261149460172901e-01
9.127422892885700412e-01
8.648314718171726811e-01
8.839980779731455574e-01
3.966717866240478951e-01
5.919936298000160781e-03
5.693868077500891190e-05
2.006435290616158027e-04
8.956317894323502504e-02
1.969808205791571343e+00
9.500274631811977954e-01
6.374282747478798861e-02
5.932622580589088767e-04
3.988056102107123100e-05
1.362476640652779542e-05
1.021296319806425296e-06
6.422693375809339705e-07
6.804193470622926744e-05
1.743158894992880015e-02
3.394974507427217514e-02
1.236157773540156116e-02
1.867280026079298771e-01
6.365130406567084398e-01
1.150593632338768428e-02
2.208068764370497549e-03
3.323821736907500018e-02
7.548536616069686511e-01
1.070487874565810626e+00
1.043872484138252288e+00
8.908665044100142483e-01
1.079312925408774590e-02
9.905957235984788633e-05
2.763233987593994529e-05
1.758382783185446518e-06
2.938766312789086483e-06
2.717361284084457082e-03
9.748883389129713306e-01
3.774059986928140521e-03
1.124620625175377072e-06
1.501105205877417898e-04
8.781962168890219411e-01
1.439808859921114292e+00
1.623325576894380173e+00
1.325349668971415040e+00
3.216297634903975133e-02
4.032206671896655485e-03
9.420179294224086813e-03
7.532503484021239176e-03
1.455611377643469928e-04
5.451566000864530048e-06
3.800662759603199602e-05
2.135699725365859599e-05
3.150513623068056942e-05
5.100274605172696804e-03
1.903965444218312930e+00
2.869910882034937532e-03
3.819254685114192143e-08
2.684390696569424041e-06
2.041915845991509326e-01
5.511862624821683987e-01
2.839568649604376493e-01
6.082621763819836547e-01
3.924472571693963380e-02
8.081261712790069329e-02
9.076207907014067766e-01
1.511804617782532834e-01
4.412771616013482531e-04
3.281371920524944259e-06
2.883678108780464772e-05
4.146776739085266533e-03
3.103620647433610880e-02
2.580879295327405398e-02
1.512892738220363020e-01
3.395702053987045854e-04
1.727589086811222902e-08
3.965068910429208150e-06
8.223811929233111329e-01
3.357543537214935925e-01
1.437932450313655387e-02
1.462371919962301703e-01
1.807966969460293172e-01
6.427641411853496356e-01
2.174044162389119794e+00
1.697253543881243720e+00
1.422199683380896869e-02
6.076324070285213806e-06
1.812031683264798617e-06
3.020671063023970190e-02
1.577596511325922002e+01
3.155802212223549397e+00
7.085930914665256042e-01
3.631039745443274892e-04
7.848782720776045527e-09
9.276663229885187302e-07
1.397020404103016533e-01
5.115273883021395074e-01
2.620304909096293211e-01
4.868770349079462600e-01
1.738872598392428581e-01
1.682357402290206583e-01
4.201302123053093918e-02
2.270461370949355129e-01
1.650629763325608956e-02
1.320636864318276870e-06
2.535607108734878873e-07
1.020310547374493788e-02
2.422695309087380977e+01
6.809135033451069852e+00
7.254815272249301117e+00
1.077036729945840265e-01
8.673425832333280723e-06
9.189359401675021286e-05
7.723004829871084331e-02
1.562630931064704909e-01
1.081716207557666065e+00
1.881214742427868569e-01
4.938727060163914523e-02
5.346498581419273366e-01
2.315510902407727500e-01
1.634422273835975270e+00
5.469553850343156914e-02
1.026933250414784181e-06
1.164197009705323553e-06
2.382440625977890955e-02
4.970804706553848007e+01
5.309298048789463209e+00
2.757391484784796898e+00
1.755792385759914476e+00
1.514699755225890933e-02
1.060870239656642594e-01
2.470754848406315318e+00
6.469002654745226177e-01
1.171584791776654422e+00
2.053538135341196336e-01
1.048528150252266561e-01
1.053989713492824304e-01
1.319640250121423275e-02
7.981779612581023364e-02
3.842008474902366619e-03
9.905743747945631671e-07
4.653742710240023982e-07
2.969029319560056784e-04
2.136554469472771611e+00
3.769537128190346920e+00
2.286399741571200905e-01
1.551083795262081511e-01
4.283830861881515739e-02
4.039887219217185715e-02
1.839720611137350692e-01
5.032280093322116787e-01
7.212859157013535860e-01
8.725743228919911054e-01
1.723530323358117844e+00
9.201408913447851889e-02
1.027262319437774983e-02
3.409188820512532025e-02
8.297036093623484437e-04
3.652816611644028164e-06
6.231636029000100866e-08
2.615390069176329239e-07
2.624503512939270738e-03
2.030486255233149517e+00
1.943693345936613914e+00
1.887684918595263328e+00
2.988260203073128007e+00
7.593051472594324336e-01
3.559559612776246329e-01
1.048670830226806183e+00
6.443719384073961498e-01
9.361432430289143292e-02
3.210134661962923963e-02
3.981604373334810681e-02
8.077815706138787855e-01
9.340795178859460091e-01
2.178320373636706726e-03
2.835455054896098020e-05
7.029253070232549502e-07
4.002264664524872466e-07
4.528243675696005163e-04
9.790530946131182910e-01
9.916439767393770977e-01
1.593396965418549666e-02
6.445597292628493444e-03
1.777454026388920472e-01
1.602656822884650722e+00
1.055083212627077716e+00
9.973073928948915645e-01
1.357869577661269811e-01
5.080131844940364086e-03
5.649488969624708729e-02
3.211557715916480316e+00
5.439368591203395248e-02
3.942695575615907580e-05
1.001469972668533529e-05
1.891330614292262754e-05
1.245206923366933333e-05
1.471689577538575541e-03
1.017360439354677348e+00
8.239987611859879435e-02
6.338998589185926129e-07
2.038909816205142644e-09
2.749313803464466994e-06
1.201663454787251124e-02
2.056670724820844065e-01
2.144855843710902654e+00
1.658108649321462513e+00
8.005594323491586894e-02
7.659552313477138163e-01
2.812260676170881268e+00
1.482145466728063132e-03
1.768748925006660668e-06
5.334948196660198097e-06
7.785036595054990098e-05
5.437342360114586219e-05
6.663229553237216135e-04
9.227489680191894861e-01
1.931939815071277211e+00
4.005111762673895610e-05
8.899165622292490039e-08
7.807218559300296878e-05
2.244816065559649687e-01
1.654727811863318188e+00
9.093468005178408919e-01
1.776832389305521842e-01
5.047845885110374686e-02
2.992858702567280371e-01
8.002241218202449380e-02
8.545754234756250867e-05
2.362151328563507792e-06
2.606466747322831322e-05
1.650817879449799396e-03
8.260950524160703967e-03
5.681708458524740470e-03
2.073432169365068689e-01
2.817218919559395296e+00
1.362106499882717592e-01
4.394453387075578782e-02
7.916696877603613958e-01
1.883097453770198770e+00
1.446174189286790757e-01
2.617982784195787074e-02
1.064249359106702458e-01
7.936240213336134275e-01
7.223567269855390993e-01
6.251197205870818660e-03
1.569990094863583531e-05
6.373388578499331541e-06
1.161324081782675992e-04
2.661034576787792844e-02
1.920962206051209265e+00
1.054492860684941746e+00
7.101043275747621619e-01
4.210914730429220487e-01
5.990065825969469460e-01
2.121618391126981251e+00
1.831218549910017812e-01
2.166074014563822842e-02
5.029543536013288824e-02
1.901734039586165381e-01
1.507127420159161568e+00
2.423610339470907427e+00
9.135009397153019683e-02
3.682358662076353102e-04
1.035788846369952866e-05
2.076007554945382650e-05
2.380460226700454511e-04
9.703100692796653905e-04
5.375992251147008148e-03
7.956365539320980201e-03
1.447020644389118427e-01
6.127096692681341938e-01
1.541093622491011450e+00
1.654943488699137433e+00
8.686754403926582810e-03
4.909323366744000779e-03
7.931530963823318903e-01
2.734595279949836755e+00
2.566007675583422909e+00
6.046540686394967778e-01
2.129510530069672006e-03
1.398485819598308741e-05
7.593630224520081587e-06
5.040217740047246161e-05
3.033545727528848702e-04
4.433996507041961543e-06
2.022662058110482566e-07
3.092799097428089459e-07
2.845108479187333532e-04
9.604673785376197093e-02
7.676226232495169111e-01
1.298287400823709137e-01
6.373919256192865776e-04
2.366246123568325945e-03
2.172361427152626756e-01
1.933161108961276020e-01
6.477100087078991875e-01
1.816576557527018465e-01
1.387186290173398652e-04
2.309998130436489741e-06
1.057594371874519695e-05
1.051534863527705036e-04
3.504830481954124082e-04
1.766969473541225565e-06
1.044096295649351729e-07
1.608594429965319780e-06
4.572919564471777205e-04
5.566950147912943375e-03
2.914565173397624595e-02
1.940295795017156141e-02
7.926016705184507497e-04
1.784821937888530705e-02
7.441158047660701991e-01
6.189507472775129110e-02
1.485698661236959858e-02
4.695493529520394890e-04
1.002505267320940656e-06
6.042774980255629102e-07
2.330449156363981504e-05
2.242584727663869855e-04
4.652293196684741464e-04
1.970647678391151278e-05
3.949082818899562363e-05
2.841192807993776076e-02
9.286892604408584218e-01
2.531180333825209725e-02
4.723092562375617864e-02
8.951036952932989177e-01
3.726725779755445805e-02
1.511128959601385977e-02
4.940036938139146655e-02
1.304429818147797735e-03
3.027525886224788473e-05
1.583032767860142780e-06
2.727875924106513100e-07
3.393413823070564033e-06
1.317265938197682926e-04
5.787748460544805962e-04
8.005330457286558617e-04
