4.306805503586984643e-04
1.131337106075992879e-03
2.717139793133798581e-03
4.200927757431770215e-02
9.127290297369516914e-01
2.805874986731348927e-02
1.791176715493951395e-05
3.810372960340784791e-06
4.662968617257090033e-03
9.644769016657530614e-01
4.969016393627562547e-03
2.756903679410541333e-06
1.089705129951865762e-06
2.125848136945331627e-05
2.295401933178562988e-04
5.199762824297187282e-04
6.006398634980165052e-04
9.371242490066786744e-04
8.481306722797111747e-05
1.383112160998114723e-02
2.931455272213015384e+00
2.104347588764365007e+00
1.361739778855505963e-02
1.239544635022352223e-04
6.529040332365332785e-06
2.172876182719037143e-06
1.045227157440836762e-03
1.040092064426040963e+00
2.377538693418862134e-02
9.298890953656108893e-06
3.243461398954766535e-07
5.741142118374115259e-07
5.312714995129946976e-06
3.708341883553661016e-05
1.222831764590610350e-04
4.263870321095669267e-04
1.180288782731852684e-06
5.355101991479106196e-04
1.018440762985034942e+00
8.131280957839607249e-01
2.348475245835607988e-03
7.069697559470368474e-04
1.050056093253514539e-02
6.059768360513011036e-03
6.888546714167559371e-02
3.841903941913207277e+00
1.009202797362208415e+00
2.422453115284110836e-02
5.456669861004898682e-05
1.702503309738606051e-07
1.682592040532486967e-07
2.399948408844565053e-06
1.696030441822596869e-05
1.439190946195214216e-04
4.157582850669456571e-07
3.682716455025213738e-04
8.872906882966331843e-02
1.049734209178860150e-01
6.406126560161666539e-02
1.590840973930771618e-01
7.577554779587786227e-01
1.074498360744660985e+00
1.945268078721829497e+00
1.322997313498122385e-01
2.252907214749043374e-02
8.953761929517370932e-01
3.262653736084716871e-02
6.016630060303280474e-06
2.426131110749632136e-06
1.964405552076832506e-05
1.544078937054508584e-05
5.234323390621149449e-05
1.088886620798118006e-05
5.031362714739628234e-02
7.398372483923139065e-01
1.861321345948014350e-01
5.764557651510914260e-01
5.792739282116284721e-02
8.065687342423324274e-03
1.923283345488301654e-01
1.788226360779197499e+00
4.305889159342426650e-03
5.537779941260397286e-05
4.729130290528969771e-02
9.858676625369949820e-01
1.093364695551886888e-02
1.769418862370899376e-02
1.705022107504935991e-02
1.322360245219753646e-04
3.518956640274487405e-05
2.939625978115703291e-05
8.623527534629912145e-03
2.773645069143422515e-02
4.446586004207154358e-02
2.615965549825203795e-01
1.217135375305535699e-02
2.039918394507466912e-02
9.138978913440570784e-01
1.090375005960958044e+00
6.092377237383132804e-02
1.245879003146780663e-03
1.258107947792670711e-02
2.857987494219536906e+00
2.191341668890641081e+00
7.778975246779028518e-01
2.470676508558941956e-02
3.314935590644707216e-05
9.828547908539248004e-06
3.545556666282831290e-05
1.508572274439417280e-04
4.027806689452890707e-04
2.381622468756904032e-02
6.626460451994227174e-01
1.791695790902625707e-01
1.837589290103128992e+00
1.006278029032205756e+00
2.693935611796259566e-02
8.339181032715199393e-01
1.002878356946631966e+00
8.380790352007318200e-02
2.975432015079151338e+00
5.981545511192351228e+00
1.401318946230105666e-01
1.670259737407344552e-04
2.166955770347294074e-07
4.971771818627067630e-07
1.962444282085280844e-04
1.116636125637400067e-03
5.519084496222335413e-03
1.455041850784802131e-02
1.764424721383094433e-02
1.820846966451766108e-02
3.035077506136095102e-02
1.163800610758160617e-03
6.319312367117572559e-04
3.634971683593571368e-01
1.538532613574832286e+00
3.596576580381702359e-01
1.854739965147203851e+00
2.887381667618500458e+00
1.020346702309795628e+00
7.157073272746564824e-04
4.668618606259446262e-08
3.719878792396101822e-08
4.519498796238573062e-05
3.280138812654779124e-03
8.774180866440153270e-01
2.044094425631826362e-01
9.378478186153848400e-03
4.612848766161821434e-02
5.021011118915495210e-03
9.198876859230068533e-05
1.090049752898620064e-02
1.645546505085548228e+00
4.408294539990144090e-01
7.427185945543914869e-01
8.655459618304693903e-01
5.411950311808442216e-01
3.638168410594092794e+00
3.440184498718935890e-02
2.113139822913574556e-06
1.512235341983784863e-07
9.329458079397523861e-06
7.035065828934304729e-04
1.195811052035343769e+00
1.497364662387283385e+00
2.079035437925754459e-01
1.678563118819911049e+00
5.724459938407459869e-02
5.695000211938534406e-04
3.396235233676266063e-02
1.951246529932422424e+00
1.229301596982874667e+00
7.335742899956102514e-01
3.032267355217163063e-01
5.747446004284324506e-01
1.126073374970092189e+00
1.944214946535157140e-01
2.746756623306041267e-03
5.117097695547655905e-05
4.368293950201528877e-04
3.835552612967459141e-02
9.055092456452777938e-01
3.006402958107338708e-01
1.313731100438190746e-01
1.046216684555280607e-01
3.648412857652469365e-02
2.651517295107053487e-02
2.698766009307420125e-02
6.679235294563312664e-02
5.672754874732240937e-01
2.621483358094076621e-01
5.173194420032917185e-02
7.989306528087541937e-01
1.539878113617669131e+00
3.570881436742830428e-01
2.954787720168718795e-02
3.450760803361419687e-04
1.045674017759923649e-03
1.850459962513218093e+00
1.509825536644184929e+01
1.858136654752037931e+00
6.458644254781183980e-01
2.005894684997899802e-02
1.815124393445969458e-02
7.889943184383058083e-01
9.740059964268976689e-01
1.663773804386355359e-01
3.256171972504967593e-01
7.840854021857699419e-01
4.028312871637454440e-02
6.582207853368929329e-02
2.449240289599827758e+00
7.450482857198225117e-01
1.866193445665750329e-03
1.768634742514997222e-05
7.874675221170596303e-05
3.017974934067617077e-01
1.359131253948135054e+01
3.458256062762533833e+00
1.034952547194961880e+00
1.089924846155275046e-01
5.122309300098706886e-02
5.536141804324160726e-02
2.255578853710914489e-01
3.823180976296225997e-01
1.633866182540919809e-01
2.676281451869602090e+00
2.202649760846784044e-01
1.094859172090734481e-02
2.435021560198153079e+00
2.246521971038924814e+00
3.026920355491609133e-04
2.561072844291091862e-06
1.268059876896482927e-03
7.425957218528769221e-01
1.439566539358087205e+01
3.606425226965882747e+00
9.504022884349765388e-01
1.003822992489228572e+00
7.877803546180720540e-01
3.343317885635894299e-02
4.154878682702691645e-02
2.361626472476905381e-01
1.417005125170940349e-01
2.375780048998179517e+00
6.070884883185346803e-01
2.900963208994564863e-02
3.630803899194327222e+00
6.940904811597001789e-01
1.192939778179673949e-05
1.804440201711537445e-07
1.044693430153745273e-03
1.183380244561254430e-01
7.757978299567035441e-01
1.171659790034114135e+00
1.110172584498029913e+00
5.226264631613809081e-02
1.541373039090604066e-02
8.789925280705879196e-02
7.210346523094550708e-01
1.084724098930048619e+00
6.371168140098635302e-01
1.629334019789486110e+00
4.047470262877164160e-01
8.545397507363167167e-02
4.163135417832068086e+00
4.760627407926937837e-01
6.652489297168561964e-06
4.252413678956270922e-08
2.091935186627792218e-06
1.141505610711779177e-04
1.086670283032608068e-03
7.173913473727172585e-02
1.777512224804065788e+00
2.379142708175623067e-03
2.217968737345461013e-04
5.194795076187462557e-02
8.858370576576034272e-02
1.706803599133673022e-02
1.455295415604699050e-01
6.340743074422244829e-01
3.181493283576366515e-01
1.839990639988109411e-01
6.886044178786071557e-01
4.628151020437645813e-01
2.842527952660111137e-04
2.888544250711011699e-07
4.617281261005715281e-07
2.241701041762921487e-04
3.107652533091319162e-03
7.392138556901407809e-02
3.978338854650706136e+00
6.704426280528603954e-02
6.062747915573515889e-02
8.580863394627635810e-01
4.381823125093053939e-03
1.098052536127632275e-03
8.667839724904031762e-01
2.599035486504511105e+00
4.122265070098312667e-01
8.690442304150590713e-01
3.742671883246224129e-01
5.942530456748598144e-01
3.408334634371444627e-02
1.104348832100926030e-05
5.400125702722310346e-06
4.988365737688134349e-02
8.318742024419965020e-01
1.313718766572725405e-01
6.983368686876547660e-01
1.410220321094528106e+00
1.607433853535379820e+00
1.366247478722519559e-01
2.014233735050106108e-03
1.354699924194403826e-02
2.194410254587056741e+00
7.366621865772098321e-01
4.864966872541908183e-01
3.428840507957676920e+00
1.046893170911996490e-01
1.648132071911889360e-02
2.529077905611576416e-02
9.679867653318531204e-05
3.026498774045954663e-06
8.804839275312151617e-03
9.778984895616273931e-01
1.805623901099466522e-01
7.743034411907095960e-02
5.996263831599287775e-01
3.619844664897558517e-01
6.865116037547094006e-03
2.076192617541544258e-02
8.327709112508950851e-01
1.064109709051184405e+00
2.309561795747131774e-01
1.596653954002389186e+00
3.336108621384606732e+00
5.665899274174848732e-02
2.089000434439880916e-03
1.654799055997514465e-02
1.893938299791914342e-03
7.862405749212463700e-07
5.748678139757653136e-05
2.886643768602180360e-02
6.678969468984359281e-01
1.656650936101008442e-01
3.048168968646967070e-01
1.547651003759719757e+00
3.074585941370313602e-01
1.470979160287503307e+00
2.743748898088681276e+00
1.146244734108474272e+00
1.683589087547865626e+00
1.351506087828244107e+00
6.439395206425612139e-01
2.255573818691793964e+00
4.539898596609450721e-01
7.121843364451689862e-01
7.631612464062799417e-02
1.920012907133619191e-05
1.589680416008309614e-03
5.251549123283096726e-02
3.732438926826138204e-01
3.994340394608008049e-01
4.347044546211524807e-01
5.808409087763710676e-01
4.387747342028290309e-01
1.821792846889726647e+00
7.096900659403321265e-02
3.552645421204061321e-02
1.004159635354749058e+00
4.652107439917613219e-02
1.452000308215774900e-03
3.293878192865580534e-02
1.979972042637432109e-02
1.217316535112738379e-02
5.056760308535955019e-03
3.084708763782001862e-04
1.017533044020324740e+00
1.775133417199779462e+00
3.047443461783567661e-02
1.354339177538515793e-01
1.011916730695060496e+00
2.461864194990419363e-02
1.104552978173743184e-02
7.704309667454902755e-01
9.755176702138272649e-02
6.859461922992456107e-02
1.884580093730587880e+00
7.102307209678990728e-03
2.538483627895276905e-06
9.468565084189839821e-07
6.622575175364713296e-07
2.380983112476293286e-06
2.800465329076269166e-05
1.842651641387234719e-05
3.632141934700038044e-02
4.065604939915072602e-02
7.367687196201430470e-04
1.471491084415555567e-02
7.863883840305724293e-01
4.431601549968211540e-02
5.429385516620824359e-02
2.159614749378538701e+00
9.018539772530763665e-01
9.546730597921577743e-01
1.047328690479788937e+00
1.302545362870761655e-03
7.144014760217016710e-07
8.530060843627794952e-08
1.188513604245874067e-07
9.472664551080739822e-07
2.049900379528315047e-05
3.459517894370832446e-05
1.918420964342298181e-03
7.771032190514382465e-04
4.817625424765488700e-04
5.250888314580409028e-03
7.617055843440063978e-02
1.525459271574515774e-01
1.717249619679449557e+00
1.051850791455151368e+00
1.727290375833248973e-02
6.021390319734908417e-03
1.745895359766146040e-03
3.950667019837731547e-05
4.017504932488827551e-06
5.656117998344224241e-06
1.407279513273676947e-05
4.462445341586636089e-05
2.153003213023473874e-04
6.355977653941172201e-02
1.805448167470583121e+00
2.780716706389652071e-01
6.700717336677030067e-01
1.306544586812075526e+00
7.167521578007716165e-01
1.061770806992536897e-01
3.259902154053469919e-02
1.418254589782058997e-03
1.655978565731744444e-05
9.040998739116506104e-06
1.644260468454359988e-05
1.971096935809514537e-05
6.435922410293783819e-05
2.738922320787750067e-04
5.185375067499177568e-04
6.429100555070938307e-04
1.044268064713612830e-03
