4.165354047302387980e-02
2.904691914108289641e+00
1.364480741200151115e-01
9.181547980230153616e-01
1.966520206288583150e+00
5.293927084221941581e-02
6.408167951510958769e-03
2.800490713079497023e-03
1.439812530340681476e-03
2.984191539165537748e-05
3.894754193428220605e-06
3.903804413421380195e-05
2.097276258626510923e-05
2.563563827660522724e-06
8.707003786724040159e-06
1.177236435622027534e-04
4.094454110243468626e-04
5.465905815396582355e-04
1.690975746734550353e-02
1.940973403765415384e+00
1.132058652281353259e-02
6.476737278694573918e-04
2.144073127603624528e-03
8.028349636337313300e-02
1.776286052100055413e+00
2.183131375566521371e+00
1.883920449325597657e+00
4.039761718693347936e-02
5.070805649854283510e-03
2.906310214623754329e-02
2.361998256187325829e-03
1.789645203950481625e-05
4.564372694963887204e-06
2.836200101086077495e-05
2.019195297297679472e-04
5.236136862360322216e-04
2.786986649017723331e-04
1.134773637491884660e-02
7.599055922291509562e-05
3.562026351772961218e-07
3.942223731779987041e-07
7.387178222608551162e-05
7.785087265765875883e-03
7.452599206184606917e-02
1.850510144470543850e+00
3.109768853295988844e+00
1.087636261810095650e+00
6.900114819036953229e-01
1.231016341229308336e-01
1.450889393891540606e-03
5.004135662565128585e-06
1.023659941056594182e-06
1.811129931495499278e-05
3.511912493541479992e-04
8.780914942630468380e-04
4.299581967444651015e-02
3.431553021331950259e-04
3.726270976081242074e-07
3.022267086497259494e-08
3.177653087900603920e-07
3.236740710301323016e-05
3.907593644534263855e-04
2.585855674388128859e-03
5.956877962159001783e-02
5.224163703568053263e-01
7.944331203819241516e-01
6.540251345883371092e-01
9.480184299757207778e-03
6.569075799971541614e-07
3.820797277980102038e-09
1.997251861853682204e-07
7.702446635382312573e-05
1.943046735353657142e-02
1.891616678336297097e+00
1.856046546639733563e-02
5.562294436758259811e-05
2.614758378609144950e-06
2.269657292827220138e-06
1.174114424546001843e-03
3.260393797646912728e-02
7.112393027184813268e-03
3.595035080788891446e-02
4.378774468054521529e-01
2.214247197905074405e+00
2.265357259142902091e+00
5.913934553291766427e-02
1.750176640273040643e-05
2.419858903321640878e-08
1.172344566700337952e-07
3.275339303523643985e-05
7.225317254214921880e-04
4.147822160536012576e-02
2.652912005120625603e-03
1.734832997725796033e-03
4.337280477263521020e-03
5.290408094814541334e-04
3.443520897934931185e-02
7.038544890539556453e-01
2.968561535168936505e-01
5.609838122261247007e-01
9.342688803822912780e-02
1.500331075139133274e-01
1.282082136744259637e+00
1.554735989819129527e+00
2.251664592508000606e-01
1.063916272916290732e-03
2.411574494415273927e-05
7.496534022259827455e-05
2.721555730309403311e-05
5.523382763844361318e-03
3.551709565418414028e-03
2.244791993199429098e-02
8.624342195142759016e-01
1.134282737332701907e-01
1.112016962651772439e-01
6.510291015539683424e-02
4.228435145027204661e-02
4.812090546321162038e-02
2.280587285152197580e-03
1.053242713874106250e-02
5.635999415958180547e-01
1.634722418525340393e+00
1.470470021571186781e+00
1.908425246766008027e-02
5.147291172262006003e-05
2.489156838872018377e-05
1.534890707972222992e-05
3.814224044719601026e-02
7.538781251152586460e-01
4.860224551714119046e-01
5.841577557113847297e-01
3.070251697347956554e-01
3.745055428903596995e-01
3.550824674296562677e-01
7.361430228610216231e-01
1.526688550588293780e-01
1.870843659475874762e-02
3.815816607311319636e-02
1.136634782452370790e-01
6.467818208257446466e-01
6.224046022222773367e-01
9.605973272095650987e-04
7.948784690873644999e-07
8.188411240876504332e-07
3.578136239845324534e-07
7.812896272579291984e-05
9.712966613158918738e-02
6.376944799601028668e-01
1.583484300658982991e-01
2.479176349250234168e-01
1.125193768775309688e-01
8.686090533033566374e-02
7.611551824307596359e-01
2.355069635744720391e-01
5.164956318428892690e-01
2.060042718987674659e-01
5.908213633416156164e-03
1.106900133599205971e-01
1.295797957062378103e+00
3.696344490079544933e-03
1.790014670342075816e-06
4.083106565643496031e-07
3.190720422680649705e-07
5.695211811418543841e-07
1.053149089427034757e-03
1.749499834716432278e-01
1.325443626226784077e-01
1.328349428519588704e+00
1.244888593185574377e-01
3.388453418519675768e-04
1.569053346109298280e-04
1.551479701686079822e-03
5.037749467003069803e-01
6.827524782189853259e-01
1.601823508353511852e-02
9.726345486722677569e-02
5.823093134677020943e-01
1.156205800087291707e-01
1.059100028158784434e-03
1.053269653464939591e-05
1.354735203519023823e-03
2.301306730444844725e-03
1.303014604322743353e-01
6.898575122382920588e-01
3.122269483176637328e-02
5.360602400354449459e-01
9.088730190238673012e-01
8.796799809912382931e-04
4.855928080135904663e-05
2.359151758820295531e-03
5.254672127800075199e-01
2.087653868116497724e-01
5.713063013754593467e-02
6.735780281400345348e-01
6.998737596434939645e-01
6.421423451924278547e-01
3.386766165876994167e-02
6.317832422441478288e-05
2.010383076693883150e-02
8.638216644666533162e-01
9.968880845249790568e+00
3.033895900752996422e+00
1.157835960588117774e-01
6.079324139364024049e-01
9.222857952264778003e-01
5.719030513372458380e-02
3.947965911511875509e-02
5.191546732185747109e-02
1.785061945994302901e-01
9.187181690241828791e-02
1.659420128891900964e-02
7.476965904778955230e-02
4.111360642173364499e-01
3.225685856762826043e-01
3.108347869961932807e-03
9.045982270395756382e-06
2.021869722166268305e-05
8.619090776284030198e-02
5.214422976486653738e+01
1.509731052281018826e+01
1.779392896415091796e+00
1.343389949304836017e+00
3.179387126993066942e-02
4.119607309752935237e-02
7.823136823733587430e-01
1.858115967717012193e-02
1.875012067091934992e-02
6.455700659135426012e-01
3.147584128007425291e-02
1.883377938007425867e-02
3.679452594413615607e+00
1.647018004853052942e+00
2.592091553536763119e-04
6.919115950449304610e-07
8.226105555957079556e-08
2.173676347755190783e-03
2.969514645061418889e+01
3.870983007310538238e+00
2.464232542977904672e-01
6.627437445777494274e-01
4.402562046942616603e-02
6.654155486246504658e-02
8.939584239987495573e-02
2.465505177277118871e-04
1.247837440737708170e-03
2.717445674023100666e-01
2.070133589645850418e-03
1.000822138267598143e-04
7.976561509500976199e-02
3.595593043925170984e-01
7.582428447205307560e-05
2.143032470298719198e-07
6.767211098572294639e-08
5.933757584716018937e-05
2.694210907188404613e-01
7.829249819904442187e-02
2.303920011843177146e-03
9.959092311238393683e-03
9.604318540790392211e-02
7.696841223658018594e-01
1.409348091424092279e-02
1.875962584921546400e-05
1.216408221523875401e-03
7.977202507991314473e-01
6.971093840081062261e-03
1.792615538512385976e-05
1.975017994123212488e-03
7.646408639540333008e-01
7.455477508018166881e-03
4.500068226369139558e-06
6.075712139839193873e-06
6.205198383902398680e-04
8.577849456838496645e-01
8.895848257420428951e-01
1.771233719704580533e-03
7.900511965400219437e-05
5.627301897825238118e-03
1.151329296182601158e+00
7.092945160155597790e-03
1.437360466245991230e-06
1.594490786522364682e-05
6.467040509933988379e-02
1.022188899835450027e+00
4.835591589374454990e-02
3.970084742429852431e-02
9.821554941409081918e-01
3.042884227126948019e-02
2.250723721364420460e-05
1.726504981213467915e-04
1.342020625277785253e-03
4.232687167868907224e-02
4.803055742169452802e-02
1.051552693104149247e-03
9.151800486913128931e-05
4.657853509989917477e-03
8.385362018407697127e-01
5.478313282374470440e-03
4.463377542246447087e-08
3.812441158741541289e-10
1.915647949946635131e-07
6.098280198177088648e-03
7.200336964027305164e-01
1.289155896060881490e-01
4.926660179272894513e-03
4.802870143916245204e-05
1.801226471211535890e-06
9.367888535367734082e-05
5.836970065945889652e-06
6.369373327552653922e-07
1.990282964354914280e-06
2.205610075095398154e-04
5.571716796920469714e-03
1.013418924534656082e-02
6.806627807782919537e-02
2.584367882748355230e-02
1.825786067715745083e-06
8.543998599549416247e-11
4.773455462852674634e-10
2.986640212079044363e-05
3.288373212303377091e-01
1.875152078896280328e+00
9.623240600301606953e-03
1.239361947524107557e-05
2.096908980956040324e-06
9.903461446319380122e-05
1.259376876732719010e-06
2.165295798661221934e-08
2.425310804595623730e-07
4.187250453718166336e-03
9.596959682793219093e-01
1.143405369341399073e-02
3.587889108092048689e-03
9.305416555470887863e-01
5.018163961744013385e-02
3.242595060599255440e-06
4.254548400444073020e-06
1.030121494287319743e-02
1.729604836365682408e+00
1.983500314702061562e+00
1.112621257106250275e-02
3.655116093627970694e-05
1.634294002980348962e-05
2.680690562117135178e-04
1.659472411133178579e-05
8.948871994089407757e-07
5.005521730408271178e-06
1.597892596917526928e-02
9.861184376530244267e-01
1.394841069588180884e-03
4.260367097623361826e-05
6.130443367257629866e-02
8.504305678686870928e-01
1.233799887976988995e-02
7.042464178905281924e-02
2.849388499858984680e+00
1.330244061693730773e+00
1.590275620131540238e-02
4.046476256504351771e-05
3.390560034176400394e-06
2.619705138593392965e-05
8.528702171415857296e-05
3.543860578533641941e-05
1.036459540559493392e-05
6.612934032914244619e-06
1.172793747696504257e-04
7.385180503218525530e-04
4.518603000056673392e-06
5.808908795850697255e-08
1.467023342893749213e-05
1.526857111029172875e-02
2.302590256962759874e-01
1.751928155046456270e+00
1.210322191177968021e+00
6.891144633793985230e-01
2.755089249621742523e-02
2.636060100482000277e-05
2.319183872029329901e-06
3.698094740181545446e-05
2.868596122250976775e-06
1.983343181973964192e-05
7.671726483654646900e-05
3.975938018196795369e-06
1.899643034227181254e-07
3.461223158771229574e-07
4.165382535427673954e-07
1.463869729649650039e-07
1.975063957369542901e-05
4.301779997861964605e-02
1.733669691762235399e+00
3.111359080218497830e+00
8.422542507383144750e-02
1.982535882096054386e-02
1.220625938197848585e-02
1.316716558312707266e-04
1.415071826619074830e-05
9.375817366477515267e-05
5.533450427944734705e-07
2.205591367336893398e-04
1.305942889073027219e-02
9.573724335993712327e-05
5.887142261823451891e-08
1.460864049228807094e-07
1.126886469956273100e-04
3.402825975218706084e-03
8.908325199487100721e-02
1.762095335238104354e+00
4.648917907049153198e-01
6.926995459491427365e-01
3.422125666026345353e-02
1.073160042739574092e-04
2.012727591745345164e-05
1.672777702176069290e-05
3.226507487036772172e-05
1.900485137390308700e-04
3.241718672710469673e-05
6.568049827950889208e-02
2.880836935962303613e+00
5.416012071528079203e-02
9.582590115487971984e-05
1.946711709398439517e-04
8.904769411426706471e-02
7.475142875575278012e-01
1.258181156077363472e+00
1.792273013730994569e+00
2.754467832375491823e-02
1.792303793506341489e-02
8.613827915055242632e-03
2.262462488806068467e-05
1.649333544459186465e-06
8.363757271431157536e-06
6.819936531569548870e-05
3.155609793144067976e-04
3.250434116709659954e-02
2.864826158770812370e+00
3.199012304701481124e+00
2.830494274044320413e+00
2.126199460061030777e+00
8.610111045449913014e-01
8.583360776147130888e-02
1.298203533182891011e-03
7.511458186945346293e-04
1.414171708958992038e-02
2.524411057125526374e-03
4.069493586159665492e-04
3.524423060605145087e-04
3.990206298019295867e-05
1.674300897541724386e-05
6.542507556997020804e-05
2.532682302974950650e-04
5.694029697677455929e-04
