1.316548212893259729e-04
1.019698070762689335e-04
9.605097972659984613e-05
1.004182355317556792e-04
9.873738022021359033e-05
8.911307442954423234e-05
7.886790546309409950e-05
7.070644324268476714e-05
6.680743185531523359e-05
6.811583327559450173e-05
6.986149514835610108e-05
6.791689507534628425e-05
6.637391207343549095e-05
6.894344797513716312e-05
7.379911540889441213e-05
7.792039546071645971e-05
8.212540012764842567e-05
9.791511576819517419e-05
5.651079652752290060e-05
3.156590185875188340e-05
2.972687473674250208e-05
4.518330256165825403e-05
7.405641601534185552e-05
9.318618859200504827e-05
8.545380382380031057e-05
6.628519786680169880e-05
5.477595482059084822e-05
5.481295145253029075e-05
5.853101556453093902e-05
5.618660886875407408e-05
5.042073796781825764e-05
4.766139545643934027e-05
4.808411797571082730e-05
4.974764924425567082e-05
5.393449690190892451e-05
7.032266759382120244e-05
1.390772714471585640e-05
6.475334154960252118e-06
6.899976568384698357e-06
1.177426375469606340e-05
2.551644378903718697e-05
5.250107809846032037e-05
6.586003603717190005e-05
5.024940177230550152e-05
3.819811142262517084e-05
4.183094292919449378e-05
5.479770453091810644e-05
6.039933654603345503e-05
5.406669120979193177e-05
4.606526266555410911e-05
4.139931007850316521e-05
4.119012777680566015e-05
4.757426095338641777e-05
6.837732818593815519e-05
6.392707099584918845e-06
1.454921869872006550e-05
3.475362216369794546e-05
1.082348374426778366e-05
3.046004132607408907e-06
5.266528182324007308e-06
1.645295353141174521e-05
2.066429589426768297e-05
1.399989156468832258e-05
1.539607093075735764e-05
3.102983134805940792e-05
5.628012475098944235e-05
6.441164141372751433e-05
5.384706597816608779e-05
4.250561704693947757e-05
3.937194773323945469e-05
4.782092039596808519e-05
7.513213810938727387e-05
1.703815866900695465e-05
1.761183684182463004e-03
2.080876673273333866e-02
2.167113845528606303e-04
7.978395112043860614e-07
4.522763295343225132e-07
7.675941785114846571e-06
4.614056701821170955e-05
1.977702617778263230e-05
6.395437162422793658e-06
1.040158128581749887e-05
3.462583371711346172e-05
6.669961075004312949e-05
6.432216584794041411e-05
4.723973884089534481e-05
3.999723090570068458e-05
4.767274070248341840e-05
7.728021629037777119e-05
2.024833568127006281e-05
1.809432301279115599e-02
9.226691275875558151e-01
1.149713351700429494e-02
2.378491130515233013e-05
4.073553405297442093e-06
1.342477220413141800e-04
8.893521265214103869e-03
3.100901719896826270e-03
4.620646283908115261e-05
7.615027970408174554e-06
1.914130057978049904e-05
5.755529220605247291e-05
7.311793775700003442e-05
5.589343752666776352e-05
4.390769668552114752e-05
4.733651241746116657e-05
7.253833934100580472e-05
1.240059524154429904e-06
2.036000615259942761e-04
1.114671635397065756e-02
3.205757510694147439e-02
3.604003654979635179e-02
2.386084304895585897e-03
3.114891724641624324e-03
9.614743677573739378e-01
2.016960734239852115e+00
3.127384637121791069e-03
2.087811147491732563e-05
1.447500542144590819e-05
4.436269813563015711e-05
7.524256265017321998e-05
6.861124261381889786e-05
5.208506313348434827e-05
4.793969137928838384e-05
6.525017043318880256e-05
3.413745146933206691e-07
4.547515186712682581e-05
2.804645821786254205e-04
2.678163744731450017e-03
8.194660711663093178e-01
3.805685353206730154e-02
1.510769254410647248e-04
1.761371073191854084e-02
9.625330106108066497e-01
6.020099703743293784e-03
2.637942574981484435e-05
1.114508533684069670e-05
2.545030142639528992e-05
5.393181826941536309e-05
7.518523714593055728e-05
6.390324969519372189e-05
5.109098761547370291e-05
6.099613949075167590e-05
2.092391228618992638e-06
1.866499788281141686e-02
3.542561034724981545e-02
5.065377790005618462e-03
1.164433129781845988e+00
1.882638419277870082e-02
7.972064807860539528e-07
1.353965166854540679e-05
5.292324074684369092e-03
4.613483668572463379e-04
2.323598753796603426e-05
1.622125016504941800e-05
1.009073413480608923e-05
1.681571640556175638e-05
5.286878981132219505e-05
7.190823353025295949e-05
5.697449717175604188e-05
6.109666140269625538e-05
5.361531425617615769e-07
4.694746473024305478e-02
1.582016024939585153e+00
4.289646411333034037e-01
4.605354024220118525e+00
3.845435908790517145e-03
5.536385967070103697e-07
6.560878880799174342e-05
2.432797066461925978e-02
3.818433557442130200e-03
1.668514057835733880e-03
4.868813178643077266e-04
7.706113896462818180e-06
3.265949432911724344e-06
2.564388735050470827e-05
7.321952996139520758e-05
6.318839025920836418e-05
6.054858528278702208e-05
4.896589228160319243e-08
1.267529484445194775e-03
4.648284689661336677e-01
1.522411771523017654e+00
1.322445385842812238e+00
2.138896682988355481e-03
3.240285596880409440e-04
1.142260171910698674e-01
7.569224315022219374e-01
1.806775133547273426e-01
8.936053434870613321e-01
4.144351493018008648e-02
1.315396500814834415e-05
1.355648585630708298e-06
1.855649619291658523e-05
8.414874841361905035e-05
6.944755728882515480e-05
5.571305901725741007e-05
2.406094478548066857e-07
9.501845311466829841e-03
3.455921748549215966e+00
2.704204273964954552e+00
2.335043511816075057e+00
5.326922919093636244e-01
6.365651294170689978e-01
1.221609942430503110e-01
3.075094671891236663e-03
2.215515927246250114e-02
9.372868033079853056e-01
8.275958090256394298e-03
2.788445294200308509e-06
1.065654795315661062e-06
2.561683565622924932e-05
1.126485084594875226e-04
7.605749784963947765e-05
5.084178323821850778e-05
6.072317504275979686e-07
4.035409378693904925e-02
1.932830387778176373e+01
3.535829917906902153e+00
4.426489200709843530e+00
3.566643143147832706e+00
9.685962975260331564e-02
3.916202548761476068e-04
9.112470432926930914e-05
1.875764941073839592e-02
3.827867500513115750e-02
1.442413102271741295e-05
7.482366295024041818e-08
6.701081359061593617e-07
3.155571803808567368e-05
1.226463675809408283e-04
7.770755058477305205e-05
5.027421413062935218e-05
1.641268077737134702e-07
1.810923235271919224e-03
3.696383291744898436e+00
2.419975309973071198e+00
1.664597326260755183e+00
4.226125244908268686e-01
1.391084496630501724e-02
1.150813640934683635e-02
8.357690506448048340e-02
8.380101040488798780e-01
3.310950483016919521e-02
9.014263518821437560e-06
1.874358932287391503e-07
1.265192752126157662e-06
2.459371964455063939e-05
8.700139381304570726e-05
7.183940559221033129e-05
5.449588870927207958e-05
2.055588868185688332e-08
1.337588473413301129e-05
1.551880311708955795e-01
1.777109175515071859e+00
1.178940733384199024e+00
4.765209270937640906e-01
2.397035756878964363e-01
1.624325371438508414e+00
1.167793529627687288e-01
5.295224638262201189e-03
2.197876915337393725e-02
1.517546638922871727e-02
3.015764975624951258e-04
1.390303231424115603e-05
1.570483325257716390e-05
4.903873872800016532e-05
6.542365763163773135e-05
6.313027669397837155e-05
4.820512986205299733e-08
8.691212403855575378e-06
4.385457451785986643e-02
7.846035985908929034e-01
3.837475763086212188e-01
6.396095853805836007e-02
4.042250303033128461e-02
1.917251073635061476e-01
4.203165677243146138e-04
1.613025502964766531e-06
1.213125325877217366e-03
9.186290337536547890e-01
1.947997870445603713e-02
2.649307281313745231e-05
6.654576436205236359e-06
2.934241908291570364e-05
6.471545260186365443e-05
7.607096515548420184e-05
7.024754985088457912e-06
4.240475600645386353e-03
9.261972670086756620e-01
1.317128994121813612e+00
4.855131365885561046e-01
1.820233949784384395e-02
7.973677145313164474e-03
7.926084484453015389e-01
4.116987198004123244e-02
2.299139323213555134e-05
1.981224486396530545e-04
2.655536549709554273e-02
8.728303433569044355e-04
3.306094374354375839e-06
2.476097027387344156e-06
2.275859282854105999e-05
6.952203212586842884e-05
8.915042515617259530e-05
4.057884149619426270e-05
2.054429742916245860e-02
9.350199685043292241e-01
8.455058179171771604e-01
3.563669377507472369e-01
3.376156504431557237e-03
2.814987157287551604e-04
9.570333781900382253e-02
9.437613234349397917e-01
6.080126999197623880e-03
2.576460810171426509e-03
2.506324010677132841e-02
6.470528731017136060e-04
3.306750205131719489e-06
2.698095504833631453e-06
2.478342174921185456e-05
7.493971928762762377e-05
9.378371909883885830e-05
2.393554697646423921e-06
1.005909893494435944e-04
2.850044817560404287e-02
1.167878347821221352e+00
7.181930808570585745e-01
2.986393330806646779e-03
2.838512275220366894e-05
9.463519782291450737e-05
8.911016547226142774e-04
1.015250260857747172e-03
2.437074463068991323e-02
9.127811368755672783e-01
1.809189233482852086e-02
2.774230638558825262e-05
6.727949798148837246e-06
3.162440815278500802e-05
7.431840052734242804e-05
8.627629017443260372e-05
1.020694214023360113e-06
9.491897288418965395e-06
9.679627211916914248e-03
8.630911437306558742e-01
1.327720044712437097e-01
1.509157665129068349e-02
9.466248846014487656e-03
4.156710600714043379e-04
7.000131638507868146e-06
4.852229861568861086e-06
4.358776742369258809e-04
2.341906692519087063e-02
2.186103133030932195e-03
2.651425830951928948e-05
1.198336417701662416e-05
3.910167603979992305e-05
6.730671357415613952e-05
7.325982573698418504e-05
6.404474006983139483e-06
1.990474857296244774e-05
2.079085713376587451e-03
1.360804925120594547e-02
1.119120593473255055e-03
8.650629940239398449e-03
9.121557112771441211e-01
2.466924941257255324e-02
8.995809278248221633e-06
4.755371874140130768e-07
3.211418209663136332e-06
2.509614302857880638e-05
1.866216414214240865e-05
9.500280639773815507e-06
1.936318183838006446e-05
4.898180622691560232e-05
6.164875008471087220e-05
6.599085462947974420e-05
2.307073102426481122e-05
1.204582372141369587e-05
1.276551205871225459e-04
4.154495195480088950e-03
9.323502891269319637e-03
1.193965306728280405e-02
2.191439132391342914e-02
8.793653446850489570e-04
7.885690153492770640e-06
1.866716758846532425e-06
3.600451607724971671e-06
6.038172835097756798e-06
8.423999975544973966e-06
1.715831751439025890e-05
4.047209434767150223e-05
5.986759038586598976e-05
5.890843905104032837e-05
6.597920153607766166e-05
3.643261842666024322e-05
6.186647139188845345e-06
3.234248042236324443e-05
2.059929840563547165e-02
9.192964562471586110e-01
1.699462214127282073e-02
5.041093730230295194e-05
4.000900257317792016e-06
5.145790230167498499e-06
1.887158139017755030e-05
3.858689654106696459e-05
3.585991176639617852e-05
3.553674406493465888e-05
4.953064984650116349e-05
6.500788217974636353e-05
6.235040314383606078e-05
5.555494843534249382e-05
6.626404103315208349e-05
5.476435777726859920e-05
7.890819331504637495e-06
1.052675801251110423e-05
1.019456099986539412e-03
2.203905238035011940e-02
5.092450051795200825e-04
3.097962909360207801e-06
1.661056279154554688e-06
1.432393701026333194e-05
8.252513078925553813e-05
1.262302372460295872e-04
9.140613721504368798e-05
6.851656287941758838e-05
6.685904657561323047e-05
6.853439908945009064e-05
6.234757800822527166e-05
5.788946151098830768e-05
7.089958439464954761e-05
8.795224281423223624e-05
1.864369184035971451e-05
5.828450034051778264e-06
1.117126650061485541e-05
2.674619845697599218e-05
1.029599303163268957e-05
4.311043729161233161e-06
1.220929867181026334e-05
6.391356429782484017e-05
1.494071846510595806e-04
1.473877958557490229e-04
1.012739574325829402e-04
7.517877355246176834e-05
7.082423468420578276e-05
7.603739635815795505e-05
7.876174516442822264e-05
8.057318598256561369e-05
9.699485788626301835e-05
