2.084477250220973457e-08
1.413958969444590376e-05
1.578133933284271706e-01
1.701885610727951192e+00
3.367825143283063594e-01
7.718347111290864149e-01
2.103233149430060678e+00
4.041398696302187649e-02
7.606683935110591759e-04
5.561431957947543699e-04
8.307524881560596328e-05
3.520423881910973258e-06
2.104156397271372226e-06
7.704076745507668655e-06
2.384878154859189882e-05
4.646579849565381714e-05
9.402187457228377448e-05
2.487848625925465941e-04
5.182689685650493468e-06
4.932278602655203181e-02
2.706549954974662331e+00
4.463481820621106877e-01
4.949987453499073986e-01
3.636150507384641184e-01
7.934049519068615552e-01
1.840301162017941916e+00
2.055012584356167959e+00
1.986298333075002365e+00
1.138739749792512523e-02
3.981279865425255875e-06
3.839016799372810047e-08
3.551638363510682407e-08
3.904407498226533916e-07
2.276376448131844528e-06
6.269158335394367738e-06
3.351932871402444708e-05
2.107548068583800123e-06
2.806999786287169181e-03
1.307678629634311494e-02
3.189182484711345321e-03
6.403641054056855193e-03
8.354827125772329183e-04
4.296789708409859063e-03
3.673847716062067503e-01
1.935044234444569522e+00
5.927253486884167089e+00
1.030139427672572383e+00
1.786724379599158481e-03
5.446245729202578113e-07
4.131352503997749940e-08
2.508482905036979688e-06
1.685294094238198444e-05
4.028042023721348388e-06
7.231250499965743576e-06
3.513358035203381532e-07
1.405931908555463198e-04
1.100329979807666315e-02
6.290045214415260211e-02
7.744588541341317425e-03
2.126411440275469817e-04
1.633961545152184253e-02
5.927609906232894632e-01
2.776809907742280870e-02
5.404697499703625674e-02
2.969905902450362678e+00
4.017663983943718264e+00
8.572301914297319331e-03
3.926694745872389780e-04
3.090952479216169807e-02
1.682201622285891401e-02
3.767219794014071976e-05
5.912028770685011074e-06
1.973377494606488804e-04
5.491571839203848032e-02
9.877986672287203396e-01
7.760073026120603013e-01
6.661240736018874233e-04
4.514318528673873579e-06
5.389803265543850232e-03
2.886671467826982251e-01
1.763069279570604608e-02
1.072827980495928146e-01
1.016915678521029820e+00
5.818792102626983542e+00
4.013117237985198926e+00
1.126280882226530888e+00
1.779736481749529142e+00
1.335947462635932517e-02
1.135501598256376679e-05
4.276259585614266885e-06
3.694654335747960677e-02
8.452054989005576280e-01
1.040358666872353899e+00
3.096244178161095539e-01
5.908584666537184613e-05
5.800937813901095530e-07
3.684871914301785477e-03
6.547169582924382558e-01
3.064274411873795789e-01
1.389137703169429194e+00
2.019412740630180392e-01
2.810587900069611011e-01
2.856133212605377114e+00
2.956084969671601392e+00
1.911849658629468096e-01
1.087088161044942760e-04
6.883942013227430360e-07
3.739814175815397146e-06
3.217371304819074507e-04
1.597797014390896653e-03
1.180536551693472935e-01
3.591611327625002570e+00
2.062272240136272042e-02
2.846265194276722046e-03
1.243969356803107607e+00
1.881148706157635964e+00
1.056368264452092337e-01
2.076157964675694467e-01
1.708400662172980811e-01
4.616233558505828394e-01
3.370051578054650276e-01
7.972780744500558292e-01
1.015037974868923554e+00
1.135706017801566426e-03
4.939452533648456627e-06
1.465472944523165550e-05
5.561022002167924042e-06
2.254731528063052214e-04
1.291610293043071178e-01
1.936473972721127756e+00
3.369479306802710128e-01
6.426353687938684001e-01
9.172315713873590015e-01
3.075859630965097763e-02
5.020677931415614553e-02
6.921253916727730937e-01
1.294637885191063931e-01
2.640999108670654544e-02
1.154960199967369761e-02
2.210985293222027526e-01
7.588561000912750210e-01
6.572311850549824967e-04
2.908816056111259693e-06
1.029713595103798914e-05
4.035811036831109087e-05
2.588522374398761691e-02
7.558473698939431884e-01
2.224261799416068774e-01
7.848694834872141923e-01
3.625821326376036935e-01
8.694950316750193738e-05
6.707195327084187679e-07
5.016358088391903447e-04
4.609143543132841747e-02
9.904219505311885727e-05
1.675862026793015343e-06
2.218691577260596432e-04
6.901013744814084028e-01
4.128055601477271241e-01
2.952894394560213619e-05
1.316588750869775760e-07
1.456841490363428082e-06
1.503923712717557769e-05
7.573354645089603286e-03
4.415281805001462084e-02
1.203761135318034796e-02
1.714889661159710421e+00
8.948568808848824663e-01
5.328804539818771447e-07
3.391748876231661955e-11
5.800103074745066251e-09
6.320156814815933609e-07
3.819503989065771963e-09
1.956334234263873000e-10
7.509057703665694430e-07
1.884082254725273353e-01
3.628172314922197383e+00
1.478252981368126514e-03
1.973732907890666463e-06
2.785445678320565485e-06
2.438249321583098418e-07
2.630478124764549066e-04
4.208583859840703267e-02
2.243051856220931728e-02
4.826740674726454627e-01
1.938897711691681902e+00
4.457212044115161259e-05
2.074766888271495333e-10
4.234258683026083215e-11
8.403731046982452794e-10
5.735047227492475414e-10
1.254688162520985128e-09
1.286660578408317355e-06
1.403017567604013423e-02
1.122018317128446352e+00
5.794297251677574256e-02
2.822916639877853253e-04
3.749695714675914361e-05
6.440425120352168460e-08
9.783355271057933567e-04
5.889373024390733846e+00
3.813668322133918931e+00
6.996690371460709823e-01
1.819083173808242027e+00
2.279550215684222059e-01
2.979780572214194554e-05
5.595786972472431802e-09
1.604576414131026201e-09
9.694668332777859221e-08
1.052605357091550742e-04
5.301466550006223022e-02
8.210773785061240559e-01
3.122370249543266141e+00
8.902311304693890648e-01
5.935288384432303201e-03
1.389650394776253603e-04
2.028293653224676630e-06
6.475334824541760514e-02
2.910636393869730298e+01
7.289881408461216239e+00
1.115162933227050734e+00
4.697035601995164789e-01
2.450568845793181350e+00
2.884378898023613746e-02
1.975512038591628976e-07
1.233360381328740549e-09
7.500280120370952669e-07
2.287743621839572611e-02
8.919304763819760895e-01
1.861240212571040886e-01
1.829345772324041830e+00
3.048500540480012067e+00
5.388740439518869586e-03
4.198226836698789216e-05
4.228738682416260984e-05
9.558226977393690094e-01
1.669582222563331797e+01
1.967691947155536747e+00
3.603683908214884379e+00
8.328986555743366216e-01
1.394615339770738816e+00
1.035878084296727869e-01
6.419264050409571271e-07
2.913145682212292484e-10
3.789820173981086555e-08
2.234870799804988101e-04
1.510100389263795682e-04
1.049594105374964228e-05
1.808144168035212551e-02
1.059618589534509825e+00
8.703806970726617707e-04
5.245759567587404009e-06
4.768412403764787050e-06
6.207078710205633787e-02
3.197085036892894472e+00
2.833144908791663807e-01
1.389833827724692161e-01
8.656490437840458352e-02
8.132104559156488888e-01
7.508035242363289008e-01
1.619877115340215279e-04
5.897233737564324859e-08
1.093268825389425324e-07
3.427252500358255903e-05
1.280454701871431650e-05
3.344111676357539691e-06
6.342618523712571788e-02
8.592157256137198384e-01
1.658496748326258394e-05
6.973894341152226708e-08
4.178888414571965910e-07
1.206845189665471923e-03
8.032984982733606394e-01
6.067720231254326579e-01
2.929283581208793133e-02
2.413200426382510356e-03
1.034638477824078272e-02
1.393960641322607719e-01
1.796975028836864108e-01
8.414416312501662651e-03
4.386102442542100417e-04
5.745083294845901821e-03
9.954169708005521089e-03
4.618918827230551055e-03
1.873106514877479034e+00
1.534283330133256740e-01
1.466387086603874042e-07
6.630825651957142419e-10
1.836925290795995386e-07
3.175395302819596430e-05
3.571114610067117889e-02
1.559842029220960713e+00
7.883024969976158980e-01
7.044535546714275620e-02
4.401215518671033194e-02
6.382232740474035049e-02
7.125169593979595595e-01
1.753039002088357723e+00
1.201661834835179715e-01
1.026854151237578672e-01
5.187079170102726344e-01
6.511118739333550121e-01
1.583578725785137920e+00
1.157306940901112191e-01
1.193184173303710378e-05
3.129764274535033954e-08
1.343329980851579641e-06
2.924123558121828094e-04
9.629681682160201595e-02
4.615992112680888382e-01
6.212018784341324235e-02
6.688027785334395292e-02
6.849052981952674646e-01
5.974184314730004303e-02
3.643136608265475779e-02
6.922054939880472046e-01
5.627713532966494014e-01
1.494921003725471487e-01
4.595849930551917373e-01
2.103777019052589736e+00
7.538019078293826114e-01
6.513515571503930568e-01
3.494815215647750772e-02
5.644668170034258629e-05
3.900966148890519476e-05
2.853369705248872887e-02
1.797802367337058449e+00
5.097667436244054384e-01
1.169177399508598142e-02
1.241391057383038274e-02
2.646095933787879217e-01
1.273926699734087044e-02
3.262162030962432319e-02
2.235153360366112452e+00
4.811940333887277932e-01
4.246479676377621915e-01
1.301364204174626060e+00
2.119699592279082445e+00
7.763292979214855283e-01
1.211915009621806483e-01
4.080753745913870932e-03
4.431470776082153772e-05
2.703863106518745953e-05
1.446463587450421036e-03
4.414211418995771935e-02
7.561968298420800316e-01
7.221920066116412906e-01
2.283860497678426305e-01
5.682570657863038610e-01
1.129266434766980874e-02
4.496498747179992345e-02
2.351034909920156846e+00
7.569940047220607982e-02
3.563786199103040619e-01
3.473856026525903307e+00
3.291012388069193051e+00
9.039505375403671383e-01
1.118325860818794809e-03
1.581362577435017802e-06
7.280164283856760606e-07
1.496853531562823186e-05
2.693470165772518000e-04
1.451775956490044747e-02
2.863152541000100748e-01
1.669198818961983161e-02
9.971347884323977090e-04
1.344820347019976547e-01
1.703345849076730589e-01
1.095243032544107320e-01
1.437629195964255535e+00
1.421780698768405626e-01
4.721739834568551841e-01
2.642168122856350276e+00
2.646270367018470626e+00
1.080755012711547142e-01
6.850827089168529935e-06
2.324666857582069664e-08
4.098461705183162528e-07
7.517665286906694076e-05
1.290231183624207349e-02
1.920913078501693017e+00
8.277838804467385625e-01
2.238320920585311618e-04
1.617286776525026483e-05
9.081704692761879971e-02
1.505929133450630397e+00
1.560994378843995056e-01
2.253611331911523075e-01
1.067364891651781805e-01
1.166269980082357272e+00
1.782623854169541389e+00
4.784972979910356861e-02
1.479458747557567291e-04
1.335292202164149673e-07
4.979616388390006326e-08
5.217912380869116010e-06
9.803642391630598338e-05
3.969437607070645628e-03
3.688823014145876239e-02
5.100366707377225473e-02
3.253730404198711644e-03
1.762567359250734669e-02
9.743464961591330464e-01
1.797660185772354813e-01
1.917836143856113118e-01
5.827526662340722918e-01
1.523328475100163282e-01
1.783780712807220725e+00
1.230620958899797113e-01
1.462875677639747988e-05
7.133172752742398595e-08
5.749881839084135625e-08
1.626035564281852989e-06
9.346653442208322274e-05
5.601307201127586404e-04
1.759457213427546114e-03
2.063112447600731411e-04
4.869250330590090339e-03
5.820903625172660356e-02
8.929205405789452099e-01
9.628645587659808713e-01
6.435787244402700613e-02
7.767028363096746268e-01
1.796241014455920992e-01
1.210838520907832816e-03
4.796919851210252640e-03
2.344290129769743141e-04
5.820968465128332375e-08
1.175126445705594946e-08
8.371133852668824595e-07
5.505156433038033717e-05
5.268829306044716309e-04
7.887181748615922083e-02
1.777300731690783397e+00
3.103316241996461611e-01
5.674731522377306270e+00
1.618042386851649417e-01
1.256592397066004160e-03
1.711023759900352163e-03
8.490854414408855258e-03
1.557294721070355548e-02
1.363661345370217465e-05
2.327259179135559360e-08
5.737934310703719307e-07
3.225718361896400879e-06
3.037924826359583186e-07
9.744337219561421954e-07
4.257161979349148248e-05
4.587675683207566735e-04
9.564449201402269035e-04
