2.674093932969581121e-05
3.206480479911517506e-07
1.891743657523608400e-07
4.635905506609525983e-05
5.797055689994615006e-05
1.171937246627650739e-06
9.761324674215704108e-07
7.355584977947810771e-06
3.507135069324492798e-05
8.514766810652361266e-05
1.057050282626101258e-04
8.143199264402181680e-05
5.552441212001113063e-05
4.415463093142282737e-05
4.425491205020022916e-05
5.048676284531520702e-05
6.713434926226777299e-05
1.210773795651578344e-04
8.707532587328142967e-04
5.441973199572182389e-05
4.249269179531316561e-05
1.829235251278757413e-02
5.811205010672367346e-03
2.664438016045761235e-05
5.862649441888856557e-06
4.163974394033998566e-06
6.191167336826887329e-06
2.483735044780508610e-05
6.131140328141298026e-05
6.336983835314066152e-05
4.425641181709353986e-05
3.149448402696043291e-05
2.677143113499202433e-05
2.582632755826092064e-05
3.100232013082486314e-05
5.997740234446136896e-05
4.406464615348710395e-02
8.370041852535707871e-01
3.627612099375296384e-01
6.287302521090236684e-01
1.009736893967101007e-01
2.204700614304728329e-02
2.114213220567623831e-03
1.139102612708742342e-05
1.178045801378515524e-06
5.065154766597693381e-06
2.603017230753144272e-05
4.595206689223092723e-05
4.254027264525962293e-05
3.407235956131178376e-05
2.842821901071626643e-05
2.412359246717156783e-05
2.517209652314974879e-05
4.636019459644895698e-05
9.192315428600554734e-04
3.015126595689321842e+00
5.698084033276026084e+00
2.300579334723498737e-01
1.598035967691347758e-01
7.552493097388753851e-01
3.377707035911606259e-02
8.729295284714773168e-05
3.380978652262685634e-06
1.764335343111991073e-06
3.203960695288364728e-06
8.073174696917485504e-06
1.267428631268039641e-05
1.603650863754048621e-05
2.270822233655766303e-05
2.760369626937494972e-05
3.139264429403741333e-05
5.444062239379862965e-05
2.241140744994699181e-06
3.593155969384364407e-02
2.334048658782251540e+00
7.498910065529205138e-01
9.233215779788478406e-01
1.672281234819597839e-01
1.655101720720490374e-02
2.361462810822431355e-02
8.952629108401963113e-04
1.108730454421215940e-06
1.008746431224077855e-07
7.927791780852085682e-07
2.676719847214449926e-06
2.737830885762134815e-06
6.998614104197923354e-06
2.299776165333698865e-05
4.224744470577251567e-05
7.357514156026723770e-05
9.905931434322629546e-06
5.972343252716855871e-02
4.350390119345036055e+00
2.602996474791186010e+00
6.708040574015489144e-01
4.550910388406487553e-03
4.178655725982942035e-03
8.975168686468976142e-01
1.620996887418875779e-02
3.268892938698122710e-07
2.431596971726716972e-08
8.218939564653874008e-06
4.849411326397933859e-05
2.414428269993215662e-06
1.806631839438388015e-06
1.387038616550860846e-05
5.023209180516019040e-05
9.258818642814199587e-05
2.015372427347723644e-04
8.829541700394443193e-01
9.842359054062519874e+00
1.267116755516133786e+00
4.791587524455266367e-01
2.563705794587968663e-03
2.089672529008316040e-04
8.870844300336064303e-03
4.845180754976832933e-03
1.878009037294914467e-05
1.495042794927817123e-05
1.918009847164513573e-02
2.491062536743178166e-02
1.277206596309962924e-05
8.436763588127093378e-07
9.010800668724510976e-06
5.709474889670018645e-05
1.103849976034746062e-04
7.234153822173867605e-06
1.147934356200899508e-01
4.060311159892705746e+00
7.181890308699198089e-01
1.447301138426402511e+00
1.043771385337478354e-02
4.532703834591153064e-05
6.246423731972313787e-04
1.256427326741442752e-01
9.011602784035217528e-01
2.364457340677964536e-01
7.113182474577470771e-01
2.287758126757773527e-02
3.092885117918292319e-06
2.476194796068704722e-07
6.388188877511193999e-06
6.849979027992916651e-05
1.409672892786491380e-04
5.670674964473105464e-08
1.579199228657169034e-03
2.686483776564134729e+00
2.791994796370202536e+00
1.291763129031376023e+00
1.137280963793453961e-02
8.405282639227859695e-04
3.157094883966980736e-02
8.475249329745645488e-01
3.815935872647668869e+00
9.028350146083442551e-01
3.032080081886202039e-01
1.831413592684669189e-03
2.688096705464390632e-07
5.647192576465621078e-08
3.975785469150044081e-06
7.691579322363393070e-05
1.873905858206410271e-04
8.674720280199426722e-08
6.257590350161005167e-04
2.319414520500576060e+00
4.033682870059633885e+00
1.589270233977559954e+00
2.015285659565926035e-01
1.348810152111825922e-01
1.548892982521283157e+00
6.379616771599666558e-01
7.029877750032688388e-02
1.034044502511416302e-01
1.680925892275419331e+00
2.061783333247080643e-02
5.578861687324499275e-07
2.798773928033138889e-08
1.817712983725911005e-06
5.935589325574847910e-05
1.979521045930251230e-04
4.444772635068348927e-06
1.055229526772047052e-02
1.702007793397479318e+00
9.323781728774660493e-01
1.798864529683207758e+00
1.292873570281563467e+00
1.481374510767055064e-01
1.624740428690731042e-01
6.193003676211334962e-01
5.540232530654408682e-01
3.455268233163439340e-01
9.918465617227301134e-01
3.238480808253928894e-02
4.634115359205405219e-06
6.268598850385317366e-08
9.127334545907567535e-07
3.082191831920597184e-05
1.491279841366109464e-04
8.044928717105088382e-05
9.916090207696324210e-01
3.233104799196223667e+01
6.967851195308443657e+00
3.235705004396093987e+00
5.267932336354024248e-01
1.008146783976402450e-01
7.695032957267460699e-03
1.579508735222663954e-02
6.507975217737289597e-01
4.957422285410577611e-01
5.717196547383230493e-02
5.233108698096066574e-02
1.404894766043738056e-03
3.010825058330258663e-06
1.211920938159318775e-06
1.730149512610769152e-05
1.086271778353313424e-04
4.163097935876926590e-05
2.049344106684853006e+00
7.638453162754542802e+01
2.549577613268509069e+01
4.188458240862733106e+00
2.978619765865035962e-01
1.105478919951075500e+00
2.256242718903087863e-01
1.049506659670982472e-01
1.504450674929671994e+00
1.261079480463871638e+00
2.148704493732075116e-01
7.071101613144022968e-01
4.829000009887952222e-02
2.011464270864355615e-05
1.377809318904298610e-06
1.427314271297038182e-05
1.053330963576035124e-04
3.412096294180371321e-05
1.024879066790957527e+00
3.458949588446900236e+01
1.071478243982857315e+01
1.365103907724205756e+00
1.112522810438175136e-01
4.618951275550983726e-01
3.185304913328114718e-01
3.611987950815587767e-01
6.676120306941571991e-01
1.487446687264933454e+00
3.103992429068101799e+00
1.089863170669501391e-01
7.062586731347250159e-05
2.542467726229473969e-07
5.788149035380030655e-07
1.887726852475416875e-05
1.392797390667795837e-04
6.065458540523620253e-06
3.031398451895038135e-03
1.116969758235633048e-01
5.623083600865250720e-01
4.279134290854404443e-01
1.322513877020900785e-01
3.614673659361533620e-01
4.278392413190868632e-02
2.852123330869469828e-02
7.922782902262266724e-02
2.217668996966482287e-01
7.829762094161053509e-01
9.896655450476379151e-04
3.866686110942502012e-08
5.001253179435823503e-09
5.964535906755050930e-07
4.000089233600412960e-05
1.987720099345281083e-04
1.246018125086512515e-07
1.873914021131523151e-06
5.620264388398045312e-04
4.344363567185898223e-01
1.518247637575063091e+00
6.095581460390190470e-02
1.284094947289394495e-01
1.708833360965063830e-01
2.578954621763986932e-01
4.040038752255702970e-01
7.929618240747118851e-02
1.518678356458481038e-01
9.117618190696447642e-04
5.123712402595489339e-08
1.304099922168371144e-08
2.192018892348889762e-06
7.679411952015960830e-05
2.135707253674682695e-04
5.600070865753939420e-08
5.901168441017743339e-06
4.930269029480649837e-03
5.211832567114170756e-01
1.297951867974079354e+00
9.781385426308028541e-02
1.244847397907657416e-01
6.132877958714851863e-01
8.400660895042270093e-01
4.319199410009931239e-01
8.239401669146118046e-02
7.537627471971400928e-01
4.988840303746794325e-02
4.171964965301253939e-06
2.434164384947403388e-07
7.269258112699315164e-06
8.160772757667161977e-05
1.514634444444882752e-04
1.461936620697055383e-06
2.696849824824029684e-03
9.144284728946439067e-01
7.004138517654764362e-01
7.003768145898674469e-01
7.161234428453970846e-01
7.122260580539908903e-02
2.259647252829822053e-02
4.330777049185050021e-01
3.491336203315631881e+00
1.050140840918891705e-01
2.507156030926090823e-02
4.040686111732532011e-03
1.374943674905423491e-05
2.130405127809160445e-06
1.659119416536377055e-05
6.472214788806932538e-05
9.630945450734917186e-05
4.801014198818665565e-04
1.277954408582885060e-01
1.918201613287546348e+00
1.148072006921064592e+00
5.477995131849026089e-01
5.344093839538677226e-02
1.232225098036466952e-03
1.688945502036597263e-03
7.867513853565238913e-01
2.149786035526321637e+00
1.793779379943647302e-04
4.073484686756267837e-07
1.011327516350176370e-06
2.948024110362926920e-06
8.544190640145588240e-06
3.295905361890271454e-05
5.756782020800781482e-05
7.881171373808254011e-05
8.171859740526600177e-03
7.122821520182206489e-01
1.338418237094733954e+00
2.829286957678067704e+00
1.410123997311020005e+00
4.718245124364896931e-02
1.879299378817512675e-02
2.738566388005443317e-02
1.102665693609669595e-02
4.985621403303331977e-05
7.634528118806198053e-09
7.632766535669386058e-10
7.918970495437753323e-08
5.206892312642869343e-06
2.973792482837973438e-05
4.922286650762665517e-05
5.546451795755303758e-05
8.342312565625537024e-05
1.102701382800510025e-03
1.266220198255056051e+00
2.628830541989726211e+00
1.203861958022135470e+00
3.303835326279799256e-01
1.352562147975052420e-01
1.794735694357700639e+00
6.454622666967665956e-02
4.322717520507095916e-06
5.379673730697188935e-09
1.287906157320391634e-09
3.369303926889097823e-08
3.781106861988779996e-06
4.703358580663735179e-05
6.464952463004930720e-05
4.637804370963910045e-05
4.643874257682787987e-05
8.747466133197997898e-05
3.019591509918281499e-03
2.889404905432521264e+00
2.101840471703981361e+00
2.045270962853624308e+00
6.765917256412744551e-01
2.718188573605578168e-02
2.468284117369055203e-02
3.840447695923538177e-04
1.271126102714080666e-07
1.293069275012585449e-08
2.936076777339728265e-07
1.281864993344747411e-05
1.054824813500182795e-04
1.286228888296585856e-04
6.000420795971858834e-05
3.071647386221550721e-05
3.289223528256550103e-05
7.771777033672445099e-05
3.295843788504287247e-02
9.157728492608686599e-01
1.237984359717647087e-01
8.607530851986329168e-01
1.402553762968087592e-01
3.893648014257595444e-05
1.413789959956137798e-06
1.273895752228546894e-06
5.710158385837934018e-07
2.014177081467993221e-06
2.740202384442860128e-05
1.251006457907335838e-04
1.383476016663736058e-04
7.450455276970024206e-05
3.514704817373553639e-05
2.230006957285850125e-05
2.822909492873294172e-05
7.353293512955797633e-05
2.828751224573332161e-03
4.529175461587364553e-03
3.734981920888835304e-04
5.678785591292783179e-04
1.340439655432697413e-05
1.017423116119907825e-08
7.202820312997954505e-09
5.828353295120065282e-07
1.295368446010640017e-05
5.960206964576215570e-05
1.088985588244123628e-04
8.862932330094479381e-05
5.284441300047725291e-05
3.622089981147249297e-05
3.036983033741737421e-05
3.082114476487173639e-05
4.529830201883468401e-05
1.045713559447612268e-04
1.313585949224627320e-04
8.611601693143548829e-05
1.741297003355174287e-05
6.030323266398554417e-06
2.136168262193398472e-07
1.215006803700270191e-08
1.362535811677466819e-07
1.251079200185705232e-05
1.491647097985333414e-04
2.265508986969779783e-04
1.364964716026064156e-04
6.798535112546998820e-05
4.497188367358547092e-05
4.621663364724435416e-05
6.156681300522125037e-05
8.522733383613657985e-05
1.243902130355759082e-04
2.141269931082748180e-04
