4.927409098504832718e-02
2.851606314717076707e+00
1.227982629902944600e+00
1.709771601288455400e+00
1.465614223210549572e-01
1.547682417800257159e-03
3.905080670346763893e-04
1.816482865462974629e-03
3.764608077123166106e-05
1.670100933754021876e-08
1.483260838406027223e-09
2.770187116453035386e-08
2.679348299399178138e-06
9.760645919805412043e-05
3.789007529854668873e-04
3.065612401117284139e-04
2.100822462394084196e-04
2.834869824700530149e-04
2.141944070474719169e-04
9.319113810563568467e-01
1.113669539835853373e+00
4.825579196949945221e-02
1.066413539744766881e-01
7.136637567647609037e-01
2.493669202784040417e-01
7.953461438204791900e-01
1.189380314960190727e-01
7.233777641799887207e-05
2.835922180994533801e-07
3.136521020110042231e-08
1.127451313564861178e-07
4.413002845292739649e-06
6.152756662582783726e-05
1.100853996384910423e-04
1.026858051180309163e-04
1.713481147120398751e-04
1.807923168730215689e-04
1.221837838328976522e+00
1.614011125051485473e+00
1.158938463586560788e-02
4.124600820709993856e-03
1.238025408868234471e-02
2.356759243199697297e-03
2.612076086775458328e-02
9.540014755479994113e-01
9.071270708532267468e-01
7.931012939863632538e-02
9.347399697196138492e-05
3.250369914976173986e-07
5.022164590608206973e-07
7.367601995993674806e-06
3.506763908983797067e-05
7.328514905043429471e-05
1.786840650151886526e-04
2.489804652117301453e-02
7.434542927144294211e-01
3.766602836982761437e-01
9.828950006074205215e-02
5.484697070578346302e-03
2.282594624587373994e-04
1.047815094751160445e-05
4.857928447134135020e-05
3.446938015931478878e-03
1.300119757894231953e-01
1.831669874088921457e+00
2.770746954694915803e-02
3.978655544085916128e-05
4.519036503657466357e-06
5.499613927869005036e-06
1.458942527331484142e-05
6.207017953120130024e-05
2.477560443676719349e-04
1.291902647969444054e-02
1.023942188050384894e-02
3.996454139747833423e-02
5.072950566555536334e-01
6.435209297515627480e-02
1.139522846272691785e-02
1.609616396234815269e-03
2.241143114110053566e-03
1.077147792359019543e-02
3.651787245443475528e-03
6.915443227201904276e-03
1.345929919324453418e-02
2.170439774347754022e-02
5.668980550650268985e-03
6.498576836936359349e-05
8.692770849102811635e-06
4.115456792740333341e-05
2.957278758400417370e-04
2.682625531339644882e-05
2.705486994225104062e-05
3.881524373146049561e-03
2.784954674941458874e-01
3.091223107562505179e-01
7.177778446739350171e-01
6.922126963904330632e-02
6.801572789806605013e-02
7.826431240653737298e-01
1.029568424805692439e-01
2.571324519561551253e-02
6.079221118202526863e-02
1.877549886717060801e+00
1.014583503649084895e+00
3.242261982278275400e-04
2.226948930030694835e-06
1.096967656572508285e-05
1.994158930616444527e-04
2.144781270966293724e-06
8.538264574819691234e-06
7.339009883014680109e-03
7.138553375651013333e-01
8.524645679190048231e-01
9.463606259743269355e-02
2.727163344886866358e-04
4.120299907486499585e-04
4.094971959444772963e-02
1.024734031333798118e-01
6.919607617859498960e-01
1.134564961606444822e+00
1.998371748453332319e+00
1.018777076983162111e+00
3.546485046338990633e-04
3.933393464748031112e-07
1.254509660986410855e-06
6.888578746837155885e-05
1.900326981243114315e-06
5.794114603714786227e-05
5.322457809397121431e-02
1.297082489036893438e-01
1.047526455038282067e-02
7.273177343557930830e-04
6.099303671738880040e-06
1.275717461082643254e-04
2.782354521362800925e-02
6.450361360882832240e-03
5.775096597573523005e-02
1.088118201124869788e+00
9.155501510246679686e-01
2.020898970133623518e+00
6.404832738537286074e-03
7.272528858577338193e-07
2.669305814615861166e-07
2.168250930125409389e-05
1.545282638014203051e-09
3.127683296370541026e-06
8.656028133381949985e-01
1.167659547214012328e+00
1.498787200020777061e-02
1.040533480471520639e-02
4.030699513844297191e-04
4.776509750803987521e-03
1.722204130425859736e+00
1.391788246423195652e-01
1.097903743968240697e-01
1.613080746685336297e+00
3.099921618927370948e-01
8.031128813225365537e-01
5.279042860201789422e-02
7.819386956084026254e-06
5.086232157978532880e-07
1.844117696205447503e-05
1.304791902215976331e-14
2.313080589282348007e-09
1.520301014626306846e-01
2.419997962934754554e+00
3.043639772915625596e-01
1.593382534328775746e+00
1.768646319481231299e-01
9.140975575862737845e-02
1.333344125587089257e+00
6.644753703862351646e-01
1.129049786061079530e+00
3.109940870647112554e+00
7.718616227637954685e-03
3.473373906671376626e-04
8.478078808937079217e-04
7.133026352933016301e-05
1.495954572653864916e-05
7.380306499166135615e-05
7.328393023917907069e-14
4.604788743982781705e-07
2.144316111970946959e-01
1.590250794584995020e-01
2.579564457538642830e-01
1.025062461841056427e+00
1.182141827373992760e+00
4.410609331446556092e-01
3.979697911804636751e-02
9.480902904392785741e-03
5.493395422498983244e-02
7.730389750682603589e-01
1.059857059468084957e-03
1.391711455463999457e-06
7.877097854647461042e-05
5.086019888231838558e-03
1.393786734495013144e-03
2.910516746879040855e-04
1.629423521869952391e-07
2.581237083894908912e-01
4.089601636728909995e+01
2.904571563591328953e+00
2.870264092503824749e+00
3.454078791771195145e-01
7.471259100165487110e-01
4.996521143784629082e-01
5.663880410427146045e-02
3.522826049906808282e-02
2.939415268056610325e-02
1.098016957947858474e+00
1.060510436274379881e-01
5.052305871133226526e-04
4.859470220955545983e-02
9.493317547935747891e-01
3.383373496194012810e-03
5.794776394222949604e-05
5.385865331633627124e-04
3.709519571988438180e+00
4.509284619839549180e+01
1.141198160433004993e+01
4.360917323101316967e+00
6.461978964261047009e-01
2.464518234034366539e+00
1.053543519724985389e+00
6.531644263034002140e-01
8.724949906451744397e-01
5.909008978173201088e-02
9.429915523368295194e-01
2.746853194937509901e+00
1.208599402591394451e-01
8.377036737262377741e-01
7.636749328169428752e-02
1.361293833513100505e-05
9.636685115315726763e-07
2.930297189172468016e-05
1.662084210249988592e-01
3.331804458467077978e+01
9.068552511789786053e+00
3.174777977401630924e+00
1.063703763088933663e+00
4.595765066366234719e-01
9.617304844562204469e-01
5.139420582201532639e-01
4.694812191038901308e-03
2.218844567929843163e-04
1.939508164001897683e-02
1.701302796008332952e-01
1.006240217777111014e-02
1.444852288483745731e-03
6.711830106740468999e-06
2.216178180454816669e-08
1.285266871544928269e-07
8.376516005886276204e-08
9.733716820752319086e-04
2.197573782435270573e+00
1.241781603302868131e+00
2.758267868965861958e+00
6.898729846008658795e-01
1.343688808725362199e-02
7.443664295806169395e-01
5.521278459529302962e-01
2.994064276356051083e-05
2.405896606598185560e-05
1.019814844081090854e-01
7.608928759933508701e-01
1.175554140524582430e-01
1.739736710632672038e-03
5.529004973344624313e-07
1.610667861845175582e-08
8.328278884477447282e-07
4.270865688828961760e-08
1.161559281671757285e-04
8.943467124145628722e-01
9.509880369076024742e-01
9.833796435606898534e-01
4.592052084109011223e-01
3.302969428768570779e-03
1.256954064230542401e-01
4.713279468910654968e-01
1.122605062010789776e-04
1.809067503383454201e-03
1.756014091615621053e+00
3.240185443468553972e-01
1.669804898655149028e+00
1.069714255419174975e+00
1.570418282724702665e-04
1.327348349904237454e-06
1.801455348857216833e-05
5.060567282820952794e-07
1.368838536836566129e-04
1.081130711498822006e+00
1.802282890665260817e+00
3.463054638452429668e-01
2.619077462197452744e-01
2.716321582034561880e-03
2.995820138030200544e-02
1.469278785404447785e+00
6.144373313936322967e-02
1.189855205408296479e+00
1.960336364378282070e+00
6.074139785324580640e-03
2.236051623804027333e-01
2.947356367174747582e+00
2.066065169373629447e-03
1.848936275688769514e-05
8.485302432203308475e-05
6.667844201722866456e-07
1.473699306294048961e-06
5.094121364077617078e-04
4.032739510763621443e-02
8.904610493715340303e-01
1.675018750109160681e+00
4.666842381875950518e-02
9.438806627629424406e-02
1.626486722656206030e-01
6.629947094098996574e-02
3.697976567562129890e+00
2.001065360811249860e+00
9.754628544839201443e-02
7.200135990454735735e-01
4.338601856559527736e-02
2.754548035273137127e-05
4.136438464055129656e-06
6.657426887573057565e-05
6.857868585278565724e-07
5.879705502151477716e-08
3.412408010112000496e-07
1.649353994247268061e-04
5.802700758589934837e-02
6.687276250523703502e-02
1.215827299912457110e-01
1.781950876782151916e+00
7.369456823295414405e-02
1.618998331337679134e-02
1.832319289184592692e-01
1.288685306955817678e-01
7.730686365687229333e-01
1.248854448740345680e+00
5.510282780684295665e-04
5.124414488820372850e-07
1.062805799965770853e-06
5.011865772105382591e-05
4.126721592949332711e-06
3.819738507580971495e-06
4.277281238026548157e-06
1.843710081486892298e-04
1.547171109766726574e-02
4.185181891350064562e-03
3.209774819067761492e-02
1.943648503901886038e+00
8.491400347959903172e-01
1.158817313705279961e+00
5.425073693086176485e-01
1.688771757613727054e-01
2.072916469269236561e+00
8.557463892548936579e-01
1.002143607717719941e-03
6.519068881636486033e-06
8.776850890347300587e-06
1.020311912483919190e-04
2.758403576682555221e-05
7.246717414068281141e-03
1.493490294787129177e-02
1.472512788901742323e-02
8.023883633707484808e-01
1.107227854473753936e+00
9.037349550330802117e-01
1.027107085803713016e+00
5.620605374639859875e-01
1.337828046428854556e+00
8.003246059028029658e-01
1.574684509248898800e+00
1.080028649165787780e+00
2.207457284845704831e-02
7.788881414774576116e-04
1.448989864249223430e-04
9.889708372012443241e-05
2.079922722880915662e-04
7.671191766122487229e-06
4.902139070504581142e-02
1.754349176438080748e+00
3.595742133630228099e-01
9.298702691699693990e-01
1.041855622036570672e+00
9.873629205205977089e-01
9.901056025574600516e-01
4.508718278387513489e-01
4.891306693216417312e-01
5.966923920857971630e-01
1.401154913458104445e-01
2.750125913967616832e-04
1.499716071050580334e-06
4.801306890551542425e-06
5.911806110303923276e-05
1.288020990575432733e-04
2.111634896781720589e-04
3.771673049132079217e-07
2.110461648237478831e-04
1.174643507961366379e-01
7.185071975728669624e-01
3.736655903479858126e-02
2.261257736709508526e-04
1.877592495565463425e-04
1.495735713122993589e-02
3.987356149224729474e-01
7.730003803402224483e-01
7.538286275426009375e-02
9.537969762470204795e-05
3.203293367912534955e-08
6.060524307172990361e-09
5.754796077267078598e-07
2.904999411703576030e-05
9.723353660319495218e-05
1.712113259209276951e-04
5.809439015913040941e-06
9.171986692313029523e-05
4.931557547924474497e-03
1.129483442697505058e-01
2.286689828906057244e-03
1.341356266126122090e-06
2.073630615711460375e-06
7.666114082408749877e-03
1.754699514855882603e+00
8.660670537626337373e-02
4.704877372787398060e-05
6.238084922873132394e-08
6.594402253246334203e-09
1.321478083053854652e-07
1.123916145580846706e-05
9.869279953232537941e-05
1.333808852205902438e-04
1.867398517813384441e-04
2.419990328464426826e-02
9.344852072233855722e-01
2.048793810976167862e+00
1.919735364922546816e+00
1.461746556452759097e-02
1.106381172090546299e-05
1.002293171717828684e-05
5.651706757981679423e-03
5.484206696507702705e-02
8.777932783895869937e-05
5.544724250237585430e-08
1.502746436410502866e-08
4.692625959272339422e-07
3.076010465490938283e-05
3.207566470683957216e-04
4.296452524980794488e-04
2.952957670202923843e-04
3.414697487591050718e-04
