9.013728991025758350e-03
1.892641283607652269e+00
1.007392673589118770e+00
1.221519451968443304e-01
9.285019420475209007e-01
9.863563819855600823e-01
3.961311708725643622e-03
1.889483857773105490e-04
5.398172509171516274e-03
1.604405395697231299e-02
2.761458967989241227e-04
6.147611296443513437e-05
1.783573476642271870e-04
1.381694864040664363e-04
1.168452962610340532e-04
2.591945300789168759e-04
5.503679549424317276e-04
9.325489619841141695e-04
6.134638612784258215e-04
2.464309202722230752e-01
1.923117465330424602e+00
8.491008713488316095e-01
6.283996580948887634e-02
1.347507503796887196e-04
3.374678599544839796e-07
2.582279424250386474e-06
2.108404351292810300e-02
9.021602110221866866e-01
2.928094952294839001e-02
7.272474013513012883e-03
2.671824956618760929e-03
7.446147300853605720e-05
1.523677990002672548e-05
4.905728390601827075e-05
2.102798224775662616e-04
6.462229196679770884e-04
1.398152878149735469e-02
6.700453031801294479e-01
9.927805613524162687e-02
4.354755273854427761e-02
9.711549448442861887e-02
1.840356741110442298e-04
1.226284991313024201e-08
1.499266755687632569e-08
4.789421590119520935e-04
1.011639700819337628e+00
2.138443877194866172e+00
8.767796414821302786e-01
1.540967169936145222e-02
2.659715205831801049e-05
1.681105211583296364e-06
2.471972466696374662e-06
9.480727418119243457e-06
9.248700541265807130e-05
3.447853176353292068e-03
1.182277060350661380e+00
1.169609012972056411e-01
8.212491367946951268e-03
6.762506526075449109e-01
5.307380597884310547e-02
8.244689856769378732e-08
1.655828591150792160e-10
3.174037331236583520e-07
5.820005075553676653e-03
8.287305047806005076e-01
2.075617486928029720e+00
3.581728454351609803e-02
1.247087457383315055e-04
5.503420836985127579e-06
3.482579054224905515e-07
8.088797776151275415e-08
1.214703916913867455e-06
1.399471896708725615e-04
9.772471936325103359e-01
2.663563612066442765e+00
2.612922430368300186e-02
4.206594575604158393e-01
9.017349790154394196e-01
1.780474662610186367e-05
2.824971855383213037e-09
5.502909147672427941e-08
9.975572245303467522e-05
4.303976032337198526e-02
2.132104191682945959e+00
8.218775359645821288e-01
4.465545856586756318e-02
4.435515955537671674e-03
3.934629481565607873e-05
1.671383080170022042e-07
1.038854459995621998e-07
6.187440161688635812e-06
1.865588581945630195e-03
1.667814355626282274e-01
2.083574611150053324e-01
5.155354985322638806e-01
1.975838543650651147e+00
1.600091935188896197e-01
1.246673921227800866e-03
7.216284200636381534e-04
1.933527538564427592e-02
1.316194366898356671e-01
6.832252776201297451e-01
3.200094484651179627e+00
3.091527473333828269e+00
7.899978779770377990e-01
1.483254061457620343e-01
7.491999646846392259e-04
1.900302816922106841e-06
4.135922781132284546e-06
1.637305436368308775e-05
2.686852553307475782e-03
6.573275744853805946e-01
4.531744628122566509e-01
6.316811496737960441e-02
7.806438088625499150e-01
8.521474360362217837e-01
1.580549348273092847e-01
6.970433954359566142e-01
8.067032194230543130e-02
2.903901686512920261e-03
1.319843976402734764e-01
4.593408673645851259e+00
4.629358466125720328e-01
6.006174041956838794e-01
4.944364101444488624e-02
1.955099500701177871e-05
1.132589495284762023e-03
2.761177913067715695e-03
2.413387499376849245e-03
1.571661201271195019e-01
1.737014515685257887e+00
6.560390334001985069e-02
8.847415666581628924e-02
1.932197656457886603e-01
1.491158838460921073e-02
9.831582491740391283e-02
1.000508571011649028e-01
4.553942643264725725e-04
3.970090153431226829e-03
2.053030262169886822e+00
1.041000958547560140e+00
1.865783052221671179e-01
4.520700154956295083e-03
6.840623655884106874e-06
2.036526506022791339e-02
9.339672193117477539e-01
4.861437882285954415e-02
2.779275230054848930e-02
9.741209641329713342e-01
8.599981365567741509e-01
1.125015307833530098e+00
6.489270602258583320e-01
4.599337909295544459e-03
2.526778900301728664e-02
7.484063453097848928e-01
5.447066587078023322e-04
6.118179180173572721e-06
5.712505506152916988e-03
2.619138664614585998e+00
9.602731955089279792e-01
1.564071936821129563e-03
5.613107898267825200e-06
2.009818627458667375e-05
3.006329798825278787e-02
8.098829971999165211e-01
1.619481534280563795e-01
3.888354546337700890e-02
7.093997170506353978e-02
1.021797579508213261e+00
1.562282923303265347e-01
1.571255507861743029e-04
8.786869156691179449e-04
1.924680827833455676e-01
2.323408509752907913e-04
1.079184218805096539e-07
7.320813343713137450e-05
1.690835382412333665e+00
8.586306632214215639e-01
2.906833674802863487e-04
2.558034457189019913e-06
5.872022298821711724e-08
3.409794944678850291e-04
1.325160293756138419e+00
1.494357246679856921e+00
1.054202998755975756e-01
8.936462291240296341e-02
6.202241888218105181e-01
1.828505365747085110e-01
5.006133648580319293e-04
9.646746561509892282e-04
8.110881811651701190e-01
1.306710244167905155e-01
8.866435132435485198e-05
1.217061899291898728e-03
1.999200457815871301e+00
3.022432029693773448e-01
1.936471294423305770e-04
4.314217775597315694e-06
7.371262901855854841e-06
3.664765643675326617e-02
1.660852142797385511e+01
5.736856388465479739e+00
2.703542773403147859e+00
3.922200707282029075e+00
2.559355294462693831e+00
1.554849260016158974e+00
1.813768768597294467e-02
1.246621067996439266e-03
1.173267946919038657e-01
1.730008032212374314e+00
1.640243169880157073e-02
1.232591059803082346e-02
2.202305408267276832e+00
1.589954362918903463e+00
3.900312696684587327e-02
1.100758093663643973e-03
4.413776141560788596e-03
2.009965966808860749e+00
6.810598709539685558e+01
1.544952166834675111e+01
4.375305583898631667e+00
7.764390961212587428e+00
4.765937164111915259e+00
1.302530566105978949e+00
5.282183867140123612e-02
5.270877352574526199e-03
1.978176672526871585e-02
2.230235617609526710e-01
2.067494264455442196e-02
2.257863810415850284e-02
3.608049376994488799e+00
6.530961969668023670e+00
8.610778855687719613e-01
2.591550270117485427e-02
1.328556034167895084e-02
8.639056522926825687e-01
1.133868383984103545e+01
5.053154867338499834e+00
8.979650553024399739e-01
1.159774610042597853e+00
1.246102744854008293e+00
5.317717080350755632e-01
2.694772393222170659e-01
6.059310850064542064e-01
1.241571739625287440e+00
1.652852118566153328e+00
3.772183640386526232e-02
1.082074626957317889e-02
1.265644144800515125e+00
1.639951375607339612e+00
3.526454050455201522e-02
7.304683490806371856e-04
4.922405634686304954e-04
7.125531554722899785e-02
1.701690445580982924e+00
1.847948012673331863e+00
1.356443636422812515e+00
5.970576678041755736e-01
7.330018229280123310e-02
7.755983603407524962e-02
1.031393151507171563e-01
2.669691150639528360e-02
2.168443319559328758e-02
6.915463128525876912e-02
9.407626443376199132e-03
1.685230150120914025e-02
3.825458340382967393e+00
3.288929736465481035e+00
6.111740015408052493e-03
4.040225369850624428e-05
2.592597543378015522e-05
1.753535882835388421e-03
6.292323807153618609e-02
3.944247963069106855e-01
4.702932316915736100e-01
2.390204325523019591e-01
1.206527143292911719e-01
8.509871638906619795e-01
9.477569118730396758e-01
1.011200766583992411e-02
4.452113601319622298e-03
2.406476061763961408e-02
6.955969231687298034e-03
3.666221481032842788e-02
1.921945398438296593e+00
7.638414056271511932e-01
4.514481354839416406e-03
1.006942557077523850e-04
1.685617040086822465e-03
2.381345043508820841e-02
7.044002628155844603e-02
5.329449619738482191e-01
5.545627314313192890e-01
9.523942682567916318e-01
1.737961032550889628e+00
1.283840714954012530e+00
7.977014226727020541e-01
1.572028307488134435e-01
9.025818559954854603e-01
9.328305663095595168e-01
4.537869440894071876e-02
7.595441418562312030e-01
8.523142582341227680e+00
9.414222966573812523e-02
4.802336447923935179e-04
1.166806620146778868e-04
3.669122733407155501e-02
7.979542305819229409e-01
9.322837096081819375e-02
1.102104866568902469e-01
7.275298557514711106e-01
1.954647854023233933e+00
2.811463950131161751e-02
3.504065709257225841e-05
1.768278392234229050e-05
3.466657257667429977e-04
1.042618850652704543e-02
1.041860221562876734e-02
1.027352167130276238e-02
2.312155300536195224e+00
2.135745857943759596e+00
3.590279932940900896e-04
2.017634180453787172e-06
1.403148465797132145e-05
1.638278813794169487e-04
9.879282584199929051e-02
8.948391635453928350e-02
5.435640739092418607e-03
2.235131709604908784e-02
1.676083668690668826e-01
2.268179270629192229e-04
4.258901523238166917e-08
1.667670144719913733e-07
1.522340110234421618e-05
4.728818782729658164e-05
3.854657771905383628e-04
1.119027110749146736e-01
2.619405912141637760e+00
1.820699825190908502e-03
6.785742280332995703e-08
2.316479238912921486e-08
6.453394177087785929e-06
1.414046620211046525e-07
8.975454748456425423e-04
6.572350456846589584e-01
1.028823732314613354e-01
4.897393320391164179e-02
8.140936393613423805e-01
7.689699288904621940e-03
1.399852275465508517e-05
8.914274666448824321e-04
3.470725971934694037e-02
1.037164059485667401e-03
3.411438920654836365e-03
2.774290704525543383e+00
4.330485351334860233e+00
2.481392118720379030e-04
3.760556835487221616e-08
1.149189381856505092e-07
3.595367821911475269e-05
2.364344427266530351e-08
2.279028782888662034e-05
3.590497075937527649e-01
8.263194947754385344e-01
3.331298337280741428e-02
4.156684609697931798e-02
2.966663330841549928e-03
2.371325397516031459e-04
5.451249791894299812e-02
8.213287181980083451e-01
2.771803585601045547e-02
5.620282851123583473e-02
1.195195245607542089e+00
1.758640677272901742e+00
1.398782454505797385e-02
2.299709816611979156e-05
9.891353119892490399e-06
1.964529353239165797e-04
4.166934924255969888e-06
9.795072908997622986e-04
7.845953166368628828e-01
7.009324808566384790e-02
3.223114855611785700e-05
1.521753953301293137e-06
1.064040911141791793e-06
2.703074568828829016e-06
2.507700496849991022e-04
1.006555494333593974e-02
2.595232788495773213e-01
2.650664194338629542e+00
8.464212081266944687e-02
1.189392244608892049e-02
1.175230438596527698e-02
5.397075873184369954e-04
8.402285429181949859e-05
2.665308699881471810e-04
2.291576329526414594e-04
7.770421566702207308e-03
5.040100688795248057e-02
2.595369807940120770e-04
2.000523718782613508e-07
3.444729620062174449e-08
1.795861490004171525e-07
1.200237965931812193e-06
2.977978935000458372e-05
4.584856180226218499e-03
8.593814405193892503e-01
1.215534903644174408e-01
9.014594892028096666e-06
4.028555621548323192e-07
1.811491498357153783e-05
7.968626193397624062e-05
7.076375595394981510e-05
1.958768168447748100e-04
7.934980262894204405e-05
5.027775159288794265e-05
1.980442139900838211e-05
1.884675432360707669e-06
5.808586860043304288e-07
2.462608946342249580e-06
1.453391075559673221e-05
3.379897730588926223e-05
2.077378413850008629e-04
7.220884822688102000e-03
1.473176524833980788e-02
1.192030093360546585e-05
2.188171672276699346e-09
3.436576954126648976e-09
1.504772963369245215e-06
4.585066716571137876e-05
1.002273871100349599e-04
2.329415222037282756e-04
6.612715909626533568e-05
7.732073090164051280e-06
2.634430992613206019e-06
5.049498703132054718e-06
3.902516270357020081e-05
2.785952161671404197e-04
5.198232767175896924e-04
3.356942942370815734e-04
3.461907339457221408e-04
6.662599485012973529e-04
9.983677350097786582e-05
4.402500868914596491e-07
1.999259296446241015e-08
4.143567334049254969e-07
4.671024549746859790e-05
3.507694960106897309e-04
3.952435014476344839e-04
5.282104653556024543e-04
