4.021735550019212013e-02
1.854133555059255700e+00
1.790666993527439965e-01
9.066523742434364763e-01
1.007356780956949471e+00
1.914854519695725595e-03
1.722564698290370564e-05
1.060882230040110311e-05
1.278809790726512019e-05
6.965489591140529215e-06
3.610071335699989991e-06
3.032953344819135247e-06
3.934455375673553604e-06
7.158003071119553336e-06
1.404528202230085617e-05
2.256506480770111128e-05
2.968868798013408537e-05
3.512920199613334322e-05
5.186069294482370854e-05
5.232910573940683513e-02
9.150167806194819953e-01
1.014454153377543300e+00
1.310674677229390316e-02
2.302178270627179351e-05
2.478505222822506006e-06
5.837289561271856637e-06
7.551568564410677719e-06
5.747802212261853699e-06
1.121477235662020669e-05
2.046857862726425106e-05
8.952221200024932686e-06
4.010998529631773362e-06
6.149044468071621577e-06
1.353599484687380916e-05
2.094591936386097395e-05
2.596376176780470103e-05
3.501827252210462324e-07
9.879461740840921838e-05
8.915610309786957399e-03
4.264811864369114774e-03
3.254318920194028500e-05
1.038474872637369422e-06
1.655809971035333294e-06
5.987805177363888864e-06
6.095352068490534879e-06
1.845038168744452686e-05
1.119065102725725963e-03
1.487894475426179350e-02
7.075914385234851386e-04
9.963321790640626712e-06
3.800291769511860272e-06
9.051464894497999886e-06
1.642398729033955185e-05
2.098413381012837039e-05
5.033487358629628655e-07
4.273283303435023751e-06
4.739471889793473965e-05
2.756628347141332127e-05
2.912902745003610685e-06
1.682589932849179645e-06
5.338001329251321053e-06
7.590043911971112165e-06
3.545400975031200683e-06
2.212049842416207257e-05
1.400911644551714082e-02
9.418754229369614706e-01
1.545299616439066957e-02
2.682567262961162746e-05
3.822966182817909421e-06
8.495618597708812458e-06
1.586066742789544610e-05
1.976579365396625483e-05
6.121704780962321920e-06
5.950818471783701602e-06
8.535378654196932953e-06
7.662453728230499454e-06
6.582057713185259096e-06
1.109750435764675251e-05
1.744931520263199567e-05
6.949554911914780280e-06
1.186206359658516507e-06
2.582232320603754451e-06
3.582586837980174200e-04
1.150094902534076757e-02
7.656440200497613337e-04
1.161613688306894987e-05
4.862512016765168057e-06
1.182617134745842512e-05
1.903626005099360596e-05
2.148876939766510111e-05
1.331557252364687610e-05
4.566820670723216916e-06
2.658317906672926143e-06
3.916950458048840349e-06
1.087677003806251329e-05
2.692842585826459357e-05
2.496081158881339139e-05
6.064643002061993765e-06
1.584428367657840210e-06
4.892187726262314336e-06
7.081485447656407975e-05
8.417702253821130506e-05
7.269293553633134916e-06
2.180399104470296457e-06
5.912195993871353895e-06
1.816642882060754135e-05
2.428977031918731408e-05
2.445936166568593589e-05
4.383513683215970765e-06
7.885885005668280501e-07
3.733782060040233828e-07
8.532246376362236508e-07
4.899706286744479286e-06
1.947126846002248933e-05
1.951362897820623697e-05
7.120534283588340411e-06
1.738200432009404711e-05
1.668448999393832991e-03
2.814217099045946552e-02
4.698450088948974987e-04
1.518967953061093404e-06
5.621097828645272469e-07
4.586469937383916569e-06
2.066571436653144033e-05
2.700419979695886188e-05
2.554409156594324122e-05
3.569079029887951738e-06
4.137383180021189325e-06
7.844174716492502625e-06
7.061320317125614518e-06
6.573310029454067346e-06
1.207360235346772087e-05
1.269014775796556523e-05
5.581333540419427363e-06
2.779884078254078866e-05
1.444603324162123045e-02
9.005594371676721721e-01
6.207527534769946218e-03
2.308629874181115510e-06
2.599664748043982177e-07
2.382094197139508492e-06
1.607820591068131192e-05
2.480656748842517456e-05
2.372636236069886338e-05
9.392097776226916546e-06
1.349791045509977005e-03
4.378490892271872520e-02
1.800348206509893396e-03
1.453686269806025422e-05
4.703669092048888697e-06
6.878258088334125139e-06
2.495748058279324931e-06
1.626699812225194278e-06
1.051653153785874221e-04
5.029111282730802657e-02
5.016887204831137204e-02
1.001322939080643995e-04
1.400806026484979135e-06
2.268237017551227091e-06
1.177142738896417792e-05
2.102928751044436131e-05
2.153987567782660842e-05
2.165334741656289565e-06
7.303751745707924049e-03
8.592840141590326608e-01
1.614354512853417205e-03
9.524187536496676307e-07
5.607594672543332085e-07
3.639582447323222498e-06
2.110407932711427762e-06
3.239471590975132420e-07
2.661945596594255971e-06
6.287021157605351789e-03
9.008458014772509070e-01
1.464144551911045894e-02
2.464719089255591587e-05
4.059621728312884759e-06
1.025373181718099176e-05
1.863252828694036097e-05
2.078473210076509797e-05
8.594340063063963679e-07
3.031565706899109515e-03
1.794933119629670837e-01
3.441131794892392302e-04
1.369361293326475992e-06
2.562012480491015841e-06
9.206356509302286744e-06
3.925076822674481224e-06
6.716590670662964457e-07
1.786712793779876267e-06
4.624416098904910962e-04
2.767263529426970681e-02
1.767262533639923612e-03
1.556877353330544383e-05
4.353283774501911180e-06
1.003380767238490729e-05
1.747467718152001881e-05
2.059165731782993368e-05
4.537436616558911779e-05
8.052138080132799358e-02
2.649048041529228570e+00
1.238121330859085767e-01
1.178399777264904982e-02
1.997957018409799151e-03
5.603394238241860497e-05
3.559843888244667327e-06
1.838674001075028373e-06
7.923173153706259596e-06
7.811528463662879450e-05
6.801621897632279966e-05
5.549788268059912339e-06
1.543708102946217006e-06
3.732292375139897031e-06
1.149735275107050241e-05
1.749491522033170629e-05
2.032879025982418889e-05
4.378534080244022805e-04
8.662238782962788930e-01
2.639205890904968044e+01
4.858800506759064497e+00
8.848033763046839750e-01
9.427167075713577954e-03
9.743445944284418811e-06
4.979975606550231535e-07
4.728254334020428584e-06
7.902792877035095219e-04
1.113472641440271631e-02
3.490479719840947808e-04
2.979627620389434888e-06
1.241201640094383283e-06
5.694201547673372818e-06
1.619848919155722006e-05
1.972615207475473316e-05
2.114251899655659244e-05
1.230394251641611056e-05
1.075826333611503982e-01
1.069433968893625320e+01
1.104386521651435915e+00
1.486604856459788904e-01
1.216576903983072454e-03
6.534162065027500387e-07
5.242152821934363483e-08
4.105753897059541847e-06
1.294944434710833779e-02
9.471751430200534561e-01
1.253698453646709746e-02
1.889610101931662325e-05
2.932890238921330723e-06
9.280776812938751683e-06
2.167191304342201295e-05
2.326640688274844498e-05
2.340283083477718453e-05
1.501552203678405357e-07
1.956667302720804574e-04
2.579328607960643810e-02
7.814973181535411761e-02
8.033300046514689763e-01
2.387064287477834446e-02
2.269306673918339977e-06
3.108220146575530137e-08
7.193666888142634844e-07
4.444573635951411272e-04
1.208373856314653300e-02
5.137161508371063676e-04
5.519728386170717918e-06
2.101031288046947517e-06
7.257680388757943286e-06
1.815752732202725669e-05
2.269610129992699794e-05
2.517916792131182866e-05
8.980661862272034089e-08
2.999455463015586306e-07
1.313475831014013628e-06
6.093055692251845201e-05
3.072933710907062646e-02
7.161081584228401464e-03
2.266297727539285255e-06
6.703408364460136366e-08
1.243973257534537450e-06
5.423485163211191386e-05
5.131186848285803481e-05
2.538389327806697293e-06
4.795247561201780296e-07
1.051905428487637965e-06
3.832473875690156027e-06
8.726540950479972814e-06
1.512824756886556097e-05
2.366726107732235757e-05
1.401497434096813807e-06
1.183005535408901747e-07
1.485746795441380240e-08
8.268988866995133799e-08
5.157152091115169695e-06
3.343090028089032959e-06
1.080297371226587426e-07
3.961147639053000634e-07
2.797208788433051081e-04
1.545505581607871035e-02
4.317102689125026428e-04
2.400725532619901509e-06
1.849298719558480303e-06
1.345413731972214220e-05
1.336595892062457295e-05
5.821600525897342028e-06
7.898955805474653310e-06
1.901203986437064469e-05
1.202517358878114393e-05
8.986056157280728868e-07
1.242823899214304275e-07
4.546562351252457033e-07
3.676377044339754040e-06
6.949539825710450008e-07
6.284011720671226282e-08
1.946723407191155671e-06
1.460257592591376538e-02
1.936467064982022146e+00
1.442422335716317741e-02
5.539187213842906729e-05
4.680216524676692998e-04
1.353491118989009340e-02
9.981787539541408290e-04
1.269187586611086465e-05
4.831713853910121661e-06
1.475612833664428919e-05
9.376183264338894887e-06
1.483529356333260921e-06
2.134901648432439683e-06
2.748309153185713675e-04
1.384169953511391743e-02
3.915396289067655253e-04
1.010416889590480070e-06
1.288362033530289258e-06
5.208763446138189044e-04
1.654047594758360426e-02
6.210029441692434954e-04
7.409075753641649351e-05
1.289538170473611585e-02
9.410929563512571150e-01
1.450472851743933068e-02
2.320805921857163105e-05
3.961720332801423791e-06
1.336790838198022736e-05
4.224233286826477975e-06
4.400752229073478945e-06
3.997032021360673429e-05
1.176135502869173240e-02
9.314411554736643506e-01
1.792360131609195203e-02
8.327833136315318226e-06
4.286120932771692378e-07
1.873524149642823653e-06
5.309354645356560267e-06
1.887317706892982769e-06
4.370870848028643341e-06
6.095019261074191910e-04
1.538726431692423284e-02
7.402453734975501061e-04
9.386492748564667944e-06
4.312882204173591844e-06
1.579445385498056667e-05
8.308184598153180571e-06
5.962282018896299845e-04
1.681256117483225995e-02
2.463778760136562523e-02
1.020864722526905813e-02
3.629369044572289564e-04
3.736243094079658529e-06
3.932299086165509596e-07
3.169265077774057815e-07
2.977050774611666838e-07
2.461902296288842635e-07
6.245001070447330587e-07
6.457474790292434562e-06
2.694042929717968649e-05
1.150027026072414619e-05
4.275924338062020589e-06
7.310180350993176613e-06
2.233343286273153694e-05
1.526504000364345442e-05
2.147540158509980007e-02
9.139577999504441275e-01
1.311440504874504358e-02
3.153161832522598847e-05
1.441900997738880423e-06
5.977761962897766036e-07
1.002049925587725506e-06
4.295796337641134663e-06
8.911119988883430999e-06
3.221896865665260499e-06
1.165205254249160120e-06
1.631044978467346860e-06
3.374748135345654530e-06
4.853114466177657457e-06
7.366343626167174402e-06
1.481971503055779010e-05
2.878979010261081741e-05
1.444731495982770142e-05
3.285437674240920466e-03
2.184077696039751770e-02
1.435314566676065915e-03
1.269046205664817871e-05
4.113547580826448347e-07
2.815651585858843891e-07
4.664893961306867774e-06
8.292390012480549974e-04
1.438423968326714777e-02
7.099664242762984733e-04
9.029847521194544241e-06
2.862973767695078386e-06
6.319094566578200962e-06
1.209803976766766608e-05
1.634675012612193595e-05
2.134727303811371541e-05
2.946181114581589836e-05
2.743786323248335879e-04
4.854328503773239906e-03
1.883218858509301498e-03
5.907080230617337176e-03
1.747228472873124530e-03
7.027516933438334855e-06
3.784279376327076864e-07
8.825164080556554801e-06
1.419351147663856956e-02
9.413734211049326062e-01
1.486601250298136799e-02
2.825668603226202981e-05
4.433200250883811143e-06
1.112918088745199956e-05
2.133395135301289548e-05
2.213373235932229150e-05
2.265747814477522809e-05
2.861248141244912988e-05
4.033344514626870797e-02
8.819354135666556127e-01
1.303971348150790022e-01
1.894300762604870236e+00
1.026004045645866336e+00
2.947648313988392990e-04
9.899126291592112863e-07
3.383088499248042325e-06
6.713783890610598801e-04
1.481935972402655816e-02
8.177664203034895390e-04
1.218052548171375919e-05
5.278162749357647806e-06
1.484426645437119862e-05
2.588299226715271855e-05
2.526144257198468303e-05
2.554286213083945656e-05
3.209287475947585067e-05
