1.527029047411718288e-05
2.139366491241203455e-02
7.032290881578827368e-02
2.446757319515667495e-02
3.051310803946484258e-03
6.342669362570396108e-06
4.929704881384373409e-07
6.627923629064219743e-05
2.982036983506020523e-03
1.444838686678963717e-05
9.976664455208910978e-07
1.271612706078774023e-06
1.482832332220491345e-06
1.918017044042071798e-06
1.996495923317590343e-06
1.956257769893459487e-06
1.848067980443877910e-06
2.762960756152864885e-06
7.781738088489739691e-06
3.020933748579517769e-03
1.225496886081070026e-02
9.154101040691232927e-03
3.038605125580818092e-03
8.737154241554034398e-06
7.035240003281593087e-06
9.054217243781231134e-03
3.162201987227530962e-03
1.565100946201561968e-06
3.537422640246006924e-06
4.435991686460930429e-07
2.097110865951316339e-07
7.807448655991559624e-07
1.056451339931540313e-06
1.236870971646038182e-06
1.171518248306630845e-06
1.845466769336833451e-06
4.995154825291753482e-07
3.575727640577974433e-05
3.044809675771313791e-03
1.733531853473967106e-05
1.394891736800288868e-06
2.992693664670257855e-07
1.308966024333926888e-07
1.389521290216491254e-04
2.873630936503015609e-03
5.662427466051032389e-05
3.006371177188429597e-03
3.723009184232163810e-05
8.121442500719015225e-06
4.669201478267000643e-06
1.014105706156071863e-06
1.252784510648244082e-06
1.266993600832955658e-06
1.923701629324116079e-06
4.221754253238570784e-07
5.512771660933649772e-06
2.968724325690588490e-03
5.941399582477819707e-05
2.728278116610486944e-07
1.746027320933657674e-07
1.110943673939022751e-05
2.950388723061650020e-03
1.387508109471840092e-04
4.395095223508252419e-05
2.974859522786134965e-03
1.227790808485982980e-02
2.983698942282902652e-03
8.530000694568203934e-06
5.657587516426969696e-07
1.142578329920067230e-06
1.325921954323041318e-06
1.940055768506803447e-06
4.550821109272169509e-07
1.958833403824097235e-07
1.159984268948219786e-04
6.009634236932410133e-03
1.586351734916723307e-05
2.958722823721109784e-07
1.017438379424115179e-05
3.064496827403238258e-03
6.054239438562104489e-03
2.918616652500248890e-03
1.908340258714818463e-04
2.930423357045447603e-03
3.152107397328779165e-03
1.226008536215939444e-05
7.610321639170087649e-07
9.967006340969512802e-07
1.355264569384650451e-06
2.040180348075755067e-06
1.029212910356607499e-06
1.385148104271941464e-05
2.953748922094681824e-03
6.358160059303056297e-05
3.575255619704345209e-07
1.701212418077694952e-07
2.916301806084790772e-07
1.350493420138999932e-05
5.756893686315705508e-05
1.117204367112790991e-04
5.940933118875832593e-03
1.099471301164901425e-04
6.013740431071686217e-03
3.034633630079800522e-03
4.451105518273016023e-06
4.028560477540005156e-07
7.092954304102700142e-07
2.137223396165125480e-06
1.274706960374670301e-06
5.375571296179960510e-06
2.245562692739372775e-05
1.635032824989139159e-07
5.402727545048442404e-08
2.213504750344575213e-07
1.749211188527605864e-06
3.065149083672066756e-03
2.936748365489931165e-03
1.797019531463476147e-05
3.052367442013999461e-03
6.332294388644327688e-05
8.961033014466229758e-06
1.964011817450044006e-05
1.860865652739596395e-05
3.036042225847573558e-07
1.018735372555009017e-07
1.302358643865218769e-06
1.512636791515625672e-06
3.662149765627975882e-07
1.665029921177470190e-07
1.486880553356726739e-07
2.372355483552986858e-07
2.436505440970482732e-07
1.522624886541719562e-05
3.035773056804537927e-03
6.972783248912391976e-05
2.666477676650180843e-05
3.066165331032192146e-03
5.994437743425624042e-03
1.339290817558188689e-05
5.329883399918612164e-05
2.950627604259659174e-03
5.934957210478085735e-05
4.869079005955127764e-07
8.244832159713424413e-07
1.788260948486354352e-06
2.769275838854038038e-07
6.015137462575306009e-07
1.302737934514697369e-05
2.232638973376969730e-06
3.084393824761509408e-06
3.076430919890623100e-03
3.013072572012273805e-03
2.926848351146672301e-05
6.014185295063177901e-03
3.092849132037305514e-03
8.176975433505584087e-05
2.885798722185305514e-05
2.939850480245079743e-03
3.203351394144209573e-03
2.948210599710326691e-03
1.884986694411926487e-05
1.074682625302678573e-06
1.535178276644041190e-06
4.623561700038862358e-07
3.005602321097977742e-05
3.003211711556931854e-03
1.006830424756863574e-05
1.065968922491454620e-05
2.992656092909315446e-03
2.909590659264581916e-05
3.209970922558696102e-07
3.749429344279257723e-05
3.044868002133695618e-03
2.961429171203678202e-03
1.186441993965251001e-05
5.003512487187051171e-05
2.978230048707332985e-03
5.362264551387757605e-05
3.960471746788145021e-07
7.110630082584008689e-07
1.267043187779986440e-06
3.102160457764430873e-06
3.033179144741007804e-03
6.142659345671748136e-03
1.127171523282910189e-06
7.198836215226446828e-06
5.177380726868449688e-05
1.593043971194427289e-07
1.422737217504858665e-08
6.303067640995388103e-08
9.751961175406522301e-07
4.551333016505321161e-05
6.802032519407291731e-06
1.419988769877290426e-06
3.048760035481020217e-03
6.013062259348742596e-06
6.074406600415442434e-08
5.863606255098136809e-07
5.485694153712490782e-07
7.703903351192484879e-06
4.895247202741488668e-02
1.520562718866570739e-02
8.226719821041812079e-05
6.064376284259970391e-03
3.006629856643821663e-03
3.749925453369513238e-06
1.431881664201164420e-05
5.527091663847267496e-06
3.969865980585745558e-08
1.849005055938436420e-05
2.971567403993708324e-03
9.290643955263212024e-05
3.003908708901173886e-03
8.591172650281239190e-06
1.156975254942696844e-05
5.850518159532664768e-06
3.379555291221166582e-07
1.862661674247271263e-05
1.130774608076780818e-01
2.763585733462937608e-02
9.068193650130633790e-03
1.226990236071996872e-02
3.091366063803831048e-03
3.137677761865547468e-05
3.013313272263598921e-03
3.021652344671591720e-03
4.882568462847745942e-05
3.036615220107844165e-03
1.225402880224402136e-02
3.025698308791683905e-03
3.005950092240182361e-03
1.138522923097948523e-04
2.952180634482951850e-03
2.517718151273483492e-05
4.582624578130321392e-07
1.110448190551902203e-05
6.729149444753133869e-02
2.439446204569446428e-02
3.479523815606241118e-05
2.286700792694017432e-05
2.952199893243261444e-03
1.987183826220943243e-05
4.172018283862070718e-06
3.729750542891918885e-05
3.006001481099490006e-03
3.036553554835987479e-03
1.120759699723806716e-05
3.021193059367250082e-06
5.145874669407959499e-05
2.951226551629560976e-03
6.294286518045528144e-05
2.517684235586233448e-07
1.064567641355591395e-06
4.152374552780374267e-06
3.027393032365805099e-03
3.104471146435004887e-03
3.987625600601608069e-07
2.253163173648998242e-07
7.068713090959716390e-05
1.275723385099148106e-06
4.588171109547824603e-08
1.934681649453971447e-07
1.264312054909701833e-05
3.124757443480469639e-05
1.717147165094766609e-06
4.196106086518993810e-06
3.938432077678657680e-06
1.632345226717086373e-05
3.737464955711239416e-07
1.193034277045530919e-07
9.590327108104177403e-07
3.474068284915378184e-07
2.814757878835186109e-05
2.988499926490984122e-03
1.162318817619630522e-05
1.301383820850298714e-05
2.973597115832064125e-03
1.223367117579380753e-05
1.373970594861966930e-06
6.279626091468333699e-06
4.896287686496310103e-06
3.009438577992953976e-03
3.099890963744700908e-03
2.998223565113855831e-03
1.110019680398251966e-05
2.715125104059414135e-07
3.847283836428978370e-07
1.286796213075672053e-06
2.994717939264618022e-06
7.710641553431372478e-06
1.327766145972775208e-05
1.844666977329046143e-05
1.613265970956716394e-06
2.696056272772134157e-06
2.525209804031810715e-05
8.837292699874623094e-07
2.661173096725879471e-05
6.038736522904820415e-03
9.613754400433510044e-05
2.999607200589694649e-03
3.039334865463250851e-03
3.088931084616285388e-03
9.084370483939958790e-06
2.480336904975905867e-07
9.027068822800667126e-07
2.282770921885485124e-06
8.853720388769446725e-06
3.024104475841444054e-03
9.155368130943869129e-03
7.112136350703559111e-06
2.498173016702301186e-07
3.234311756738005274e-07
1.192043321091151414e-07
6.622004976227447539e-08
3.927127472927162875e-06
3.053237771254785175e-03
3.016179943693782315e-03
1.267150276476342487e-05
8.712935317079965143e-05
6.028023094577187636e-03
1.452132536737729600e-05
4.307507358984624405e-07
1.079001255554082963e-06
2.054774620021120819e-06
6.139207063214256051e-07
3.365462245757634756e-05
3.026396502831974183e-03
1.290736262914546874e-05
4.430532201829414026e-07
4.023426867482963192e-07
3.740741321329600000e-08
2.479346147641086656e-07
6.561669216426676258e-06
3.575950391886924598e-05
1.221087100566520603e-02
4.332887328166011592e-05
6.005598123400673373e-03
3.122525126561523975e-03
9.125057515111847562e-07
3.787541484948683442e-07
1.212997884523133077e-06
2.019931582994027393e-06
4.702490311358765232e-07
4.806082516765076079e-07
4.960127539491437722e-06
1.087124253393757803e-06
3.501766174156753704e-07
1.530337029326785364e-07
1.653713371585638900e-07
7.346364046197545765e-05
5.983722105742788136e-03
3.188118958887755424e-03
5.957102875542606875e-03
1.002166381191446599e-04
6.107939922036516311e-03
6.102737328064749417e-03
3.199282224132989161e-06
4.649407523539616827e-07
1.175657615268703532e-06
2.028486164037276579e-06
1.782937996350203111e-06
5.087044579778560911e-07
9.084210894961635355e-07
9.888689345898959106e-06
1.013170641990910226e-05
3.455858058937222924e-07
1.887529502675524835e-05
2.944696388390308749e-03
1.510452405803602816e-04
2.850951535470624878e-03
2.140491471372813457e-04
2.925048050823702856e-03
3.105891763593547714e-03
3.010916109515246897e-03
1.760948371360042123e-05
5.206550964738256812e-07
1.031043767237335038e-06
2.018430011129081617e-06
1.434299482494377132e-06
2.185788494111400215e-07
2.895319747218239942e-06
3.052263696360381622e-03
3.008002465114565857e-03
3.318785228397831558e-05
6.548872336400069451e-06
2.832516098442580792e-06
5.622602434665584147e-08
7.565143236509919264e-05
6.038571544790102309e-03
9.174348660633357619e-03
1.733401744754176381e-05
5.280532317102346049e-06
2.315972165965123816e-06
7.075355944399277897e-07
1.152566028260222492e-06
2.010427790819900855e-06
1.494796044462970541e-06
2.290987553513523697e-06
4.396837317749235598e-05
2.987967441831675206e-03
3.165856949819862830e-03
2.953382531851366389e-03
4.317760883352203988e-05
3.281681508313667741e-07
1.080405949805599467e-05
6.067850967055280972e-03
3.071872948165969147e-03
1.256309894412168436e-05
2.052540574875241738e-07
3.960251235353839268e-07
1.032537026656810435e-06
1.172383069202968241e-06
1.271437921667302969e-06
1.950639364195020520e-06
6.661137592623801275e-06
3.054155635485898516e-03
1.828911035421979317e-02
9.259515319865657679e-03
9.055371029661399632e-03
3.170083820345022570e-03
2.978945731567827788e-03
3.457516484194497156e-05
6.088850859291853636e-03
3.065474755571623820e-03
3.845889360526017880e-06
3.219825129214796610e-07
4.464753063690691206e-07
9.974746038797983712e-07
1.288385846200713487e-06
1.269617421706301888e-06
1.178337221801715023e-06
1.846333027213114825e-06
1.360561260531801312e-05
6.091003294595156645e-03
2.755461224119403613e-02
3.358519498306190149e-02
6.156218777985191654e-03
3.029231389637353049e-03
3.040670231693266660e-03
4.489896432907414969e-05
3.008720824373131274e-03
2.856709614283010608e-05
2.035105708269773017e-07
8.386180090133553854e-07
2.053342615558677943e-06
2.123322088219039055e-06
1.989599650148186908e-06
1.924515430624450287e-06
1.843313432618038029e-06
2.763352084349418370e-06
