2.183398414413264144e-03
6.584326551270250523e-03
1.534023077888695651e-02
4.386277702166888927e-03
4.392584542093978806e-03
4.379220608743401681e-03
2.182693141157408551e-03
3.295576368611408472e-03
3.288576621030060796e-03
1.082462711028380885e-03
1.730002908192983073e-05
8.356914423667007632e-08
1.062292788447299247e-07
8.432932458600440035e-07
1.079023798767343766e-06
7.870644582349171563e-07
6.252410242595153452e-07
1.355051812459126224e-06
7.653211714308274870e-06
2.190646081097855080e-03
2.197637887738477028e-03
3.295209049386943218e-03
1.076437099965554681e-03
5.848690534624799641e-06
2.214752005452095177e-05
4.369005077664222733e-03
2.192305296906455012e-03
1.123669925463283582e-03
4.344871214665960504e-03
1.964887889638814494e-05
9.075918702689223166e-07
4.521956653714180339e-06
7.168368628304219472e-07
8.496005753289019990e-07
7.387886333491121880e-06
1.254951157987334438e-06
1.644796297877709943e-05
5.456289048547248270e-03
4.401099075821412847e-03
1.078586538471084646e-03
2.125706138709702842e-05
7.994053343497105097e-06
1.073994448980009845e-03
3.301621125138285394e-03
3.289998087265418123e-03
4.357298219001494791e-03
5.525515179110446901e-03
4.355333867500201309e-03
1.104240350314164868e-03
1.081961840176841067e-03
3.689995746693066347e-06
6.711201767864240805e-06
1.073172474321169856e-03
8.376022099029861883e-06
1.074951867414675232e-03
3.320374333520672520e-03
5.459176766380520289e-03
5.500328345385588694e-03
2.177174310081650931e-03
3.283972988913388697e-03
4.388796042358178960e-03
1.095344782778225967e-03
3.284822162990752581e-03
2.219342161522786915e-03
1.050850106097135942e-03
1.318819852154709538e-02
4.380334766367318181e-03
2.197630984497407972e-03
3.233306261549510694e-06
4.496322819440386008e-07
7.525940625346499687e-06
1.416446168326698150e-06
1.551781514765730762e-05
2.159675779587874947e-03
9.896293503713994577e-03
9.844856266063460246e-03
7.687486348758704527e-03
4.381719532577553304e-03
5.494597249240887847e-03
3.284570766787785288e-03
7.681581661169443673e-03
1.058435625309499858e-03
7.033157873885001693e-05
2.131868837145420997e-03
8.794992073114236628e-03
4.368874303631350986e-03
1.780328488787909335e-06
2.822111652946562343e-08
1.407783948764200588e-07
8.201236116026638202e-07
5.263410341415351082e-07
2.220679367155515335e-03
1.202729000727070265e-02
3.315817789703082424e-03
3.274376379567059923e-03
4.400873855634432688e-03
6.546415855371563383e-03
3.297933070915339861e-03
2.184717051271435530e-03
3.325056334738681063e-03
1.029025549882100609e-03
6.018444188315564793e-05
6.564305105103993530e-03
8.769648936814262996e-03
1.857583660362373981e-05
6.710703003430665708e-08
6.736690123068449504e-08
1.260668072801754873e-06
9.339969194056761581e-06
6.535425996581366997e-03
4.425343037609863993e-03
8.747689322946819793e-03
6.583935716216912128e-03
3.279271969103056319e-03
2.783820524456394574e-05
1.100331068995661797e-03
4.380880205910649833e-03
2.173325069193102459e-03
1.129435960055844967e-03
1.079181527020207009e-03
3.259719827585249360e-03
4.417020265123755215e-03
3.240159626031227993e-03
1.855254452631476314e-05
2.012135580274911449e-07
7.402525105646832234e-07
3.863859888241871576e-07
2.096990288164409861e-05
4.376830404265720682e-03
4.366143222093276342e-03
1.140636534104630092e-03
4.334057473626916866e-03
3.327720305090036291e-03
5.423607733986268893e-03
4.420895808061123429e-03
4.383659302371156578e-03
2.190462476329496470e-03
1.075928693970634731e-03
6.036691631586125936e-05
1.051110315863449827e-03
2.252649089603398717e-03
2.165620128732046769e-03
7.091707187000966603e-06
7.115624432244187538e-07
1.614019174686666334e-07
3.252504041602949321e-06
4.360591458522937967e-03
1.150990463560751806e-03
3.206100654041500134e-03
3.392473468954044884e-03
4.287625157487760449e-03
9.742513263974839717e-05
1.046490496438616741e-03
3.283662042198364286e-03
4.391999191963535075e-03
1.108507707857115700e-03
1.054574364464244554e-03
3.305738937574427289e-03
4.347307135268549741e-03
1.097969303596431703e-03
2.463793725009594370e-06
7.273249661558900003e-07
5.669959510681692758e-07
2.846208184937956002e-06
3.303117968568154879e-03
5.435511328902010303e-03
5.564468475647510459e-03
4.265295905904267944e-03
1.210745355025223680e-03
9.992540937733512645e-04
1.136731223269245956e-03
2.776200664491479164e-05
3.257886207061449785e-03
1.111263438241499001e-03
9.028552612902207710e-06
1.285355845717116972e-05
1.812015544726216476e-05
1.212007794508236903e-05
4.402042393629800967e-07
6.535027043156049364e-07
1.530908211760039604e-07
1.655677527385268690e-06
7.661035631820928976e-03
1.210460773895397080e-02
2.103887312123253056e-03
1.397469678426153776e-04
4.245958246922774959e-03
1.217251215123419435e-03
1.018677010691524656e-03
3.294547460094912356e-03
3.307465416689596774e-03
1.066123268216323918e-03
2.139575040250664732e-05
2.158899519154085320e-03
2.195548550960418639e-03
2.167266932547410978e-03
6.783370344509458266e-06
5.782058800398550948e-07
2.122415808119612708e-07
2.127925229070056238e-05
2.958626106914878651e-02
7.656721056163861769e-03
5.550666240065089442e-03
3.162646113197547983e-03
2.330428990023172223e-03
2.054648041223301313e-03
1.231759631666279418e-04
3.228669632052131536e-03
1.117608462646706071e-03
1.096999865283526448e-03
2.204652937799301410e-03
1.093191689897700901e-03
2.210523167756366786e-03
4.390508656521109609e-03
4.556395262814484094e-06
5.522142057986944180e-07
7.055501985577349875e-06
5.451661776235640008e-03
6.910726184561434560e-02
9.876129059172272101e-03
7.615798707483473727e-03
4.499784413331392278e-03
2.064527564449802031e-03
3.421844513309314165e-03
2.058661923916970098e-03
2.270016887092299492e-03
2.159614486401293613e-03
2.204785575952573733e-03
3.250069090016961728e-03
2.269618234921987523e-05
6.559489514988919509e-03
5.469911461019745860e-03
1.246313694774444289e-06
6.606964711439527103e-07
3.000494632134380629e-07
1.819418726561370002e-05
1.860254795746176318e-02
7.674513646916829128e-03
2.245192450209269625e-03
4.269690794061857531e-03
2.324458704449177543e-03
9.601446609399193460e-04
1.364416538781813132e-04
3.215426863046264624e-03
2.206044893012290738e-03
1.607190458341307046e-05
1.201877436348378698e-06
2.943323204962644630e-05
2.166030086189362717e-03
2.223547602162078210e-03
2.689990461346718213e-06
6.303326318260512217e-07
1.022151671733521940e-08
6.998872513354434168e-09
3.319348429690653163e-05
2.184377760508862849e-03
2.154253885176934426e-03
1.089955076832316180e-04
9.658150018594841056e-04
2.319444872161173943e-03
9.824656265455600831e-04
4.087349037095572133e-05
1.114513616990597204e-03
2.141624376295044995e-03
6.375607410365862480e-05
2.092316536877080867e-03
4.473048500751326123e-03
5.411423909127276340e-03
7.897673221423121706e-06
6.247400610172810379e-07
7.221175012978183702e-07
2.308480594416124627e-05
2.135699518827778500e-03
3.331972867138367506e-03
4.376760152306240909e-03
1.028616282557322801e-03
1.017598728631748182e-04
2.094472694206016457e-03
6.741939763079996288e-05
1.278534346157460959e-05
2.147813349583904078e-03
1.145542520111991931e-03
2.115361850887068334e-03
1.193273083984509192e-04
5.374516119867309843e-03
7.520540912215650439e-05
3.304135216102869666e-08
2.354165133816204273e-07
7.408278595853948376e-06
1.046646598366410491e-03
4.462700421628220185e-03
2.117919486007075087e-03
4.959566327676394532e-05
1.118573088880942196e-03
1.036435009536265705e-03
2.254466507861560640e-03
1.064353713612402981e-03
1.068962066397736175e-03
2.015224825335305473e-05
2.470255242229870281e-06
1.123434499579808272e-03
3.215074071967659753e-03
2.269734979216936951e-03
1.035738166508751472e-03
4.640760888190812910e-06
1.133587468791506445e-06
1.519036412071028143e-07
4.872196037304933174e-05
2.122428104584429213e-03
2.254931925476648825e-03
2.164426210300355799e-03
1.058989910228483712e-03
2.257474104215895661e-03
2.127452582274746377e-03
1.122667202165026626e-03
1.901364707330373112e-05
1.098071931925249718e-06
1.077538625371744687e-03
1.095025587268685192e-03
6.610996857650776846e-03
1.092694379091140207e-02
2.935121460103343684e-05
5.286545270078212072e-07
1.139266831307512667e-06
7.499609696787537110e-06
5.438580013274175312e-03
2.245169124193851368e-03
4.350123436096840074e-03
3.271006266873523628e-03
1.175707704587263111e-03
2.101621921096161281e-03
7.653517909009393562e-05
3.266119332717721483e-03
4.361564863006656655e-03
2.879755576356318706e-05
1.072871672648644231e-03
4.404015895695678057e-03
9.850770101695729974e-03
2.193889445803408160e-03
3.740441144133857221e-07
3.784968816675019942e-08
1.017950100430502032e-06
3.631997425610099192e-06
2.201108761632963526e-03
6.561233385322133224e-03
5.484630574918481632e-03
3.348004318982475760e-03
3.179129525665794903e-03
1.187730236986207473e-03
2.135791136655029471e-03
1.102446250867093356e-03
1.106965315966818800e-03
1.067601495390514037e-03
4.211404971185190752e-05
7.642971383096918911e-03
3.302178016444101086e-03
3.837938021845334529e-06
1.269429626253547850e-07
1.504537998809808802e-07
8.051708608733232608e-07
2.309092766736813911e-06
1.102894311428917256e-03
4.384663630492790370e-03
3.296116720414228683e-03
5.404483888446142033e-03
1.158321758150749806e-04
2.125584652706272518e-03
1.108982790514783951e-03
2.458473314008658689e-05
3.671871996592001602e-07
2.194083842325591973e-03
2.176029517541461407e-03
6.592990644558578348e-03
2.187416269386583539e-03
1.265695694956003162e-06
5.461511264432284243e-07
7.647486701913364926e-06
1.397059611888035333e-06
4.377241950694103814e-06
4.358668026025361991e-03
1.107009740239722762e-03
6.045062006216543521e-07
5.676478713632380693e-05
2.117226562602081072e-03
1.095991452906065885e-03
6.691455788444689435e-05
9.910804763482402354e-04
6.814425942150062867e-05
3.253260128285848530e-03
2.216115501817041318e-03
1.082124168814922391e-03
1.091004421173077986e-03
2.973240233290727025e-06
7.338658474768123848e-06
1.072769835343857130e-03
8.500718931364830585e-06
1.193151153570382312e-07
3.883671319652147875e-05
2.151681415048324175e-03
3.574996387481359542e-05
1.031705864196802609e-03
6.567869605701681082e-05
1.437297117629961156e-05
2.116998701534623939e-03
1.166667558961301509e-04
5.401168601108285137e-03
4.418237302836495670e-03
1.081327137642330459e-03
1.352078643259353051e-05
1.580196384218105413e-06
5.557172533551383000e-07
9.523904016327974491e-07
7.562262111797877814e-06
1.329507949551608048e-06
4.213668028757075141e-06
1.065881727759046679e-03
4.417721799769861769e-03
3.259964268723062643e-03
1.141020328309601478e-03
1.035977031211204186e-03
1.735568049859376321e-05
3.303671685684305120e-03
3.235855663348117910e-03
2.758937941663711568e-05
5.930356335860341217e-06
1.077122963765015729e-03
5.462791548381246849e-06
1.165982727675081244e-07
4.242990530581364374e-07
3.630835077972141310e-07
2.384626585965025576e-07
5.905580794134118820e-07
7.879424103060919646e-06
2.191366552063523515e-03
8.772022116941599612e-03
4.375990624078646141e-03
5.397424062105305278e-06
1.134963237142223782e-05
7.064996909642507337e-07
1.528481430744601926e-06
1.328345258346091171e-05
8.679113134031177687e-08
7.997208845026599707e-08
6.911615862307420626e-06
1.687625410745118371e-06
6.883391133503355203e-07
1.523091934452301872e-06
1.417212072826127031e-06
1.063843196085902351e-06
2.187370024170921626e-06
