1.073230013897242687e-05
6.966078034639544385e-03
4.021531489597186815e-02
8.724375931015583563e-03
3.532777477867938762e-03
5.201801553314239733e-03
1.761433695499431233e-03
3.497373857112498399e-03
1.727376066890775339e-03
1.576805607029504270e-05
3.098763249534674800e-07
4.496038077955853788e-07
3.404986029219278348e-07
4.439140866096792886e-07
6.939536744692394478e-07
1.084897700009079877e-06
1.405320167447369038e-06
2.103990441491840316e-06
3.965944231506670278e-08
1.155280779812039586e-05
2.448436753811231853e-02
1.048973903882241196e-02
1.693915239408712303e-03
5.014398389322485887e-05
1.744400720562577604e-03
3.471230283228434691e-03
5.286927627528594485e-03
1.716299132698595725e-03
1.399005754064656209e-05
4.268783060376447345e-06
3.650369109238420597e-07
1.366322818092918334e-05
3.439883339153860257e-06
3.536868128957939495e-07
7.017464550060832306e-07
1.379139884798027753e-06
1.319765979282925089e-07
4.277971144218716329e-05
3.404041067675217438e-03
6.735746901457722897e-05
6.622007557858242020e-07
3.221637701468708288e-06
1.703955573770706130e-03
4.863844469581030398e-05
1.691668728231363788e-03
8.743556607239650474e-03
8.770149153117443724e-03
1.683001377888378733e-03
6.658812233469195755e-05
1.675101308736071017e-03
1.233332596389952907e-05
1.865267196439670152e-07
5.539075412372495231e-07
1.542851931982856472e-06
1.519004711183588827e-05
1.663059693499991743e-03
1.381511753163450857e-04
1.642296830015446468e-03
3.928163833663676237e-05
7.113767355950892137e-07
2.999663940089722713e-06
6.891960967253389067e-07
2.825388538493425801e-05
2.497049187989045261e-05
8.670042811767770391e-03
1.232614352516424837e-02
1.670185924969840334e-03
6.490850005365840253e-05
7.528558303139406643e-06
7.401022659138927259e-07
3.937236354485934781e-07
1.405331036366667273e-06
2.053396509136218720e-07
4.755718029354955213e-05
3.397421406795793960e-03
1.821070577793794734e-03
1.693406271404153222e-03
1.438415981425875203e-05
6.534255883063366967e-06
1.541760707882670420e-05
3.423370744925655247e-03
3.897290263299504627e-05
2.513945752332867568e-05
3.430286959554313883e-03
1.402740087706302527e-02
1.724465863659761008e-03
3.455056369722575224e-03
1.248695000171395840e-05
3.265664769795547131e-07
1.260271376785905501e-06
4.647709177948408052e-08
2.418865028857420030e-07
1.511742834695388235e-05
3.591033796654074390e-07
1.171768223100020379e-06
2.420861114231211020e-05
1.694422667504229957e-03
2.237970453944853428e-05
1.794524590165283429e-03
1.694261638319830010e-03
1.042582725453728333e-06
5.585421319091440960e-05
1.219105868379363571e-02
1.776910796366570162e-03
1.338122435428277595e-05
1.789815753626028150e-07
2.140353533546291970e-07
1.481254916677344347e-06
5.620617052942956510e-07
1.116277592099480672e-06
5.339196517353408850e-06
3.287715831471368990e-08
1.265056051980705065e-08
3.625361349824470666e-07
1.202945558915393164e-05
4.209236213810604857e-06
1.699255034395771163e-03
1.791166147976640125e-03
8.378262249351890164e-06
3.453524487817229236e-03
1.775833090679322223e-03
3.458536847120639163e-03
1.956468775503351773e-05
5.607382557420528618e-08
1.250053010223205689e-07
1.184559400343728466e-06
5.913425640489604994e-07
9.175356748382919536e-06
1.707544988534939745e-03
3.087509306113746195e-05
2.015947199805586619e-06
2.952388665659560796e-07
1.282432200893036858e-07
5.747391763506185936e-08
3.883332423601383029e-05
3.427468885601666574e-03
4.799684965627398704e-05
1.703303453658201912e-03
3.941715173563109807e-05
1.049798802540545702e-02
1.705366192733965983e-03
2.137461155428134927e-05
1.342713076311984971e-06
7.726228709649851183e-07
2.236120359121874879e-07
4.091636144038903123e-06
3.529817911125910593e-03
3.453755689789712955e-03
3.490108770890372383e-03
1.822787160922280337e-06
1.244174105582329081e-06
8.829843418391569505e-08
1.735284359885949235e-07
1.060487884610613791e-05
8.336733007035895916e-07
1.940411627384995978e-06
1.133081265203651109e-05
6.918760856408308346e-03
1.854280962402541158e-03
1.682760208759883670e-03
1.275061609405647305e-05
6.549859951425758625e-07
1.715015427161046846e-07
1.405649918789409381e-05
3.418561779580091102e-03
1.006302126188638710e-04
1.680257931495248011e-03
6.458586880506848903e-05
1.717643835835182351e-03
9.891592711865699656e-06
2.988899260953347175e-06
8.645583825152882196e-07
6.336429267045078230e-08
2.921035898507847979e-07
5.892414020662946580e-06
5.149455804447684458e-05
5.145877876244408719e-03
4.080505557173396834e-05
1.018604665208022938e-07
4.787924698828560592e-07
2.703881931301420439e-07
8.629041433276333215e-06
1.783157105769922176e-03
1.696079093659429464e-03
3.523518806595952145e-03
1.723694058662503682e-03
3.452619999524396063e-03
4.344142279531649755e-05
1.712387310588794160e-03
8.860150539628234743e-06
1.209801532756371933e-06
1.748127270433088909e-05
1.708880380301029678e-03
8.823075856331041804e-07
4.664971416989651320e-05
8.149599898838399695e-07
1.611074945182658504e-08
8.151011483902252946e-07
5.489857138615579394e-06
1.740317866513388942e-03
5.241702911896583411e-02
1.927069352968892313e-02
3.453437248281233420e-03
5.494615679106246582e-05
2.626772708387910159e-07
2.939433547767864342e-05
1.688029338123312947e-03
7.460919465726981224e-05
1.680725858526014270e-03
5.456231973010632676e-05
3.437312852177542601e-03
8.577291324427584749e-05
3.405435120699157325e-03
1.118067906895719661e-05
5.794037291161208992e-08
1.059986888335939929e-06
4.469263902348444213e-06
1.732269309921332127e-03
1.171612072223645884e-01
2.092805094945100058e-02
1.055783864587556999e-02
5.133674840802267617e-03
8.881406145593783938e-05
1.654819197475745473e-03
1.840175223404363685e-03
3.438768827204682823e-03
1.751028201954448133e-03
1.697608133339074458e-07
1.973021253191804505e-05
3.434027230494874575e-03
1.228669562030557799e-02
1.836024714908008509e-05
2.167500327587447069e-07
1.049291670936289379e-06
1.659120642705432804e-07
2.124710642552829715e-05
4.367309559229743537e-02
2.102175853887693069e-02
6.929554588745038927e-03
9.749797779258339702e-05
1.640211242452520660e-03
8.912613802091239404e-05
1.650028412398720206e-03
3.536304337912800702e-03
1.229647183578492969e-05
1.365218102065816931e-08
9.202194484297409853e-06
3.344309572779291209e-05
1.045111306150455291e-02
3.468171191492509711e-03
3.795079814803742503e-06
1.365342024769321756e-06
1.242710596822148582e-07
7.062128658425752738e-06
8.717352226634549062e-03
5.256590702506295544e-03
3.479720900814270781e-03
4.548092663097741550e-07
2.307351071809183484e-05
7.888347807656230541e-07
3.930288739057996052e-05
1.759274404095316361e-03
1.670754513678784610e-03
1.024610604526702206e-04
3.372534809030762470e-03
6.449414095905688224e-05
1.736466015738524294e-03
2.905914505196824696e-05
1.476281847592041366e-07
8.795026167473482544e-07
3.687141628942887375e-07
6.820453575605925028e-06
5.244500986175753936e-03
5.278587774535721533e-03
1.700499973853288006e-03
6.654406155818210031e-05
1.677153974965514809e-03
2.890165538921215935e-05
1.682506447379067665e-03
1.760033065619189159e-03
4.327110216424342754e-05
1.640501164821728470e-03
1.871307191683389218e-03
3.438188925980514062e-03
8.721762702108832102e-03
2.039509761917492810e-06
7.761101629009950453e-08
1.076048409101934595e-06
7.330542779681402024e-07
4.978144602445348369e-06
5.221612268558339237e-03
1.706770898606191876e-03
4.460277074797605297e-05
1.689131180059712549e-03
3.434689638399787074e-05
9.432658204805348005e-09
4.624196306679549445e-05
3.471600567676959292e-03
6.124264150053590492e-08
8.939608509813856045e-05
1.627840725180996822e-03
7.047873265481013547e-03
1.761311478821704721e-03
2.554408059648532220e-06
4.588572565162636361e-07
1.528979126915727084e-06
7.612276141924795766e-07
4.064131961999379952e-07
2.568852575753050767e-05
2.898263322291647922e-05
7.329837264257162773e-07
7.494406415553352924e-06
2.071328390913856742e-07
2.006715288596082783e-09
1.984017692972588422e-06
3.418415943782648556e-03
1.054239691724223935e-04
6.826727995049603794e-03
1.646741772453317362e-04
2.090011529867557075e-02
1.732937376794575074e-03
1.140474951313197216e-06
5.980842259585264047e-07
1.540110679258117587e-06
8.193913716569860483e-07
3.633863672305462939e-06
3.480334033976125591e-03
3.451964991154038691e-03
3.518455363743691787e-06
1.997578301800922276e-07
8.446569876584560667e-07
9.268875919642777191e-07
2.001619937183870824e-07
8.759198318991794400e-05
3.390868234087781718e-03
3.615529503983790170e-03
1.643881333889448673e-03
1.050976975270748702e-02
4.042902781562563900e-05
2.345269334099027365e-07
4.016347501409118743e-07
1.444196074310255490e-06
3.150486328271921727e-07
5.475004634338791757e-06
1.743007212905261756e-03
3.372675842570790590e-05
1.111007631804667872e-05
1.079232780753976514e-06
5.306462251466677359e-06
1.726771662599252367e-03
1.784316487466905800e-03
5.144917334785305968e-03
8.129494698115595139e-05
1.669692292978031557e-03
5.308384379366507151e-03
8.740964438319757598e-03
1.702012754045619924e-03
5.955204611885119003e-06
6.465010058025037021e-07
1.393042057268038106e-06
2.067172020558205852e-07
1.466248005715524482e-05
5.222547127397345404e-03
1.433501977855501700e-05
1.697322068129163792e-03
1.762538654309486058e-03
1.457518016336141282e-05
1.734066960292831401e-03
1.729029881103916156e-03
2.700618926756271449e-05
1.451561739914210640e-05
6.991413538560440309e-03
5.221058798561516168e-03
1.729209475361313027e-03
2.781304126004179652e-05
5.269012512270570001e-07
5.361931576873656513e-07
1.443246335559790154e-06
3.849887292593078112e-07
4.819146970111137576e-06
1.709791600301667751e-03
3.179343155183576928e-05
2.816407852617369223e-05
1.707988797510341964e-03
4.847773289725144454e-06
1.149475087372568195e-06
1.840395145526950733e-05
2.140611009664285662e-05
1.690470722844331390e-03
5.263334509138459412e-03
1.909009100000697357e-05
1.841929199581561211e-06
1.437754910832466459e-07
1.306089433240872532e-07
6.462412402971053229e-07
1.511846748212322186e-06
7.912796268253666340e-07
1.199796843205696042e-06
6.238498721419437571e-05
1.673349541684416913e-03
3.201172607583438706e-05
4.939641868290094325e-06
9.838524685438225609e-06
2.599245230192626042e-05
3.461235009364178276e-03
3.463021905157935305e-03
1.819797247109565400e-03
1.701910569620649098e-03
3.880215186014659977e-06
2.790302899026070641e-07
4.654725347930871978e-07
7.473960417794635087e-07
9.261418083940129933e-07
1.443307523888234839e-06
5.561860965608551478e-06
3.487993984468693628e-03
2.966837177649128340e-02
1.754820877912026747e-02
1.218017391723085277e-02
3.251819480063761886e-05
3.458988029153740266e-03
6.971573736170622732e-03
1.885562684602742493e-05
2.729184758968908491e-05
1.687350928100175276e-03
3.096671749316407891e-05
3.584286262342673494e-07
5.033684290140925693e-07
9.655494681864361764e-07
9.413187643194702063e-07
7.964725680276159565e-07
1.301332003570989231e-06
4.661428437326922199e-06
1.747781590435408148e-03
1.924069945084351876e-02
1.047285973689837842e-02
6.993198368353156086e-03
5.965495790359689229e-06
1.043166435370556508e-05
9.173174899018582428e-06
4.784790769646502519e-08
1.637631197602123252e-07
1.257527424187212011e-05
6.006096647361651505e-07
2.099885206172479114e-07
1.181566541202555552e-06
1.579359905557589085e-06
1.395526261950752442e-06
1.298442375042723718e-06
2.084619704763140925e-06
