2.381890414512718033e-05
1.510030024109231851e-02
1.896404656995139340e-02
3.400918133092092205e-02
1.148345728327331179e-02
1.122645963430166441e-02
3.875014415029580991e-03
3.697050983078163915e-03
6.891933857932692380e-05
1.064178013797748170e-05
8.201007408139994324e-07
4.818525873331233981e-07
1.268409712603492633e-06
1.422007400520303386e-06
1.656598656627358069e-06
1.846093627224494288e-06
1.810217643121603219e-06
2.470339256954139395e-06
5.418970748896898939e-06
3.774007683514111425e-03
7.617344374802543887e-03
3.812920756218671475e-03
1.120859467115685633e-02
1.438584539331218216e-04
3.711793154554962268e-03
3.842918044394219492e-03
1.130871789662171376e-02
1.507332702687174016e-02
4.262446442473782036e-05
3.979118188847160065e-06
6.536095825022318873e-07
3.441521958184911558e-07
6.028993553172288422e-07
9.432983129451372040e-07
1.204067841099979704e-06
1.793470622833110913e-06
4.366721040592084113e-07
3.397110176450982737e-05
3.626710180372882866e-03
1.221482770409924249e-04
1.149870755652333296e-05
9.029363124564864209e-06
3.720513801379200791e-03
3.118661390898431980e-05
2.707715594123940780e-06
5.765838785240710146e-05
7.557635144338189018e-03
3.753054070134173234e-03
1.376401991261497056e-05
2.040227212517109630e-05
4.833668410855141124e-06
8.749071663755651250e-07
1.160163068720885170e-06
1.852721867253359922e-06
1.437004431555416546e-07
1.231569033006721467e-07
1.511403777776078273e-04
3.642347399037466470e-03
1.368113124533507514e-05
1.271224956866185317e-06
1.310406041509493769e-05
3.988953136484144645e-07
4.747573809889153693e-08
3.614486260966887263e-06
1.132303934205045048e-02
1.514167310711051449e-02
7.639477929207977476e-03
1.126024855566715166e-02
1.405296939670747189e-05
4.796071433019122982e-07
1.068235484657894055e-06
1.924537867861265845e-06
8.375372469638752492e-07
1.377445859612737697e-05
3.660533339173513163e-03
7.933606308456841289e-05
2.711670217399878935e-07
1.100623785140335026e-06
2.023352968821057792e-05
1.320779522220126670e-06
2.914291656475477396e-07
1.593463961801834314e-06
6.702597478863114246e-06
4.265966586206040791e-05
2.259778082709714211e-02
3.894439489945728493e-03
2.653425179767267053e-07
6.044146577098235651e-08
7.701832812847564582e-07
1.949148830281385190e-06
1.314883564582964910e-06
6.385943748493479711e-06
2.477962120151657832e-05
1.317899349114151702e-07
3.123770443085398568e-08
1.712139020290697061e-05
3.712227565443565469e-03
2.094327422548630858e-05
3.861674990822767602e-07
2.551605152828661550e-07
1.153094389161132027e-06
9.522586260894642788e-06
9.191508769629303411e-05
2.259830910702197160e-02
5.085386315326560064e-05
2.776993340586628794e-07
7.831448369697058469e-07
1.963475903184654312e-06
1.041918381967010511e-06
2.629315239468963368e-07
1.629288076572055621e-07
1.047746329462437048e-07
2.185701367880397972e-07
2.610637601418995398e-06
2.184679897673563994e-05
2.163053311743825188e-06
3.801172906002473650e-07
2.044556191819733379e-07
3.417128873177207476e-05
3.672841795658578559e-03
4.265799922769882203e-05
3.032260067804360901e-02
1.131775171338735703e-02
3.868809514267266545e-06
7.370085487097280399e-07
1.918331320485946637e-06
9.262728701961453850e-07
2.008384819479804142e-06
1.927517592117853498e-05
2.045241780254297357e-06
4.727161206739477676e-07
5.579860009180886662e-07
4.953371791521293652e-07
6.242674898555444781e-07
8.276302828993888717e-07
3.800235265404987810e-07
2.357013489794810995e-06
2.693470134037463082e-05
8.694815867111476546e-06
3.733303940274147487e-03
3.830619168903202573e-03
6.982653146877924607e-07
1.058875075507703096e-07
1.220110978296891175e-06
7.682053182087144548e-07
2.174310912694922885e-05
3.710454199252421169e-03
2.220992638260986451e-05
5.250357887765278991e-07
9.613753003217105189e-07
1.086850035421963481e-06
1.214060850029023392e-06
1.400473897548361766e-06
9.443821797361390296e-07
4.717069152734687288e-07
2.068637182820831222e-07
1.648997470050669871e-07
4.207082030550528723e-05
1.127805950551593814e-02
5.910415114336513238e-05
4.170674052692120830e-07
9.623715383529956619e-07
8.065145558052752749e-07
1.935376219771549982e-06
2.077809396148386055e-05
1.250210712197320148e-06
3.527865477159911723e-07
1.074379514571736493e-06
1.456354946957879050e-06
1.381658813469642110e-06
1.364626548107958567e-06
1.366238279134433222e-06
1.189927260462666788e-06
6.107046150518779568e-07
1.175178180444680340e-07
1.486009203624688781e-06
7.618478224249619450e-03
1.127485397781770489e-02
1.272126950825816929e-05
1.369611588595976918e-06
8.849867976907373296e-07
1.854201010969305784e-06
8.664277373236106382e-06
2.731315985135092090e-07
1.477552754907692289e-07
5.926662233681133551e-07
1.037073085453653987e-06
1.328384380721831678e-06
1.314444763270861154e-06
1.321307876009534986e-06
1.468773249009742860e-06
1.135841994106991768e-06
3.578180388441249116e-07
8.952930081456091278e-06
3.750580330482753896e-03
5.503622052514621889e-05
4.239388169477707505e-07
1.007733541843627576e-06
3.806618871501106343e-07
1.505182545205698333e-05
3.727812282183769026e-03
3.588458997453760474e-05
1.705686191784030998e-05
3.410020982060469312e-06
6.278231595923594594e-07
1.165461526342543603e-06
1.361146570224890564e-06
1.292117586128139075e-06
1.384471658428226971e-06
9.871429668474294079e-07
3.015336653961237799e-07
1.809543282344551959e-05
3.745096980627979268e-03
2.263381890241899437e-06
5.301051442365088182e-08
9.910165212827961592e-07
2.178960239554461882e-07
2.634560976791369886e-05
7.953581625791820986e-02
3.802159936751951883e-03
3.692895328826193129e-03
2.360928438333144912e-05
3.709569195531176778e-07
8.804746971040154215e-07
1.384107259549605991e-06
1.329945079717210230e-06
1.389208683171907478e-06
1.035294904080406088e-06
3.538365320822067878e-07
1.129659981508795700e-05
3.791026800029648289e-03
2.950833362943133199e-05
2.457434778311958023e-07
9.298199031821535514e-07
4.801422665882494242e-07
9.326730641700014789e-06
1.505873047363809683e-02
3.854902186719665232e-03
3.240812874856718542e-05
5.222665257153631296e-07
2.214134611215586546e-07
5.847361752727746012e-07
1.069442870889426266e-06
1.354426232391339362e-06
1.393867144231968380e-06
1.047534952633782954e-06
5.664892898541893175e-07
4.821409851913787999e-06
3.729406147039020930e-03
1.513275363972570176e-02
9.712563780113567941e-06
6.775807441286733131e-07
4.375596047102589388e-07
1.933353110224524284e-07
1.097461637172749690e-04
7.444991974315410231e-03
1.153978159398037422e-05
1.101880522762644595e-06
1.840162265470671044e-05
2.464929737373664438e-06
6.393770287756894441e-07
1.215524497430239879e-06
1.275309926847652233e-06
7.733564748849102015e-07
2.134920021170457948e-06
8.001972348557783755e-06
9.590940560137520569e-05
1.129864516188498064e-02
1.986689334280533530e-05
3.962538559645474654e-07
7.006522657603137949e-07
1.006277214690146752e-05
3.719386444773973600e-03
7.536386489956657447e-05
2.721057960751335323e-07
1.626091283748376033e-05
3.715423812119956603e-03
2.056954906746777433e-05
5.259399342554948181e-07
1.117465673756543558e-06
1.098048597819048999e-06
4.387591745550604397e-07
1.822149311104209843e-05
7.512678638267564733e-03
7.534238030615744708e-03
7.596778417729616734e-03
9.943153575663038531e-06
4.109811016709581588e-07
5.012691209034728424e-07
2.036677612292898758e-05
3.729384401768537360e-03
1.958487191668546361e-06
3.053275275489238548e-08
1.289474603986651281e-06
2.006913680874793132e-05
2.014996879855906026e-06
6.772719649611300916e-07
1.380646884393731398e-06
9.052060333655669263e-07
1.716697534439109676e-07
3.427987763701054671e-06
3.803053371553288819e-03
1.141383499837602192e-02
3.715466869781270179e-03
1.237645187526653588e-05
8.981327179221268835e-07
3.046945823342225867e-07
2.024989909986834693e-06
6.216617086847168907e-05
1.769284284195665723e-07
2.897379671608245074e-08
1.634055628984974253e-07
2.792206466516943869e-07
2.398975173651600495e-07
6.276597669076468318e-07
1.402898896667237672e-06
6.748068116001192612e-07
7.665889092001623529e-07
4.048350447936980976e-05
7.513157741265167645e-03
1.514183745808663807e-02
4.185963248195096159e-05
5.478143587036173117e-07
1.009071058095267326e-06
5.513884315030201397e-07
2.617275508108766829e-05
7.445983199940473668e-03
6.696255247000957363e-05
4.316830490545861245e-06
3.110073174425634878e-06
1.613449342958800947e-05
3.789368256284319027e-07
1.036094016123624397e-07
5.154424166351029656e-07
2.517514078447714582e-07
9.778069166138653987e-06
1.128599596152725544e-02
1.903757089266092106e-02
7.494342160040532233e-03
9.780685316558548670e-06
2.716184486431375862e-07
1.323290478417466832e-06
6.025182601442558644e-07
7.951960700424786608e-07
5.425955562218074822e-05
3.746823062674020741e-03
3.718172898803845643e-03
6.472890815160535667e-05
3.675704042357890756e-03
6.768297685570874318e-05
2.536737450318798853e-07
2.332151588420247110e-07
5.588964031746845941e-07
4.994810456030264657e-05
2.270695413122220466e-02
2.268320570202776026e-02
4.815900300759535027e-05
5.500333397842217996e-07
5.692193070257201936e-07
1.867670684016367099e-06
7.415663902178248685e-07
6.638582560967737160e-07
7.774194589568369905e-06
2.627996614692477254e-05
9.931585322614553565e-06
2.854536462754953445e-07
5.556585550698570194e-05
3.708850391116929723e-03
1.147380991778978159e-05
1.625902462023308604e-07
6.674587140795289348e-06
7.484605903740017795e-03
1.523461535044267484e-02
3.735550872745321566e-03
6.168840161008857017e-06
2.679153365001403993e-07
8.670469213012461820e-07
1.954991961126903619e-06
5.367528606764991527e-07
2.003940972839236395e-05
3.720053297653006050e-03
6.936207349544142491e-06
9.136553253183882753e-08
3.129559802265022550e-08
3.205745335856324887e-07
8.585440901141666288e-06
1.443311961372833296e-06
1.565459051094031340e-06
5.421448796728613195e-05
3.795676930937442583e-03
3.724400266991224374e-03
3.517707676090677953e-05
8.413742060126138361e-07
7.071640259521418248e-07
1.266439946528793688e-06
1.897368113070996488e-06
1.029840777931994430e-07
5.160630705024750387e-06
3.794844540645934614e-03
2.732304485595637785e-05
3.758540517479327058e-06
4.113161796578127697e-06
7.475780260299765417e-06
3.635918966460440940e-06
4.064035858224520633e-05
7.564225376291728621e-03
1.884485598520915101e-02
3.819986575362663723e-05
5.357522296211252919e-06
1.115586550666200179e-06
4.630935838128384656e-07
1.059099968763357147e-06
1.313535588273145181e-06
1.822441790718477156e-06
2.385146922829723827e-07
5.317550231928786821e-05
2.643002697133736006e-02
1.519883223856325141e-02
7.498815376018917213e-03
3.846316445106861756e-03
7.494738197690528798e-03
1.520987781105710875e-02
3.019642490251477074e-02
1.138466493948346418e-02
3.823626548663063875e-03
2.105548725136126279e-06
1.506358601700989013e-07
6.738481770643964938e-07
1.077813444577094281e-06
1.277819831295867244e-06
1.227760520552744966e-06
1.772472276959509592e-06
2.451207583439586987e-05
7.491279239317987296e-03
1.144600726901611257e-02
4.158091183385097256e-02
1.143595709668727110e-02
7.495540212866178865e-03
3.863258353586486969e-03
1.128412037282316635e-02
6.392308010032679360e-05
2.107822537124100446e-05
3.719579092157996279e-03
2.163865292113929608e-05
4.943321858425502819e-07
1.408675589067964043e-06
2.000497318637727253e-06
1.852063395623422929e-06
1.774559063109409094e-06
2.473626042606066623e-06
