6.430650350641333326e-06
2.583431819443483303e-03
1.555328898694952576e-02
6.494087623177883378e-03
5.170974112486205303e-03
3.134056390813852227e-05
1.261891609162405425e-03
1.636548212443250964e-05
6.635020161868765033e-06
6.829228507072866802e-06
2.996073844905974140e-07
2.656759425904832682e-07
6.965298473573404149e-07
7.986508589694538881e-07
1.216682618557711037e-06
1.543216280442129893e-06
1.241280895446281886e-06
2.082440474866697059e-06
5.577721899421770057e-08
5.904551610915370493e-06
5.199144825974184175e-03
1.304474506530852330e-03
1.270790475533018936e-03
5.049419956734033101e-06
2.385076142398805877e-06
8.997305716953080845e-06
3.864425612690384430e-03
1.285875953250130649e-03
9.707275940117744115e-06
5.459969159216830125e-06
5.662754709784964222e-06
1.622594295844991534e-07
1.047041465526613332e-07
6.010612423016308304e-07
7.653568943963204972e-07
1.297282695673857765e-06
9.685346846652265651e-08
2.813590338351556051e-05
2.536801744669550402e-03
1.090697536155379164e-05
2.608901521033115379e-05
1.089273028513510215e-06
2.904870320617981832e-07
8.381012801331968359e-06
5.007625803249752565e-06
1.595610806131768724e-05
3.880663817890042493e-03
3.884534870270156971e-03
1.273222284823763602e-03
2.134724406573635836e-05
3.347523394356886722e-07
4.560501485412570360e-07
8.493101327770147442e-07
1.268804465069154552e-06
8.689255759054564270e-06
1.256180301013730188e-03
5.717762558579991030e-05
1.865397183739920647e-05
1.245918387623287356e-03
3.497774427990079744e-06
5.569360517618609568e-06
2.572383658806214578e-03
5.487863934997229932e-06
1.747481581477709422e-05
1.258864080502388339e-03
2.629167430911518236e-03
1.313088979868462210e-03
3.856603510088344941e-03
7.827413891502152792e-06
2.030476247946200758e-07
2.971486182200933058e-07
4.960169437079235010e-07
8.959034165990150025e-07
1.856066157605881328e-05
1.251097264103789028e-03
1.270932934416629584e-03
3.702627257727149167e-05
1.223263585517578785e-05
1.970333142853600072e-05
1.261450192823695927e-03
2.644782241151430457e-03
1.213048372116052372e-03
1.063079751860825312e-04
3.797605514833020304e-03
5.208463136926410296e-03
1.308594764091714976e-03
4.640771132317992150e-07
1.768849794983865185e-08
2.600790828863545878e-07
1.003214698611655261e-05
1.721892879062202377e-07
2.465499445856934279e-07
4.476075552518536091e-05
2.464412640562160280e-06
1.013569937031398055e-06
3.843705982988243099e-03
1.274381782311618042e-03
1.370251122801540052e-03
3.800714709195290777e-03
1.399712484243240563e-03
2.482227996269684416e-03
8.905808460516434586e-05
5.176858300557780380e-03
9.044152017079648206e-03
2.644189217448600869e-05
3.780234540204964788e-06
7.519424147165597467e-06
1.275404702757622442e-03
8.138826852789762619e-07
6.485267660742307890e-06
2.529204365923495672e-03
2.458584483797986048e-05
2.232981419335762894e-07
3.548221330864063824e-05
1.344170656902306422e-03
3.774249900552659274e-03
2.702068307752149463e-03
2.510577754704518012e-03
2.649592940047902894e-03
1.273336422450715381e-03
1.253412120539749378e-03
3.954023289062638495e-03
3.846265569184887344e-03
1.278023054191836658e-03
6.561055444519632167e-06
8.436157510157098392e-06
3.665636968625709015e-07
1.805486410572104638e-07
6.081884421882594228e-05
2.548008159505020347e-03
1.320806478406678095e-03
1.256316052858083955e-03
2.530387747667365347e-03
1.468919061777413922e-04
3.770686312108864451e-03
5.241199810358236448e-03
9.085275397809438463e-03
6.434329752274390267e-03
1.043252598590202896e-04
3.790744266815034014e-03
6.567785848503376802e-05
9.726900955001865342e-06
6.919792343609576447e-07
2.662284252350013237e-07
3.729738002606035077e-07
8.065928043615493433e-06
1.243970893679982289e-03
4.962690549077815159e-05
2.536159918887048986e-03
7.215458892029171130e-05
3.390333096599792496e-05
7.646426517212242223e-03
5.292942456577224078e-03
5.165945736388883811e-03
6.429840900983644497e-03
9.153632587579653423e-03
3.790937731745914595e-03
3.960349712619961465e-03
2.556452057836200529e-03
1.275184937357931895e-03
4.701148300339495100e-06
6.521578637696947247e-07
1.600067726094595862e-07
7.957341383760146753e-06
2.590294630903003815e-03
7.114911698874993645e-06
1.334656186760276551e-03
1.214823358925046660e-03
3.675357569165177062e-06
1.035023363698296808e-04
2.509182685060612830e-03
2.578344782456569364e-03
9.995184889432467241e-05
2.493355554384511005e-03
1.387389847946098910e-03
3.848867090754905934e-03
7.795370482932163260e-03
1.313834700827006289e-03
3.708471985908733859e-06
6.863979906785685958e-07
4.396243297573837696e-07
1.050152567252910772e-05
2.588428511311218448e-03
3.889546494784677441e-03
3.848460939882715655e-03
7.028959850599998628e-05
1.304399087148349224e-03
3.779363281441005043e-03
9.902340987279999705e-05
1.299686240689563316e-03
8.991248938615704553e-03
3.966150843633231733e-03
5.140589256059226869e-03
2.580487360935344344e-03
6.507858856650411243e-03
2.560388327417242437e-03
2.192053365024767953e-06
6.044078606209875045e-07
4.100923191069299093e-06
1.280744643778279710e-03
2.983083205128081797e-02
9.086595635485202049e-03
2.608091916221838731e-03
1.273986999497379998e-03
3.843601482163981359e-03
1.417686443170353963e-03
5.084190738040134799e-03
3.897789654072337118e-03
1.359201270991302300e-03
5.144124726652066562e-03
3.888411455686378859e-03
6.545420057513194330e-05
5.130812712600081593e-03
1.335614101108772772e-03
1.473362047878553234e-07
6.764091865633055263e-06
3.505224725288600779e-06
2.605755445027751593e-03
1.180246229455368112e-01
3.760611289338005453e-02
5.182614434637594462e-03
6.487157743782620903e-03
1.351913994527127695e-03
3.782197302717010476e-03
2.677500057290357546e-03
5.186874835397386856e-03
5.131387100572698014e-03
3.923692331629396145e-03
1.038787291587257508e-02
5.111843578640878731e-03
9.152461255116145847e-03
2.521737044520060839e-03
4.582363063656968310e-05
1.264156084198436204e-03
5.141134759247921658e-06
2.569991272827431422e-03
6.486127412739003950e-02
2.592341369634058867e-02
2.620959272850494765e-03
1.264204411839358298e-03
3.869515802845400424e-03
1.360687971378888531e-03
2.551927232692255930e-03
1.262828842820011175e-03
2.665629535364162812e-03
3.847368733184764952e-03
3.886578278085357600e-03
5.579291033757233638e-05
6.418843659287461895e-03
1.368610626631339838e-03
1.241573589452763231e-03
2.921723202997057652e-05
3.833859207408743248e-07
1.918009044810280316e-05
5.171441624828309463e-03
3.922567530958750992e-03
1.242650309213308695e-03
7.628509378348564886e-05
5.155640103168346658e-03
6.478820343154062175e-03
1.279754641865198063e-03
8.984643218037516646e-05
6.364001799953112638e-03
3.980832754021309920e-03
9.020914956717265842e-03
3.033177609920949716e-05
7.772510956928804261e-03
1.280047149663701873e-03
1.209981172994343488e-05
1.562092407152509159e-07
3.264944207306674022e-07
1.709208580126474805e-06
1.285244538833543162e-03
1.287218232421201555e-03
1.321761450792938207e-03
3.841345837653911861e-03
1.305786662802940106e-03
3.907159277663409952e-03
1.292746529322401665e-03
3.832674951947165950e-03
2.677164047039860828e-03
3.837279108945390333e-03
3.911862184110747806e-03
1.280278081413859957e-03
1.297447491577522968e-02
1.306010799618709814e-03
1.515826037852408707e-06
2.422785563601801930e-07
1.034714853175328628e-06
2.872805595609920701e-07
1.307708872028749682e-05
1.292355796757845921e-03
1.311171388978735804e-03
1.288430477753512446e-03
1.349213357553065429e-03
2.523979834130983015e-03
5.943932350940655114e-05
1.289526751138086232e-03
6.454487507777226588e-03
1.303077123151763234e-03
1.245300011972072354e-05
1.296879310919399515e-03
1.167311498327935210e-02
1.276726036277962351e-03
5.325022280685372665e-06
9.033065718619513239e-07
1.469015275435817583e-06
2.566513315364686044e-07
1.967310281646525974e-06
2.584782245539965842e-03
1.271201700286195800e-03
2.455017464148496938e-05
3.818807689473070234e-03
2.662171079879789917e-03
2.539522198932445390e-03
2.616093879114910967e-03
5.205609277018371714e-03
1.291226496266294254e-03
4.114022079232227701e-06
7.762523463719786000e-03
3.904953443898040357e-03
8.383554860993987896e-06
6.807169672170600604e-07
1.081431763369945510e-06
1.421085030582646170e-06
3.130618408567651206e-07
9.187375117276992174e-08
7.170936129211050443e-06
1.949537287465966863e-05
1.882005626887049250e-08
4.247954662066290212e-05
2.563126513307656135e-03
1.314350396319610530e-03
2.567267020992605037e-03
2.590747084126653575e-03
1.262379592026078223e-03
4.214774265159588123e-05
5.174240895745109252e-03
1.283946084478079048e-03
1.827858370574834966e-06
3.683121294099568932e-07
1.300172087653656307e-06
4.785278832125179006e-07
1.077641598805540568e-07
3.276863781297903373e-08
2.215834201906960763e-05
1.233332234702922206e-03
4.993488464384609923e-05
2.544782014404013779e-03
2.591780482040601137e-03
2.563447338711449014e-05
6.145728326186585189e-06
1.793916400056595097e-05
3.034317654240522406e-05
9.033750160017598244e-03
5.207404515332521994e-03
7.670408949690537290e-06
5.340905432204441340e-07
6.495645437191163775e-07
1.476338892194419262e-06
4.971690033969596000e-06
1.006113809303415165e-05
8.915891181536353474e-07
1.271277550441624483e-03
6.489372903825247317e-05
1.232391496664806720e-03
2.625765735490560339e-03
1.330530775147764676e-03
1.234612724689656323e-03
2.582814342636588083e-05
2.540667184581126350e-03
1.311448061033881072e-03
3.899987515122397153e-03
2.574809399774103964e-03
3.456331368204542065e-06
3.655408401091402012e-07
7.159410336760361384e-07
1.429080813225650815e-06
1.236394844061110957e-05
1.226882941528060263e-03
8.072374005196505497e-05
1.236463119289317718e-03
1.404706736002874355e-06
3.364178245336595308e-05
1.285034337030163112e-03
2.552935520171805035e-03
4.439538222444582401e-05
3.178537300497792719e-06
1.331918497236293450e-03
2.564809756218680483e-03
1.014611357713417399e-05
4.180774686904126071e-06
1.593328623383797215e-06
7.006310868448192431e-07
7.954853205961865241e-07
1.405812283747656643e-06
6.709335489660068436e-08
6.570060165953433900e-05
3.805861385404012750e-03
5.841953195235836033e-05
1.253391842504352965e-05
1.253305903171934074e-03
1.702629259887624243e-05
1.690595866342357585e-05
1.285993530360248589e-03
3.868712657092695639e-03
1.278240752784963854e-03
1.456964061617799145e-05
1.819707198756316335e-07
2.245707441033136715e-07
6.579045457419008635e-07
8.460364627320755957e-07
7.926784967974862564e-07
1.382224046824898134e-06
5.899336154747034847e-06
3.839223002990125623e-03
3.950115919025192456e-03
3.851355988505587163e-03
5.176788612577896270e-03
1.318222070637211979e-03
2.537428092304523265e-07
1.318474655847894828e-06
1.278631851269785256e-03
2.540778341112728632e-05
2.075042261312747779e-06
4.428351586021037077e-07
2.221324553359761508e-07
5.745149812786725595e-07
8.197788742725940400e-07
7.966598852739480256e-07
6.752709897685566403e-07
1.230899511859565822e-06
7.819520972318717007e-06
2.600422957820501101e-03
3.877896969714783766e-03
3.890496996939806548e-03
1.317787226087585887e-03
3.863911884718683118e-03
8.894448985102682467e-06
1.198969212764976414e-06
4.454227125546137717e-06
9.550021413117979094e-08
1.493892805601982612e-07
1.013771724283883792e-06
1.405451405298819185e-06
1.514944975117521672e-06
1.425849896145170349e-06
1.375917885413394859e-06
1.232209588552078375e-06
2.117631503630419402e-06
