1.663181677691965885e-05
4.736433493742539004e-03
5.427509830612560758e-05
1.144492879446293776e-03
3.777070352074526021e-05
1.153082874773734287e-03
1.605058372808629101e-05
6.799350954605538170e-06
1.016198212056018589e-05
2.918409924792572733e-07
1.035273728211116850e-07
8.558242921868779689e-07
8.951797271008406109e-07
9.156478486290265710e-07
1.455271139829446938e-06
1.314409111704921763e-06
1.126175774764650853e-06
1.974313740429482725e-06
8.965348604850341960e-07
1.209008103099542923e-03
2.365553954961527663e-03
1.086395320136572981e-05
1.223292844502232712e-07
2.111396498906261833e-05
7.655761429735906658e-06
1.166641963936591517e-03
3.562324323274905502e-03
1.350956541496609392e-05
4.062369566050648428e-08
6.330080526125440124e-06
4.764451124232307175e-07
4.665642575240597086e-08
4.749078800322912730e-07
7.881020562326367153e-07
6.111784277302792582e-07
1.141817802032041361e-06
2.798121942900078937e-06
1.191535567057074333e-03
2.385759888046589273e-03
1.069250483292540072e-05
1.332443454485878025e-05
2.341530036792615916e-03
1.882233709298927144e-05
6.951958045899614904e-06
5.187841264380383148e-05
4.719908992782990455e-03
6.222538213765407508e-05
1.132621923948589401e-03
3.074406450573020721e-05
1.514842148178033396e-07
4.432523400037712224e-07
9.758363475843435378e-07
7.456411173376229658e-07
1.250839009297435938e-06
5.064318246127997966e-06
1.177660903959769313e-03
2.414263452046163348e-03
2.357246929653065808e-03
1.197953282400652641e-03
1.215214447169434345e-03
1.203433709595052919e-03
1.162804572541674582e-03
1.177550171304733934e-03
1.220628730506597131e-03
1.129435678124538324e-03
7.243055872604812172e-03
2.344958989888910710e-03
4.157542139905474913e-06
2.628148569150386236e-07
6.277185887141531964e-07
8.518134472249376584e-07
1.346169872213602124e-06
2.333271309080700394e-06
1.210278872620514437e-03
3.554347335853216567e-03
1.230398486676168718e-03
3.564999727938715068e-03
7.178042558189074752e-03
2.341842040070752501e-03
1.255471413113685812e-03
1.171595471110314490e-03
8.560906451990923791e-06
6.084605954741229580e-05
7.083913059054506786e-03
2.428084273345535501e-03
6.276512430340465263e-06
7.053059320907645509e-08
5.358486777696951887e-08
3.035394171224276868e-07
1.493438488628017999e-06
6.278791869337473987e-06
1.168242501044862176e-03
2.418584252009910000e-03
2.356832304365912359e-03
5.996297741803780987e-03
2.358257993215604701e-03
6.451315883297624172e-05
2.322697571082723948e-03
8.387709659550853306e-03
7.161641043097959070e-03
2.326865002689443730e-03
8.318369778148601373e-05
3.553144483490680051e-03
2.368200272950257441e-03
1.980927899418119141e-05
3.089616420113716514e-08
1.990312012352083094e-08
8.272808453658615631e-07
2.074155469790983573e-07
1.045885280192296196e-05
4.768900694219418458e-03
4.790200236227853785e-03
2.379456499925390860e-03
4.795651315990080189e-03
2.351265972026649227e-03
1.236477211891777927e-03
4.762047992418121795e-03
5.978486962480888262e-03
1.226724314927878697e-03
2.354868785474789790e-03
1.172363561322216190e-03
3.647313944128383664e-03
1.122837619086820881e-03
3.546412006417648077e-05
3.986231044298978499e-07
5.261283994842785172e-07
2.075450259622403151e-07
2.060451868683311626e-05
5.943930384507752074e-03
2.403218448524564645e-03
1.186039366672526386e-03
3.583322436433841220e-03
1.195967888120802848e-03
1.178836903913796190e-03
5.982653124351144935e-03
7.148921682361621989e-03
2.404512176638362933e-03
1.158174958737649479e-03
8.973304848108964278e-05
3.465819488924121432e-03
1.260558879166724503e-04
1.113794377976291307e-03
1.223215467500501822e-05
4.644190554880019245e-07
8.979217886454978896e-06
1.154809809339230964e-03
1.240791068400317297e-03
2.362689237458384401e-03
2.409609886263503181e-03
1.180923833311068108e-03
2.444523294456171862e-05
1.192239744538420819e-03
2.385525529884981264e-03
4.793668780262165703e-03
2.360921256473596033e-03
1.241775458401439070e-03
1.117209005089678546e-03
8.131680830164850617e-05
5.876263858562327629e-03
6.348462969006174808e-05
3.992620880666596073e-08
2.468881194706968062e-07
2.533222587671327856e-07
1.814896577876245708e-05
3.560004528073406910e-03
5.971358131828577963e-03
7.175810198380889321e-03
2.362534289327513238e-03
2.403124553904705495e-03
3.554605041797521351e-03
1.215863777399135487e-03
1.176646075080947261e-03
2.074439573478570347e-05
2.361566602870640835e-03
1.217901726121270282e-03
1.978841813741175338e-07
3.609466754571484266e-03
1.165201310449040864e-03
5.835269975592891817e-07
1.048831378087946503e-06
1.435638634909545968e-07
1.224568249695775831e-05
5.959807764110711462e-03
2.429166949750150017e-03
1.145817899833923882e-03
7.034933508824605059e-05
3.527335661961302112e-03
1.247718663791709407e-03
2.361912615837588256e-03
3.588548910167540292e-03
7.565305900239691082e-07
1.212426009277343605e-03
4.753758428214517953e-03
3.261234936247933637e-06
3.565884199350454614e-03
1.209960723683626855e-03
1.516225169527942207e-06
1.141435969030371555e-06
4.518400650271596287e-06
3.564969660890606861e-03
9.200750782419075957e-02
2.743719586045212031e-02
8.410018428918345293e-03
3.518324839914546524e-03
7.231071176168456065e-03
2.319719557797750732e-03
2.440568771023584552e-03
2.343207705182157388e-03
4.362288037945767947e-05
3.542897584677233858e-03
2.405006256706841011e-03
2.525967476560789056e-05
4.766087811821988554e-03
1.194481720331858673e-03
1.513142553168129534e-06
8.439231539763340139e-07
4.120648393320880310e-06
4.787696188343158916e-03
6.092089122618848940e-02
2.393121773339944650e-02
9.512234759841264181e-03
7.223138378933767652e-03
7.100498669119433698e-03
2.465734951086992824e-03
5.915596436200039158e-03
2.446843829957534751e-03
7.111970002323251411e-03
1.241000662025070530e-03
1.173127669247203166e-03
2.367283877288539964e-03
3.598262511375393928e-03
1.183321829868399459e-03
3.439146876327228341e-06
7.676068686288407509e-07
3.672956644829380447e-06
1.178909962177515950e-03
8.483354007835126886e-02
2.744597050352304626e-02
3.615987413021855626e-03
4.748003758883705648e-03
1.238673571889337783e-03
3.531564507197957302e-03
1.211438744955022594e-03
3.562348633729835439e-03
1.209837174263740656e-03
2.371314754952723401e-03
1.298548122569670704e-05
7.109509140143189210e-06
1.189962190567610874e-03
2.395899629485236885e-03
3.622560841266178821e-06
5.827478208827347311e-07
1.803980584447924296e-07
8.670150000387295979e-06
8.365941753092610844e-03
3.589557695001816245e-03
7.177571575642344333e-03
4.747999219252370742e-03
4.795514335335196963e-03
1.185211152234246727e-03
6.072724756759492005e-05
1.139739227389356983e-03
6.287877257470867853e-05
2.337433384112289590e-03
2.572533351422133502e-05
2.367791210054811182e-06
1.193183235045278600e-03
2.368733221552368935e-03
4.288460910001652958e-06
8.161359079947984041e-07
2.837566703904784681e-07
2.121463543998723008e-05
7.120368579742329847e-03
1.079741844657544809e-02
5.908161866950686035e-03
8.419553068463297291e-05
2.329808115549265521e-03
1.219719689121061832e-03
2.313238545926470276e-03
4.838161832742653157e-03
1.126419876558167228e-03
1.255437710253447725e-03
2.358027250944050215e-03
1.181928168078647196e-03
4.790550387399172827e-03
1.642582954901843892e-05
1.643207501102895652e-07
8.370738762162083315e-07
5.598737777901161312e-06
1.157947889057280152e-03
4.845516139234565950e-03
7.101894216303222818e-03
7.237488402030750959e-03
1.122211791757612509e-03
3.879699624456689635e-05
4.471238886784828002e-06
5.586431129937205519e-05
1.150605352109453430e-03
2.440160048767994663e-03
2.341632507668545832e-03
1.201201549741531859e-03
1.241009104819278206e-03
4.725679074669466781e-03
3.673651681440405497e-06
1.131578274877847488e-07
1.143614877781647103e-06
2.007376322550854660e-06
1.227138131045733089e-03
4.699750455599692456e-03
4.855575646476324725e-03
4.711955248802498011e-03
1.238032870564358037e-03
1.190972975004883465e-03
1.164819135393908422e-03
1.154677226915879536e-03
3.617678809009746387e-03
2.339967699618185955e-03
2.439679965677091830e-03
1.189903168917255585e-03
5.920119340827730350e-03
5.845642589779645844e-05
1.006151278012620153e-07
1.437662590921181731e-07
1.351571240878096792e-06
8.201356763991524820e-06
1.149879664913294047e-03
1.292229521715612759e-03
8.272719125237566404e-03
1.251089671544355214e-03
2.379959933531316553e-03
1.156688677246708267e-03
4.945118857022993806e-05
3.221271985653895007e-05
2.348173403597594855e-03
1.263193090973366555e-03
2.302308629633014869e-03
1.230293049128212057e-03
1.220695703106029501e-03
1.145783919997928144e-03
5.604563195800924805e-06
4.304077061800410260e-07
1.271503593206281779e-06
5.741459616572828522e-07
2.230774413769784695e-05
3.498051497994101970e-03
3.652489776295149773e-03
2.367385854888503800e-03
4.737135100728932097e-03
8.422064541674541532e-05
1.112912996541012009e-03
2.391769156526266527e-03
4.794205353027837166e-03
3.520380768276886157e-03
1.079672990602902223e-04
2.322833975008962732e-03
1.203522327991270484e-03
1.917015789655966899e-05
9.518170409331778046e-07
4.886939592150729731e-07
1.298015614790951740e-06
4.600371028096745903e-08
2.270549343754822835e-08
7.100465055908770646e-05
4.721723892128392580e-03
2.398481984326208700e-03
2.439033144333950780e-03
2.304503285795714632e-03
3.668067473485653145e-03
3.560667159951295263e-03
8.888959216630670462e-06
2.720200847804301681e-05
3.493307089989303952e-03
4.843364078165783050e-03
1.166448841522645889e-03
2.351558311204948657e-06
1.718514680781838658e-07
5.212108399343751923e-07
1.350592255881327617e-06
3.470793084342626610e-07
7.585353324739794260e-06
2.320052763793126367e-03
4.148529919165406361e-05
2.385562955394375084e-03
2.346058374751544291e-03
5.618910849834127269e-05
1.133893208566657835e-03
1.191964169617397169e-03
7.260216465750159773e-06
3.334737765850330374e-08
5.882119166493476908e-05
1.149579485342918598e-03
1.518576827244336038e-05
7.208844169914019429e-07
5.752091870664978990e-07
7.781463556905383453e-07
1.317831605380553997e-06
5.870575274520755987e-08
1.616107450052061184e-06
3.434028531153806695e-05
1.678533212118513979e-07
1.185629149620637387e-03
1.496777044434426216e-05
1.306000519003241329e-06
1.196124914748123713e-05
4.804584363026809956e-05
2.338207547544229273e-03
2.601065931281356630e-05
1.140711974623859247e-03
2.664581912251513709e-05
4.332318877054490325e-08
1.514661305933888878e-07
7.876798915139821316e-07
7.704162392089080783e-07
1.268400645072313227e-06
6.287432840037705194e-08
2.510666507766154962e-05
2.322525552348612791e-03
5.799349014439043252e-05
1.132871913557918471e-03
5.590244779017347935e-05
1.144302295689237454e-03
1.205432902170696643e-03
1.153288611225121007e-03
2.589803094217886441e-05
4.272138839833626641e-07
1.100569142106593182e-05
2.891984099107113172e-07
4.043084745246935751e-08
4.089324124610062686e-07
8.189668252900120682e-07
6.312034978754337176e-07
1.138485770290043173e-06
9.891251859331291976e-06
1.163647581800163460e-03
1.245405464349882974e-03
1.139420043937462539e-03
5.842908741198169122e-05
1.142769363310565302e-03
3.402929790290839184e-05
1.168841323839993691e-06
9.315519144599507888e-06
1.808657437519751981e-07
3.709445323422302955e-08
3.235827006872574302e-07
5.543254151125678255e-07
9.781283820047559228e-07
1.502994399846018794e-06
1.327137672686014773e-06
1.123945562130215908e-06
1.970601800763181763e-06
