3.553900133913346766e-07
4.788083478822751250e-04
1.834328552206792792e-02
1.641614771022645997e-02
1.176965425984818382e-02
6.759614684510545195e-04
1.495433883628811348e-04
1.745028776951035874e-03
2.535849626249545236e-04
2.700120549973966016e-06
8.843143463168454831e-07
2.229460691986736380e-08
5.476588814465607618e-10
1.386552621664037193e-09
1.222118978912017447e-08
1.060728378201364523e-07
7.121608076219527433e-07
2.575330548599538810e-06
2.104377860960176505e-05
1.291820943344710888e-03
1.233778634500483189e-02
4.729466192161874832e-03
1.297890121256153233e-03
3.516227258815657515e-03
1.719038847188139943e-03
2.855014258372466553e-03
1.452186263054265798e-02
4.654373103367971144e-03
1.696498470622253901e-03
2.695879881682206503e-04
1.175456416921862583e-04
2.224725019142919822e-05
2.570588087605114607e-07
4.692702264593611000e-08
2.210525947539661258e-07
1.326995344964984412e-06
2.435321061886473447e-05
2.835561430286516818e-03
7.904130780702371337e-03
3.727573658172107069e-04
7.555718892086146657e-05
2.656921425201589672e-04
1.163476648661863872e-04
2.903482200965546486e-04
6.009445529028973818e-03
1.545793099065278890e-02
1.309909797854659323e-02
6.378728827486274990e-03
3.649001527162523510e-03
5.920987704280379437e-05
8.173928104537913021e-08
1.254664577130730588e-08
1.157277647522787926e-07
1.176016642433491200e-06
3.407485355510535887e-06
1.693798024536148552e-03
4.165419119713716437e-03
5.573900999333864913e-04
1.533483054823805199e-03
4.025477561481190063e-03
2.667842843857130570e-03
1.253851945339513755e-03
5.429192753233430058e-04
2.073124240483949568e-03
7.687338257670900399e-03
9.568961220833059264e-03
5.441077936943536754e-04
8.943483519876836269e-07
9.392079841589582031e-09
9.166876912786998727e-09
1.100516527356806129e-07
1.350612413546114606e-06
1.194337505510092811e-07
1.424906014360157629e-04
2.880506800151487294e-03
1.488483379907346981e-03
3.513939489142776408e-04
8.355724521928591683e-05
1.897290087413411189e-03
8.959007062889661963e-03
2.422839784247116449e-03
3.895409421428666120e-03
1.561536275806276342e-03
9.057768581050385653e-03
1.035561779079317152e-02
1.055346495120391330e-04
1.095262469484658314e-06
5.377335807732059142e-08
7.703423361607505263e-08
1.138444620924542231e-06
6.356916340789813172e-07
2.616609140074318456e-04
3.059022438596393362e-03
4.819684266359647307e-03
3.281741323620483838e-04
5.083223257687465355e-06
1.691347048958239318e-04
7.891407202156136905e-03
5.122168679993203966e-03
2.788848108543815450e-03
1.895073800390534497e-04
5.962461977006905996e-04
1.623953209788631113e-02
1.025189788115640072e-02
3.515399387154132047e-05
2.438089694487310593e-08
7.703586945118334604e-09
3.987838045798495427e-07
4.382838610342423098e-05
1.689073324400757262e-03
1.178152325810922531e-03
2.489980725151407382e-03
4.485091653569345423e-03
8.816758530901387366e-04
3.895432259990544172e-03
7.487163522341107671e-03
8.139624217093231664e-04
2.181235376572955229e-03
3.763886521799256289e-03
1.792965465966650778e-03
5.365947771078906706e-03
9.010523526084279755e-03
7.466068820019895649e-05
2.132962984546000768e-08
1.486601307286272968e-09
8.718472966476807256e-08
1.615071413606245157e-06
1.792303722231911836e-04
1.687858478356970551e-03
3.129749493545017601e-03
3.284940812000817795e-03
2.627985262996038792e-03
4.975340783478167730e-03
2.888173699190119820e-03
1.742776086190773836e-03
8.686969859016395457e-03
2.401320428709675589e-03
2.689641846112425343e-04
1.058767287864853220e-03
5.993686586101525625e-03
2.240283191820847432e-03
2.774098472682424172e-06
4.289249715403944059e-09
1.851424760720624768e-08
2.594957444524652693e-10
8.042219064423142686e-08
3.543792927304858641e-05
8.968795928406597586e-04
1.570611730506721272e-03
6.772381549071478015e-04
6.495402156085534635e-04
3.979636991133203875e-04
1.174542330556694854e-03
1.204276374922519464e-03
3.227080958700794135e-05
4.637682433476059233e-05
1.028277671027576137e-03
7.787665367617068769e-04
1.614347856765996174e-03
5.492140692205967875e-05
2.567265817009714745e-08
1.195520806575842544e-08
8.025412468214325188e-11
4.556711603909614662e-08
1.010669153527715473e-05
1.487206047116882205e-04
9.382336089347191772e-04
1.489611059592910094e-03
3.594324988243842098e-03
1.566177657485390978e-03
1.605476981837277708e-03
4.368096570568392144e-03
1.737408621079746624e-03
3.985182101691945970e-04
3.177112186000113236e-05
3.123309125549151983e-06
1.331675477873209366e-04
2.746170627140564991e-04
4.222337320921579537e-07
4.959452634859125066e-08
1.784154680362126472e-07
2.255833129821148734e-04
3.788500245670796407e-03
2.042564961527615092e-03
3.605645959113170165e-03
2.899321897713985890e-03
2.431732728641962556e-03
9.201589056659429788e-04
3.776810993979937874e-04
2.152104201340983118e-03
6.190096151576745045e-03
1.966620074728319797e-05
4.344140528575446441e-08
6.586943996299558201e-07
2.260194288024095551e-03
1.549301182147426155e-03
3.117433038889167429e-07
1.621279168931290831e-08
8.281004521030963910e-06
4.017230982908423162e-03
3.281131063746794280e-02
4.733077231057227635e-03
2.534281502261718534e-03
3.064514798645587984e-03
9.502403967330715073e-04
1.638295542888449860e-04
5.716820569417570069e-05
9.698556576876681782e-05
3.509663480668812259e-04
1.209720233882402986e-05
8.128783675376153744e-07
3.804043573020232807e-05
1.030995297813935493e-02
8.627851542861335928e-04
9.915564187363747061e-08
3.479899703238765155e-09
1.542880071169138770e-07
1.851503730203263797e-04
7.946262876093525274e-02
1.465360880082990438e-02
1.536003248851751249e-03
6.702559494429387484e-03
3.718088931812662656e-03
1.562929144252545033e-03
3.137338595757619385e-03
2.837440921503648229e-03
3.365253304980222841e-03
2.437486805235237856e-03
1.970509463566654310e-03
2.219194521084267332e-04
2.490411503113102495e-04
1.502497486732451426e-03
1.905748567320677777e-05
1.421962106550576470e-07
7.560313281123814461e-10
1.057631301509158899e-06
1.076219599297219449e-02
6.869843200665241845e-03
6.087991082728192414e-04
1.707954305834029568e-03
6.003137809323481899e-04
8.943655789493394712e-04
2.583567785313133254e-03
2.008890830175653636e-03
2.567746405842746219e-03
4.642842244285255542e-03
3.770739500258895888e-03
2.481708170808161510e-05
4.429842422965580573e-06
1.539722999819674847e-04
2.329787887688909256e-05
2.951934293605002228e-07
2.979942579505799123e-11
2.165017665245627018e-09
4.364624884921538552e-05
1.671441623301311461e-03
2.190598737651872508e-03
3.902369052041621596e-03
5.636182319747176433e-04
2.711032601525146255e-04
2.421890337733433019e-04
3.042597701081938238e-04
1.120946716042727767e-03
2.586613902425059352e-03
2.822224811285079611e-04
1.270522729855774033e-05
4.099930897771943893e-05
1.653193155652451390e-05
4.074874650471598503e-08
3.261499317188866215e-09
2.141549459208081100e-11
3.443089544959499673e-10
7.872809117190650353e-06
2.441511708196182628e-03
2.214781651614912070e-03
2.271379317477546875e-03
1.905601988968342805e-03
1.396667787207700375e-03
2.409510932722323980e-03
3.388470755449152650e-03
3.940889904476298916e-03
2.997326069994080654e-03
3.709824864712721668e-05
2.954906635453826599e-05
3.991226926236758794e-03
4.499207517611087965e-05
2.962822142216282314e-09
6.021041329095846564e-10
4.055928954381347971e-09
1.376980323350117779e-07
2.245001001901734408e-04
1.676586769075099487e-03
6.391267101367694562e-06
4.988984679062148729e-07
2.317243809415963751e-05
8.309184229993936931e-04
2.326796884624502456e-03
2.036180339169400746e-03
3.560388782129807368e-03
3.027258070271308856e-03
7.292686313336157685e-05
2.012830530374035609e-04
2.294069784647080092e-03
3.273971432012847413e-06
4.494164402689001088e-09
2.137293329362541115e-08
8.678346088460355513e-06
1.728810418509696032e-04
3.535826554577293536e-03
2.975347665799740141e-03
8.861166565962247338e-07
3.379586269478214097e-09
1.923531064173407458e-06
1.517553282016240049e-03
1.522009458117318118e-03
1.023064496269270214e-03
2.087142397779680886e-03
3.607650908874612729e-03
4.486394152757695701e-03
5.899144023469703874e-03
4.932377630670777534e-05
2.799054361257243963e-08
5.020097754374852888e-08
3.140587294362202550e-05
4.464583316652305446e-05
1.636409552002441497e-03
3.646796620740167059e-03
3.034589753433798720e-03
1.690346014279076674e-05
5.282822817594023254e-08
7.362938181037272586e-06
2.722091244250771785e-03
2.591988160173591769e-03
5.439417836151423484e-03
4.933506505378053037e-04
1.501209051280211508e-04
6.694501727344617965e-03
4.582028572338231638e-03
6.625332483905374779e-07
1.174966039031938810e-09
2.756337403211417968e-07
2.078457757691468295e-03
1.352116604193793439e-07
3.236783156807134356e-04
3.134290420708753071e-03
7.151538854939651010e-04
3.786784977328276863e-04
2.167463250229533702e-05
1.173349619683887744e-04
5.288522535406932693e-03
3.197467367686719891e-03
1.669437856301280712e-03
8.476453327552263474e-05
1.411580552981088986e-04
7.910346137661410440e-03
4.400390476946099486e-03
2.126755188088301684e-06
2.108896762284578623e-09
3.357992309743554876e-08
3.650347981810003273e-05
1.252522108054210455e-09
1.813585521409369691e-05
6.776517542189141804e-03
2.622395283220174764e-03
5.529174867858596167e-03
1.668146415468917641e-03
9.019140008545647623e-04
4.285138961234727199e-03
1.806176131100188913e-03
2.183845131235609633e-04
1.736028927859685760e-04
8.118413659515263253e-03
7.558253816096888004e-03
1.672875960284036199e-03
9.388660325360176416e-05
6.837273965986433403e-08
4.796524447707471071e-09
1.293371556856076797e-07
1.656513598509665062e-08
1.857614950903495348e-06
1.924429634989450631e-03
5.736965770316748876e-03
3.212836877541844476e-03
2.532205766230262011e-03
1.384362412556554333e-03
1.743154794074795082e-04
1.917555647145999752e-04
1.556596400100330839e-03
5.273406874709838862e-03
7.654218086864505999e-03
1.931847810267727078e-05
1.487816318678379028e-06
1.045085374001762048e-05
3.453645247285866820e-07
1.379943676925083157e-08
5.687740573274490968e-08
1.033729112496805839e-05
1.803224396168483040e-06
1.155312159029772072e-04
8.776776085373838880e-04
7.821010170521689201e-04
2.649781801016283609e-03
1.917861462463433739e-03
1.388384867685001154e-04
3.678711269351155511e-04
1.052434319757531746e-02
1.682944640642327142e-02
7.486491999007203199e-04
2.074261200646706802e-07
4.804747933139328331e-09
9.007246891603555103e-08
1.923326300366998600e-07
1.037309473216875728e-07
3.340539006460134629e-07
1.962731294721303463e-03
3.625115367993956639e-04
1.728175055038952542e-03
1.803047996847413756e-03
8.962237340233311861e-04
1.543528966047873164e-03
6.199796809332344888e-04
3.852995195284889939e-03
1.062807380133921724e-02
2.244434878089378077e-04
1.768909034121711303e-04
1.676681132805665948e-03
1.107608564655643664e-05
2.508370627550370674e-08
2.696488363341558828e-08
1.628616648843010386e-07
4.062199424054802787e-07
1.173987135915710302e-06
2.353802548600373353e-03
1.678106512289993454e-02
2.001916585739804688e-02
1.030777371137674495e-02
1.326469225403558577e-02
8.212042876278169076e-03
2.169119058521420192e-04
2.158540843855780850e-03
2.146694749904234836e-03
1.779553087475063774e-07
5.320741720707064250e-08
6.948615372124018286e-05
4.143979964997852460e-05
1.850638738820498298e-07
6.729368237586752669e-08
3.834871825820665854e-07
1.218943510284612132e-06
2.696416378446490169e-06
