7.336411186197460472e-10
2.509576004404053798e-05
2.090853469309866298e-03
5.036691312219059052e-06
1.348161456367124571e-08
3.382862124420080315e-10
3.607159717038319082e-10
9.091140886188095864e-09
1.463710457885203996e-08
1.942493926411199066e-09
1.568898557921497724e-08
2.423735714122945602e-07
1.117779346728484258e-07
1.024908609664953601e-07
3.171282511478550436e-07
3.861760658606426499e-07
3.060359923814161029e-07
5.707874687696999688e-07
1.661977467578307299e-10
1.921934981023817296e-05
3.110351769826478520e-03
8.046481027864032067e-05
3.544952813526030942e-06
2.314880312364624768e-07
2.050287730470658882e-07
8.038690973338315099e-06
4.649423706314939690e-05
4.052337900121580556e-06
5.161839499012421414e-06
2.042530429076703844e-07
6.349228764106510453e-11
1.754927850821831127e-11
1.097508745020570494e-09
1.324262358062697575e-08
2.142727049481994595e-08
6.614226049620082191e-08
2.032647778497203370e-08
1.216790662842114350e-04
7.050460601581385114e-03
3.913275236442569430e-03
1.139540464236147655e-03
8.058720718192242992e-04
5.759523696134494566e-04
3.453351631087540419e-04
5.299316126349810268e-04
3.301229504121236434e-04
1.997976830708644500e-03
3.324620721095988734e-06
4.757947704593288929e-12
2.452950734149702924e-13
1.807900290527880436e-10
3.552428468146117924e-08
4.347190562135374373e-08
2.693422695642650206e-08
2.109878805947404485e-05
4.072121959267433443e-03
1.232650548304589817e-02
8.301893363136790896e-03
1.467766219940740439e-03
2.246154232019472417e-03
4.234726757924289590e-03
3.794802086266233204e-04
8.180501052707361820e-05
4.041417474763993854e-05
6.998757160971789265e-04
3.040547616034321751e-04
1.510988970044538503e-07
1.693135506796604177e-09
9.667890241336632252e-08
2.980510150188672293e-05
5.089097337651575949e-06
7.275654364008475000e-08
7.459554030701018037e-06
2.037589624578472081e-03
7.089543247795236820e-03
6.341589286557989050e-03
2.987367388408769444e-03
2.929070817056338150e-03
6.708772114452588899e-03
2.616962330704305107e-03
1.687455100329135222e-03
5.635628087313375228e-04
1.872066605288388017e-04
1.727808859693951175e-03
3.156957771414824546e-03
2.205106689006127569e-05
1.971850371157395692e-05
9.323349387978379114e-04
2.152372199817794958e-05
6.171887574909932363e-08
3.798879588147407690e-07
2.803366889208658915e-04
3.137221146876637955e-03
1.639558768163423223e-03
2.594843792830022876e-03
4.092941665549322365e-03
6.394954350679083431e-03
6.324024039905337853e-03
6.946492058072193179e-03
8.420928033502439805e-03
1.007863084291753383e-03
7.477594589468026208e-04
7.726852596946130964e-04
3.059397646040349115e-05
5.671368368103937776e-05
8.579492336853752714e-05
2.331669367462948610e-07
5.690388277740987141e-09
3.701721159340999641e-06
7.822739018195725737e-04
4.359715769381684349e-03
1.334872057432859435e-03
3.196470891612189762e-03
5.141155601059030356e-03
3.534274753065115050e-03
3.873579996556932286e-03
2.875560188086638807e-03
4.366551312285369205e-03
3.277460198547594000e-03
1.239079386157162371e-03
2.107804127351271741e-04
2.865597122729706715e-04
7.791087324997662822e-04
1.459342320729893944e-06
5.511154599609635847e-10
6.994702620488786956e-10
5.662259751202727156e-07
1.261984320909769581e-04
3.199753277926830914e-03
2.802663642042694126e-03
5.378070493806146567e-03
5.999321099367090245e-03
2.466381620211202837e-03
1.038039413700229821e-03
3.374459336269427893e-03
1.395933975525740466e-02
4.935585487995350872e-03
5.239217766688173891e-03
2.006263213616677182e-03
2.795671393525587991e-03
2.303285511891012185e-04
4.315063491984525220e-09
4.994852200478637000e-12
2.589552718270732023e-10
3.350620187878075321e-09
9.892422901081716972e-06
4.212115927960289122e-03
3.552203872531315733e-03
2.009375385193628172e-03
8.992348472029641987e-04
9.433481991825980358e-04
1.536003431794718882e-03
5.510877079689261229e-03
1.073492812809567244e-02
2.102682320087154947e-03
3.951031457847637221e-03
3.804810934538849893e-04
4.380231193387498236e-05
2.566616108042825336e-05
4.060442552918404950e-08
1.327656680926752262e-10
1.015292684682320442e-09
5.919436011046215756e-10
5.424961850849967957e-06
7.101729733194242500e-03
6.553115470338202395e-03
1.016324761448798332e-02
5.686141032841379381e-03
3.590284262485036754e-03
6.627035597311985334e-03
1.994861247675648337e-03
2.819494443014923871e-03
1.750835218884260608e-03
4.989235675100789358e-04
5.518230415328263913e-05
1.909043212246105237e-05
8.926413936923709202e-04
1.093727205113190605e-03
1.477685543254195459e-06
2.600713745478760312e-08
9.864009780640222896e-09
2.786412933874020438e-05
6.923622226563721713e-03
2.598832815591491617e-03
5.183712898387636027e-03
8.659599609558407685e-03
5.184953642599628848e-03
2.712401224348801390e-03
2.887262151620738132e-04
2.695507855287028031e-03
8.245641313317156676e-03
1.327010258842380684e-03
1.691227627680723595e-03
1.137252076507278432e-04
8.489960841532342680e-05
1.002220049335414073e-03
1.903929338159118876e-05
1.056861350552887894e-07
7.433043724267450682e-07
1.053749637354768447e-03
5.552950118871843171e-02
1.345719102740621127e-02
5.575187815432939599e-03
3.836830421728293188e-03
3.751131963513449144e-03
3.177867096516255509e-03
1.155153265788070715e-03
2.369855771743035935e-03
3.445592270384185887e-03
2.003392902536571627e-03
1.132633194772199531e-03
2.652854025051660994e-06
7.019655015521620546e-08
7.886934841771992287e-07
3.099821390622836071e-07
3.664880904084486324e-08
3.163472699671368625e-07
1.044769167634410989e-03
1.100981493016283952e-01
3.443915189140129424e-02
7.727126312018173411e-03
7.286938893870257075e-03
8.482602378076740599e-03
5.729799402371063381e-03
8.144325240863437704e-03
1.954390922957079547e-03
8.812170876620782287e-04
1.073242954631151765e-03
1.054531246822284444e-04
2.369497289261221726e-06
2.349157987328348990e-06
1.929607533449769654e-06
3.091824231135263912e-08
9.311586364225068600e-09
2.417069516223970693e-09
6.440992572164824890e-05
6.287395074744007994e-02
2.724241622624263767e-02
8.170676348356926619e-03
7.871503489604735407e-03
3.762006650755575759e-03
1.295611636854568328e-03
4.773955318736138910e-03
4.266984225847016143e-03
2.661176171800362471e-03
4.674988928649884135e-03
6.406569653969256765e-04
1.335098026772195304e-04
9.233642425036112447e-04
4.805624004950886420e-05
2.749502001767286479e-08
6.546978003885969047e-09
2.881436809640153477e-11
1.436448069187164964e-06
6.943154736911425970e-03
1.112444326514691953e-02
9.711752536654700424e-03
2.772583091159362950e-03
1.347846904895372592e-03
2.206066270460193754e-03
1.546657376243522992e-03
8.781929190619839308e-04
5.848525148242355058e-04
2.765791632962060018e-03
1.433833633261245985e-03
2.415214110394976120e-05
8.090803157089834638e-06
1.088301735919897122e-06
1.366571908813931317e-08
1.399448873761968429e-08
1.855384195970874376e-10
3.087623651020902462e-06
6.946706663424080837e-03
7.156879383939980174e-03
8.972851591884366609e-03
4.121957208021875645e-03
1.772674353880260723e-03
5.898521153570205483e-03
1.959772216218234105e-03
1.072887469821085264e-03
7.116908692506241285e-04
2.434476056618456105e-03
6.484841980782598018e-04
2.344722254526384249e-07
1.918368450131340344e-09
2.920751981318294700e-09
4.721534863943774306e-09
1.740290243607192282e-08
4.374080679501722051e-07
1.456521142535447972e-04
8.565329582716786280e-03
4.585357591251358611e-03
3.036921348437721536e-03
3.559786709660286812e-03
1.087679341985068335e-03
1.029886150998379421e-03
1.668787753280416911e-03
4.951564523750563197e-03
2.500920812533161206e-03
2.938906698929189942e-03
3.810736250270336579e-04
1.791582385080913751e-07
9.258842776076406931e-10
2.332327376025248121e-09
4.876243607370042790e-09
2.474907023780751876e-09
2.387193499703070906e-05
7.149539492077162765e-04
2.610651883641469748e-03
4.438321370416672441e-03
2.809353315877341755e-03
1.456317833081857346e-03
1.293508442892443711e-03
8.063002778543751706e-04
1.740675900330805473e-03
4.441363524011770862e-03
9.296282963225442446e-04
1.087233666619064803e-03
7.472410029351077201e-04
5.599977962730010662e-05
3.447109276030611535e-06
2.516174553379438636e-06
1.762564149575003172e-07
6.994338392433048712e-10
1.068215862403289582e-07
1.953279623089082268e-04
2.844206589569717430e-03
3.782310439284565853e-03
4.703035839045408180e-03
1.673530216959832808e-03
4.002899827902976944e-03
2.438988795268894581e-03
2.536422438292986956e-03
2.730527761371918591e-03
4.430470809058175427e-04
7.597179959325981412e-04
6.444565606960281920e-04
5.620545683537943489e-04
3.033379718660246006e-04
8.494163058741403339e-04
9.932165202197768960e-05
3.010031166749193424e-08
1.137663832254754742e-10
1.827480697439677482e-05
5.244241778543662878e-03
2.218731901620468652e-03
2.107457233514326879e-03
9.350967158795104629e-04
2.116915202526886350e-03
1.660180060724082913e-03
4.267447602977007468e-03
1.086749855159042889e-03
4.766333569169675134e-05
6.963230034773333242e-04
1.122138508171081558e-03
3.195355646537538985e-05
1.643483363482574489e-06
4.684865296956241550e-05
9.920132849651349619e-04
5.323175335769920884e-06
2.124613770424442939e-11
2.114867882810898129e-06
1.982933971165225587e-03
3.314311149287275157e-03
5.050958863325750656e-03
2.486057512572281344e-03
3.080719268424667034e-03
6.362727933717029789e-04
7.615803302789326580e-04
6.005250482255378218e-05
1.942504478439814633e-06
3.330742940772289749e-04
1.973253571585121581e-03
1.494180664202929377e-06
2.584779650087929024e-09
4.265108905458025654e-08
1.109453948520614941e-05
5.198642850266747495e-06
1.444859651149359194e-10
2.440289702926208373e-06
2.801044017846655290e-04
6.655744926939888458e-04
2.556889602304269083e-03
7.330946710316717414e-04
2.845635523422884901e-03
9.749291039921135615e-04
4.020765409191947210e-05
3.951805946841674808e-06
7.922908376061995066e-06
8.315843344432891559e-04
9.679765337837362366e-05
1.489805044660097507e-08
1.123410874918233399e-10
1.179452899636950626e-09
7.706334794629219351e-08
2.780776247702277281e-07
2.152573673271532568e-09
6.737927061679418463e-05
2.636141317158970359e-03
1.097805310245469814e-03
8.826514486342759182e-04
1.072901575311975772e-05
1.281505184587273197e-05
3.326036204962450293e-05
6.221038638332702261e-07
1.457386442164056531e-07
5.829661889871657453e-06
4.504264618057056554e-05
1.396723926316014999e-07
1.934965478864665415e-10
1.475506553107976512e-10
3.336132075189854470e-09
3.460505533070588792e-08
1.187588041687871853e-07
1.332389474851877828e-09
4.456646313711606355e-06
2.411930196840994089e-04
9.466431271384173304e-05
2.260995882201016129e-05
1.019420571556683459e-07
1.152257301043311447e-08
3.442580271744507534e-08
7.069202975041973696e-09
4.779494245209380706e-09
4.750662293036618118e-08
5.149120329412041469e-08
1.581814958450012538e-09
3.643677782610786234e-10
4.373534896384380104e-09
5.864267339142922718e-08
1.521083397984870672e-07
3.037682892327219451e-07
1.537092887323141096e-08
8.218326606087684747e-06
2.033288789003444025e-03
1.009607092354367465e-03
1.212441885553818082e-05
3.838357884523607202e-08
3.007881178325669438e-09
6.712552073365052897e-09
1.135914498235851483e-08
1.592571058166277914e-08
2.386439534279670669e-08
1.625607605414209570e-08
1.089954514112003390e-08
3.565723136872447697e-08
2.625922178290057761e-07
6.877748346473771001e-07
7.074744042613896120e-07
9.912800620150064920e-07
